3000	1	6.24695e-08
3000.1	1	6.24695e-08
3000.2	1	6.24695e-08
3000.3	1	6.24695e-08
3000.4	1	6.24695e-08
3000.5	1	6.24695e-08
3000.6	1	6.24695e-08
3000.7	1	6.24695e-08
3000.8	1	6.24695e-08
3000.9	1	6.24695e-08
3001	1	6.24695e-08
3001.1	1	6.24695e-08
3001.2	1	6.24695e-08
3001.3	1	6.24695e-08
3001.4	1	6.24695e-08
3001.5	1	6.24695e-08
3001.6	1	6.24695e-08
3001.7	1	6.24695e-08
3001.8	1	6.24695e-08
3001.9	1	6.24695e-08
3002	1	6.24695e-08
3002.1	1	6.24695e-08
3002.2	1	6.24695e-08
3002.3	1	6.24695e-08
3002.4	1	6.24695e-08
3002.5	1	6.24695e-08
3002.6	1	6.24695e-08
3002.7	1	6.24695e-08
3002.8	1	6.24695e-08
3002.9	1	6.24695e-08
3003	1	6.24695e-08
3003.1	1	6.24695e-08
3003.2	1	6.24695e-08
3003.3	1	6.24695e-08
3003.4	1	6.24695e-08
3003.5	1	6.24695e-08
3003.6	1	6.24695e-08
3003.7	1	6.24695e-08
3003.8	1	3.12347e-08
3003.9	1	3.12347e-08
3004	1	3.12347e-08
3004.1	1	3.12347e-08
3004.2	1	3.12347e-08
3004.3	1	3.12347e-08
3004.4	1	3.12347e-08
3004.5	1	3.12347e-08
3004.6	1	3.12347e-08
3004.7	1	3.12347e-08
3004.8	1	3.12347e-08
3004.9	1	0
3005	1	0
3005.1	1	0
3005.2	1	0
3005.3	1	0
3005.4	1	0
3005.5	1	0
3005.6	1	0
3005.7	1	0
3005.8	1	0
3005.9	1	0
3006	1	0
3006.1	1	0
3006.2	1	0
3006.3	1	0
3006.4	1	0
3006.5	1	0
3006.6	1	0
3006.7	1	0
3006.8	1	0
3006.9	1	0
3007	1	0
3007.1	1	0
3007.2	1	0
3007.3	1	0
3007.4	1	0
3007.5	1	0
3007.6	1	0
3007.7	1	0
3007.8	1	0
3007.9	1	0
3008	1	0
3008.1	1	0
3008.2	1	0
3008.3	1	0
3008.4	1	0
3008.5	1	0
3008.6	1	0
3008.7	1	0
3008.8	1	0
3008.9	1	0
3009	1	0
3009.1	1	0
3009.2	1	0
3009.3	1	0
3009.4	1	0
3009.5	1	0
3009.6	1	0
3009.7	1	0
3009.8	1	0
3009.9	1	0
3010	1	0
3010.1	1	0
3010.2	1	0
3010.3	1	0
3010.4	1	0
3010.5	1	0
3010.6	1	0
3010.7	1	0
3010.8	1	0
3010.9	1	0
3011	1	0
3011.1	1	0
3011.2	1	0
3011.3	1	0
3011.4	1	0
3011.5	1	0
3011.6	1	0
3011.7	1	0
3011.8	1	0
3011.9	1	0
3012	1	0
3012.1	1	0
3012.2	1	0
3012.3	1	0
3012.4	1	0
3012.5	1	0
3012.6	1	0
3012.7	1	0
3012.8	1	0
3012.9	1	0
3013	1	0
3013.1	1	0
3013.2	1	0
3013.3	1	0
3013.4	1	0
3013.5	1	0
3013.6	1	0
3013.7	1	0
3013.8	1	0
3013.9	1	0
3014	1	0
3014.1	1	0
3014.2	1	0
3014.3	1	0
3014.4	1	0
3014.5	1	0
3014.6	1	0
3014.7	1	0
3014.8	1	0
3014.9	1	0
3015	1	0
3015.1	1	0
3015.2	1	0
3015.3	1	0
3015.4	1	0
3015.5	1	0
3015.6	1	0
3015.7	1	0
3015.8	1	0
3015.9	1	0
3016	1	0
3016.1	1	0
3016.2	1	0
3016.3	1	0
3016.4	1	0
3016.5	1	0
3016.6	1	0
3016.7	1	0
3016.8	1	0
3016.9	1	0
3017	1	0
3017.1	1	0
3017.2	1	0
3017.3	1	0
3017.4	1	0
3017.5	1	0
3017.6	1	0
3017.7	1	0
3017.8	1	0
3017.9	1	0
3018	1	0
3018.1	1	0
3018.2	1	0
3018.3	1	0
3018.4	1	0
3018.5	1	0
3018.6	1	0
3018.7	1	0
3018.8	1	0
3018.9	1	0
3019	1	0
3019.1	1	0
3019.2	1	0
3019.3	1	0
3019.4	1	0
3019.5	1	0
3019.6	1	0
3019.7	1	0
3019.8	1	0
3019.9	1	0
3020	1	0
3020.1	1	0
3020.2	1	0
3020.3	1	0
3020.4	1	0
3020.5	1	0
3020.6	1	0
3020.7	1	0
3020.8	1	0
3020.9	1	0
3021	1	0
3021.1	1	0
3021.2	1	0
3021.3	1	0
3021.4	1	0
3021.5	1	0
3021.6	1	0
3021.7	1	0
3021.8	1	0
3021.9	1	0
3022	1	0
3022.1	1	0
3022.2	1	0
3022.3	1	0
3022.4	1	0
3022.5	1	0
3022.6	1	0
3022.7	1	0
3022.8	1	0
3022.9	1	0
3023	1	0
3023.1	1	0
3023.2	1	0
3023.3	1	0
3023.4	1	0
3023.5	1	0
3023.6	1	0
3023.7	1	0
3023.8	1	0
3023.9	1	0
3024	1	0
3024.1	1	0
3024.2	1	0
3024.3	1	0
3024.4	1	0
3024.5	1	0
3024.6	1	0
3024.7	1	0
3024.8	1	0
3024.9	1	0
3025	1	0
3025.1	1	0
3025.2	1	0
3025.3	1	0
3025.4	1	0
3025.5	1	0
3025.6	1	0
3025.7	1	0
3025.8	1	0
3025.9	1	0
3026	1	0
3026.1	1	0
3026.2	1	0
3026.3	1	0
3026.4	1	0
3026.5	1	0
3026.6	1	0
3026.7	1	0
3026.8	1	0
3026.9	1	0
3027	1	0
3027.1	1	0
3027.2	1	0
3027.3	1	0
3027.4	1	0
3027.5	1	0
3027.6	1	0
3027.7	1	0
3027.8	1	0
3027.9	1	0
3028	1	0
3028.1	1	0
3028.2	1	0
3028.3	1	0
3028.4	1	0
3028.5	1	0
3028.6	1	0
3028.7	1	0
3028.8	1	0
3028.9	1	0
3029	1	0
3029.1	1	0
3029.2	1	0
3029.3	1	0
3029.4	1	0
3029.5	1	0
3029.6	1	0
3029.7	1	0
3029.8	1	0
3029.9	1	0
3030	1	0
3030.1	1	0
3030.2	1	0
3030.3	1	0
3030.4	1	0
3030.5	1	0
3030.6	1	0
3030.7	1	0
3030.8	1	0
3030.9	1	0
3031	1	0
3031.1	1	0
3031.2	1	0
3031.3	1	0
3031.4	1	0
3031.5	1	0
3031.6	1	0
3031.7	1	0
3031.8	1	0
3031.9	1	0
3032	1	0
3032.1	1	0
3032.2	1	0
3032.3	1	0
3032.4	1	0
3032.5	1	0
3032.6	1	0
3032.7	1	0
3032.8	1	0
3032.9	1	0
3033	1	0
3033.1	1	0
3033.2	1	0
3033.3	1	0
3033.4	1	0
3033.5	1	0
3033.6	1	0
3033.7	1	0
3033.8	1	0
3033.9	1	0
3034	1	0
3034.1	1	0
3034.2	1	0
3034.3	1	0
3034.4	1	0
3034.5	1	0
3034.6	1	0
3034.7	1	0
3034.8	1	0
3034.9	1	0
3035	1	0
3035.1	1	0
3035.2	1	0
3035.3	1	0
3035.4	1	0
3035.5	1	0
3035.6	1	0
3035.7	1	0
3035.8	1	0
3035.9	1	0
3036	1	0
3036.1	1	0
3036.2	1	0
3036.3	1	0
3036.4	1	0
3036.5	1	0
3036.6	1	0
3036.7	1	0
3036.8	1	0
3036.9	1	0
3037	1	0
3037.1	1	0
3037.2	1	0
3037.3	1	0
3037.4	1	0
3037.5	1	0
3037.6	1	0
3037.7	1	0
3037.8	1	0
3037.9	1	0
3038	1	0
3038.1	1	0
3038.2	1	0
3038.3	1	0
3038.4	1	0
3038.5	1	0
3038.6	1	0
3038.7	1	0
3038.8	1	0
3038.9	1	0
3039	1	0
3039.1	1	0
3039.2	1	0
3039.3	1	0
3039.4	1	0
3039.5	1	0
3039.6	1	0
3039.7	1	0
3039.8	1	0
3039.9	1	0
3040	1	0
3040.1	1	0
3040.2	1	0
3040.3	1	0
3040.4	1	0
3040.5	1	0
3040.6	1	0
3040.7	1	0
3040.8	1	0
3040.9	1	0
3041	1	0
3041.1	1	0
3041.2	1	0
3041.3	1	0
3041.4	1	0
3041.5	1	0
3041.6	1	0
3041.7	1	0
3041.8	1	0
3041.9	1	0
3042	1	0
3042.1	1	0
3042.2	1	0
3042.3	1	0
3042.4	1	0
3042.5	1	0
3042.6	1	0
3042.7	1	0
3042.8	1	0
3042.9	1	0
3043	1	0
3043.1	1	0
3043.2	1	0
3043.3	1	0
3043.4	1	0
3043.5	1	0
3043.6	1	0
3043.7	1	0
3043.8	1	0
3043.9	1	0
3044	1	0
3044.1	1	0
3044.2	1	0
3044.3	1	0
3044.4	1	0
3044.5	1	0
3044.6	1	0
3044.7	1	0
3044.8	1	0
3044.9	1	0
3045	1	0
3045.1	1	0
3045.2	1	0
3045.3	1	0
3045.4	1	0
3045.5	1	0
3045.6	1	0
3045.7	1	0
3045.8	1	0
3045.9	1	0
3046	1	0
3046.1	1	0
3046.2	1	0
3046.3	1	0
3046.4	1	0
3046.5	1	0
3046.6	1	0
3046.7	1	0
3046.8	1	0
3046.9	1	0
3047	1	0
3047.1	1	0
3047.2	1	0
3047.3	1	0
3047.4	1	0
3047.5	1	0
3047.6	1	0
3047.7	1	0
3047.8	1	0
3047.9	1	0
3048	1	0
3048.1	1	0
3048.2	1	0
3048.3	1	0
3048.4	1	0
3048.5	1	0
3048.6	1	0
3048.7	1	0
3048.8	1	0
3048.9	1	0
3049	1	0
3049.1	1	0
3049.2	1	0
3049.3	1	0
3049.4	1	0
3049.5	1	0
3049.6	1	0
3049.7	1	0
3049.8	1	0
3049.9	1	0
3050	1	0
3050.1	1	0
3050.2	1	0
3050.3	1	0
3050.4	1	0
3050.5	1	0
3050.6	1	0
3050.7	1	0
3050.8	1	0
3050.9	1	0
3051	1	0
3051.1	1	0
3051.2	1	0
3051.3	1	0
3051.4	1	0
3051.5	1	0
3051.6	1	0
3051.7	1	0
3051.8	1	0
3051.9	1	0
3052	1	0
3052.1	1	0
3052.2	1	0
3052.3	1	0
3052.4	1	0
3052.5	1	0
3052.6	1	0
3052.7	1	0
3052.8	1	0
3052.9	1	0
3053	1	0
3053.1	1	0
3053.2	1	0
3053.3	1	0
3053.4	1	0
3053.5	1	0
3053.6	1	0
3053.7	1	0
3053.8	1	0
3053.9	1	0
3054	1	0
3054.1	1	0
3054.2	1	0
3054.3	1	0
3054.4	1	0
3054.5	1	0
3054.6	1	0
3054.7	1	0
3054.8	1	0
3054.9	1	0
3055	1	0
3055.1	1	0
3055.2	1	0
3055.3	1	0
3055.4	1	0
3055.5	1	0
3055.6	1	0
3055.7	1	0
3055.8	1	0
3055.9	1	0
3056	1	0
3056.1	1	0
3056.2	1	0
3056.3	1	0
3056.4	1	0
3056.5	1	0
3056.6	1	0
3056.7	1	0
3056.8	1	0
3056.9	1	0
3057	1	0
3057.1	1	0
3057.2	1	0
3057.3	1	0
3057.4	1	0
3057.5	1	0
3057.6	1	0
3057.7	1	0
3057.8	1	0
3057.9	1	0
3058	1	0
3058.1	1	0
3058.2	1	0
3058.3	1	0
3058.4	1	0
3058.5	1	0
3058.6	1	0
3058.7	1	0
3058.8	1	0
3058.9	1	0
3059	1	0
3059.1	1	0
3059.2	1	0
3059.3	1	0
3059.4	1	0
3059.5	1	0
3059.6	1	0
3059.7	1	0
3059.8	1	0
3059.9	1	0
3060	1	0
3060.1	1	0
3060.2	1	0
3060.3	1	0
3060.4	1	0
3060.5	1	0
3060.6	1	0
3060.7	1	0
3060.8	1	0
3060.9	1	0
3061	1	0
3061.1	1	0
3061.2	1	0
3061.3	1	0
3061.4	1	0
3061.5	1	0
3061.6	1	0
3061.7	1	0
3061.8	1	0
3061.9	1	0
3062	1	0
3062.1	1	0
3062.2	1	0
3062.3	1	0
3062.4	1	0
3062.5	1	0
3062.6	1	0
3062.7	1	0
3062.8	1	0
3062.9	1	0
3063	1	0
3063.1	1	0
3063.2	1	0
3063.3	1	0
3063.4	1	0
3063.5	1	0
3063.6	1	0
3063.7	1	0
3063.8	1	0
3063.9	1	0
3064	1	0
3064.1	1	0
3064.2	1	0
3064.3	1	0
3064.4	1	0
3064.5	1	0
3064.6	1	0
3064.7	1	0
3064.8	1	0
3064.9	1	0
3065	1	0
3065.1	1	0
3065.2	1	0
3065.3	1	0
3065.4	1	0
3065.5	1	0
3065.6	1	0
3065.7	1	0
3065.8	1	0
3065.9	1	0
3066	1	0
3066.1	1	0
3066.2	1	0
3066.3	1	0
3066.4	1	0
3066.5	1	0
3066.6	1	0
3066.7	1	0
3066.8	1	0
3066.9	1	0
3067	1	0
3067.1	1	0
3067.2	1	0
3067.3	1	0
3067.4	1	0
3067.5	1	0
3067.6	1	0
3067.7	1	0
3067.8	1	0
3067.9	1	0
3068	1	0
3068.1	1	0
3068.2	1	0
3068.3	1	0
3068.4	1	0
3068.5	1	0
3068.6	1	0
3068.7	1	0
3068.8	1	0
3068.9	1	0
3069	1	0
3069.1	1	0
3069.2	1	0
3069.3	1	0
3069.4	1	0
3069.5	1	0
3069.6	1	0
3069.7	1	0
3069.8	1	0
3069.9	1	0
3070	1	0
3070.1	1	0
3070.2	1	0
3070.3	1	0
3070.4	1	0
3070.5	1	0
3070.6	1	0
3070.7	1	0
3070.8	1	0
3070.9	1	0
3071	1	0
3071.1	1	0
3071.2	1	0
3071.3	1	0
3071.4	1	0
3071.5	1	0
3071.6	1	0
3071.7	1	0
3071.8	1	0
3071.9	1	0
3072	1	0
3072.1	1	0
3072.2	1	0
3072.3	1	0
3072.4	1	0
3072.5	1	0
3072.6	1	0
3072.7	1	0
3072.8	1	0
3072.9	1	0
3073	1	0
3073.1	1	0
3073.2	1	0
3073.3	1	0
3073.4	1	0
3073.5	1	0
3073.6	1	0
3073.7	1	0
3073.8	1	0
3073.9	1	0
3074	1	0
3074.1	1	0
3074.2	1	0
3074.3	1	0
3074.4	1	0
3074.5	1	0
3074.6	1	0
3074.7	1	0
3074.8	1	0
3074.9	1	0
3075	1	0
3075.1	1	0
3075.2	1	0
3075.3	1	0
3075.4	1	0
3075.5	1	0
3075.6	1	0
3075.7	1	0
3075.8	1	0
3075.9	1	0
3076	1	0
3076.1	1	0
3076.2	1	0
3076.3	1	0
3076.4	1	0
3076.5	1	0
3076.6	1	0
3076.7	1	0
3076.8	1	0
3076.9	1	0
3077	1	0
3077.1	1	0
3077.2	1	0
3077.3	1	0
3077.4	1	0
3077.5	1	0
3077.6	1	0
3077.7	1	0
3077.8	1	0
3077.9	1	0
3078	1	0
3078.1	1	0
3078.2	1	0
3078.3	1	0
3078.4	1	0
3078.5	1	0
3078.6	1	0
3078.7	1	0
3078.8	1	0
3078.9	1	0
3079	1	0
3079.1	1	0
3079.2	1	0
3079.3	1	0
3079.4	1	0
3079.5	1	0
3079.6	1	0
3079.7	1	0
3079.8	1	0
3079.9	1	0
3080	1	0
3080.1	1	0
3080.2	1	0
3080.3	1	0
3080.4	1	0
3080.5	1	0
3080.6	1	0
3080.7	1	0
3080.8	1	0
3080.9	1	0
3081	1	0
3081.1	1	0
3081.2	1	0
3081.3	1	0
3081.4	1	0
3081.5	1	0
3081.6	1	0
3081.7	1	0
3081.8	1	0
3081.9	1	0
3082	1	0
3082.1	1	0
3082.2	1	0
3082.3	1	0
3082.4	1	0
3082.5	1	0
3082.6	1	0
3082.7	1	0
3082.8	1	0
3082.9	1	0
3083	1	0
3083.1	1	0
3083.2	1	0
3083.3	1	0
3083.4	1	0
3083.5	1	0
3083.6	1	0
3083.7	1	0
3083.8	1	0
3083.9	1	0
3084	1	0
3084.1	1	0
3084.2	1	0
3084.3	1	0
3084.4	1	0
3084.5	1	0
3084.6	1	0
3084.7	1	0
3084.8	1	0
3084.9	1	0
3085	1	0
3085.1	1	0
3085.2	1	0
3085.3	1	0
3085.4	1	0
3085.5	1	0
3085.6	1	0
3085.7	1	0
3085.8	1	0
3085.9	1	0
3086	1	0
3086.1	1	0
3086.2	1	0
3086.3	1	0
3086.4	1	0
3086.5	1	0
3086.6	1	0
3086.7	1	0
3086.8	1	0
3086.9	1	0
3087	1	0
3087.1	1	0
3087.2	1	0
3087.3	1	0
3087.4	1	0
3087.5	1	0
3087.6	1	0
3087.7	1	0
3087.8	1	0
3087.9	1	0
3088	1	0
3088.1	1	0
3088.2	1	0
3088.3	1	0
3088.4	1	0
3088.5	1	0
3088.6	1	0
3088.7	1	0
3088.8	1	0
3088.9	1	0
3089	1	0
3089.1	1	0
3089.2	1	0
3089.3	1	0
3089.4	1	0
3089.5	1	0
3089.6	1	0
3089.7	1	0
3089.8	1	0
3089.9	1	0
3090	1	0
3090.1	1	0
3090.2	1	0
3090.3	1	0
3090.4	1	0
3090.5	1	0
3090.6	1	0
3090.7	1	0
3090.8	1	0
3090.9	1	0
3091	1	0
3091.1	1	0
3091.2	1	0
3091.3	1	0
3091.4	1	0
3091.5	1	0
3091.6	1	0
3091.7	1	0
3091.8	1	0
3091.9	1	0
3092	1	0
3092.1	1	0
3092.2	1	0
3092.3	1	0
3092.4	1	0
3092.5	1	0
3092.6	1	0
3092.7	1	0
3092.8	1	0
3092.9	1	0
3093	1	0
3093.1	1	0
3093.2	1	0
3093.3	1	0
3093.4	1	0
3093.5	1	0
3093.6	1	0
3093.7	1	0
3093.8	1	0
3093.9	1	0
3094	1	0
3094.1	1	0
3094.2	1	0
3094.3	1	0
3094.4	1	0
3094.5	1	0
3094.6	1	0
3094.7	1	0
3094.8	1	0
3094.9	1	0
3095	1	0
3095.1	1	0
3095.2	1	0
3095.3	1	0
3095.4	1	0
3095.5	1	0
3095.6	1	0
3095.7	1	0
3095.8	1	0
3095.9	1	0
3096	1	0
3096.1	1	0
3096.2	1	0
3096.3	1	0
3096.4	1	0
3096.5	1	0
3096.6	1	0
3096.7	1	0
3096.8	1	0
3096.9	1	0
3097	1	0
3097.1	1	0
3097.2	1	0
3097.3	1	0
3097.4	1	0
3097.5	1	0
3097.6	1	0
3097.7	1	0
3097.8	1	0
3097.9	1	0
3098	1	0
3098.1	1	0
3098.2	1	0
3098.3	1	0
3098.4	1	0
3098.5	1	0
3098.6	1	0
3098.7	1	0
3098.8	1	0
3098.9	1	0
3099	1	0
3099.1	1	0
3099.2	1	0
3099.3	1	0
3099.4	1	0
3099.5	1	0
3099.6	1	0
3099.7	1	0
3099.8	1	0
3099.9	1	0
3100	1	0
3100.1	1	0
3100.2	1	0
3100.3	1	0
3100.4	1	0
3100.5	1	0
3100.6	1	0
3100.7	1	0
3100.8	1	0
3100.9	1	0
3101	1	0
3101.1	1	0
3101.2	1	0
3101.3	1	0
3101.4	1	0
3101.5	1	0
3101.6	1	0
3101.7	1	0
3101.8	1	0
3101.9	1	0
3102	1	0
3102.1	1	0
3102.2	1	0
3102.3	1	0
3102.4	1	0
3102.5	1	0
3102.6	1	0
3102.7	1	0
3102.8	1	0
3102.9	1	0
3103	1	0
3103.1	1	0
3103.2	1	0
3103.3	1	0
3103.4	1	0
3103.5	1	0
3103.6	1	0
3103.7	1	0
3103.8	1	0
3103.9	1	0
3104	1	0
3104.1	1	0
3104.2	1	0
3104.3	1	0
3104.4	1	0
3104.5	1	0
3104.6	1	0
3104.7	1	0
3104.8	1	0
3104.9	1	0
3105	1	0
3105.1	1	0
3105.2	1	0
3105.3	1	0
3105.4	1	0
3105.5	1	0
3105.6	1	0
3105.7	1	0
3105.8	1	0
3105.9	1	0
3106	1	0
3106.1	1	0
3106.2	1	0
3106.3	1	0
3106.4	1	0
3106.5	1	0
3106.6	1	0
3106.7	1	0
3106.8	1	0
3106.9	1	0
3107	1	0
3107.1	1	0
3107.2	1	0
3107.3	1	0
3107.4	1	0
3107.5	1	0
3107.6	1	0
3107.7	1	0
3107.8	1	0
3107.9	1	0
3108	1	0
3108.1	1	0
3108.2	1	0
3108.3	1	0
3108.4	1	0
3108.5	1	0
3108.6	1	0
3108.7	1	0
3108.8	1	0
3108.9	1	0
3109	1	0
3109.1	1	0
3109.2	1	0
3109.3	1	0
3109.4	1	0
3109.5	1	0
3109.6	1	0
3109.7	1	0
3109.8	1	0
3109.9	1	0
3110	1	0
3110.1	1	0
3110.2	1	0
3110.3	1	0
3110.4	1	0
3110.5	1	0
3110.6	1	0
3110.7	1	0
3110.8	1	0
3110.9	1	0
3111	1	0
3111.1	1	0
3111.2	1	0
3111.3	1	0
3111.4	1	0
3111.5	1	0
3111.6	1	0
3111.7	1	0
3111.8	1	0
3111.9	1	0
3112	1	0
3112.1	1	0
3112.2	1	0
3112.3	1	0
3112.4	1	0
3112.5	1	0
3112.6	1	0
3112.7	1	0
3112.8	1	0
3112.9	1	0
3113	1	0
3113.1	1	0
3113.2	1	0
3113.3	1	0
3113.4	1	0
3113.5	1	0
3113.6	1	0
3113.7	1	0
3113.8	1	0
3113.9	1	0
3114	1	0
3114.1	1	0
3114.2	1	0
3114.3	1	0
3114.4	1	0
3114.5	1	0
3114.6	1	0
3114.7	1	0
3114.8	1	0
3114.9	1	0
3115	1	0
3115.1	1	0
3115.2	1	0
3115.3	1	0
3115.4	1	0
3115.5	1	0
3115.6	1	0
3115.7	1	0
3115.8	1	0
3115.9	1	0
3116	1	0
3116.1	1	0
3116.2	1	0
3116.3	1	0
3116.4	1	0
3116.5	1	0
3116.6	1	0
3116.7	1	0
3116.8	1	0
3116.9	1	0
3117	1	0
3117.1	1	0
3117.2	1	0
3117.3	1	0
3117.4	1	0
3117.5	1	0
3117.6	1	0
3117.7	1	0
3117.8	1	0
3117.9	1	0
3118	1	0
3118.1	1	0
3118.2	1	0
3118.3	1	0
3118.4	1	0
3118.5	1	0
3118.6	1	0
3118.7	1	0
3118.8	1	0
3118.9	1	0
3119	1	0
3119.1	1	0
3119.2	1	0
3119.3	1	0
3119.4	1	0
3119.5	1	0
3119.6	1	0
3119.7	1	0
3119.8	1	0
3119.9	1	0
3120	1	0
3120.1	1	0
3120.2	1	0
3120.3	1	0
3120.4	1	0
3120.5	1	0
3120.6	1	0
3120.7	1	0
3120.8	1	0
3120.9	1	0
3121	1	0
3121.1	1	0
3121.2	1	0
3121.3	1	0
3121.4	1	0
3121.5	1	0
3121.6	1	0
3121.7	1	0
3121.8	1	0
3121.9	1	0
3122	1	0
3122.1	1	0
3122.2	1	0
3122.3	1	0
3122.4	1	0
3122.5	1	0
3122.6	1	0
3122.7	1	0
3122.8	1	0
3122.9	1	0
3123	1	0
3123.1	1	0
3123.2	1	0
3123.3	1	0
3123.4	1	0
3123.5	1	0
3123.6	1	0
3123.7	1	0
3123.8	1	0
3123.9	1	0
3124	1	0
3124.1	1	0
3124.2	1	0
3124.3	1	0
3124.4	1	0
3124.5	1	0
3124.6	1	0
3124.7	1	0
3124.8	1	0
3124.9	1	0
3125	1	0
3125.1	1	0
3125.2	1	0
3125.3	1	0
3125.4	1	0
3125.5	1	0
3125.6	1	0
3125.7	1	0
3125.8	1	0
3125.9	1	0
3126	1	0
3126.1	1	0
3126.2	1	0
3126.3	1	0
3126.4	1	0
3126.5	1	0
3126.6	1	0
3126.7	1	0
3126.8	1	0
3126.9	1	0
3127	1	0
3127.1	1	0
3127.2	1	0
3127.3	1	0
3127.4	1	0
3127.5	1	0
3127.6	1	0
3127.7	1	0
3127.8	1	0
3127.9	1	0
3128	1	0
3128.1	1	0
3128.2	1	0
3128.3	1	0
3128.4	1	0
3128.5	1	0
3128.6	1	0
3128.7	1	0
3128.8	1	0
3128.9	1	0
3129	1	0
3129.1	1	0
3129.2	1	0
3129.3	1	0
3129.4	1	0
3129.5	1	0
3129.6	1	0
3129.7	1	0
3129.8	1	0
3129.9	1	0
3130	1	0
3130.1	1	0
3130.2	1	0
3130.3	1	0
3130.4	1	0
3130.5	1	0
3130.6	1	0
3130.7	1	0
3130.8	1	0
3130.9	1	0
3131	1	0
3131.1	1	0
3131.2	1	0
3131.3	1	0
3131.4	1	0
3131.5	1	0
3131.6	1	0
3131.7	1	0
3131.8	1	0
3131.9	1	0
3132	1	0
3132.1	1	0
3132.2	1	0
3132.3	1	0
3132.4	1	0
3132.5	1	0
3132.6	1	0
3132.7	1	0
3132.8	1	0
3132.9	1	0
3133	1	0
3133.1	1	0
3133.2	1	0
3133.3	1	0
3133.4	1	0
3133.5	1	0
3133.6	1	0
3133.7	1	0
3133.8	1	0
3133.9	1	0
3134	1	0
3134.1	1	0
3134.2	1	0
3134.3	1	0
3134.4	1	0
3134.5	1	0
3134.6	1	0
3134.7	1	0
3134.8	1	0
3134.9	1	0
3135	1	0
3135.1	1	0
3135.2	1	0
3135.3	1	0
3135.4	1	0
3135.5	1	0
3135.6	1	0
3135.7	1	0
3135.8	1	0
3135.9	1	0
3136	1	0
3136.1	1	0
3136.2	1	0
3136.3	1	0
3136.4	1	0
3136.5	1	0
3136.6	1	0
3136.7	1	0
3136.8	1	0
3136.9	1	0
3137	1	0
3137.1	1	0
3137.2	1	0
3137.3	1	0
3137.4	1	0
3137.5	1	0
3137.6	1	0
3137.7	1	0
3137.8	1	0
3137.9	1	0
3138	1	0
3138.1	1	0
3138.2	1	0
3138.3	1	0
3138.4	1	0
3138.5	1	0
3138.6	1	0
3138.7	1	0
3138.8	1	0
3138.9	1	0
3139	1	0
3139.1	1	0
3139.2	1	0
3139.3	1	0
3139.4	1	0
3139.5	1	0
3139.6	1	0
3139.7	1	0
3139.8	1	0
3139.9	1	0
3140	1	0
3140.1	1	0
3140.2	1	0
3140.3	1	0
3140.4	1	0
3140.5	1	0
3140.6	1	0
3140.7	1	0
3140.8	1	0
3140.9	1	0
3141	1	0
3141.1	1	0
3141.2	1	0
3141.3	1	0
3141.4	1	0
3141.5	1	0
3141.6	1	0
3141.7	1	0
3141.8	1	0
3141.9	1	0
3142	1	0
3142.1	1	0
3142.2	1	0
3142.3	1	0
3142.4	1	0
3142.5	1	0
3142.6	1	0
3142.7	1	0
3142.8	1	0
3142.9	1	0
3143	1	0
3143.1	1	0
3143.2	1	0
3143.3	1	0
3143.4	1	0
3143.5	1	0
3143.6	1	0
3143.7	1	0
3143.8	1	0
3143.9	1	0
3144	1	0
3144.1	1	0
3144.2	1	0
3144.3	1	0
3144.4	1	0
3144.5	1	0
3144.6	1	0
3144.7	1	0
3144.8	1	0
3144.9	1	0
3145	1	0
3145.1	1	0
3145.2	1	0
3145.3	1	0
3145.4	1	0
3145.5	1	0
3145.6	1	0
3145.7	1	0
3145.8	1	0
3145.9	1	0
3146	1	0
3146.1	1	0
3146.2	1	0
3146.3	1	0
3146.4	1	0
3146.5	1	0
3146.6	1	0
3146.7	1	0
3146.8	1	0
3146.9	1	0
3147	1	0
3147.1	1	0
3147.2	1	0
3147.3	1	0
3147.4	1	0
3147.5	1	0
3147.6	1	0
3147.7	1	0
3147.8	1	0
3147.9	1	0
3148	1	0
3148.1	1	0
3148.2	1	0
3148.3	1	0
3148.4	1	0
3148.5	1	0
3148.6	1	0
3148.7	1	0
3148.8	1	0
3148.9	1	0
3149	1	0
3149.1	1	0
3149.2	1	0
3149.3	1	0
3149.4	1	0
3149.5	1	0
3149.6	1	0
3149.7	1	0
3149.8	1	0
3149.9	1	0
3150	1	0
3150.1	1	0
3150.2	1	0
3150.3	1	0
3150.4	1	0
3150.5	1	0
3150.6	1	0
3150.7	1	0
3150.8	1	0
3150.9	1	0
3151	1	0
3151.1	1	0
3151.2	1	0
3151.3	1	0
3151.4	1	0
3151.5	1	0
3151.6	1	0
3151.7	1	0
3151.8	1	0
3151.9	1	0
3152	1	0
3152.1	1	0
3152.2	1	0
3152.3	1	0
3152.4	1	0
3152.5	1	0
3152.6	1	0
3152.7	1	0
3152.8	1	0
3152.9	1	0
3153	1	0
3153.1	1	0
3153.2	1	0
3153.3	1	0
3153.4	1	0
3153.5	1	0
3153.6	1	0
3153.7	1	0
3153.8	1	0
3153.9	1	0
3154	1	0
3154.1	1	0
3154.2	1	0
3154.3	1	0
3154.4	1	0
3154.5	1	0
3154.6	1	0
3154.7	1	0
3154.8	1	0
3154.9	1	0
3155	1	0
3155.1	1	0
3155.2	1	0
3155.3	1	0
3155.4	1	0
3155.5	1	0
3155.6	1	0
3155.7	1	0
3155.8	1	0
3155.9	1	0
3156	1	0
3156.1	1	0
3156.2	1	0
3156.3	1	0
3156.4	1	0
3156.5	1	0
3156.6	1	0
3156.7	1	0
3156.8	1	0
3156.9	1	0
3157	1	0
3157.1	1	0
3157.2	1	0
3157.3	1	0
3157.4	1	0
3157.5	1	0
3157.6	1	0
3157.7	1	0
3157.8	1	0
3157.9	1	0
3158	1	0
3158.1	1	0
3158.2	1	0
3158.3	1	0
3158.4	1	0
3158.5	1	0
3158.6	1	0
3158.7	1	0
3158.8	1	0
3158.9	1	0
3159	1	0
3159.1	1	0
3159.2	1	0
3159.3	1	0
3159.4	1	0
3159.5	1	0
3159.6	1	0
3159.7	1	0
3159.8	1	0
3159.9	1	0
3160	1	0
3160.1	1	0
3160.2	1	0
3160.3	1	0
3160.4	1	0
3160.5	1	0
3160.6	1	0
3160.7	1	0
3160.8	1	0
3160.9	1	0
3161	1	0
3161.1	1	0
3161.2	1	0
3161.3	1	0
3161.4	1	0
3161.5	1	0
3161.6	1	0
3161.7	1	0
3161.8	1	0
3161.9	1	0
3162	1	0
3162.1	1	0
3162.2	1	0
3162.3	1	0
3162.4	1	0
3162.5	1	0
