3000	0.937254	0.179694
3000.1	0.937843	0.178357
3000.2	0.938611	0.177542
3000.3	0.939559	0.17583
3000.4	0.939537	0.176436
3000.5	0.938748	0.178736
3000.6	0.937995	0.180874
3000.7	0.937237	0.182841
3000.8	0.936216	0.184404
3000.9	0.93521	0.186877
3001	0.934996	0.188655
3001.1	0.9352	0.188361
3001.2	0.935402	0.187105
3001.3	0.935428	0.186352
3001.4	0.935899	0.185106
3001.5	0.936778	0.183715
3001.6	0.937612	0.182725
3001.7	0.937938	0.181551
3001.8	0.938112	0.180794
3001.9	0.937979	0.180452
3002	0.937234	0.182291
3002.1	0.93697	0.182795
3002.2	0.937512	0.180804
3002.3	0.938355	0.178721
3002.4	0.939086	0.176709
3002.5	0.939932	0.175517
3002.6	0.941318	0.172232
3002.7	0.94191	0.171478
3002.8	0.941365	0.172634
3002.9	0.940589	0.173163
3003	0.939695	0.175039
3003.1	0.938845	0.176544
3003.2	0.93848	0.178029
3003.3	0.938657	0.177904
3003.4	0.938504	0.178937
3003.5	0.937823	0.182144
3003.6	0.937157	0.184116
3003.7	0.935948	0.186007
3003.8	0.935378	0.185946
3003.9	0.935346	0.185668
3004	0.935364	0.185488
3004.1	0.935571	0.184925
3004.2	0.936131	0.185117
3004.3	0.937077	0.184214
3004.4	0.938191	0.182233
3004.5	0.93944	0.178935
3004.6	0.939787	0.177771
3004.7	0.938802	0.179383
3004.8	0.938678	0.179029
3004.9	0.93895	0.17954
3005	0.939058	0.180294
3005.1	0.938849	0.180407
3005.2	0.938539	0.180125
3005.3	0.938322	0.179633
3005.4	0.938378	0.179351
3005.5	0.938275	0.179811
3005.6	0.938005	0.180655
3005.7	0.938603	0.178618
3005.8	0.939361	0.176165
3005.9	0.939319	0.176369
3006	0.938971	0.177091
3006.1	0.938725	0.177254
3006.2	0.938428	0.177083
3006.3	0.938249	0.176151
3006.4	0.937982	0.176902
3006.5	0.937446	0.179252
3006.6	0.937173	0.179365
3006.7	0.937121	0.179469
3006.8	0.936972	0.180151
3006.9	0.93728	0.180268
3007	0.937885	0.179848
3007.1	0.938782	0.177599
3007.2	0.939284	0.175742
3007.3	0.93989	0.174479
3007.4	0.940479	0.173896
3007.5	0.941288	0.172194
3007.6	0.940999	0.173368
3007.7	0.939642	0.176411
3007.8	0.937557	0.180951
3007.9	0.935769	0.184599
3008	0.934929	0.185208
3008.1	0.934746	0.184622
3008.2	0.934674	0.184302
3008.3	0.934703	0.183851
3008.4	0.934491	0.185098
3008.5	0.934697	0.185236
3008.6	0.935341	0.184302
3008.7	0.936286	0.182381
3008.8	0.937207	0.180489
3008.9	0.938449	0.177387
3009	0.939329	0.17602
3009.1	0.939727	0.174925
3009.2	0.940055	0.173968
3009.3	0.940466	0.171831
3009.4	0.940198	0.172123
3009.5	0.939655	0.174439
3009.6	0.93918	0.176667
3009.7	0.938638	0.177856
3009.8	0.938117	0.178781
3009.9	0.937357	0.179718
3010	0.936774	0.180161
3010.1	0.936929	0.179909
3010.2	0.937011	0.179802
3010.3	0.936622	0.180706
3010.4	0.93588	0.182691
3010.5	0.935548	0.183969
3010.6	0.935135	0.185505
3010.7	0.935459	0.183544
3010.8	0.935782	0.183161
3010.9	0.936105	0.181706
3011	0.936483	0.179477
3011.1	0.936714	0.178603
3011.2	0.936667	0.179147
3011.3	0.937116	0.178248
3011.4	0.937852	0.177054
3011.5	0.937681	0.178709
3011.6	0.937104	0.181495
3011.7	0.937113	0.18208
3011.8	0.937687	0.18085
3011.9	0.93835	0.179627
3012	0.938473	0.179025
3012.1	0.938566	0.177716
3012.2	0.939474	0.175229
3012.3	0.940326	0.174451
3012.4	0.940871	0.173714
3012.5	0.940616	0.173001
3012.6	0.939908	0.174981
3012.7	0.939414	0.176601
3012.8	0.938313	0.179165
3012.9	0.936944	0.18246
3013	0.936436	0.183648
3013.1	0.936826	0.182516
3013.2	0.937868	0.180061
3013.3	0.938829	0.178146
3013.4	0.938941	0.177689
3013.5	0.938639	0.177813
3013.6	0.937574	0.180309
3013.7	0.93673	0.181618
3013.8	0.935897	0.183406
3013.9	0.934906	0.185117
3014	0.934447	0.186184
3014.1	0.934921	0.184415
3014.2	0.935197	0.18397
3014.3	0.935616	0.183258
3014.4	0.936648	0.180431
3014.5	0.93758	0.178171
3014.6	0.938227	0.177953
3014.7	0.938713	0.178821
3014.8	0.939357	0.177603
3014.9	0.939574	0.175971
3015	0.939467	0.175572
3015.1	0.939871	0.174875
3015.2	0.940184	0.174982
3015.3	0.940005	0.17544
3015.4	0.939586	0.176883
3015.5	0.939218	0.178509
3015.6	0.938418	0.180406
3015.7	0.937469	0.182429
3015.8	0.93724	0.181004
3015.9	0.937068	0.180809
3016	0.936726	0.180896
3016.1	0.936625	0.181098
3016.2	0.936668	0.18094
3016.3	0.93669	0.18097
3016.4	0.937251	0.180286
3016.5	0.938187	0.178056
3016.6	0.938567	0.176665
3016.7	0.938474	0.176567
3016.8	0.938539	0.174661
3016.9	0.938378	0.174364
3017	0.938009	0.175569
3017.1	0.937842	0.177314
3017.2	0.938256	0.176427
3017.3	0.938929	0.174564
3017.4	0.939137	0.174458
3017.5	0.939378	0.174874
3017.6	0.939157	0.175571
3017.7	0.938591	0.176627
3017.8	0.93769	0.179437
3017.9	0.936798	0.181927
3018	0.935844	0.183347
3018.1	0.935108	0.183291
3018.2	0.935126	0.182145
3018.3	0.935584	0.181297
3018.4	0.936153	0.180801
3018.5	0.936787	0.179196
3018.6	0.937324	0.178808
3018.7	0.938148	0.177694
3018.8	0.938533	0.177366
3018.9	0.938236	0.178289
3019	0.937555	0.180494
3019.1	0.936964	0.181612
3019.2	0.936795	0.182008
3019.3	0.936383	0.183986
3019.4	0.936199	0.18471
3019.5	0.936013	0.185282
3019.6	0.935493	0.186184
3019.7	0.934615	0.186088
3019.8	0.93389	0.186556
3019.9	0.933029	0.18809
3020	0.932194	0.189347
3020.1	0.932005	0.190092
3020.2	0.93222	0.189824
3020.3	0.932878	0.189098
3020.4	0.933168	0.188742
3020.5	0.933543	0.188098
3020.6	0.934216	0.187142
3020.7	0.934326	0.187074
3020.8	0.933736	0.188016
3020.9	0.932666	0.189317
3021	0.93183	0.190763
3021.1	0.931847	0.190018
3021.2	0.93201	0.189021
3021.3	0.932365	0.188621
3021.4	0.932751	0.187618
3021.5	0.933258	0.186041
3021.6	0.933188	0.186995
3021.7	0.933426	0.18671
3021.8	0.933977	0.185517
3021.9	0.934505	0.184563
3022	0.935118	0.183309
3022.1	0.935238	0.183288
3022.2	0.934605	0.183961
3022.3	0.934321	0.184608
3022.4	0.934362	0.185993
3022.5	0.934646	0.18651
3022.6	0.936206	0.184293
3022.7	0.937929	0.180887
3022.8	0.93916	0.17869
3022.9	0.939571	0.178073
3023	0.938863	0.179452
3023.1	0.937339	0.181752
3023.2	0.936015	0.18454
3023.3	0.9351	0.185225
3023.4	0.934695	0.184961
3023.5	0.934663	0.185157
3023.6	0.934448	0.185973
3023.7	0.934246	0.185969
3023.8	0.93475	0.183736
3023.9	0.935383	0.182079
3024	0.935832	0.181929
3024.1	0.936093	0.182015
3024.2	0.936448	0.181383
3024.3	0.937086	0.180853
3024.4	0.93749	0.179467
3024.5	0.937235	0.18024
3024.6	0.937217	0.180257
3024.7	0.93745	0.179624
3024.8	0.93769	0.178195
3024.9	0.937609	0.178209
3025	0.937959	0.176675
3025.1	0.93806	0.176838
3025.2	0.938205	0.178247
3025.3	0.93791	0.179267
3025.4	0.936992	0.180325
3025.5	0.935647	0.181352
3025.6	0.934463	0.183054
3025.7	0.93394	0.184427
3025.8	0.933675	0.18593
3025.9	0.933553	0.186693
3026	0.933477	0.187152
3026.1	0.934777	0.184236
3026.2	0.936302	0.181297
3026.3	0.936928	0.180002
3026.4	0.936899	0.180639
3026.5	0.936688	0.180871
3026.6	0.936311	0.181587
3026.7	0.935883	0.183494
3026.8	0.936092	0.18296
3026.9	0.936392	0.181552
3027	0.93645	0.180553
3027.1	0.93624	0.181338
3027.2	0.935786	0.182658
3027.3	0.935482	0.183602
3027.4	0.93544	0.183019
3027.5	0.935595	0.182785
3027.6	0.935488	0.183413
3027.7	0.935263	0.183629
3027.8	0.935659	0.18217
3027.9	0.935836	0.18149
3028	0.935639	0.183352
3028.1	0.935042	0.185493
3028.2	0.935099	0.184168
3028.3	0.93498	0.183987
3028.4	0.934381	0.184875
3028.5	0.933472	0.186662
3028.6	0.932768	0.187512
3028.7	0.932312	0.187629
3028.8	0.931836	0.18889
3028.9	0.932345	0.187727
3029	0.933296	0.185551
3029.1	0.934604	0.182678
3029.2	0.935949	0.179969
3029.3	0.936689	0.179337
3029.4	0.936658	0.18066
3029.5	0.936414	0.181187
3029.6	0.935494	0.182506
3029.7	0.9344	0.183446
3029.8	0.933548	0.184103
3029.9	0.933557	0.184097
3030	0.93438	0.183314
3030.1	0.935734	0.181838
3030.2	0.936579	0.180562
3030.3	0.936509	0.181465
3030.4	0.93599	0.182288
3030.5	0.935416	0.183544
3030.6	0.93541	0.184053
3030.7	0.936021	0.18292
3030.8	0.9371	0.180136
3030.9	0.938022	0.178267
3031	0.938643	0.177093
3031.1	0.93932	0.174817
3031.2	0.939521	0.174367
3031.3	0.939449	0.173692
3031.4	0.938571	0.175879
3031.5	0.937711	0.177661
3031.6	0.937536	0.17847
3031.7	0.937693	0.179072
3031.8	0.937849	0.178308
3031.9	0.937766	0.178143
3032	0.937364	0.17803
3032.1	0.937387	0.177186
3032.2	0.937808	0.17658
3032.3	0.93812	0.177017
3032.4	0.937879	0.17741
3032.5	0.937824	0.177115
3032.6	0.937829	0.176034
3032.7	0.937295	0.177666
3032.8	0.936732	0.179722
3032.9	0.937062	0.179375
3033	0.937834	0.177935
3033.1	0.939229	0.173964
3033.2	0.940487	0.171315
3033.3	0.940983	0.170992
3033.4	0.940804	0.171951
3033.5	0.939999	0.174261
3033.6	0.93893	0.176017
3033.7	0.938119	0.177204
3033.8	0.936979	0.179792
3033.9	0.936185	0.18128
3034	0.935894	0.181352
3034.1	0.935714	0.181564
3034.2	0.935841	0.180356
3034.3	0.936138	0.1797
3034.4	0.936314	0.180021
3034.5	0.935912	0.181909
3034.6	0.935294	0.182971
3034.7	0.934753	0.184398
3034.8	0.93443	0.184861
3034.9	0.934497	0.184307
3035	0.934817	0.183452
3035.1	0.93511	0.182767
3035.2	0.935332	0.182403
3035.3	0.935567	0.182429
3035.4	0.936111	0.180747
3035.5	0.935918	0.180926
3035.6	0.935791	0.181107
3035.7	0.936151	0.180708
3035.8	0.936861	0.17961
3035.9	0.937995	0.178298
3036	0.938961	0.177231
3036.1	0.93962	0.175876
3036.2	0.939256	0.176174
3036.3	0.938075	0.177879
3036.4	0.936879	0.179968
3036.5	0.936121	0.181069
3036.6	0.935946	0.179548
3036.7	0.935942	0.179739
3036.8	0.935771	0.180899
3036.9	0.935375	0.181753
3037	0.934352	0.184037
3037.1	0.93325	0.186805
3037.2	0.932922	0.187416
3037.3	0.933303	0.187127
3037.4	0.934009	0.185971
3037.5	0.934445	0.18591
3037.6	0.934982	0.186263
3037.7	0.935874	0.184374
3037.8	0.936265	0.182642
3037.9	0.936076	0.182121
3038	0.935781	0.182625
3038.1	0.935645	0.182753
3038.2	0.935957	0.181524
3038.3	0.936707	0.179887
3038.4	0.937189	0.178399
3038.5	0.937404	0.177093
3038.6	0.937496	0.177918
3038.7	0.937477	0.179057
3038.8	0.937154	0.179746
3038.9	0.936802	0.179464
3039	0.936764	0.179483
3039.1	0.936996	0.180115
3039.2	0.93793	0.17726
3039.3	0.938859	0.174767
3039.4	0.938777	0.175003
3039.5	0.938155	0.17778
3039.6	0.937273	0.180678
3039.7	0.935991	0.183452
3039.8	0.93552	0.183486
3039.9	0.935226	0.183633
3040	0.935072	0.183497
3040.1	0.935455	0.182003
3040.2	0.936205	0.179434
3040.3	0.936361	0.179512
3040.4	0.935889	0.181445
3040.5	0.935818	0.182122
3040.6	0.93654	0.180658
3040.7	0.936714	0.180295
3040.8	0.936966	0.179795
3040.9	0.937618	0.179124
3041	0.937902	0.178265
3041.1	0.937692	0.178632
3041.2	0.937097	0.180574
3041.3	0.936881	0.181385
3041.4	0.936477	0.18215
3041.5	0.936476	0.181935
3041.6	0.936251	0.182998
3041.7	0.935715	0.183894
3041.8	0.935713	0.182828
3041.9	0.935744	0.182919
3042	0.935409	0.183306
3042.1	0.93546	0.182174
3042.2	0.935009	0.183251
3042.3	0.934013	0.18612
3042.4	0.933763	0.18677
3042.5	0.934214	0.185665
3042.6	0.934172	0.18564
3042.7	0.933923	0.187177
3042.8	0.933562	0.188081
3042.9	0.933354	0.188622
3043	0.933365	0.189332
3043.1	0.933377	0.190512
3043.2	0.934144	0.189061
3043.3	0.93526	0.185582
3043.4	0.936091	0.182838
3043.5	0.936262	0.1824
3043.6	0.93664	0.182089
3043.7	0.936826	0.181523
3043.8	0.936472	0.180919
3043.9	0.935856	0.180717
3044	0.935702	0.18037
3044.1	0.935664	0.181367
3044.2	0.935558	0.181684
3044.3	0.93499	0.183597
3044.4	0.934827	0.18487
3044.5	0.935425	0.183504
3044.6	0.93596	0.182336
3044.7	0.935651	0.183397
3044.8	0.935505	0.183076
3044.9	0.935411	0.182107
3045	0.935218	0.182597
3045.1	0.934891	0.183111
3045.2	0.93431	0.183534
3045.3	0.933453	0.184914
3045.4	0.932914	0.185387
3045.5	0.932392	0.185583
3045.6	0.932368	0.186268
3045.7	0.932599	0.18715
3045.8	0.932672	0.188029
3045.9	0.933108	0.187826
3046	0.933398	0.186973
3046.1	0.933466	0.186176
3046.2	0.933236	0.187148
3046.3	0.932867	0.18817
3046.4	0.932434	0.188598
3046.5	0.932501	0.187788
3046.6	0.93289	0.186838
3046.7	0.933426	0.185051
3046.8	0.933436	0.185984
3046.9	0.933535	0.186703
3047	0.933762	0.186218
3047.1	0.933958	0.185875
3047.2	0.933985	0.185808
3047.3	0.934142	0.185475
3047.4	0.933959	0.186241
3047.5	0.934051	0.185612
3047.6	0.933818	0.185976
3047.7	0.933248	0.18727
3047.8	0.933453	0.186105
3047.9	0.933571	0.185184
3048	0.93357	0.185133
3048.1	0.933698	0.184982
3048.2	0.933841	0.184281
3048.3	0.934547	0.182441
3048.4	0.935647	0.179999
3048.5	0.936596	0.17862
3048.6	0.937185	0.177619
3048.7	0.936576	0.178914
3048.8	0.935752	0.180639
3048.9	0.935157	0.182878
3049	0.934959	0.184176
3049.1	0.935294	0.183536
3049.2	0.935927	0.182393
3049.3	0.936464	0.181617
3049.4	0.936924	0.179777
3049.5	0.936905	0.17976
3049.6	0.936605	0.18023
3049.7	0.935881	0.181055
3049.8	0.935185	0.182823
3049.9	0.934896	0.185882
3050	0.935396	0.185667
3050.1	0.935834	0.183835
3050.2	0.936176	0.182472
3050.3	0.936299	0.180618
3050.4	0.93579	0.180349
3050.5	0.934758	0.18241
3050.6	0.933546	0.185123
3050.7	0.932311	0.188229
3050.8	0.932391	0.187986
3050.9	0.932821	0.188028
3051	0.933862	0.186751
3051.1	0.934627	0.185178
3051.2	0.935305	0.183145
3051.3	0.935905	0.182191
3051.4	0.936396	0.180767
3051.5	0.9371	0.178565
3051.6	0.937242	0.178157
3051.7	0.936664	0.179498
3051.8	0.93585	0.18216
3051.9	0.93465	0.185097
3052	0.933609	0.18743
3052.1	0.932864	0.189327
3052.2	0.932717	0.189735
3052.3	0.933505	0.188463
3052.4	0.934104	0.186862
3052.5	0.934576	0.184555
3052.6	0.934566	0.184837
3052.7	0.933853	0.186103
3052.8	0.932748	0.18825
3052.9	0.932274	0.188949
3053	0.932242	0.188889
3053.1	0.932427	0.18848
3053.2	0.933059	0.187181
3053.3	0.933268	0.187494
3053.4	0.93342	0.187369
3053.5	0.934072	0.184829
3053.6	0.934215	0.184053
3053.7	0.933918	0.184932
3053.8	0.933887	0.185349
3053.9	0.934057	0.185073
3054	0.93312	0.187872
3054.1	0.932071	0.189426
3054.2	0.931378	0.190056
3054.3	0.931207	0.190409
3054.4	0.931789	0.189224
3054.5	0.932615	0.187701
3054.6	0.933489	0.185742
3054.7	0.933893	0.184193
3054.8	0.933648	0.183167
3054.9	0.933014	0.184455
3055	0.932095	0.186634
3055.1	0.931309	0.188718
3055.2	0.931374	0.188671
3055.3	0.932144	0.187632
3055.4	0.932839	0.186479
3055.5	0.933367	0.185126
3055.6	0.933433	0.18464
3055.7	0.933522	0.184035
3055.8	0.933338	0.184879
3055.9	0.933286	0.185184
3056	0.933673	0.184518
3056.1	0.934615	0.18237
3056.2	0.935144	0.182114
3056.3	0.935438	0.183169
3056.4	0.936005	0.182796
3056.5	0.936621	0.181412
3056.6	0.937221	0.18009
3056.7	0.937329	0.179737
3056.8	0.936812	0.180198
3056.9	0.935866	0.181488
3057	0.935369	0.182115
3057.1	0.936067	0.179622
3057.2	0.936057	0.179864
3057.3	0.935216	0.181704
3057.4	0.934321	0.184504
3057.5	0.934269	0.185266
3057.6	0.93455	0.183401
3057.7	0.934424	0.183909
3057.8	0.934075	0.185729
3057.9	0.933972	0.186106
3058	0.93449	0.185363
3058.1	0.934772	0.184587
3058.2	0.93487	0.183908
3058.3	0.935326	0.181943
3058.4	0.935873	0.180167
3058.5	0.936605	0.17797
3058.6	0.937549	0.176417
3058.7	0.938255	0.175846
3058.8	0.938993	0.173871
3058.9	0.939215	0.172939
3059	0.938642	0.174184
3059.1	0.937514	0.177695
3059.2	0.936298	0.179995
3059.3	0.935148	0.182651
3059.4	0.934096	0.185776
3059.5	0.933358	0.187082
3059.6	0.932543	0.187676
3059.7	0.932194	0.187538
3059.8	0.932098	0.18778
3059.9	0.93206	0.188571
3060	0.932092	0.188877
3060.1	0.93202	0.18802
3060.2	0.931603	0.187523
3060.3	0.931242	0.188551
3060.4	0.931531	0.188881
3060.5	0.932289	0.187185
3060.6	0.932891	0.185321
3060.7	0.933545	0.1835
3060.8	0.933908	0.18276
3060.9	0.933784	0.182879
3061	0.933167	0.184705
3061.1	0.932632	0.186697
3061.2	0.931855	0.188914
3061.3	0.931417	0.190102
3061.4	0.931223	0.190555
3061.5	0.931213	0.190537
3061.6	0.931045	0.191081
3061.7	0.930986	0.191593
3061.8	0.931153	0.190983
3061.9	0.931283	0.190858
3062	0.931505	0.190505
3062.1	0.930773	0.192369
3062.2	0.93018	0.193625
3062.3	0.930707	0.19185
3062.4	0.931842	0.188875
3062.5	0.932954	0.186033
3062.6	0.934344	0.182972
3062.7	0.935236	0.182193
3062.8	0.934608	0.18439
3062.9	0.933449	0.186734
3063	0.932695	0.187167
3063.1	0.933083	0.185799
3063.2	0.934061	0.182794
3063.3	0.934706	0.181091
3063.4	0.93475	0.181133
3063.5	0.934957	0.180158
3063.6	0.935133	0.179996
3063.7	0.935476	0.179058
3063.8	0.936127	0.177927
3063.9	0.936847	0.177537
3064	0.937325	0.177754
3064.1	0.937216	0.178198
3064.2	0.936935	0.178173
3064.3	0.936742	0.176831
3064.4	0.936439	0.177008
3064.5	0.936124	0.178471
3064.6	0.935703	0.17979
3064.7	0.935195	0.180532
3064.8	0.934148	0.182748
3064.9	0.933233	0.186115
3065	0.932538	0.188868
3065.1	0.932705	0.187622
3065.2	0.93352	0.184695
3065.3	0.93446	0.182078
3065.4	0.935005	0.180099
3065.5	0.935536	0.178599
3065.6	0.935786	0.177919
3065.7	0.935882	0.177847
3065.8	0.935898	0.178559
3065.9	0.935456	0.179732
3066	0.935052	0.180649
3066.1	0.934779	0.181416
3066.2	0.934041	0.183015
3066.3	0.932852	0.185548
3066.4	0.931525	0.188494
3066.5	0.930179	0.192415
3066.6	0.929378	0.194784
3066.7	0.929539	0.194044
3066.8	0.929905	0.193588
3066.9	0.930382	0.192615
3067	0.931632	0.189279
3067.1	0.932889	0.186335
3067.2	0.933882	0.18481
3067.3	0.934366	0.184401
3067.4	0.934635	0.183984
3067.5	0.934674	0.184051
3067.6	0.934838	0.183858
3067.7	0.934664	0.184167
3067.8	0.934191	0.184667
3067.9	0.933738	0.184383
3068	0.933831	0.184558
3068.1	0.934151	0.183854
3068.2	0.934626	0.181908
3068.3	0.935041	0.180063
3068.4	0.934671	0.179486
3068.5	0.934252	0.181086
3068.6	0.934041	0.182598
3068.7	0.934015	0.18412
3068.8	0.93428	0.184063
3068.9	0.934403	0.183241
3069	0.934899	0.180899
3069.1	0.935149	0.179511
3069.2	0.935057	0.179825
3069.3	0.934399	0.182879
3069.4	0.933399	0.186656
3069.5	0.933104	0.188145
3069.6	0.933333	0.187862
3069.7	0.933335	0.187497
3069.8	0.933001	0.187978
3069.9	0.932543	0.188564
3070	0.931975	0.189124
3070.1	0.931273	0.190579
3070.2	0.930927	0.191312
3070.3	0.931186	0.190405
3070.4	0.931175	0.191068
3070.5	0.930813	0.192229
3070.6	0.930837	0.191985
3070.7	0.930972	0.191041
3070.8	0.931012	0.190695
3070.9	0.931006	0.19121
3071	0.931144	0.190963
3071.1	0.931027	0.190635
3071.2	0.930862	0.190905
3071.3	0.931213	0.189743
3071.4	0.931758	0.187166
3071.5	0.932449	0.185895
3071.6	0.933453	0.184598
3071.7	0.934702	0.181857
3071.8	0.935612	0.179659
3071.9	0.935586	0.179298
3072	0.934938	0.181326
3072.1	0.934099	0.183893
3072.2	0.933359	0.184783
3072.3	0.932879	0.185095
3072.4	0.933072	0.184892
3072.5	0.93372	0.183768
3072.6	0.934517	0.181238
3072.7	0.935134	0.179629
3072.8	0.935913	0.177917
3072.9	0.93596	0.177949
3073	0.93544	0.17973
3073.1	0.935111	0.180371
3073.2	0.935508	0.179778
3073.3	0.935783	0.180141
3073.4	0.935746	0.179691
3073.5	0.935357	0.179947
3073.6	0.934288	0.182716
3073.7	0.933293	0.184581
3073.8	0.932937	0.185271
3073.9	0.93284	0.185954
3074	0.932562	0.186415
3074.1	0.932912	0.184919
3074.2	0.933465	0.183843
3074.3	0.933873	0.184431
3074.4	0.934131	0.183915
3074.5	0.934523	0.18297
3074.6	0.934727	0.182174
3074.7	0.934251	0.183327
3074.8	0.934292	0.183071
3074.9	0.934245	0.183012
3075	0.933342	0.18357
3075.1	0.932995	0.184358
3075.2	0.933408	0.183818
3075.3	0.933654	0.18343
3075.4	0.934129	0.18196
3075.5	0.934968	0.180086
3075.6	0.935954	0.178686
3075.7	0.936304	0.177411
3075.8	0.935679	0.177593
3075.9	0.934266	0.180316
3076	0.933393	0.182319
3076.1	0.932381	0.18362
3076.2	0.931399	0.184455
3076.3	0.930938	0.185226
3076.4	0.931366	0.185137
3076.5	0.931817	0.185517
3076.6	0.932196	0.185394
3076.7	0.932395	0.185446
3076.8	0.93255	0.185412
3076.9	0.932726	0.185197
3077	0.932809	0.184899
3077.1	0.932739	0.184349
3077.2	0.932654	0.183827
3077.3	0.93209	0.184658
3077.4	0.931602	0.186771
3077.5	0.93148	0.18792
3077.6	0.931854	0.185933
3077.7	0.93187	0.185536
3077.8	0.931521	0.186886
3077.9	0.931401	0.188203
3078	0.931258	0.189504
3078.1	0.931393	0.18874
3078.2	0.93188	0.187135
3078.3	0.932689	0.186383
3078.4	0.9329	0.185668
3078.5	0.932962	0.184476
3078.6	0.932827	0.184599
3078.7	0.932574	0.185226
3078.8	0.932606	0.185988
3078.9	0.932873	0.185155
3079	0.93266	0.186518
3079.1	0.93212	0.187798
3079.2	0.93188	0.188989
3079.3	0.932189	0.188885
3079.4	0.933255	0.186453
3079.5	0.934218	0.184529
3079.6	0.934255	0.185596
3079.7	0.93388	0.186234
3079.8	0.933284	0.18746
3079.9	0.932684	0.188311
3080	0.931912	0.18913
3080.1	0.931275	0.188589
3080.2	0.930457	0.190201
3080.3	0.929637	0.191515
3080.4	0.929214	0.192068
3080.5	0.929405	0.190778
3080.6	0.92978	0.190061
3080.7	0.930331	0.189321
3080.8	0.930448	0.190247
3080.9	0.930864	0.189074
3081	0.931324	0.187505
3081.1	0.931153	0.188002
3081.2	0.930269	0.189901
3081.3	0.929643	0.191043
3081.4	0.929581	0.192418
3081.5	0.930797	0.190229
3081.6	0.931552	0.190553
3081.7	0.931738	0.191323
3081.8	0.931978	0.191487
3081.9	0.931686	0.192343
3082	0.93123	0.192568
3082.1	0.930992	0.192775
3082.2	0.93069	0.192729
3082.3	0.930732	0.191857
3082.4	0.93053	0.191976
3082.5	0.930019	0.194352
3082.6	0.930316	0.193125
3082.7	0.930087	0.192361
3082.8	0.929634	0.192082
3082.9	0.929491	0.191476
3083	0.92945	0.190461
3083.1	0.929198	0.190456
3083.2	0.929482	0.190334
3083.3	0.930504	0.188253
3083.4	0.932	0.185547
3083.5	0.933104	0.184559
3083.6	0.932446	0.187601
3083.7	0.93153	0.189415
3083.8	0.930674	0.189909
3083.9	0.929797	0.192243
3084	0.929733	0.192282
3084.1	0.929677	0.19134
3084.2	0.929373	0.192313
3084.3	0.928886	0.193396
3084.4	0.928693	0.193147
3084.5	0.928975	0.191991
3084.6	0.929319	0.191206
3084.7	0.929296	0.191019
3084.8	0.928941	0.190905
3084.9	0.928893	0.190371
3085	0.929427	0.190107
3085.1	0.929674	0.189715
3085.2	0.929533	0.18946
3085.3	0.929308	0.189407
3085.4	0.928881	0.190683
3085.5	0.928972	0.191581
3085.6	0.929734	0.190296
3085.7	0.930217	0.189287
3085.8	0.930482	0.187771
3085.9	0.93015	0.187254
3086	0.929246	0.190071
3086.1	0.928873	0.192174
3086.2	0.929102	0.192048
3086.3	0.929421	0.19191
3086.4	0.929748	0.192098
3086.5	0.930398	0.190946
3086.6	0.931031	0.189841
3086.7	0.931578	0.189406
3086.8	0.931977	0.187805
3086.9	0.932387	0.185811
3087	0.932429	0.185669
3087.1	0.932449	0.1859
3087.2	0.932889	0.185384
3087.3	0.933235	0.183829
3087.4	0.933073	0.184757
3087.5	0.932556	0.185643
3087.6	0.931918	0.184644
3087.7	0.931209	0.185063
3087.8	0.929739	0.188618
3087.9	0.928841	0.191876
3088	0.928435	0.193407
3088.1	0.928088	0.19523
3088.2	0.928016	0.195606
3088.3	0.92783	0.195689
3088.4	0.927681	0.196367
3088.5	0.928141	0.195327
3088.6	0.928195	0.194816
3088.7	0.928518	0.19425
3088.8	0.929217	0.193358
3088.9	0.930491	0.191169
3089	0.93157	0.190039
3089.1	0.932222	0.189785
3089.2	0.932299	0.189908
3089.3	0.932245	0.189134
3089.4	0.931999	0.188188
3089.5	0.931081	0.189201
3089.6	0.929902	0.190966
3089.7	0.929246	0.191528
3089.8	0.929488	0.190913
3089.9	0.929688	0.190908
3090	0.929992	0.190696
3090.1	0.930594	0.189082
3090.2	0.931127	0.187592
3090.3	0.931367	0.187415
3090.4	0.931352	0.188244
3090.5	0.931279	0.188986
3090.6	0.930894	0.19054
3090.7	0.930425	0.191431
3090.8	0.93032	0.191541
3090.9	0.930894	0.190329
3091	0.931545	0.188372
3091.1	0.932079	0.186904
3091.2	0.932413	0.186268
3091.3	0.932147	0.186792
3091.4	0.931176	0.188801
3091.5	0.929917	0.191568
3091.6	0.929407	0.192295
3091.7	0.929356	0.191619
3091.8	0.929401	0.191053
3091.9	0.929582	0.190198
3092	0.930271	0.188947
3092.1	0.930982	0.186315
3092.2	0.931294	0.185243
3092.3	0.931412	0.186272
3092.4	0.931487	0.186347
3092.5	0.931645	0.18503
3092.6	0.931812	0.184049
3092.7	0.932185	0.184415
3092.8	0.93246	0.185007
3092.9	0.932591	0.184699
3093	0.931946	0.186011
3093.1	0.930968	0.188595
3093.2	0.930873	0.188265
3093.3	0.930684	0.188796
3093.4	0.929844	0.191979
3093.5	0.929431	0.193694
3093.6	0.929397	0.194228
3093.7	0.929804	0.193669
3093.8	0.930164	0.191958
3093.9	0.930944	0.188745
3094	0.932042	0.185678
3094.1	0.932996	0.184554
3094.2	0.934285	0.183196
3094.3	0.935171	0.181473
3094.4	0.934591	0.181998
3094.5	0.933108	0.184585
3094.6	0.93145	0.18783
3094.7	0.931221	0.188327
3094.8	0.931803	0.186785
3094.9	0.931815	0.185911
3095	0.930871	0.186681
3095.1	0.929754	0.188488
3095.2	0.928723	0.191472
3095.3	0.928259	0.192819
3095.4	0.928158	0.1917
3095.5	0.927787	0.192076
3095.6	0.927591	0.193933
3095.7	0.92851	0.193634
3095.8	0.929623	0.192319
3095.9	0.930897	0.189335
3096	0.931679	0.187869
3096.1	0.931658	0.188274
3096.2	0.931487	0.188656
3096.3	0.931323	0.188567
3096.4	0.931138	0.189027
3096.5	0.931182	0.188562
3096.6	0.931198	0.189835
3096.7	0.931142	0.190021
3096.8	0.930516	0.190217
3096.9	0.930368	0.189902
3097	0.930531	0.188926
3097.1	0.931433	0.18713
3097.2	0.932341	0.186361
3097.3	0.932652	0.18651
3097.4	0.932442	0.186533
3097.5	0.932024	0.187504
3097.6	0.931174	0.189764
3097.7	0.930056	0.192176
3097.8	0.928996	0.1944
3097.9	0.928362	0.195287
3098	0.92841	0.194022
3098.1	0.929154	0.190782
3098.2	0.930418	0.187368
3098.3	0.931836	0.185138
3098.4	0.932555	0.185195
3098.5	0.932976	0.185206
3098.6	0.933136	0.185406
3098.7	0.93328	0.184847
3098.8	0.933347	0.184156
3098.9	0.93319	0.183325
3099	0.933067	0.183252
3099.1	0.932711	0.184996
3099.2	0.932634	0.185102
3099.3	0.933056	0.184368
3099.4	0.933965	0.183464
3099.5	0.93523	0.183046
3099.6	0.937425	0.181819
3099.7	0.94208	0.176267
3099.8	0.949239	0.166273
3099.9	0.958348	0.151512
3100	0.968465	0.132342
3100.1	0.977811	0.111627
3100.2	0.98549	0.0894714
3100.3	0.990863	0.071005
3100.4	0.994188	0.0564534
3100.5	0.996232	0.0453066
3100.6	0.997324	0.0390354
3100.7	0.997981	0.0337993
3100.8	0.998371	0.0311234
3100.9	0.998585	0.0298046
3101	0.998712	0.0289176
3101.1	0.998797	0.0282018
3101.2	0.998861	0.0275741
3101.3	0.998913	0.0270197
3101.4	0.998957	0.0265345
3101.5	0.999003	0.0260954
3101.6	0.999035	0.0257161
3101.7	0.999185	0.0228425
3101.8	0.99921	0.0224836
3101.9	0.999235	0.0221421
3102	0.999255	0.0218159
3102.1	0.999276	0.0215013
3102.2	0.999293	0.0211986
3102.3	0.999375	0.02003
3102.4	0.999389	0.0197622
3102.5	0.999402	0.0195035
3102.6	0.999414	0.0192533
3102.7	0.999426	0.019011
3102.8	0.999437	0.018776
3102.9	0.999448	0.0185478
3103	0.999463	0.018321
3103.1	0.999472	0.0181049
3103.2	0.999489	0.0178817
3103.3	0.999498	0.0176761
3103.4	0.999507	0.0174749
3103.5	0.999515	0.0172776
3103.6	0.999522	0.0170841
3103.7	0.999539	0.016875
3103.8	0.999549	0.0166878
3103.9	0.999555	0.0165044
3104	0.999562	0.0163238
3104.1	0.999569	0.0161457
3104.2	0.999575	0.0159701
3104.3	0.999582	0.0157968
3104.4	0.999588	0.0156256
3104.5	0.999676	0.0135945
3104.6	0.999683	0.0134365
3104.7	0.999688	0.0132833
3104.8	0.999696	0.0131288
3104.9	0.999703	0.0129782
3105	0.999707	0.0128307
3105.1	0.999711	0.0126849
3105.2	0.999734	0.0124704
3105.3	0.999737	0.0123313
3105.4	0.999741	0.0121936
3105.5	0.999745	0.0120575
3105.6	0.999748	0.0119228
3105.7	0.999751	0.0117895
3105.8	0.999755	0.0116578
3105.9	0.999758	0.0115274
3106	0.999761	0.0113986
3106.1	0.999853	0.00790805
3106.2	0.999855	0.00781178
3106.3	0.999857	0.00771713
3106.4	0.999859	0.00762412
3106.5	0.999862	0.00753241
3106.6	0.999864	0.00744251
3106.7	0.999928	0.00475092
3106.8	0.999929	0.00469678
3106.9	0.99993	0.00464371
3107	0.999946	0.00439686
3107.1	0.999946	0.00435355
3107.2	0.999947	0.00431079
3107.3	0.999947	0.00426859
3107.4	0.999948	0.00422691
3107.5	0.999948	0.00418578
3107.6	0.999949	0.00414518
3107.7	0.999949	0.00410509
3107.8	0.99995	0.00406543
3107.9	0.999951	0.00402636
3108	0.999951	0.00398779
3108.1	0.999952	0.00394971
3108.2	0.999952	0.00391212
3108.3	0.999953	0.003875
3108.4	0.999953	0.00383835
3108.5	0.999954	0.00380217
3108.6	0.999954	0.00376645
3108.7	0.999955	0.00373117
3108.8	0.999955	0.00369635
3108.9	0.999956	0.0036619
3109	0.999956	0.00362795
3109.1	0.999957	0.00359443
3109.2	0.999957	0.00356132
3109.3	0.999961	0.00351745
3109.4	0.999961	0.00348531
3109.5	0.999961	0.00345357
3109.6	0.999962	0.00342223
3109.7	0.999962	0.00339128
3109.8	0.999962	0.00336071
3109.9	0.999963	0.00333052
3110	0.999963	0.0033007
3110.1	0.999963	0.00327125
3110.2	0.999964	0.00324216
3110.3	0.999964	0.00321342
3110.4	0.999964	0.00318504
3110.5	0.999965	0.00315696
3110.6	0.999965	0.00312926
3110.7	0.999966	0.00310189
3110.8	0.999966	0.00307486
3110.9	0.999966	0.00304815
3111	0.999966	0.00302177
3111.1	0.999967	0.0029957
3111.2	0.999967	0.00296994
3111.3	0.999967	0.00294448
3111.4	0.999968	0.00291934
3111.5	0.999968	0.00289449
3111.6	0.999968	0.00286994
3111.7	1	4.75249e-06
3111.8	1	4.68532e-06
3111.9	1	4.61593e-06
3112	1	4.53797e-06
3112.1	1	4.47072e-06
3112.2	1	4.40359e-06
3112.3	1	4.33646e-06
3112.4	1	4.28014e-06
3112.5	1	4.12173e-06
3112.6	1	4.0665e-06
3112.7	1	4.00012e-06
3112.8	1	3.9449e-06
3112.9	1	3.88959e-06
3113	1	3.83436e-06
3113.1	1	3.77914e-06
3113.2	1	3.72389e-06
3113.3	1	3.67971e-06
3113.4	1	3.62449e-06
3113.5	1	3.5803e-06
3113.6	1	3.52506e-06
3113.7	1	3.48083e-06
3113.8	1	3.43662e-06
3113.9	1	3.38132e-06
3114	1	3.33714e-06
3114.1	1	3.29294e-06
3114.2	1	3.24876e-06
3114.3	1	3.21562e-06
3114.4	1	3.17138e-06
3114.5	1	3.1272e-06
3114.6	1	3.09406e-06
3114.7	1	3.04978e-06
3114.8	1	3.01665e-06
3114.9	1	6.04661e-08
3115	1	5.62939e-08
3115.1	1	4.81247e-08
3115.2	1	4.68438e-08
3115.3	1	4.68438e-08
3115.4	1	4.68438e-08
3115.5	1	4.68438e-08
3115.6	1	4.55267e-08
3115.7	1	4.41699e-08
3115.8	1	4.41699e-08
3115.9	1	4.41699e-08
3116	1	4.41699e-08
3116.1	1	4.41699e-08
3116.2	1	4.41699e-08
3116.3	1	4.41699e-08
3116.4	1	4.13218e-08
3116.5	1	4.13218e-08
3116.6	1	3.98209e-08
3116.7	1	3.98209e-08
3116.8	1	3.98209e-08
3116.9	1	3.98209e-08
3117	1	3.98209e-08
3117.1	1	3.66339e-08
3117.2	1	3.66339e-08
3117.3	1	3.66339e-08
3117.4	1	3.66339e-08
3117.5	1	2.92253e-08
3117.6	1	2.92253e-08
3117.7	1	2.92253e-08
3117.8	1	2.92253e-08
3117.9	1	2.92253e-08
3118	1	2.92253e-08
3118.1	1	2.92253e-08
3118.2	1	2.70589e-08
3118.3	1	2.70589e-08
3118.4	1	2.70589e-08
3118.5	1	2.70589e-08
3118.6	1	2.70589e-08
3118.7	1	2.70589e-08
3118.8	1	2.70589e-08
3118.9	1	2.70589e-08
3119	1	2.70589e-08
3119.1	1	2.70589e-08
3119.2	1	2.70589e-08
3119.3	1	2.70589e-08
3119.4	1	2.70589e-08
3119.5	1	2.47026e-08
3119.6	1	1.56231e-08
3119.7	1	1.56231e-08
3119.8	1	1.56231e-08
3119.9	1	1.56231e-08
3120	1	1.56231e-08
3120.1	1	1.56231e-08
3120.2	1	1.56231e-08
3120.3	1	1.56231e-08
3120.4	1	1.56231e-08
3120.5	1	1.56231e-08
3120.6	1	1.56231e-08
3120.7	1	1.56231e-08
3120.8	1	1.56231e-08
3120.9	1	1.56231e-08
3121	1	1.56231e-08
3121.1	1	1.56231e-08
3121.2	1	1.56231e-08
3121.3	1	1.56231e-08
3121.4	1	1.56231e-08
3121.5	1	1.56231e-08
3121.6	1	1.56231e-08
3121.7	1	1.56231e-08
3121.8	1	1.56231e-08
3121.9	1	1.56231e-08
3122	1	1.56231e-08
3122.1	1	1.56231e-08
3122.2	1	1.56231e-08
3122.3	1	1.56231e-08
3122.4	1	1.56231e-08
3122.5	1	1.56231e-08
3122.6	1	1.56231e-08
3122.7	1	1.56231e-08
3122.8	1	1.56231e-08
3122.9	1	1.56231e-08
3123	1	1.56231e-08
3123.1	1	1.56231e-08
3123.2	1	1.56231e-08
3123.3	1	1.56231e-08
3123.4	1	1.56231e-08
3123.5	1	1.56231e-08
3123.6	1	1.56231e-08
3123.7	1	1.56231e-08
3123.8	1	1.56231e-08
3123.9	1	1.56231e-08
3124	1	1.56231e-08
3124.1	1	1.56231e-08
3124.2	1	1.56231e-08
3124.3	1	1.56231e-08
3124.4	1	1.56231e-08
3124.5	1	1.56231e-08
3124.6	1	1.56231e-08
3124.7	1	1.56231e-08
3124.8	1	1.56231e-08
3124.9	1	1.56231e-08
3125	1	1.56231e-08
3125.1	1	1.56231e-08
3125.2	1	1.56231e-08
3125.3	1	1.56231e-08
3125.4	1	1.10479e-08
3125.5	1	1.10479e-08
3125.6	1	1.10479e-08
3125.7	1	1.10479e-08
3125.8	1	1.10479e-08
3125.9	1	1.10479e-08
3126	1	1.10479e-08
3126.1	1	1.10479e-08
3126.2	1	1.10479e-08
3126.3	1	1.10479e-08
3126.4	1	1.10479e-08
3126.5	1	1.10479e-08
3126.6	1	1.10479e-08
3126.7	1	1.10479e-08
3126.8	1	1.10479e-08
3126.9	1	1.10479e-08
3127	1	1.10479e-08
3127.1	1	1.10479e-08
3127.2	1	1.10479e-08
3127.3	1	1.10479e-08
3127.4	1	1.10479e-08
3127.5	1	1.10479e-08
3127.6	1	1.10479e-08
3127.7	1	1.10479e-08
3127.8	1	1.10479e-08
3127.9	1	1.10479e-08
3128	1	1.10479e-08
3128.1	1	1.10479e-08
3128.2	1	1.10479e-08
3128.3	1	1.10479e-08
3128.4	1	1.10479e-08
3128.5	1	1.10479e-08
3128.6	1	1.10479e-08
3128.7	1	1.10479e-08
3128.8	1	0
3128.9	1	0
3129	1	0
3129.1	1	0
3129.2	1	0
3129.3	1	0
3129.4	1	0
3129.5	1	0
3129.6	1	0
3129.7	1	0
3129.8	1	0
3129.9	1	0
3130	1	0
3130.1	1	0
3130.2	1	0
3130.3	1	0
3130.4	1	0
3130.5	1	0
3130.6	1	0
3130.7	1	0
3130.8	1	0
3130.9	1	0
3131	1	0
3131.1	1	0
3131.2	1	0
3131.3	1	0
3131.4	1	0
3131.5	1	0
3131.6	1	0
3131.7	1	0
3131.8	1	0
3131.9	1	0
3132	1	0
3132.1	1	0
3132.2	1	0
3132.3	1	0
3132.4	1	0
3132.5	1	0
3132.6	1	0
3132.7	1	0
3132.8	1	0
3132.9	1	0
3133	1	0
3133.1	1	0
3133.2	1	0
3133.3	1	0
3133.4	1	0
3133.5	1	0
3133.6	1	0
3133.7	1	0
3133.8	1	0
3133.9	1	0
3134	1	0
3134.1	1	0
3134.2	1	0
3134.3	1	0
3134.4	1	0
3134.5	1	0
3134.6	1	0
3134.7	1	0
3134.8	1	0
3134.9	1	0
3135	1	0
3135.1	1	0
3135.2	1	0
3135.3	1	0
3135.4	1	0
3135.5	1	0
3135.6	1	0
3135.7	1	0
3135.8	1	0
3135.9	1	0
3136	1	0
3136.1	1	0
3136.2	1	0
3136.3	1	0
3136.4	1	0
3136.5	1	0
3136.6	1	0
3136.7	1	0
3136.8	1	0
3136.9	1	0
3137	1	0
3137.1	1	0
3137.2	1	0
3137.3	1	0
3137.4	1	0
3137.5	1	0
3137.6	1	0
3137.7	1	0
3137.8	1	0
3137.9	1	0
3138	1	0
3138.1	1	0
3138.2	1	0
3138.3	1	0
3138.4	1	0
3138.5	1	0
3138.6	1	0
3138.7	1	0
3138.8	1	0
3138.9	1	0
3139	1	0
3139.1	1	0
3139.2	1	0
3139.3	1	0
3139.4	1	0
3139.5	1	0
3139.6	1	0
3139.7	1	0
3139.8	1	0
3139.9	1	0
3140	1	0
3140.1	1	0
3140.2	1	0
3140.3	1	0
3140.4	1	0
3140.5	1	0
3140.6	1	0
3140.7	1	0
3140.8	1	0
3140.9	1	0
3141	1	0
3141.1	1	0
3141.2	1	0
3141.3	1	0
3141.4	1	0
3141.5	1	0
3141.6	1	0
3141.7	1	0
3141.8	1	0
3141.9	1	0
3142	1	0
3142.1	1	0
3142.2	1	0
3142.3	1	0
3142.4	1	0
3142.5	1	0
3142.6	1	0
3142.7	1	0
3142.8	1	0
3142.9	1	0
3143	1	0
3143.1	1	0
3143.2	1	0
3143.3	1	0
3143.4	1	0
3143.5	1	0
3143.6	1	0
3143.7	1	0
3143.8	1	0
3143.9	1	0
3144	1	0
3144.1	1	0
3144.2	1	0
3144.3	1	0
3144.4	1	0
3144.5	1	0
3144.6	1	0
3144.7	1	0
3144.8	1	0
3144.9	1	0
3145	1	0
3145.1	1	0
3145.2	1	0
3145.3	1	0
3145.4	1	0
3145.5	1	0
3145.6	1	0
3145.7	1	0
3145.8	1	0
3145.9	1	0
3146	1	0
3146.1	1	0
3146.2	1	0
3146.3	1	0
3146.4	1	0
3146.5	1	0
3146.6	1	0
3146.7	1	0
3146.8	1	0
3146.9	1	0
3147	1	0
3147.1	1	0
3147.2	1	0
3147.3	1	0
3147.4	1	0
3147.5	1	0
3147.6	1	0
3147.7	1	0
3147.8	1	0
3147.9	1	0
3148	1	0
3148.1	1	0
3148.2	1	0
3148.3	1	0
3148.4	1	0
3148.5	1	0
3148.6	1	0
3148.7	1	0
3148.8	1	0
3148.9	1	0
3149	1	0
3149.1	1	0
3149.2	1	0
3149.3	1	0
3149.4	1	0
3149.5	1	0
3149.6	1	0
3149.7	1	0
3149.8	1	0
3149.9	1	0
3150	1	0
3150.1	1	0
3150.2	1	0
3150.3	1	0
3150.4	1	0
3150.5	1	0
3150.6	1	0
3150.7	1	0
3150.8	1	0
3150.9	1	0
3151	1	0
3151.1	1	0
3151.2	1	0
3151.3	1	0
3151.4	1	0
3151.5	1	0
3151.6	1	0
3151.7	1	0
3151.8	1	0
3151.9	1	0
3152	1	0
3152.1	1	0
3152.2	1	0
3152.3	1	0
3152.4	1	0
3152.5	1	0
3152.6	1	0
3152.7	1	0
3152.8	1	0
3152.9	1	0
3153	1	0
3153.1	1	0
3153.2	1	0
3153.3	1	0
3153.4	1	0
3153.5	1	0
3153.6	1	0
3153.7	1	0
3153.8	1	0
3153.9	1	0
3154	1	0
3154.1	1	0
3154.2	1	0
3154.3	1	0
3154.4	1	0
3154.5	1	0
3154.6	1	0
3154.7	1	0
3154.8	1	0
3154.9	1	0
3155	1	0
3155.1	1	0
3155.2	1	0
3155.3	1	0
3155.4	1	0
3155.5	1	0
3155.6	1	0
3155.7	1	0
3155.8	1	0
3155.9	1	0
3156	1	0
3156.1	1	0
3156.2	1	0
3156.3	1	0
3156.4	1	0
3156.5	1	0
3156.6	1	0
3156.7	1	0
3156.8	1	0
3156.9	1	0
3157	1	0
3157.1	1	0
3157.2	1	0
3157.3	1	0
3157.4	1	0
3157.5	1	0
3157.6	1	0
3157.7	1	0
3157.8	1	0
3157.9	1	0
3158	1	0
3158.1	1	0
3158.2	1	0
3158.3	1	0
3158.4	1	0
3158.5	1	0
3158.6	1	0
3158.7	1	0
3158.8	1	0
3158.9	1	0
3159	1	0
3159.1	1	0
3159.2	1	0
3159.3	1	0
3159.4	1	0
3159.5	1	0
3159.6	1	0
3159.7	1	0
3159.8	1	0
3159.9	1	0
3160	1	0
3160.1	1	0
3160.2	1	0
3160.3	1	0
3160.4	1	0
3160.5	1	0
3160.6	1	0
3160.7	1	0
3160.8	1	0
3160.9	1	0
3161	1	0
3161.1	1	0
3161.2	1	0
3161.3	1	0
3161.4	1	0
3161.5	1	0
3161.6	1	0
3161.7	1	0
3161.8	1	0
3161.9	1	0
3162	1	0
3162.1	1	0
3162.2	1	0
3162.3	1	0
3162.4	1	0
3162.5	1	0
3162.6	1	0
3162.7	1	0
3162.8	1	0
3162.9	1	0
3163	1	0
3163.1	1	0
3163.2	1	0
3163.3	1	0
3163.4	1	0
3163.5	1	0
3163.6	1	0
3163.7	1	0
3163.8	1	0
3163.9	1	0
3164	1	0
3164.1	1	0
3164.2	1	0
3164.3	1	0
3164.4	1	0
3164.5	1	0
3164.6	1	0
3164.7	1	0
3164.8	1	0
3164.9	1	0
3165	1	0
3165.1	1	0
3165.2	1	0
3165.3	1	0
3165.4	1	0
3165.5	1	0
3165.6	1	0
3165.7	1	0
3165.8	1	0
3165.9	1	0
3166	1	0
3166.1	1	0
3166.2	1	0
3166.3	1	0
3166.4	1	0
3166.5	1	0
3166.6	1	0
3166.7	1	0
3166.8	1	0
3166.9	1	0
3167	1	0
3167.1	1	0
3167.2	1	0
3167.3	1	0
3167.4	1	0
3167.5	1	0
3167.6	1	0
3167.7	1	0
3167.8	1	0
3167.9	1	0
3168	1	0
3168.1	1	0
3168.2	1	0
3168.3	1	0
3168.4	1	0
3168.5	1	0
3168.6	1	0
3168.7	1	0
3168.8	1	0
3168.9	1	0
3169	1	0
3169.1	1	0
3169.2	1	0
3169.3	1	0
3169.4	1	0
3169.5	1	0
3169.6	1	0
3169.7	1	0
3169.8	1	0
3169.9	1	0
3170	1	0
3170.1	1	0
3170.2	1	0
3170.3	1	0
3170.4	1	0
3170.5	1	0
3170.6	1	0
3170.7	1	0
3170.8	1	0
3170.9	1	0
3171	1	0
3171.1	1	0
3171.2	1	0
3171.3	1	0
3171.4	1	0
3171.5	1	0
3171.6	1	0
3171.7	1	0
3171.8	1	0
3171.9	1	0
3172	1	0
3172.1	1	0
3172.2	1	0
3172.3	1	0
3172.4	1	0
3172.5	1	0
3172.6	1	0
3172.7	1	0
3172.8	1	0
3172.9	1	0
3173	1	0
3173.1	1	0
3173.2	1	0
3173.3	1	0
3173.4	1	0
3173.5	1	0
3173.6	1	0
3173.7	1	0
3173.8	1	0
3173.9	1	0
3174	1	0
3174.1	1	0
3174.2	1	0
3174.3	1	0
3174.4	1	0
3174.5	1	0
3174.6	1	0
3174.7	1	0
3174.8	1	0
3174.9	1	0
3175	1	0
3175.1	1	0
3175.2	1	0
3175.3	1	0
3175.4	1	0
3175.5	1	0
3175.6	1	0
3175.7	1	0
3175.8	1	0
3175.9	1	0
3176	1	0
3176.1	1	0
3176.2	1	0
3176.3	1	0
3176.4	1	0
3176.5	1	0
3176.6	1	0
3176.7	1	0
3176.8	1	0
3176.9	1	0
3177	1	0
3177.1	1	0
3177.2	1	0
3177.3	1	0
3177.4	1	0
3177.5	1	0
3177.6	1	0
3177.7	1	0
3177.8	1	0
3177.9	1	0
3178	1	0
3178.1	1	0
3178.2	1	0
3178.3	1	0
3178.4	1	0
3178.5	1	0
3178.6	1	0
3178.7	1	0
3178.8	1	0
3178.9	1	0
3179	1	0
3179.1	1	0
3179.2	1	0
3179.3	1	0
3179.4	1	0
3179.5	1	0
3179.6	1	0
3179.7	1	0
3179.8	1	0
3179.9	1	0
3180	1	0
3180.1	1	0
3180.2	1	0
3180.3	1	0
3180.4	1	0
3180.5	1	0
3180.6	1	0
3180.7	1	0
3180.8	1	0
3180.9	1	0
3181	1	0
3181.1	1	0
3181.2	1	0
3181.3	1	0
3181.4	1	0
3181.5	1	0
3181.6	1	0
3181.7	1	0
3181.8	1	0
3181.9	1	0
3182	1	0
3182.1	1	0
3182.2	1	0
3182.3	1	0
3182.4	1	0
3182.5	1	0
3182.6	1	0
3182.7	1	0
3182.8	1	0
3182.9	1	0
3183	1	0
3183.1	1	0
3183.2	1	0
3183.3	1	0
3183.4	1	0
3183.5	1	0
3183.6	1	0
3183.7	1	0
3183.8	1	0
3183.9	1	0
3184	1	0
3184.1	1	0
3184.2	1	0
3184.3	1	0
3184.4	1	0
3184.5	1	0
3184.6	1	0
3184.7	1	0
3184.8	1	0
3184.9	1	0
3185	1	0
3185.1	1	0
3185.2	1	0
3185.3	1	0
3185.4	1	0
3185.5	1	0
3185.6	1	0
3185.7	1	0
3185.8	1	0
3185.9	1	0
3186	1	0
3186.1	1	0
3186.2	1	0
3186.3	1	0
3186.4	1	0
3186.5	1	0
3186.6	1	0
3186.7	1	0
3186.8	1	0
3186.9	1	0
3187	1	0
3187.1	1	0
3187.2	1	0
3187.3	1	0
3187.4	1	0
3187.5	1	0
3187.6	1	0
3187.7	1	0
3187.8	1	0
3187.9	1	0
3188	1	0
3188.1	1	0
3188.2	1	0
3188.3	1	0
3188.4	1	0
3188.5	1	0
3188.6	1	0
3188.7	1	0
3188.8	1	0
3188.9	1	0
3189	1	0
3189.1	1	0
3189.2	1	0
3189.3	1	0
3189.4	1	0
3189.5	1	0
3189.6	1	0
3189.7	1	0
3189.8	1	0
3189.9	1	0
3190	1	0
3190.1	1	0
3190.2	1	0
3190.3	1	0
3190.4	1	0
3190.5	1	0
3190.6	1	0
3190.7	1	0
3190.8	1	0
3190.9	1	0
3191	1	0
3191.1	1	0
3191.2	1	0
3191.3	1	0
3191.4	1	0
3191.5	1	0
3191.6	1	0
3191.7	1	0
3191.8	1	0
3191.9	1	0
3192	1	0
3192.1	1	0
3192.2	1	0
3192.3	1	0
3192.4	1	0
3192.5	1	0
3192.6	1	0
3192.7	1	0
3192.8	1	0
3192.9	1	0
3193	1	0
3193.1	1	0
3193.2	1	0
3193.3	1	0
3193.4	1	0
3193.5	1	0
3193.6	1	0
3193.7	1	0
3193.8	1	0
3193.9	1	0
3194	1	0
3194.1	1	0
3194.2	1	0
3194.3	1	0
3194.4	1	0
3194.5	1	0
3194.6	1	0
3194.7	1	0
3194.8	1	0
3194.9	1	0
3195	1	0
3195.1	1	0
3195.2	1	0
3195.3	1	0
3195.4	1	0
3195.5	1	0
3195.6	1	0
3195.7	1	0
3195.8	1	0
3195.9	1	0
3196	1	0
3196.1	1	0
3196.2	1	0
3196.3	1	0
3196.4	1	0
3196.5	1	0
3196.6	1	0
3196.7	1	0
3196.8	1	0
3196.9	1	0
3197	1	0
3197.1	1	0
3197.2	1	0
3197.3	1	0
3197.4	1	0
3197.5	1	0
3197.6	1	0
3197.7	1	0
3197.8	1	0
3197.9	1	0
3198	1	0
3198.1	1	0
3198.2	1	0
3198.3	1	0
3198.4	1	0
3198.5	1	0
3198.6	1	0
3198.7	1	0
3198.8	1	0
3198.9	1	0
3199	1	0
3199.1	1	0
3199.2	1	0
3199.3	1	0
3199.4	1	0
3199.5	1	0
3199.6	1	0
3199.7	1	0
3199.8	1	0
3199.9	1	0
3200	1	0
3200.1	1	0
3200.2	1	0
3200.3	1	0
3200.4	1	0
3200.5	1	0
3200.6	1	0
3200.7	1	0
3200.8	1	0
3200.9	1	0
3201	1	0
3201.1	1	0
3201.2	1	0
3201.3	1	0
3201.4	1	0
3201.5	1	0
3201.6	1	0
3201.7	1	0
3201.8	1	0
3201.9	1	0
3202	1	0
3202.1	1	0
3202.2	1	0
3202.3	1	0
3202.4	1	0
3202.5	1	0
3202.6	1	0
3202.7	1	0
3202.8	1	0
3202.9	1	0
3203	1	0
3203.1	1	0
3203.2	1	0
3203.3	1	0
3203.4	1	0
3203.5	1	0
3203.6	1	0
3203.7	1	0
3203.8	1	0
3203.9	1	0
3204	1	0
3204.1	1	0
3204.2	1	0
3204.3	1	0
3204.4	1	0
3204.5	1	0
3204.6	1	0
3204.7	1	0
3204.8	1	0
3204.9	1	0
3205	1	0
3205.1	1	0
3205.2	1	0
3205.3	1	0
3205.4	1	0
3205.5	1	0
3205.6	1	0
3205.7	1	0
3205.8	1	0
3205.9	1	0
3206	1	0
3206.1	1	0
3206.2	1	0
3206.3	1	0
3206.4	1	0
3206.5	1	0
3206.6	1	0
3206.7	1	0
3206.8	1	0
3206.9	1	0
3207	1	0
3207.1	1	0
3207.2	1	0
3207.3	1	0
3207.4	1	0
3207.5	1	0
3207.6	1	0
3207.7	1	0
3207.8	1	0
3207.9	1	0
3208	1	0
3208.1	1	0
3208.2	1	0
3208.3	1	0
3208.4	1	0
3208.5	1	0
3208.6	1	0
3208.7	1	0
3208.8	1	0
3208.9	1	0
3209	1	0
3209.1	1	0
3209.2	1	0
3209.3	1	0
3209.4	1	0
3209.5	1	0
3209.6	1	0
3209.7	1	0
3209.8	1	0
3209.9	1	0
3210	1	0
3210.1	1	0
3210.2	1	0
3210.3	1	0
3210.4	1	0
3210.5	1	0
3210.6	1	0
3210.7	1	0
3210.8	1	0
3210.9	1	0
3211	1	0
3211.1	1	0
3211.2	1	0
3211.3	1	0
3211.4	1	0
3211.5	1	0
3211.6	1	0
3211.7	1	0
3211.8	1	0
3211.9	1	0
3212	1	0
3212.1	1	0
3212.2	1	0
3212.3	1	0
3212.4	1	0
3212.5	1	0
3212.6	1	0
3212.7	1	0
3212.8	1	0
3212.9	1	0
3213	1	0
3213.1	1	0
3213.2	1	0
3213.3	1	0
3213.4	1	0
3213.5	1	0
3213.6	1	0
3213.7	1	0
3213.8	1	0
3213.9	1	0
3214	1	0
3214.1	1	0
3214.2	1	0
3214.3	1	0
3214.4	1	0
3214.5	1	0
3214.6	1	0
3214.7	1	0
3214.8	1	0
3214.9	1	0
3215	1	0
3215.1	1	0
3215.2	1	0
3215.3	1	0
3215.4	1	0
3215.5	1	0
3215.6	1	0
3215.7	1	0
3215.8	1	0
3215.9	1	0
3216	1	0
3216.1	1	0
3216.2	1	0
3216.3	1	0
3216.4	1	0
3216.5	1	0
3216.6	1	0
3216.7	1	0
3216.8	1	0
3216.9	1	0
3217	1	0
3217.1	1	0
3217.2	1	0
3217.3	1	0
3217.4	1	0
3217.5	1	0
3217.6	1	0
3217.7	1	0
3217.8	1	0
3217.9	1	0
3218	1	0
3218.1	1	0
3218.2	1	0
3218.3	1	0
3218.4	1	0
3218.5	1	0
3218.6	1	0
3218.7	1	0
3218.8	1	0
3218.9	1	0
3219	1	0
3219.1	1	0
3219.2	1	0
3219.3	1	0
3219.4	1	0
3219.5	1	0
3219.6	1	0
3219.7	1	0
3219.8	1	0
3219.9	1	0
3220	1	0
3220.1	1	0
3220.2	1	0
3220.3	1	0
3220.4	1	0
3220.5	1	0
3220.6	1	0
3220.7	1	0
3220.8	1	0
3220.9	1	0
3221	1	0
3221.1	1	0
3221.2	1	0
3221.3	1	0
3221.4	1	0
3221.5	1	0
3221.6	1	0
3221.7	1	0
3221.8	1	0
3221.9	1	0
3222	1	0
3222.1	1	0
3222.2	1	0
3222.3	1	0
3222.4	1	0
3222.5	1	0
3222.6	1	0
3222.7	1	0
3222.8	1	0
3222.9	1	0
3223	1	0
3223.1	1	0
3223.2	1	0
3223.3	1	0
3223.4	1	0
3223.5	1	0
3223.6	1	0
3223.7	1	0
3223.8	1	0
3223.9	1	0
3224	1	0
3224.1	1	0
3224.2	1	0
3224.3	1	0
3224.4	1	0
3224.5	1	0
3224.6	1	0
3224.7	1	0
3224.8	1	0
3224.9	1	0
3225	1	0
3225.1	1	0
3225.2	1	0
3225.3	1	0
3225.4	1	0
3225.5	1	0
3225.6	1	0
3225.7	1	0
3225.8	1	0
3225.9	1	0
3226	1	0
3226.1	1	0
3226.2	1	0
3226.3	1	0
3226.4	1	0
3226.5	1	0
3226.6	1	0
3226.7	1	0
3226.8	1	0
3226.9	1	0
3227	1	0
3227.1	1	0
3227.2	1	0
3227.3	1	0
3227.4	1	0
3227.5	1	0
3227.6	1	0
3227.7	1	0
3227.8	1	0
3227.9	1	0
3228	1	0
3228.1	1	0
3228.2	1	0
3228.3	1	0
3228.4	1	0
3228.5	1	0
3228.6	1	0
3228.7	1	0
3228.8	1	0
3228.9	1	0
3229	1	0
3229.1	1	0
3229.2	1	0
3229.3	1	0
3229.4	1	0
3229.5	1	0
3229.6	1	0
3229.7	1	0
3229.8	1	0
3229.9	1	0
3230	1	0
3230.1	1	0
3230.2	1	0
3230.3	1	0
3230.4	1	0
3230.5	1	0
3230.6	1	0
3230.7	1	0
3230.8	1	0
3230.9	1	0
3231	1	0
3231.1	1	0
3231.2	1	0
3231.3	1	0
3231.4	1	0
3231.5	1	0
3231.6	1	0
3231.7	1	0
3231.8	1	0
3231.9	1	0
3232	1	0
3232.1	1	0
3232.2	1	0
3232.3	1	0
3232.4	1	0
3232.5	1	0
3232.6	1	0
3232.7	1	0
3232.8	1	0
3232.9	1	0
3233	1	0
3233.1	1	0
3233.2	1	0
3233.3	1	0
3233.4	1	0
3233.5	1	0
3233.6	1	0
3233.7	1	0
3233.8	1	0
3233.9	1	0
3234	1	0
3234.1	1	0
3234.2	1	0
3234.3	1	0
3234.4	1	0
3234.5	1	0
3234.6	1	0
3234.7	1	0
3234.8	1	0
3234.9	1	0
3235	1	0
3235.1	1	0
3235.2	1	0
3235.3	1	0
3235.4	1	0
3235.5	1	0
3235.6	1	0
3235.7	1	0
3235.8	1	0
3235.9	1	0
3236	1	0
3236.1	1	0
3236.2	1	0
3236.3	1	0
3236.4	1	0
3236.5	1	0
3236.6	1	0
3236.7	1	0
3236.8	1	0
3236.9	1	0
3237	1	0
3237.1	1	0
3237.2	1	0
3237.3	1	0
3237.4	1	0
3237.5	1	0
3237.6	1	0
3237.7	1	0
3237.8	1	0
3237.9	1	0
3238	1	0
3238.1	1	0
3238.2	1	0
3238.3	1	0
3238.4	1	0
3238.5	1	0
3238.6	1	0
3238.7	1	0
3238.8	1	0
3238.9	1	0
3239	1	0
3239.1	1	0
3239.2	1	0
3239.3	1	0
3239.4	1	0
3239.5	1	0
3239.6	1	0
3239.7	1	0
3239.8	1	0
3239.9	1	0
3240	1	0
3240.1	1	0
3240.2	1	0
3240.3	1	0
3240.4	1	0
3240.5	1	0
3240.6	1	0
3240.7	1	0
3240.8	1	0
3240.9	1	0
3241	1	0
3241.1	1	0
3241.2	1	0
3241.3	1	0
3241.4	1	0
3241.5	1	0
3241.6	1	0
3241.7	1	0
3241.8	1	0
3241.9	1	0
3242	1	0
3242.1	1	0
3242.2	1	0
3242.3	1	0
3242.4	1	0
3242.5	1	0
3242.6	1	0
3242.7	1	0
3242.8	1	0
3242.9	1	0
3243	1	0
3243.1	1	0
3243.2	1	0
3243.3	1	0
3243.4	1	0
3243.5	1	0
3243.6	1	0
3243.7	1	0
3243.8	1	0
3243.9	1	0
3244	1	0
3244.1	1	0
3244.2	1	0
3244.3	1	0
3244.4	1	0
3244.5	1	0
3244.6	1	0
3244.7	1	0
3244.8	1	0
3244.9	1	0
3245	1	0
3245.1	1	0
3245.2	1	0
3245.3	1	0
3245.4	1	0
3245.5	1	0
3245.6	1	0
3245.7	1	0
3245.8	1	0
3245.9	1	0
3246	1	0
3246.1	1	0
3246.2	1	0
3246.3	1	0
3246.4	1	0
3246.5	1	0
3246.6	1	0
3246.7	1	0
3246.8	1	0
3246.9	1	0
3247	1	0
3247.1	1	0
3247.2	1	0
3247.3	1	0
3247.4	1	0
3247.5	1	0
3247.6	1	0
3247.7	1	0
3247.8	1	0
3247.9	1	0
3248	1	0
3248.1	1	0
3248.2	1	0
3248.3	1	0
3248.4	1	0
3248.5	1	0
3248.6	1	0
3248.7	1	0
3248.8	1	0
3248.9	1	0
3249	1	0
3249.1	1	0
3249.2	1	0
3249.3	1	0
3249.4	1	0
3249.5	1	0
3249.6	1	0
3249.7	1	0
3249.8	1	0
3249.9	1	0
3250	1	0
3250.1	1	0
3250.2	1	0
3250.3	1	0
3250.4	1	0
3250.5	1	0
3250.6	1	0
3250.7	1	0
3250.8	1	0
3250.9	1	0
3251	1	0
3251.1	1	0
3251.2	1	0
3251.3	1	0
3251.4	1	0
3251.5	1	0
3251.6	1	0
3251.7	1	0
3251.8	1	0
3251.9	1	0
3252	1	0
3252.1	1	0
3252.2	1	0
3252.3	1	0
3252.4	1	0
3252.5	1	0
3252.6	1	0
3252.7	1	0
3252.8	1	0
3252.9	1	0
3253	1	0
3253.1	1	0
3253.2	1	0
3253.3	1	0
3253.4	1	0
3253.5	1	0
3253.6	1	0
3253.7	1	0
3253.8	1	0
3253.9	1	0
3254	1	0
3254.1	1	0
3254.2	1	0
3254.3	1	0
3254.4	1	0
3254.5	1	0
3254.6	1	0
3254.7	1	0
3254.8	1	0
3254.9	1	0
3255	1	0
3255.1	1	0
3255.2	1	0
3255.3	1	0
3255.4	1	0
3255.5	1	0
3255.6	1	0
3255.7	1	0
3255.8	1	0
3255.9	1	0
3256	1	0
3256.1	1	0
3256.2	1	0
3256.3	1	0
3256.4	1	0
3256.5	1	0
3256.6	1	0
3256.7	1	0
3256.8	1	0
3256.9	1	0
3257	1	0
3257.1	1	0
3257.2	1	0
3257.3	1	0
3257.4	1	0
3257.5	1	0
3257.6	1	0
3257.7	1	0
3257.8	1	0
3257.9	1	0
3258	1	0
3258.1	1	0
3258.2	1	0
3258.3	1	0
3258.4	1	0
3258.5	1	0
3258.6	1	0
3258.7	1	0
3258.8	1	0
3258.9	1	0
3259	1	0
3259.1	1	0
3259.2	1	0
3259.3	1	0
3259.4	1	0
3259.5	1	0
3259.6	1	0
3259.7	1	0
3259.8	1	0
3259.9	1	0
3260	1	0
3260.1	1	0
3260.2	1	0
3260.3	1	0
3260.4	1	0
3260.5	1	0
3260.6	1	0
3260.7	1	0
3260.8	1	0
3260.9	1	0
3261	1	0
3261.1	1	0
3261.2	1	0
3261.3	1	0
3261.4	1	0
3261.5	1	0
3261.6	1	0
3261.7	1	0
3261.8	1	0
3261.9	1	0
3262	1	0
3262.1	1	0
3262.2	1	0
3262.3	1	0
3262.4	1	0
3262.5	1	0
3262.6	1	0
3262.7	1	0
3262.8	1	0
3262.9	1	0
3263	1	0
3263.1	1	0
3263.2	1	0
3263.3	1	0
3263.4	1	0
3263.5	1	0
3263.6	1	0
3263.7	1	0
3263.8	1	0
3263.9	1	0
3264	1	0
3264.1	1	0
3264.2	1	0
3264.3	1	0
3264.4	1	0
3264.5	1	0
3264.6	1	0
3264.7	1	0
3264.8	1	0
3264.9	1	0
3265	1	0
3265.1	1	0
3265.2	1	0
3265.3	1	0
3265.4	1	0
3265.5	1	0
3265.6	1	0
3265.7	1	0
3265.8	1	0
3265.9	1	0
3266	1	0
3266.1	1	0
3266.2	1	0
3266.3	1	0
3266.4	1	0
3266.5	1	0
3266.6	1	0
3266.7	1	0
3266.8	1	0
3266.9	1	0
3267	1	0
3267.1	1	0
3267.2	1	0
3267.3	1	0
3267.4	1	0
3267.5	1	0
3267.6	1	0
3267.7	1	0
3267.8	1	0
3267.9	1	0
3268	1	0
3268.1	1	0
3268.2	1	0
3268.3	1	0
3268.4	1	0
3268.5	1	0
3268.6	1	0
3268.7	1	0
3268.8	1	0
3268.9	1	0
3269	1	0
3269.1	1	0
3269.2	1	0
3269.3	1	0
3269.4	1	0
3269.5	1	0
3269.6	1	0
3269.7	1	0
3269.8	1	0
3269.9	1	0
3270	1	0
3270.1	1	0
3270.2	1	0
3270.3	1	0
3270.4	1	0
3270.5	1	0
3270.6	1	0
3270.7	1	0
3270.8	1	0
3270.9	1	0
3271	1	0
3271.1	1	0
3271.2	1	0
3271.3	1	0
3271.4	1	0
3271.5	1	0
3271.6	1	0
3271.7	1	0
3271.8	1	0
3271.9	1	0
3272	1	0
3272.1	1	0
3272.2	1	0
3272.3	1	0
3272.4	1	0
3272.5	1	0
3272.6	1	0
3272.7	1	0
3272.8	1	0
3272.9	1	0
3273	1	0
3273.1	1	0
3273.2	1	0
3273.3	1	0
3273.4	1	0
3273.5	1	0
3273.6	1	0
3273.7	1	0
3273.8	1	0
3273.9	1	0
3274	1	0
3274.1	1	0
3274.2	1	0
3274.3	1	0
3274.4	1	0
3274.5	1	0
3274.6	1	0
3274.7	1	0
3274.8	1	0
3274.9	1	0
3275	1	0
3275.1	1	0
3275.2	1	0
3275.3	1	0
3275.4	1	0
3275.5	1	0
3275.6	1	0
3275.7	1	0
3275.8	1	0
3275.9	1	0
3276	1	0
3276.1	1	0
3276.2	1	0
3276.3	1	0
3276.4	1	0
3276.5	1	0
3276.6	1	0
3276.7	1	0
3276.8	1	0
3276.9	1	0
3277	1	0
3277.1	1	0
3277.2	1	0
3277.3	1	0
3277.4	1	0
3277.5	1	0
3277.6	1	0
3277.7	1	0
3277.8	1	0
3277.9	1	0
3278	1	0
3278.1	1	0
3278.2	1	0
3278.3	1	0
3278.4	1	0
3278.5	1	0
3278.6	1	0
3278.7	1	0
3278.8	1	0
3278.9	1	0
3279	1	0
3279.1	1	0
3279.2	1	0
3279.3	1	0
3279.4	1	0
3279.5	1	0
3279.6	1	0
3279.7	1	0
3279.8	1	0
3279.9	1	0
3280	1	0
3280.1	1	0
3280.2	1	0
3280.3	1	0
3280.4	1	0
3280.5	1	0
3280.6	1	0
3280.7	1	0
3280.8	1	0
3280.9	1	0
3281	1	0
3281.1	1	0
3281.2	1	0
3281.3	1	0
3281.4	1	0
3281.5	1	0
3281.6	1	0
3281.7	1	0
3281.8	1	0
3281.9	1	0
3282	1	0
3282.1	1	0
3282.2	1	0
3282.3	1	0
3282.4	1	0
3282.5	1	0
3282.6	1	0
3282.7	1	0
3282.8	1	0
3282.9	1	0
3283	1	0
3283.1	1	0
3283.2	1	0
3283.3	1	0
3283.4	1	0
3283.5	1	0
3283.6	1	0
3283.7	1	0
3283.8	1	0
3283.9	1	0
3284	1	0
3284.1	1	0
3284.2	1	0
3284.3	1	0
3284.4	1	0
3284.5	1	0
3284.6	1	0
3284.7	1	0
3284.8	1	0
3284.9	1	0
3285	1	0
3285.1	1	0
3285.2	1	0
3285.3	1	0
3285.4	1	0
3285.5	1	0
3285.6	1	0
3285.7	1	0
3285.8	1	0
3285.9	1	0
3286	1	0
3286.1	1	0
3286.2	1	0
3286.3	1	0
3286.4	1	0
3286.5	1	0
3286.6	1	0
3286.7	1	0
3286.8	1	0
3286.9	1	0
3287	1	0
3287.1	1	0
3287.2	1	0
3287.3	1	0
3287.4	1	0
3287.5	1	0
