3000	0.932633	0.185685
3000.1	0.934663	0.180363
3000.2	0.937413	0.177846
3000.3	0.941733	0.169084
3000.4	0.945251	0.162075
3000.5	0.946439	0.160995
3000.6	0.945853	0.162671
3000.7	0.943407	0.167598
3000.8	0.939633	0.172254
3000.9	0.937572	0.17931
3001	0.938511	0.177853
3001.1	0.941992	0.169487
3001.2	0.946007	0.160961
3001.3	0.948058	0.156638
3001.4	0.947773	0.158532
3001.5	0.947492	0.159533
3001.6	0.94756	0.159766
3001.7	0.947383	0.158653
3001.8	0.947185	0.159367
3001.9	0.945879	0.162741
3002	0.94315	0.168443
3002.1	0.94158	0.174303
3002.2	0.941995	0.173166
3002.3	0.941758	0.170673
3002.4	0.941841	0.167376
3002.5	0.943146	0.166173
3002.6	0.945822	0.15976
3002.7	0.947357	0.158558
3002.8	0.948068	0.159821
3002.9	0.948357	0.159518
3003	0.947958	0.162639
3003.1	0.948622	0.158595
3003.2	0.948495	0.158746
3003.3	0.947408	0.159772
3003.4	0.945177	0.16429
3003.5	0.941902	0.174591
3003.6	0.939238	0.179386
3003.7	0.937196	0.181181
3003.8	0.935885	0.182513
3003.9	0.936131	0.180287
3004	0.936973	0.180237
3004.1	0.936234	0.182797
3004.2	0.934625	0.190449
3004.3	0.934659	0.191352
3004.4	0.936338	0.187699
3004.5	0.939135	0.180618
3004.6	0.938935	0.180573
3004.7	0.936434	0.183233
3004.8	0.935897	0.180197
3004.9	0.93584	0.179504
3005	0.934915	0.185622
3005.1	0.934051	0.190048
3005.2	0.933576	0.18872
3005.3	0.932468	0.188136
3005.4	0.932356	0.186222
3005.5	0.933103	0.185453
3005.6	0.934794	0.183697
3005.7	0.936922	0.178742
3005.8	0.938585	0.174276
3005.9	0.938184	0.175667
3006	0.936337	0.181877
3006.1	0.934104	0.187864
3006.2	0.931517	0.19283
3006.3	0.930637	0.19109
3006.4	0.930964	0.189255
3006.5	0.930644	0.192639
3006.6	0.931371	0.191695
3006.7	0.933655	0.184217
3006.8	0.936017	0.176366
3006.9	0.939346	0.168453
3007	0.942047	0.161182
3007.1	0.946061	0.152146
3007.2	0.948317	0.14795
3007.3	0.948242	0.147421
3007.4	0.947221	0.150958
3007.5	0.945852	0.155504
3007.6	0.944693	0.161693
3007.7	0.943625	0.167257
3007.8	0.941866	0.173051
3007.9	0.938467	0.180006
3008	0.935516	0.18403
3008.1	0.935255	0.182015
3008.2	0.936588	0.181569
3008.3	0.938142	0.177388
3008.4	0.939529	0.172752
3008.5	0.941543	0.166944
3008.6	0.943256	0.163283
3008.7	0.943967	0.164128
3008.8	0.945137	0.162705
3008.9	0.947434	0.157087
3009	0.948824	0.155338
3009.1	0.947735	0.159889
3009.2	0.94533	0.165863
3009.3	0.944102	0.168147
3009.4	0.943616	0.168324
3009.5	0.942936	0.173251
3009.6	0.94257	0.172755
3009.7	0.941374	0.169726
3009.8	0.939187	0.175121
3009.9	0.936832	0.181706
3010	0.933623	0.188111
3010.1	0.931427	0.192825
3010.2	0.931	0.193138
3010.3	0.931659	0.191109
3010.4	0.933148	0.187857
3010.5	0.937858	0.173957
3010.6	0.942333	0.163381
3010.7	0.944479	0.159839
3010.8	0.943241	0.166876
3010.9	0.941977	0.171331
3011	0.941252	0.171914
3011.1	0.939915	0.175363
3011.2	0.937935	0.180327
3011.3	0.9371	0.184263
3011.4	0.936916	0.184959
3011.5	0.935402	0.188588
3011.6	0.933057	0.193613
3011.7	0.932687	0.194429
3011.8	0.934522	0.192119
3011.9	0.936902	0.186534
3012	0.936852	0.186961
3012.1	0.936618	0.18776
3012.2	0.937307	0.186818
3012.3	0.938327	0.183968
3012.4	0.939182	0.182042
3012.5	0.93982	0.177498
3012.6	0.939963	0.174749
3012.7	0.939655	0.174546
3012.8	0.939364	0.175952
3012.9	0.938278	0.176395
3013	0.937426	0.176601
3013.1	0.93761	0.178013
3013.2	0.93927	0.176013
3013.3	0.941043	0.170336
3013.4	0.9411	0.170676
3013.5	0.938545	0.179142
3013.6	0.934876	0.187251
3013.7	0.93262	0.194534
3013.8	0.931982	0.198876
3013.9	0.932585	0.195748
3014	0.93389	0.188906
3014.1	0.933066	0.187616
3014.2	0.929829	0.195676
3014.3	0.929375	0.199687
3014.4	0.930357	0.197215
3014.5	0.933463	0.190655
3014.6	0.937149	0.184856
3014.7	0.938391	0.185134
3014.8	0.939299	0.184297
3014.9	0.939861	0.180497
3015	0.938479	0.183201
3015.1	0.938549	0.183418
3015.2	0.939414	0.181603
3015.3	0.93984	0.183371
3015.4	0.941065	0.183588
3015.5	0.942898	0.179066
3015.6	0.944566	0.173297
3015.7	0.946104	0.167336
3015.8	0.947403	0.155999
3015.9	0.947554	0.153014
3016	0.948016	0.149728
3016.1	0.947837	0.152983
3016.2	0.948034	0.155195
3016.3	0.947642	0.153847
3016.4	0.946059	0.155171
3016.5	0.944954	0.157496
3016.6	0.942211	0.166243
3016.7	0.940405	0.172004
3016.8	0.938538	0.175447
3016.9	0.936068	0.181493
3017	0.934822	0.184987
3017.1	0.935445	0.185219
3017.2	0.935977	0.184626
3017.3	0.935967	0.181647
3017.4	0.936634	0.178647
3017.5	0.93871	0.171413
3017.6	0.938521	0.172028
3017.7	0.935984	0.180466
3017.8	0.933204	0.189432
3017.9	0.931365	0.196274
3018	0.929633	0.198688
3018.1	0.92696	0.200525
3018.2	0.924994	0.200116
3018.3	0.925307	0.197914
3018.4	0.926168	0.196559
3018.5	0.927235	0.194111
3018.6	0.928503	0.193052
3018.7	0.929944	0.193013
3018.8	0.929714	0.196629
3018.9	0.928347	0.199845
3019	0.92649	0.201668
3019.1	0.926909	0.200351
3019.2	0.930254	0.194653
3019.3	0.932187	0.193645
3019.4	0.932013	0.195279
3019.5	0.930017	0.200113
3019.6	0.92953	0.199015
3019.7	0.929746	0.197369
3019.8	0.931616	0.194757
3019.9	0.933233	0.192774
3020	0.933688	0.190482
3020.1	0.932696	0.192386
3020.2	0.930677	0.195896
3020.3	0.930482	0.19679
3020.4	0.931443	0.193936
3020.5	0.932587	0.192295
3020.6	0.935052	0.185837
3020.7	0.938908	0.174142
3020.8	0.942358	0.166214
3020.9	0.94319	0.164288
3021	0.942844	0.164249
3021.1	0.942814	0.16819
3021.2	0.942919	0.16613
3021.3	0.941535	0.171413
3021.4	0.940424	0.173202
3021.5	0.940347	0.173673
3021.6	0.94057	0.175848
3021.7	0.939945	0.17913
3021.8	0.94001	0.176701
3021.9	0.939006	0.176924
3022	0.937347	0.177023
3022.1	0.93473	0.180236
3022.2	0.930017	0.187884
3022.3	0.927629	0.190179
3022.4	0.926556	0.193955
3022.5	0.92561	0.202018
3022.6	0.926935	0.203773
3022.7	0.930087	0.19925
3022.8	0.933142	0.19221
3022.9	0.935755	0.184279
3023	0.93639	0.18297
3023.1	0.935206	0.186799
3023.2	0.934072	0.18898
3023.3	0.934037	0.186661
3023.4	0.934768	0.180375
3023.5	0.935584	0.177923
3023.6	0.935099	0.179919
3023.7	0.933632	0.181153
3023.8	0.932047	0.181835
3023.9	0.930835	0.183026
3024	0.931644	0.18102
3024.1	0.934963	0.172541
3024.2	0.93733	0.171502
3024.3	0.937961	0.174964
3024.4	0.938174	0.178376
3024.5	0.937405	0.179899
3024.6	0.935746	0.182045
3024.7	0.936145	0.182143
3024.8	0.937199	0.182832
3024.9	0.937798	0.184103
3025	0.937551	0.182019
3025.1	0.937343	0.17996
3025.2	0.937656	0.180674
3025.3	0.938643	0.178424
3025.4	0.938783	0.180046
3025.5	0.937132	0.185458
3025.6	0.935872	0.188235
3025.7	0.937067	0.184222
3025.8	0.936995	0.181859
3025.9	0.93579	0.182269
3026	0.934566	0.184106
3026.1	0.935483	0.18034
3026.2	0.937611	0.175712
3026.3	0.935455	0.182406
3026.4	0.932379	0.190476
3026.5	0.930988	0.190385
3026.6	0.933728	0.182832
3026.7	0.936034	0.179874
3026.8	0.936896	0.177076
3026.9	0.93859	0.169493
3027	0.938796	0.169398
3027.1	0.935675	0.178074
3027.2	0.93344	0.185108
3027.3	0.933125	0.186636
3027.4	0.934461	0.184679
3027.5	0.935672	0.181813
3027.6	0.937554	0.176688
3027.7	0.939207	0.173263
3027.8	0.940934	0.169504
3027.9	0.940127	0.17455
3028	0.938243	0.181263
3028.1	0.936771	0.183678
3028.2	0.936215	0.182623
3028.3	0.935724	0.180772
3028.4	0.93622	0.17574
3028.5	0.934519	0.179397
3028.6	0.931196	0.189002
3028.7	0.928811	0.193434
3028.8	0.925019	0.199488
3028.9	0.92401	0.201111
3029	0.926004	0.194819
3029.1	0.92869	0.189249
3029.2	0.930696	0.186145
3029.3	0.931358	0.187219
3029.4	0.931024	0.189041
3029.5	0.932241	0.184099
3029.6	0.932098	0.185899
3029.7	0.931216	0.187673
3029.8	0.930472	0.189027
3029.9	0.929877	0.191481
3030	0.930387	0.189539
3030.1	0.932121	0.187512
3030.2	0.935005	0.184355
3030.3	0.936926	0.183436
3030.4	0.938684	0.178784
3030.5	0.94066	0.174831
3030.6	0.941101	0.173202
3030.7	0.941671	0.171098
3030.8	0.943082	0.166043
3030.9	0.942952	0.167241
3031	0.94262	0.166185
3031.1	0.94037	0.168802
3031.2	0.936593	0.177287
3031.3	0.934318	0.1864
3031.4	0.934975	0.18695
3031.5	0.93662	0.181417
3031.6	0.939237	0.174233
3031.7	0.940484	0.176362
3031.8	0.939596	0.178967
3031.9	0.938782	0.180079
3032	0.938256	0.181661
3032.1	0.938486	0.180614
3032.2	0.939971	0.178541
3032.3	0.941588	0.175152
3032.4	0.942005	0.170904
3032.5	0.94225	0.167241
3032.6	0.94186	0.167467
3032.7	0.939386	0.17325
3032.8	0.937512	0.179365
3032.9	0.93569	0.183874
3033	0.934092	0.18637
3033.1	0.934599	0.182419
3033.2	0.93685	0.17549
3033.3	0.937974	0.172965
3033.4	0.937864	0.174604
3033.5	0.937053	0.176736
3033.6	0.936127	0.177751
3033.7	0.935631	0.179778
3033.8	0.934597	0.182295
3033.9	0.933432	0.183476
3034	0.932142	0.185306
3034.1	0.931012	0.188436
3034.2	0.928793	0.194081
3034.3	0.929216	0.191942
3034.4	0.930636	0.185022
3034.5	0.931188	0.183764
3034.6	0.932679	0.183679
3034.7	0.935225	0.180438
3034.8	0.935961	0.179528
3034.9	0.934409	0.180013
3035	0.932675	0.18076
3035.1	0.932061	0.179068
3035.2	0.931805	0.180233
3035.3	0.932858	0.180279
3035.4	0.933939	0.181925
3035.5	0.934445	0.184152
3035.6	0.934513	0.18624
3035.7	0.934165	0.188356
3035.8	0.93547	0.186838
3035.9	0.938374	0.181389
3036	0.939986	0.176605
3036.1	0.941791	0.169519
3036.2	0.942932	0.1679
3036.3	0.941776	0.171699
3036.4	0.939541	0.176559
3036.5	0.938909	0.175962
3036.6	0.938446	0.174301
3036.7	0.937989	0.177919
3036.8	0.937223	0.18031
3036.9	0.93658	0.181418
3037	0.936146	0.184085
3037.1	0.936469	0.1809
3037.2	0.936554	0.178093
3037.3	0.936327	0.177976
3037.4	0.935054	0.179699
3037.5	0.931908	0.188337
3037.6	0.928429	0.198468
3037.7	0.925998	0.204274
3037.8	0.925047	0.204928
3037.9	0.926022	0.202545
3038	0.92732	0.201041
3038.1	0.92882	0.198418
3038.2	0.931127	0.193166
3038.3	0.932773	0.186812
3038.4	0.933143	0.184249
3038.5	0.932576	0.186841
3038.6	0.930823	0.192936
3038.7	0.929282	0.194513
3038.8	0.929147	0.192742
3038.9	0.929735	0.191918
3039	0.930762	0.191578
3039.1	0.933177	0.187933
3039.2	0.937057	0.18049
3039.3	0.939289	0.176319
3039.4	0.94061	0.1724
3039.5	0.939296	0.178369
3039.6	0.937686	0.18473
3039.7	0.937481	0.18369
3039.8	0.937706	0.177236
3039.9	0.937452	0.175654
3040	0.937561	0.178368
3040.1	0.936707	0.179767
3040.2	0.935883	0.177567
3040.3	0.933405	0.181279
3040.4	0.929826	0.189381
3040.5	0.928564	0.193852
3040.6	0.928837	0.193234
3040.7	0.926121	0.196287
3040.8	0.923446	0.202985
3040.9	0.922894	0.206456
3041	0.922839	0.206544
3041.1	0.922821	0.205194
3041.2	0.9231	0.204378
3041.3	0.923873	0.20219
3041.4	0.923926	0.201304
3041.5	0.924492	0.198849
3041.6	0.925791	0.195775
3041.7	0.927233	0.197438
3041.8	0.929477	0.196447
3041.9	0.932694	0.190086
3042	0.935823	0.179322
3042.1	0.937456	0.173626
3042.2	0.936408	0.180676
3042.3	0.93425	0.186609
3042.4	0.933568	0.187613
3042.5	0.932414	0.18939
3042.6	0.930254	0.193485
3042.7	0.928132	0.198574
3042.8	0.925995	0.201708
3042.9	0.926074	0.201063
3043	0.929278	0.197606
3043.1	0.931343	0.196861
3043.2	0.932641	0.191954
3043.3	0.932135	0.192061
3043.4	0.931744	0.192204
3043.5	0.931541	0.189435
3043.6	0.933988	0.182514
3043.7	0.936414	0.176145
3043.8	0.936726	0.17702
3043.9	0.937573	0.177978
3044	0.939162	0.1772
3044.1	0.940428	0.177738
3044.2	0.941096	0.176804
3044.3	0.94051	0.176151
3044.4	0.939789	0.175935
3044.5	0.939732	0.176326
3044.6	0.939645	0.176694
3044.7	0.938291	0.180121
3044.8	0.936484	0.182155
3044.9	0.935683	0.182557
3045	0.936909	0.179455
3045.1	0.937542	0.17833
3045.2	0.937158	0.179922
3045.3	0.93643	0.179901
3045.4	0.936422	0.178615
3045.5	0.935854	0.176989
3045.6	0.936631	0.175552
3045.7	0.936058	0.181322
3045.8	0.933578	0.191126
3045.9	0.931576	0.195046
3046	0.92984	0.194978
3046.1	0.928643	0.194292
3046.2	0.928107	0.194988
3046.3	0.92825	0.195224
3046.4	0.92887	0.195832
3046.5	0.931036	0.19172
3046.6	0.933032	0.188163
3046.7	0.934285	0.186628
3046.8	0.935176	0.18615
3046.9	0.93495	0.186186
3047	0.934172	0.185379
3047.1	0.933771	0.186364
3047.2	0.934574	0.183858
3047.3	0.935133	0.185393
3047.4	0.935509	0.187861
3047.5	0.936162	0.185995
3047.6	0.935233	0.186293
3047.7	0.934021	0.190439
3047.8	0.935054	0.187581
3047.9	0.934653	0.184598
3048	0.930266	0.194334
3048.1	0.927124	0.200346
3048.2	0.925514	0.2009
3048.3	0.923905	0.20279
3048.4	0.923274	0.204031
3048.5	0.925345	0.200161
3048.6	0.928317	0.194577
3048.7	0.930811	0.191481
3048.8	0.932174	0.189993
3048.9	0.93279	0.188143
3049	0.933978	0.18652
3049.1	0.93579	0.185483
3049.2	0.937522	0.184827
3049.3	0.938729	0.182104
3049.4	0.939463	0.177396
3049.5	0.940515	0.170925
3049.6	0.941556	0.167444
3049.7	0.941819	0.168636
3049.8	0.941141	0.172159
3049.9	0.94085	0.174226
3050	0.940236	0.177997
3050.1	0.93937	0.178888
3050.2	0.939489	0.176745
3050.3	0.937832	0.177299
3050.4	0.934652	0.183118
3050.5	0.932648	0.189656
3050.6	0.931861	0.191812
3050.7	0.931688	0.193636
3050.8	0.931211	0.194137
3050.9	0.930452	0.197227
3051	0.932106	0.192529
3051.1	0.933485	0.187199
3051.2	0.932823	0.187232
3051.3	0.932313	0.188506
3051.4	0.930689	0.192968
3051.5	0.928365	0.197882
3051.6	0.927179	0.199222
3051.7	0.926503	0.199669
3051.8	0.925206	0.20103
3051.9	0.92219	0.207879
3052	0.918068	0.217014
3052.1	0.914296	0.223502
3052.2	0.912294	0.224828
3052.3	0.915026	0.222595
3052.4	0.918618	0.219746
3052.5	0.923306	0.209541
3052.6	0.926519	0.199566
3052.7	0.929624	0.19091
3052.8	0.933042	0.183582
3052.9	0.933716	0.186014
3053	0.934424	0.187836
3053.1	0.937322	0.1808
3053.2	0.940837	0.173512
3053.3	0.942939	0.170441
3053.4	0.944174	0.166037
3053.5	0.945684	0.158134
3053.6	0.945794	0.155794
3053.7	0.944942	0.159682
3053.8	0.942807	0.165696
3053.9	0.939367	0.174187
3054	0.935702	0.181298
3054.1	0.932276	0.185713
3054.2	0.929792	0.189306
3054.3	0.928967	0.191046
3054.4	0.929948	0.189264
3054.5	0.931348	0.189064
3054.6	0.932849	0.187666
3054.7	0.934524	0.182733
3054.8	0.935725	0.17982
3054.9	0.935849	0.182577
3055	0.935319	0.184121
3055.1	0.934362	0.185552
3055.2	0.934464	0.186163
3055.3	0.936307	0.183895
3055.4	0.937644	0.180758
3055.5	0.938166	0.178722
3055.6	0.93854	0.178743
3055.7	0.939038	0.17655
3055.8	0.93932	0.173637
3055.9	0.939717	0.168671
3056	0.939875	0.168759
3056.1	0.939604	0.170745
3056.2	0.939165	0.173784
3056.3	0.938744	0.178386
3056.4	0.93918	0.178697
3056.5	0.93936	0.177633
3056.6	0.938774	0.180783
3056.7	0.938189	0.180529
3056.8	0.938416	0.178401
3056.9	0.939618	0.175616
3057	0.941319	0.168968
3057.1	0.942047	0.164934
3057.2	0.939845	0.168838
3057.3	0.936761	0.17619
3057.4	0.934661	0.184686
3057.5	0.933795	0.186283
3057.6	0.933822	0.181683
3057.7	0.934718	0.176409
3057.8	0.934888	0.178795
3057.9	0.934256	0.182411
3058	0.933124	0.185656
3058.1	0.93219	0.186645
3058.2	0.931689	0.188781
3058.3	0.932523	0.186187
3058.4	0.93446	0.181132
3058.5	0.935753	0.176049
3058.6	0.936721	0.172984
3058.7	0.937324	0.172073
3058.8	0.938875	0.16857
3058.9	0.940461	0.166741
3059	0.941881	0.165148
3059.1	0.942152	0.166741
3059.2	0.94155	0.165671
3059.3	0.939212	0.169116
3059.4	0.936457	0.176519
3059.5	0.93527	0.17872
3059.6	0.935457	0.175845
3059.7	0.935415	0.176076
3059.8	0.934893	0.180773
3059.9	0.933475	0.186022
3060	0.932972	0.185201
3060.1	0.933371	0.182489
3060.2	0.934944	0.178735
3060.3	0.937011	0.176005
3060.4	0.937858	0.176938
3060.5	0.938265	0.179633
3060.6	0.940454	0.1744
3060.7	0.943467	0.163641
3060.8	0.944593	0.159959
3060.9	0.943117	0.163807
3061	0.941073	0.168524
3061.1	0.93957	0.174271
3061.2	0.93922	0.176428
3061.3	0.938589	0.175615
3061.4	0.937357	0.177678
3061.5	0.937563	0.176616
3061.6	0.936707	0.180927
3061.7	0.935889	0.183576
3061.8	0.936258	0.185143
3061.9	0.937301	0.185159
3062	0.937302	0.185215
3062.1	0.936724	0.184941
3062.2	0.935755	0.187138
3062.3	0.934104	0.189354
3062.4	0.932767	0.190701
3062.5	0.930472	0.193195
3062.6	0.927159	0.197597
3062.7	0.923016	0.203967
3062.8	0.918654	0.211764
3062.9	0.916101	0.216244
3063	0.9149	0.217694
3063.1	0.915129	0.216653
3063.2	0.919616	0.206979
3063.3	0.92412	0.198774
3063.4	0.924534	0.199655
3063.5	0.924749	0.195442
3063.6	0.924799	0.192824
3063.7	0.924956	0.191147
3063.8	0.925569	0.19199
3063.9	0.92662	0.192647
3064	0.928137	0.189263
3064.1	0.930168	0.184232
3064.2	0.932055	0.182255
3064.3	0.932633	0.185706
3064.4	0.933408	0.18821
3064.5	0.935048	0.188001
3064.6	0.936249	0.185523
3064.7	0.935958	0.18365
3064.8	0.933176	0.188562
3064.9	0.92987	0.195061
3065	0.927307	0.196983
3065.1	0.927249	0.196222
3065.2	0.929547	0.193087
3065.3	0.932484	0.187079
3065.4	0.934778	0.181901
3065.5	0.935937	0.176689
3065.6	0.934878	0.178479
3065.7	0.934899	0.180048
3065.8	0.936065	0.182736
3065.9	0.937301	0.179354
3066	0.938967	0.170781
3066.1	0.937423	0.174378
3066.2	0.933815	0.182931
3066.3	0.931263	0.188581
3066.4	0.927634	0.197077
3066.5	0.924935	0.200505
3066.6	0.922716	0.202694
3066.7	0.9204	0.208533
3066.8	0.920783	0.21139
3066.9	0.923682	0.208009
3067	0.926911	0.204143
3067.1	0.930614	0.196133
3067.2	0.933142	0.190932
3067.3	0.934325	0.189507
3067.4	0.935107	0.188087
3067.5	0.935844	0.185912
3067.6	0.935288	0.188209
3067.7	0.933833	0.192277
3067.8	0.932062	0.194665
3067.9	0.930835	0.192625
3068	0.930189	0.191269
3068.1	0.929259	0.193204
3068.2	0.929068	0.192157
3068.3	0.929414	0.185737
3068.4	0.927834	0.185522
3068.5	0.926957	0.190753
3068.6	0.926811	0.193187
3068.7	0.92766	0.193312
3068.8	0.928815	0.193329
3068.9	0.928518	0.193555
3069	0.927456	0.192988
3069.1	0.926979	0.192507
3069.2	0.926977	0.193703
3069.3	0.925971	0.198578
3069.4	0.923529	0.207662
3069.5	0.922713	0.209185
3069.6	0.92309	0.207926
3069.7	0.922746	0.207041
3069.8	0.921607	0.207075
3069.9	0.920093	0.207618
3070	0.920108	0.206601
3070.1	0.921191	0.202792
3070.2	0.921887	0.201247
3070.3	0.923131	0.200415
3070.4	0.925453	0.198767
3070.5	0.926792	0.197373
3070.6	0.928451	0.193871
3070.7	0.931141	0.187855
3070.8	0.933002	0.18159
3070.9	0.934031	0.177197
3071	0.93335	0.181674
3071.1	0.931314	0.189547
3071.2	0.929262	0.196286
3071.3	0.927899	0.199742
3071.4	0.927663	0.200524
3071.5	0.927532	0.20157
3071.6	0.92992	0.196213
3071.7	0.932723	0.191435
3071.8	0.935137	0.185411
3071.9	0.936543	0.179131
3072	0.93464	0.183746
3072.1	0.930809	0.194771
3072.2	0.927649	0.200875
3072.3	0.925011	0.202317
3072.4	0.923767	0.202852
3072.5	0.923551	0.203148
3072.6	0.926211	0.195735
3072.7	0.931428	0.184689
3072.8	0.936893	0.173959
3072.9	0.940077	0.167677
3073	0.940292	0.172824
3073.1	0.939491	0.177448
3073.2	0.939233	0.177105
3073.3	0.937942	0.181912
3073.4	0.935819	0.183124
3073.5	0.932694	0.184906
3073.6	0.929561	0.190469
3073.7	0.928004	0.193968
3073.8	0.927876	0.193916
3073.9	0.927616	0.196285
3074	0.927935	0.197613
3074.1	0.930907	0.190028
3074.2	0.933189	0.187226
3074.3	0.93596	0.184845
3074.4	0.939359	0.178475
3074.5	0.941244	0.172499
3074.6	0.940147	0.172877
3074.7	0.938647	0.175564
3074.8	0.939397	0.173381
3074.9	0.938419	0.176267
3075	0.935666	0.179486
3075.1	0.934157	0.179549
3075.2	0.933725	0.182769
3075.3	0.934544	0.182493
3075.4	0.93706	0.175387
3075.5	0.939023	0.170701
3075.6	0.939232	0.174212
3075.7	0.938325	0.176306
3075.8	0.936281	0.178493
3075.9	0.933478	0.185406
3076	0.931131	0.190295
3076.1	0.929085	0.191521
3076.2	0.928117	0.193045
3076.3	0.929655	0.190709
3076.4	0.932155	0.18633
3076.5	0.933445	0.184603
3076.6	0.933999	0.18174
3076.7	0.933174	0.182613
3076.8	0.93095	0.184206
3076.9	0.928908	0.187159
3077	0.928331	0.189976
3077.1	0.929682	0.188519
3077.2	0.93085	0.183917
3077.3	0.930695	0.181736
3077.4	0.930713	0.182982
3077.5	0.932751	0.181689
3077.6	0.934596	0.177525
3077.7	0.934547	0.177211
3077.8	0.93393	0.181157
3077.9	0.933443	0.184133
3078	0.933415	0.186515
3078.1	0.935104	0.1843
3078.2	0.938343	0.177508
3078.3	0.941454	0.171092
3078.4	0.943239	0.165143
3078.5	0.9435	0.164603
3078.6	0.943081	0.164174
3078.7	0.941469	0.169208
3078.8	0.940804	0.172148
3078.9	0.940812	0.173397
3079	0.939853	0.176104
3079.1	0.938112	0.17987
3079.2	0.937228	0.181711
3079.3	0.936896	0.180486
3079.4	0.936001	0.183188
3079.5	0.934598	0.184587
3079.6	0.932391	0.188582
3079.7	0.931775	0.189696
3079.8	0.93131	0.192121
3079.9	0.931119	0.189925
3080	0.929934	0.190598
3080.1	0.930793	0.186284
3080.2	0.933117	0.181384
3080.3	0.934701	0.179819
3080.4	0.934794	0.182408
3080.5	0.93342	0.186733
3080.6	0.93302	0.185724
3080.7	0.934488	0.177796
3080.8	0.935153	0.173731
3080.9	0.934211	0.174591
3081	0.933502	0.177212
3081.1	0.934129	0.174845
3081.2	0.935512	0.170417
3081.3	0.936401	0.171563
3081.4	0.93695	0.172057
3081.5	0.93861	0.169147
3081.6	0.939191	0.171772
3081.7	0.937974	0.176354
3081.8	0.934922	0.182594
3081.9	0.931986	0.187433
3082	0.930961	0.187319
3082.1	0.929585	0.190941
3082.2	0.928713	0.195906
3082.3	0.929644	0.192482
3082.4	0.931146	0.188702
3082.5	0.931942	0.190104
3082.6	0.932231	0.190465
3082.7	0.932313	0.189
3082.8	0.932116	0.18611
3082.9	0.931637	0.184492
3083	0.931791	0.183373
3083.1	0.932054	0.183436
3083.2	0.933454	0.181505
3083.3	0.934912	0.179466
3083.4	0.935888	0.177506
3083.5	0.936349	0.176403
3083.6	0.935385	0.180528
3083.7	0.93475	0.183687
3083.8	0.933827	0.186869
3083.9	0.931045	0.195109
3084	0.93029	0.197128
3084.1	0.930412	0.196161
3084.2	0.929134	0.19982
3084.3	0.927256	0.202079
3084.4	0.925854	0.203774
3084.5	0.925633	0.203401
3084.6	0.926244	0.199139
3084.7	0.928197	0.194152
3084.8	0.929831	0.189548
3084.9	0.930027	0.189271
3085	0.930301	0.188938
3085.1	0.929827	0.191689
3085.2	0.929674	0.194016
3085.3	0.931545	0.188645
3085.4	0.931668	0.187975
3085.5	0.931449	0.186368
3085.6	0.931993	0.182627
3085.7	0.932068	0.183606
3085.8	0.933121	0.181599
3085.9	0.932533	0.181793
3086	0.929084	0.190921
3086.1	0.926001	0.201319
3086.2	0.924598	0.204492
3086.3	0.924819	0.200964
3086.4	0.926295	0.196251
3086.5	0.929752	0.190126
3086.6	0.932071	0.189588
3086.7	0.932339	0.191388
3086.8	0.931495	0.19197
3086.9	0.93199	0.188447
3087	0.932879	0.186322
3087.1	0.932841	0.18674
3087.2	0.932877	0.187211
3087.3	0.933061	0.186061
3087.4	0.931586	0.190785
3087.5	0.930473	0.19185
3087.6	0.9319	0.183705
3087.7	0.932831	0.178349
3087.8	0.931471	0.182639
3087.9	0.930069	0.1896
3088	0.930432	0.192467
3088.1	0.93166	0.19209
3088.2	0.932958	0.191146
3088.3	0.93438	0.188615
3088.4	0.935328	0.185943
3088.5	0.936188	0.182814
3088.6	0.935709	0.179261
3088.7	0.934389	0.182204
3088.8	0.934302	0.18493
3088.9	0.934799	0.182898
3089	0.933976	0.185662
3089.1	0.933924	0.187341
3089.2	0.93384	0.188093
3089.3	0.933695	0.187282
3089.4	0.933067	0.187835
3089.5	0.931585	0.189225
3089.6	0.930341	0.188656
3089.7	0.930272	0.184669
3089.8	0.930832	0.183249
3089.9	0.93133	0.183785
3090	0.932717	0.181295
3090.1	0.9355	0.175395
3090.2	0.936856	0.174185
3090.3	0.936282	0.176744
3090.4	0.93663	0.17856
3090.5	0.93875	0.174314
3090.6	0.939824	0.172053
3090.7	0.938861	0.173397
3090.8	0.935863	0.179066
3090.9	0.932844	0.184248
3091	0.930618	0.187396
3091.1	0.929447	0.190543
3091.2	0.928144	0.194168
3091.3	0.925229	0.200613
3091.4	0.923367	0.205082
3091.5	0.923119	0.2031
3091.6	0.92294	0.202674
3091.7	0.923595	0.199104
3091.8	0.925988	0.191994
3091.9	0.927601	0.186356
3092	0.928697	0.184152
3092.1	0.928972	0.18307
3092.2	0.927045	0.187459
3092.3	0.924545	0.197227
3092.4	0.922942	0.202849
3092.5	0.922842	0.202805
3092.6	0.923781	0.201692
3092.7	0.926133	0.200287
3092.8	0.92785	0.19666
3092.9	0.930254	0.189042
3093	0.932701	0.181818
3093.1	0.933493	0.180058
3093.2	0.934498	0.179741
3093.3	0.935012	0.18234
3093.4	0.932636	0.193514
3093.5	0.930096	0.198747
3093.6	0.927125	0.203118
3093.7	0.925629	0.205832
3093.8	0.925792	0.205057
3093.9	0.927254	0.201836
3094	0.930556	0.193367
3094.1	0.933596	0.184545
3094.2	0.935424	0.180019
3094.3	0.935984	0.180576
3094.4	0.934375	0.184369
3094.5	0.931884	0.188714
3094.6	0.929784	0.194373
3094.7	0.928901	0.19428
3094.8	0.927441	0.193583
3094.9	0.925289	0.192426
3095	0.923336	0.19314
3095.1	0.922476	0.195924
3095.2	0.923055	0.198289
3095.3	0.925675	0.19428
3095.4	0.928806	0.186424
3095.5	0.930392	0.183599
3095.6	0.929076	0.187744
3095.7	0.928424	0.193538
3095.8	0.929524	0.193758
3095.9	0.93152	0.189732
3096	0.931975	0.190343
3096.1	0.931954	0.19037
3096.2	0.931404	0.189695
3096.3	0.929598	0.192296
3096.4	0.928374	0.193901
3096.5	0.928666	0.192343
3096.6	0.927797	0.192796
3096.7	0.926253	0.196288
3096.8	0.924554	0.198175
3096.9	0.922653	0.20002
3097	0.920885	0.204468
3097.1	0.921364	0.205373
3097.2	0.924281	0.199274
3097.3	0.927643	0.195806
3097.4	0.929024	0.193134
3097.5	0.93088	0.192759
3097.6	0.931937	0.193677
3097.7	0.932565	0.193095
3097.8	0.932769	0.191879
3097.9	0.932927	0.190389
3098	0.934901	0.18351
3098.1	0.938325	0.173244
3098.2	0.941301	0.165929
3098.3	0.944074	0.159177
3098.4	0.945905	0.157007
3098.5	0.945109	0.163116
3098.6	0.942748	0.170454
3098.7	0.940772	0.170935
3098.8	0.940045	0.17367
3098.9	0.941026	0.170018
3099	0.940633	0.16873
3099.1	0.938458	0.17339
3099.2	0.935382	0.177793
3099.3	0.931853	0.181894
3099.4	0.9301	0.18685
3099.5	0.931965	0.186535
3099.6	0.935354	0.18406
3099.7	0.940106	0.180669
3099.8	0.947634	0.17059
3099.9	0.958234	0.15061
3100	0.969241	0.129072
3100.1	0.979644	0.102941
3100.2	0.987967	0.0736572
3100.3	0.992972	0.0564931
3100.4	0.995368	0.0477886
3100.5	0.99667	0.0407877
3100.6	0.997482	0.0357828
3100.7	0.997972	0.0332103
3100.8	0.998246	0.0318997
3100.9	0.998399	0.0309637
3101	0.998493	0.0301299
3101.1	0.998558	0.0293468
3101.2	0.998611	0.0286067
3101.3	0.998658	0.0279077
3101.4	0.998698	0.0272478
3101.5	0.998811	0.0265196
3101.6	0.998843	0.0259343
3101.7	0.998874	0.0253814
3101.8	0.998903	0.0248587
3101.9	0.998932	0.0243638
3102	0.998958	0.0238944
3102.1	0.998982	0.0234487
3102.2	0.999006	0.0230246
3102.3	0.999028	0.0226204
3102.4	0.999049	0.0222344
3102.5	0.99907	0.0218653
3102.6	0.999089	0.0215115
3102.7	0.999108	0.021172
3102.8	0.999126	0.0208455
3102.9	0.999144	0.0205311
3103	0.99916	0.0202278
3103.1	0.999176	0.0199349
3103.2	0.999192	0.0196516
3103.3	0.999206	0.0193772
3103.4	0.999221	0.0191111
3103.5	0.999234	0.0188528
3103.6	0.999248	0.0186017
3103.7	0.99926	0.0183574
3103.8	0.999273	0.0181196
3103.9	0.999285	0.0178877
3104	0.999297	0.0176616
3104.1	0.999308	0.0174408
3104.2	0.999319	0.0172251
3104.3	0.99933	0.0170143
3104.4	0.999341	0.0168081
3104.5	0.999351	0.0166062
3104.6	0.999361	0.0164086
3104.7	0.99937	0.016215
3104.8	0.999379	0.0160252
3104.9	0.999388	0.0158391
3105	0.999397	0.0156565
3105.1	0.999407	0.0154774
3105.2	0.999533	0.014863
3105.3	0.999538	0.01471
3105.4	0.999543	0.0145589
3105.5	0.999548	0.0144097
3105.6	0.999552	0.0142624
3105.7	0.999557	0.0141169
3105.8	0.999562	0.0139733
3105.9	0.999566	0.0138314
3106	0.99957	0.0136914
3106.1	0.999576	0.0135531
3106.2	0.99958	0.0134165
3106.3	0.999584	0.0132817
3106.4	0.999588	0.0131487
3106.5	0.999593	0.0130173
3106.6	0.999597	0.0128875
3106.7	0.999601	0.0127594
3106.8	0.999605	0.012633
3106.9	0.999609	0.0125082
3107	0.999612	0.0123849
3107.1	0.999616	0.0122633
3107.2	0.99962	0.0121431
3107.3	0.999624	0.0120245
3107.4	0.999627	0.0119074
3107.5	0.999631	0.0117918
3107.6	0.999635	0.0116777
3107.7	0.999638	0.011565
3107.8	0.999642	0.0114538
3107.9	0.999645	0.011344
3108	0.999649	0.0112355
3108.1	0.999652	0.0111285
3108.2	0.999655	0.0110228
3108.3	0.999658	0.0109184
3108.4	0.999662	0.0108153
3108.5	0.999665	0.0107136
3108.6	0.999668	0.0106131
3108.7	0.999671	0.0105139
3108.8	0.999674	0.010416
3108.9	0.999677	0.0103192
3109	0.99968	0.0102237
3109.1	0.999683	0.0101294
3109.2	0.999686	0.0100363
3109.3	0.999689	0.00994429
3109.4	0.999692	0.00985346
3109.5	0.999695	0.00976376
3109.6	0.999697	0.00967514
3109.7	0.9997	0.00958766
3109.8	0.999703	0.00950123
3109.9	0.999705	0.0094159
3110	0.999708	0.00933159
3110.1	0.999711	0.00924832
3110.2	0.999713	0.00916608
3110.3	0.999716	0.00908484
3110.4	0.999718	0.0090046
3110.5	0.999721	0.00892532
3110.6	0.999723	0.00884702
3110.7	0.999726	0.00876965
3110.8	0.999728	0.00869322
3110.9	0.99973	0.00861772
3111	0.999733	0.00854314
3111.1	0.999735	0.00846942
3111.2	0.999737	0.00839661
3111.3	0.99974	0.00832468
3111.4	0.999742	0.00825359
3111.5	0.999744	0.00818334
3111.6	0.999746	0.00811394
3111.7	1	2.7491e-06
3111.8	1	2.71787e-06
3111.9	1	2.65541e-06
3112	1	2.62418e-06
3112.1	1	2.5928e-06
3112.2	1	2.56157e-06
3112.3	1	2.53034e-06
3112.4	1	2.49911e-06
3112.5	1	4.4151e-08
3112.6	1	4.4151e-08
3112.7	1	4.4151e-08
3112.8	1	4.4151e-08
3112.9	1	4.4151e-08
3113	1	4.4151e-08
3113.1	1	4.4151e-08
3113.2	1	4.4151e-08
3113.3	1	4.4151e-08
3113.4	1	4.4151e-08
3113.5	1	4.4151e-08
3113.6	1	4.4151e-08
3113.7	1	4.4151e-08
3113.8	1	4.4151e-08
3113.9	1	4.4151e-08
3114	1	4.4151e-08
3114.1	1	4.4151e-08
3114.2	1	4.4151e-08
3114.3	1	4.4151e-08
3114.4	1	4.4151e-08
3114.5	1	4.4151e-08
3114.6	1	4.4151e-08
3114.7	1	4.4151e-08
3114.8	1	4.4151e-08
3114.9	1	4.4151e-08
3115	1	3.12347e-08
3115.1	1	3.12347e-08
3115.2	1	3.12347e-08
3115.3	1	3.12347e-08
3115.4	1	3.12347e-08
3115.5	1	3.12347e-08
3115.6	1	3.12347e-08
3115.7	1	3.12347e-08
3115.8	1	3.12347e-08
3115.9	1	3.12347e-08
3116	1	3.12347e-08
3116.1	1	3.12347e-08
3116.2	1	3.12347e-08
3116.3	1	3.12347e-08
3116.4	1	3.12347e-08
3116.5	1	3.12347e-08
3116.6	1	3.12347e-08
3116.7	1	3.12347e-08
3116.8	1	3.12347e-08
3116.9	1	3.12347e-08
3117	1	3.12347e-08
3117.1	1	0
3117.2	1	0
3117.3	1	0
3117.4	1	0
3117.5	1	0
3117.6	1	0
3117.7	1	0
3117.8	1	0
3117.9	1	0
3118	1	0
3118.1	1	0
3118.2	1	0
3118.3	1	0
3118.4	1	0
3118.5	1	0
3118.6	1	0
3118.7	1	0
3118.8	1	0
3118.9	1	0
3119	1	0
3119.1	1	0
3119.2	1	0
3119.3	1	0
3119.4	1	0
3119.5	1	0
3119.6	1	0
3119.7	1	0
3119.8	1	0
3119.9	1	0
3120	1	0
3120.1	1	0
3120.2	1	0
3120.3	1	0
3120.4	1	0
3120.5	1	0
3120.6	1	0
3120.7	1	0
3120.8	1	0
3120.9	1	0
3121	1	0
3121.1	1	0
3121.2	1	0
3121.3	1	0
3121.4	1	0
3121.5	1	0
3121.6	1	0
3121.7	1	0
3121.8	1	0
3121.9	1	0
3122	1	0
3122.1	1	0
3122.2	1	0
3122.3	1	0
3122.4	1	0
3122.5	1	0
3122.6	1	0
3122.7	1	0
3122.8	1	0
3122.9	1	0
3123	1	0
3123.1	1	0
3123.2	1	0
3123.3	1	0
3123.4	1	0
3123.5	1	0
3123.6	1	0
3123.7	1	0
3123.8	1	0
3123.9	1	0
3124	1	0
3124.1	1	0
3124.2	1	0
3124.3	1	0
3124.4	1	0
3124.5	1	0
3124.6	1	0
3124.7	1	0
3124.8	1	0
3124.9	1	0
3125	1	0
3125.1	1	0
3125.2	1	0
3125.3	1	0
3125.4	1	0
3125.5	1	0
3125.6	1	0
3125.7	1	0
3125.8	1	0
3125.9	1	0
3126	1	0
3126.1	1	0
3126.2	1	0
3126.3	1	0
3126.4	1	0
3126.5	1	0
3126.6	1	0
3126.7	1	0
3126.8	1	0
3126.9	1	0
3127	1	0
3127.1	1	0
3127.2	1	0
3127.3	1	0
3127.4	1	0
3127.5	1	0
3127.6	1	0
3127.7	1	0
3127.8	1	0
3127.9	1	0
3128	1	0
3128.1	1	0
3128.2	1	0
3128.3	1	0
3128.4	1	0
3128.5	1	0
3128.6	1	0
3128.7	1	0
3128.8	1	0
3128.9	1	0
3129	1	0
3129.1	1	0
3129.2	1	0
3129.3	1	0
3129.4	1	0
3129.5	1	0
3129.6	1	0
3129.7	1	0
3129.8	1	0
3129.9	1	0
3130	1	0
3130.1	1	0
3130.2	1	0
3130.3	1	0
3130.4	1	0
3130.5	1	0
3130.6	1	0
3130.7	1	0
3130.8	1	0
3130.9	1	0
3131	1	0
3131.1	1	0
3131.2	1	0
3131.3	1	0
3131.4	1	0
3131.5	1	0
3131.6	1	0
3131.7	1	0
3131.8	1	0
3131.9	1	0
3132	1	0
3132.1	1	0
3132.2	1	0
3132.3	1	0
3132.4	1	0
3132.5	1	0
3132.6	1	0
3132.7	1	0
3132.8	1	0
3132.9	1	0
3133	1	0
3133.1	1	0
3133.2	1	0
3133.3	1	0
3133.4	1	0
3133.5	1	0
3133.6	1	0
3133.7	1	0
3133.8	1	0
3133.9	1	0
3134	1	0
3134.1	1	0
3134.2	1	0
3134.3	1	0
3134.4	1	0
3134.5	1	0
3134.6	1	0
3134.7	1	0
3134.8	1	0
3134.9	1	0
3135	1	0
3135.1	1	0
3135.2	1	0
3135.3	1	0
3135.4	1	0
3135.5	1	0
3135.6	1	0
3135.7	1	0
3135.8	1	0
3135.9	1	0
3136	1	0
3136.1	1	0
3136.2	1	0
3136.3	1	0
3136.4	1	0
3136.5	1	0
3136.6	1	0
3136.7	1	0
3136.8	1	0
3136.9	1	0
3137	1	0
3137.1	1	0
3137.2	1	0
3137.3	1	0
3137.4	1	0
3137.5	1	0
3137.6	1	0
3137.7	1	0
3137.8	1	0
3137.9	1	0
3138	1	0
3138.1	1	0
3138.2	1	0
3138.3	1	0
3138.4	1	0
3138.5	1	0
3138.6	1	0
3138.7	1	0
3138.8	1	0
3138.9	1	0
3139	1	0
3139.1	1	0
3139.2	1	0
3139.3	1	0
3139.4	1	0
3139.5	1	0
3139.6	1	0
3139.7	1	0
3139.8	1	0
3139.9	1	0
3140	1	0
3140.1	1	0
3140.2	1	0
3140.3	1	0
3140.4	1	0
3140.5	1	0
3140.6	1	0
3140.7	1	0
3140.8	1	0
3140.9	1	0
3141	1	0
3141.1	1	0
3141.2	1	0
3141.3	1	0
3141.4	1	0
3141.5	1	0
3141.6	1	0
3141.7	1	0
3141.8	1	0
3141.9	1	0
3142	1	0
3142.1	1	0
3142.2	1	0
3142.3	1	0
3142.4	1	0
3142.5	1	0
3142.6	1	0
3142.7	1	0
3142.8	1	0
3142.9	1	0
3143	1	0
3143.1	1	0
3143.2	1	0
3143.3	1	0
3143.4	1	0
3143.5	1	0
3143.6	1	0
3143.7	1	0
3143.8	1	0
3143.9	1	0
3144	1	0
3144.1	1	0
3144.2	1	0
3144.3	1	0
3144.4	1	0
3144.5	1	0
3144.6	1	0
3144.7	1	0
3144.8	1	0
3144.9	1	0
3145	1	0
3145.1	1	0
3145.2	1	0
3145.3	1	0
3145.4	1	0
3145.5	1	0
3145.6	1	0
3145.7	1	0
3145.8	1	0
3145.9	1	0
3146	1	0
3146.1	1	0
3146.2	1	0
3146.3	1	0
3146.4	1	0
3146.5	1	0
3146.6	1	0
3146.7	1	0
3146.8	1	0
3146.9	1	0
3147	1	0
3147.1	1	0
3147.2	1	0
3147.3	1	0
3147.4	1	0
3147.5	1	0
3147.6	1	0
3147.7	1	0
3147.8	1	0
3147.9	1	0
3148	1	0
3148.1	1	0
3148.2	1	0
3148.3	1	0
3148.4	1	0
3148.5	1	0
3148.6	1	0
3148.7	1	0
3148.8	1	0
3148.9	1	0
3149	1	0
3149.1	1	0
3149.2	1	0
3149.3	1	0
3149.4	1	0
3149.5	1	0
3149.6	1	0
3149.7	1	0
3149.8	1	0
3149.9	1	0
3150	1	0
3150.1	1	0
3150.2	1	0
3150.3	1	0
3150.4	1	0
3150.5	1	0
3150.6	1	0
3150.7	1	0
3150.8	1	0
3150.9	1	0
3151	1	0
3151.1	1	0
3151.2	1	0
3151.3	1	0
3151.4	1	0
3151.5	1	0
3151.6	1	0
3151.7	1	0
3151.8	1	0
3151.9	1	0
3152	1	0
3152.1	1	0
3152.2	1	0
3152.3	1	0
3152.4	1	0
3152.5	1	0
3152.6	1	0
3152.7	1	0
3152.8	1	0
3152.9	1	0
3153	1	0
3153.1	1	0
3153.2	1	0
3153.3	1	0
3153.4	1	0
3153.5	1	0
3153.6	1	0
3153.7	1	0
3153.8	1	0
3153.9	1	0
3154	1	0
3154.1	1	0
3154.2	1	0
3154.3	1	0
3154.4	1	0
3154.5	1	0
3154.6	1	0
3154.7	1	0
3154.8	1	0
3154.9	1	0
3155	1	0
3155.1	1	0
3155.2	1	0
3155.3	1	0
3155.4	1	0
3155.5	1	0
3155.6	1	0
3155.7	1	0
3155.8	1	0
3155.9	1	0
3156	1	0
3156.1	1	0
3156.2	1	0
3156.3	1	0
3156.4	1	0
3156.5	1	0
3156.6	1	0
3156.7	1	0
3156.8	1	0
3156.9	1	0
3157	1	0
3157.1	1	0
3157.2	1	0
3157.3	1	0
3157.4	1	0
3157.5	1	0
3157.6	1	0
3157.7	1	0
3157.8	1	0
3157.9	1	0
3158	1	0
3158.1	1	0
3158.2	1	0
3158.3	1	0
3158.4	1	0
3158.5	1	0
3158.6	1	0
3158.7	1	0
3158.8	1	0
3158.9	1	0
3159	1	0
3159.1	1	0
3159.2	1	0
3159.3	1	0
3159.4	1	0
3159.5	1	0
3159.6	1	0
3159.7	1	0
3159.8	1	0
3159.9	1	0
3160	1	0
3160.1	1	0
3160.2	1	0
3160.3	1	0
3160.4	1	0
3160.5	1	0
3160.6	1	0
3160.7	1	0
3160.8	1	0
3160.9	1	0
3161	1	0
3161.1	1	0
3161.2	1	0
3161.3	1	0
3161.4	1	0
3161.5	1	0
3161.6	1	0
3161.7	1	0
3161.8	1	0
3161.9	1	0
3162	1	0
3162.1	1	0
3162.2	1	0
3162.3	1	0
3162.4	1	0
3162.5	1	0
3162.6	1	0
3162.7	1	0
3162.8	1	0
3162.9	1	0
3163	1	0
3163.1	1	0
3163.2	1	0
3163.3	1	0
3163.4	1	0
3163.5	1	0
3163.6	1	0
3163.7	1	0
3163.8	1	0
3163.9	1	0
3164	1	0
3164.1	1	0
3164.2	1	0
3164.3	1	0
3164.4	1	0
3164.5	1	0
3164.6	1	0
3164.7	1	0
3164.8	1	0
3164.9	1	0
3165	1	0
3165.1	1	0
3165.2	1	0
3165.3	1	0
3165.4	1	0
3165.5	1	0
3165.6	1	0
3165.7	1	0
3165.8	1	0
3165.9	1	0
3166	1	0
3166.1	1	0
3166.2	1	0
3166.3	1	0
3166.4	1	0
3166.5	1	0
3166.6	1	0
3166.7	1	0
3166.8	1	0
3166.9	1	0
3167	1	0
3167.1	1	0
3167.2	1	0
3167.3	1	0
3167.4	1	0
3167.5	1	0
3167.6	1	0
3167.7	1	0
3167.8	1	0
3167.9	1	0
3168	1	0
3168.1	1	0
3168.2	1	0
3168.3	1	0
3168.4	1	0
3168.5	1	0
3168.6	1	0
3168.7	1	0
3168.8	1	0
3168.9	1	0
3169	1	0
3169.1	1	0
3169.2	1	0
3169.3	1	0
3169.4	1	0
3169.5	1	0
3169.6	1	0
3169.7	1	0
3169.8	1	0
3169.9	1	0
3170	1	0
3170.1	1	0
3170.2	1	0
3170.3	1	0
3170.4	1	0
3170.5	1	0
3170.6	1	0
3170.7	1	0
3170.8	1	0
3170.9	1	0
3171	1	0
3171.1	1	0
3171.2	1	0
3171.3	1	0
3171.4	1	0
3171.5	1	0
3171.6	1	0
3171.7	1	0
3171.8	1	0
3171.9	1	0
3172	1	0
3172.1	1	0
3172.2	1	0
3172.3	1	0
3172.4	1	0
3172.5	1	0
3172.6	1	0
3172.7	1	0
3172.8	1	0
3172.9	1	0
3173	1	0
3173.1	1	0
3173.2	1	0
3173.3	1	0
3173.4	1	0
3173.5	1	0
3173.6	1	0
3173.7	1	0
3173.8	1	0
3173.9	1	0
3174	1	0
3174.1	1	0
3174.2	1	0
3174.3	1	0
3174.4	1	0
3174.5	1	0
3174.6	1	0
3174.7	1	0
3174.8	1	0
3174.9	1	0
3175	1	0
3175.1	1	0
3175.2	1	0
3175.3	1	0
3175.4	1	0
3175.5	1	0
3175.6	1	0
3175.7	1	0
3175.8	1	0
3175.9	1	0
3176	1	0
3176.1	1	0
3176.2	1	0
3176.3	1	0
3176.4	1	0
3176.5	1	0
3176.6	1	0
3176.7	1	0
3176.8	1	0
3176.9	1	0
3177	1	0
3177.1	1	0
3177.2	1	0
3177.3	1	0
3177.4	1	0
3177.5	1	0
3177.6	1	0
3177.7	1	0
3177.8	1	0
3177.9	1	0
3178	1	0
3178.1	1	0
3178.2	1	0
3178.3	1	0
3178.4	1	0
3178.5	1	0
3178.6	1	0
3178.7	1	0
3178.8	1	0
3178.9	1	0
3179	1	0
3179.1	1	0
3179.2	1	0
3179.3	1	0
3179.4	1	0
3179.5	1	0
3179.6	1	0
3179.7	1	0
3179.8	1	0
3179.9	1	0
3180	1	0
3180.1	1	0
3180.2	1	0
3180.3	1	0
3180.4	1	0
3180.5	1	0
3180.6	1	0
3180.7	1	0
3180.8	1	0
3180.9	1	0
3181	1	0
3181.1	1	0
3181.2	1	0
3181.3	1	0
3181.4	1	0
3181.5	1	0
3181.6	1	0
3181.7	1	0
3181.8	1	0
3181.9	1	0
3182	1	0
3182.1	1	0
3182.2	1	0
3182.3	1	0
3182.4	1	0
3182.5	1	0
3182.6	1	0
3182.7	1	0
3182.8	1	0
3182.9	1	0
3183	1	0
3183.1	1	0
3183.2	1	0
3183.3	1	0
3183.4	1	0
3183.5	1	0
3183.6	1	0
3183.7	1	0
3183.8	1	0
3183.9	1	0
3184	1	0
3184.1	1	0
3184.2	1	0
3184.3	1	0
3184.4	1	0
3184.5	1	0
3184.6	1	0
3184.7	1	0
3184.8	1	0
3184.9	1	0
3185	1	0
3185.1	1	0
3185.2	1	0
3185.3	1	0
3185.4	1	0
3185.5	1	0
3185.6	1	0
3185.7	1	0
3185.8	1	0
3185.9	1	0
3186	1	0
3186.1	1	0
3186.2	1	0
3186.3	1	0
3186.4	1	0
3186.5	1	0
3186.6	1	0
3186.7	1	0
3186.8	1	0
3186.9	1	0
3187	1	0
3187.1	1	0
3187.2	1	0
3187.3	1	0
3187.4	1	0
3187.5	1	0
3187.6	1	0
3187.7	1	0
3187.8	1	0
3187.9	1	0
3188	1	0
3188.1	1	0
3188.2	1	0
3188.3	1	0
3188.4	1	0
3188.5	1	0
3188.6	1	0
3188.7	1	0
3188.8	1	0
3188.9	1	0
3189	1	0
3189.1	1	0
3189.2	1	0
3189.3	1	0
3189.4	1	0
3189.5	1	0
3189.6	1	0
3189.7	1	0
3189.8	1	0
3189.9	1	0
3190	1	0
3190.1	1	0
3190.2	1	0
3190.3	1	0
3190.4	1	0
3190.5	1	0
3190.6	1	0
3190.7	1	0
3190.8	1	0
3190.9	1	0
3191	1	0
3191.1	1	0
3191.2	1	0
3191.3	1	0
3191.4	1	0
3191.5	1	0
3191.6	1	0
3191.7	1	0
3191.8	1	0
3191.9	1	0
3192	1	0
3192.1	1	0
3192.2	1	0
3192.3	1	0
3192.4	1	0
3192.5	1	0
3192.6	1	0
3192.7	1	0
3192.8	1	0
3192.9	1	0
3193	1	0
3193.1	1	0
3193.2	1	0
3193.3	1	0
3193.4	1	0
3193.5	1	0
3193.6	1	0
3193.7	1	0
3193.8	1	0
3193.9	1	0
3194	1	0
3194.1	1	0
3194.2	1	0
3194.3	1	0
3194.4	1	0
3194.5	1	0
3194.6	1	0
3194.7	1	0
3194.8	1	0
3194.9	1	0
3195	1	0
3195.1	1	0
3195.2	1	0
3195.3	1	0
3195.4	1	0
3195.5	1	0
3195.6	1	0
3195.7	1	0
3195.8	1	0
3195.9	1	0
3196	1	0
3196.1	1	0
3196.2	1	0
3196.3	1	0
3196.4	1	0
3196.5	1	0
3196.6	1	0
3196.7	1	0
3196.8	1	0
3196.9	1	0
3197	1	0
3197.1	1	0
3197.2	1	0
3197.3	1	0
3197.4	1	0
3197.5	1	0
3197.6	1	0
3197.7	1	0
3197.8	1	0
3197.9	1	0
3198	1	0
3198.1	1	0
3198.2	1	0
3198.3	1	0
3198.4	1	0
3198.5	1	0
3198.6	1	0
3198.7	1	0
3198.8	1	0
3198.9	1	0
3199	1	0
3199.1	1	0
3199.2	1	0
3199.3	1	0
3199.4	1	0
3199.5	1	0
3199.6	1	0
3199.7	1	0
3199.8	1	0
3199.9	1	0
3200	1	0
3200.1	1	0
3200.2	1	0
3200.3	1	0
3200.4	1	0
3200.5	1	0
3200.6	1	0
3200.7	1	0
3200.8	1	0
3200.9	1	0
3201	1	0
3201.1	1	0
3201.2	1	0
3201.3	1	0
3201.4	1	0
3201.5	1	0
3201.6	1	0
3201.7	1	0
3201.8	1	0
3201.9	1	0
3202	1	0
3202.1	1	0
3202.2	1	0
3202.3	1	0
3202.4	1	0
3202.5	1	0
3202.6	1	0
3202.7	1	0
3202.8	1	0
3202.9	1	0
3203	1	0
3203.1	1	0
3203.2	1	0
3203.3	1	0
3203.4	1	0
3203.5	1	0
3203.6	1	0
3203.7	1	0
3203.8	1	0
3203.9	1	0
3204	1	0
3204.1	1	0
3204.2	1	0
3204.3	1	0
3204.4	1	0
3204.5	1	0
3204.6	1	0
3204.7	1	0
3204.8	1	0
3204.9	1	0
3205	1	0
3205.1	1	0
3205.2	1	0
3205.3	1	0
3205.4	1	0
3205.5	1	0
3205.6	1	0
3205.7	1	0
3205.8	1	0
3205.9	1	0
3206	1	0
3206.1	1	0
3206.2	1	0
3206.3	1	0
3206.4	1	0
3206.5	1	0
3206.6	1	0
3206.7	1	0
3206.8	1	0
3206.9	1	0
3207	1	0
3207.1	1	0
3207.2	1	0
3207.3	1	0
3207.4	1	0
3207.5	1	0
3207.6	1	0
3207.7	1	0
3207.8	1	0
3207.9	1	0
3208	1	0
3208.1	1	0
3208.2	1	0
3208.3	1	0
3208.4	1	0
3208.5	1	0
3208.6	1	0
3208.7	1	0
3208.8	1	0
3208.9	1	0
3209	1	0
3209.1	1	0
3209.2	1	0
3209.3	1	0
3209.4	1	0
3209.5	1	0
3209.6	1	0
3209.7	1	0
3209.8	1	0
3209.9	1	0
3210	1	0
3210.1	1	0
3210.2	1	0
3210.3	1	0
3210.4	1	0
3210.5	1	0
3210.6	1	0
3210.7	1	0
3210.8	1	0
3210.9	1	0
3211	1	0
3211.1	1	0
3211.2	1	0
3211.3	1	0
3211.4	1	0
3211.5	1	0
3211.6	1	0
3211.7	1	0
3211.8	1	0
3211.9	1	0
3212	1	0
3212.1	1	0
3212.2	1	0
3212.3	1	0
3212.4	1	0
3212.5	1	0
3212.6	1	0
3212.7	1	0
3212.8	1	0
3212.9	1	0
3213	1	0
3213.1	1	0
3213.2	1	0
3213.3	1	0
3213.4	1	0
3213.5	1	0
3213.6	1	0
3213.7	1	0
3213.8	1	0
3213.9	1	0
3214	1	0
3214.1	1	0
3214.2	1	0
3214.3	1	0
3214.4	1	0
3214.5	1	0
3214.6	1	0
3214.7	1	0
3214.8	1	0
3214.9	1	0
3215	1	0
3215.1	1	0
3215.2	1	0
3215.3	1	0
3215.4	1	0
3215.5	1	0
3215.6	1	0
3215.7	1	0
3215.8	1	0
3215.9	1	0
3216	1	0
3216.1	1	0
3216.2	1	0
3216.3	1	0
3216.4	1	0
3216.5	1	0
3216.6	1	0
3216.7	1	0
3216.8	1	0
3216.9	1	0
3217	1	0
3217.1	1	0
3217.2	1	0
3217.3	1	0
3217.4	1	0
3217.5	1	0
3217.6	1	0
3217.7	1	0
3217.8	1	0
3217.9	1	0
3218	1	0
3218.1	1	0
3218.2	1	0
3218.3	1	0
3218.4	1	0
3218.5	1	0
3218.6	1	0
3218.7	1	0
3218.8	1	0
3218.9	1	0
3219	1	0
3219.1	1	0
3219.2	1	0
3219.3	1	0
3219.4	1	0
3219.5	1	0
3219.6	1	0
3219.7	1	0
3219.8	1	0
3219.9	1	0
3220	1	0
3220.1	1	0
3220.2	1	0
3220.3	1	0
3220.4	1	0
3220.5	1	0
3220.6	1	0
3220.7	1	0
3220.8	1	0
3220.9	1	0
3221	1	0
3221.1	1	0
3221.2	1	0
3221.3	1	0
3221.4	1	0
3221.5	1	0
3221.6	1	0
3221.7	1	0
3221.8	1	0
3221.9	1	0
3222	1	0
3222.1	1	0
3222.2	1	0
3222.3	1	0
3222.4	1	0
3222.5	1	0
3222.6	1	0
3222.7	1	0
3222.8	1	0
3222.9	1	0
3223	1	0
3223.1	1	0
3223.2	1	0
3223.3	1	0
3223.4	1	0
3223.5	1	0
3223.6	1	0
3223.7	1	0
3223.8	1	0
3223.9	1	0
3224	1	0
3224.1	1	0
3224.2	1	0
3224.3	1	0
3224.4	1	0
3224.5	1	0
3224.6	1	0
3224.7	1	0
3224.8	1	0
3224.9	1	0
3225	1	0
3225.1	1	0
3225.2	1	0
3225.3	1	0
3225.4	1	0
3225.5	1	0
3225.6	1	0
3225.7	1	0
3225.8	1	0
3225.9	1	0
3226	1	0
3226.1	1	0
3226.2	1	0
3226.3	1	0
3226.4	1	0
3226.5	1	0
3226.6	1	0
3226.7	1	0
3226.8	1	0
3226.9	1	0
3227	1	0
3227.1	1	0
3227.2	1	0
3227.3	1	0
3227.4	1	0
3227.5	1	0
3227.6	1	0
3227.7	1	0
3227.8	1	0
3227.9	1	0
3228	1	0
3228.1	1	0
3228.2	1	0
3228.3	1	0
3228.4	1	0
3228.5	1	0
3228.6	1	0
3228.7	1	0
3228.8	1	0
3228.9	1	0
3229	1	0
3229.1	1	0
3229.2	1	0
3229.3	1	0
3229.4	1	0
3229.5	1	0
3229.6	1	0
3229.7	1	0
3229.8	1	0
3229.9	1	0
3230	1	0
3230.1	1	0
3230.2	1	0
3230.3	1	0
3230.4	1	0
3230.5	1	0
3230.6	1	0
3230.7	1	0
3230.8	1	0
3230.9	1	0
3231	1	0
3231.1	1	0
3231.2	1	0
3231.3	1	0
3231.4	1	0
3231.5	1	0
3231.6	1	0
3231.7	1	0
3231.8	1	0
3231.9	1	0
3232	1	0
3232.1	1	0
3232.2	1	0
3232.3	1	0
3232.4	1	0
3232.5	1	0
3232.6	1	0
3232.7	1	0
3232.8	1	0
3232.9	1	0
3233	1	0
3233.1	1	0
3233.2	1	0
3233.3	1	0
3233.4	1	0
3233.5	1	0
3233.6	1	0
3233.7	1	0
3233.8	1	0
3233.9	1	0
3234	1	0
3234.1	1	0
3234.2	1	0
3234.3	1	0
3234.4	1	0
3234.5	1	0
3234.6	1	0
3234.7	1	0
3234.8	1	0
3234.9	1	0
3235	1	0
3235.1	1	0
3235.2	1	0
3235.3	1	0
3235.4	1	0
3235.5	1	0
3235.6	1	0
3235.7	1	0
3235.8	1	0
3235.9	1	0
3236	1	0
3236.1	1	0
3236.2	1	0
3236.3	1	0
3236.4	1	0
3236.5	1	0
3236.6	1	0
3236.7	1	0
3236.8	1	0
3236.9	1	0
3237	1	0
3237.1	1	0
3237.2	1	0
3237.3	1	0
3237.4	1	0
3237.5	1	0
3237.6	1	0
3237.7	1	0
3237.8	1	0
3237.9	1	0
3238	1	0
3238.1	1	0
3238.2	1	0
3238.3	1	0
3238.4	1	0
3238.5	1	0
3238.6	1	0
3238.7	1	0
3238.8	1	0
3238.9	1	0
3239	1	0
3239.1	1	0
3239.2	1	0
3239.3	1	0
3239.4	1	0
3239.5	1	0
3239.6	1	0
3239.7	1	0
3239.8	1	0
3239.9	1	0
3240	1	0
3240.1	1	0
3240.2	1	0
3240.3	1	0
3240.4	1	0
3240.5	1	0
3240.6	1	0
3240.7	1	0
3240.8	1	0
3240.9	1	0
3241	1	0
3241.1	1	0
3241.2	1	0
3241.3	1	0
3241.4	1	0
3241.5	1	0
3241.6	1	0
3241.7	1	0
3241.8	1	0
3241.9	1	0
3242	1	0
3242.1	1	0
3242.2	1	0
3242.3	1	0
3242.4	1	0
3242.5	1	0
3242.6	1	0
3242.7	1	0
3242.8	1	0
3242.9	1	0
3243	1	0
3243.1	1	0
3243.2	1	0
3243.3	1	0
3243.4	1	0
3243.5	1	0
3243.6	1	0
3243.7	1	0
3243.8	1	0
3243.9	1	0
3244	1	0
3244.1	1	0
3244.2	1	0
3244.3	1	0
3244.4	1	0
3244.5	1	0
3244.6	1	0
3244.7	1	0
3244.8	1	0
3244.9	1	0
3245	1	0
3245.1	1	0
3245.2	1	0
3245.3	1	0
3245.4	1	0
3245.5	1	0
3245.6	1	0
3245.7	1	0
3245.8	1	0
3245.9	1	0
3246	1	0
3246.1	1	0
3246.2	1	0
3246.3	1	0
3246.4	1	0
3246.5	1	0
3246.6	1	0
3246.7	1	0
3246.8	1	0
3246.9	1	0
3247	1	0
3247.1	1	0
3247.2	1	0
3247.3	1	0
3247.4	1	0
3247.5	1	0
3247.6	1	0
3247.7	1	0
3247.8	1	0
3247.9	1	0
3248	1	0
3248.1	1	0
3248.2	1	0
3248.3	1	0
3248.4	1	0
3248.5	1	0
3248.6	1	0
3248.7	1	0
3248.8	1	0
3248.9	1	0
3249	1	0
3249.1	1	0
3249.2	1	0
3249.3	1	0
3249.4	1	0
3249.5	1	0
3249.6	1	0
3249.7	1	0
3249.8	1	0
3249.9	1	0
3250	1	0
3250.1	1	0
3250.2	1	0
3250.3	1	0
3250.4	1	0
3250.5	1	0
3250.6	1	0
3250.7	1	0
3250.8	1	0
3250.9	1	0
3251	1	0
3251.1	1	0
3251.2	1	0
3251.3	1	0
3251.4	1	0
3251.5	1	0
3251.6	1	0
3251.7	1	0
3251.8	1	0
3251.9	1	0
3252	1	0
3252.1	1	0
3252.2	1	0
3252.3	1	0
3252.4	1	0
3252.5	1	0
3252.6	1	0
3252.7	1	0
3252.8	1	0
3252.9	1	0
3253	1	0
3253.1	1	0
3253.2	1	0
3253.3	1	0
3253.4	1	0
3253.5	1	0
3253.6	1	0
3253.7	1	0
3253.8	1	0
3253.9	1	0
3254	1	0
3254.1	1	0
3254.2	1	0
3254.3	1	0
3254.4	1	0
3254.5	1	0
3254.6	1	0
3254.7	1	0
3254.8	1	0
3254.9	1	0
3255	1	0
3255.1	1	0
3255.2	1	0
3255.3	1	0
3255.4	1	0
3255.5	1	0
3255.6	1	0
3255.7	1	0
3255.8	1	0
3255.9	1	0
3256	1	0
3256.1	1	0
3256.2	1	0
3256.3	1	0
3256.4	1	0
3256.5	1	0
3256.6	1	0
3256.7	1	0
3256.8	1	0
3256.9	1	0
3257	1	0
3257.1	1	0
3257.2	1	0
3257.3	1	0
3257.4	1	0
3257.5	1	0
3257.6	1	0
3257.7	1	0
3257.8	1	0
3257.9	1	0
3258	1	0
3258.1	1	0
3258.2	1	0
3258.3	1	0
3258.4	1	0
3258.5	1	0
3258.6	1	0
3258.7	1	0
3258.8	1	0
3258.9	1	0
3259	1	0
3259.1	1	0
3259.2	1	0
3259.3	1	0
3259.4	1	0
3259.5	1	0
3259.6	1	0
3259.7	1	0
3259.8	1	0
3259.9	1	0
3260	1	0
3260.1	1	0
3260.2	1	0
3260.3	1	0
3260.4	1	0
3260.5	1	0
3260.6	1	0
3260.7	1	0
3260.8	1	0
3260.9	1	0
3261	1	0
3261.1	1	0
3261.2	1	0
3261.3	1	0
3261.4	1	0
3261.5	1	0
3261.6	1	0
3261.7	1	0
3261.8	1	0
3261.9	1	0
3262	1	0
3262.1	1	0
3262.2	1	0
3262.3	1	0
3262.4	1	0
3262.5	1	0
3262.6	1	0
3262.7	1	0
3262.8	1	0
3262.9	1	0
3263	1	0
3263.1	1	0
3263.2	1	0
3263.3	1	0
3263.4	1	0
3263.5	1	0
3263.6	1	0
3263.7	1	0
3263.8	1	0
3263.9	1	0
3264	1	0
3264.1	1	0
3264.2	1	0
3264.3	1	0
3264.4	1	0
3264.5	1	0
3264.6	1	0
3264.7	1	0
3264.8	1	0
3264.9	1	0
3265	1	0
3265.1	1	0
3265.2	1	0
3265.3	1	0
3265.4	1	0
3265.5	1	0
3265.6	1	0
3265.7	1	0
3265.8	1	0
3265.9	1	0
3266	1	0
3266.1	1	0
3266.2	1	0
3266.3	1	0
3266.4	1	0
3266.5	1	0
3266.6	1	0
3266.7	1	0
3266.8	1	0
3266.9	1	0
3267	1	0
3267.1	1	0
3267.2	1	0
3267.3	1	0
3267.4	1	0
3267.5	1	0
3267.6	1	0
3267.7	1	0
3267.8	1	0
3267.9	1	0
3268	1	0
3268.1	1	0
3268.2	1	0
3268.3	1	0
3268.4	1	0
3268.5	1	0
3268.6	1	0
3268.7	1	0
3268.8	1	0
3268.9	1	0
3269	1	0
3269.1	1	0
3269.2	1	0
3269.3	1	0
3269.4	1	0
3269.5	1	0
3269.6	1	0
3269.7	1	0
3269.8	1	0
3269.9	1	0
3270	1	0
3270.1	1	0
3270.2	1	0
3270.3	1	0
3270.4	1	0
3270.5	1	0
3270.6	1	0
3270.7	1	0
3270.8	1	0
3270.9	1	0
3271	1	0
3271.1	1	0
3271.2	1	0
3271.3	1	0
3271.4	1	0
3271.5	1	0
3271.6	1	0
3271.7	1	0
3271.8	1	0
3271.9	1	0
3272	1	0
3272.1	1	0
3272.2	1	0
3272.3	1	0
3272.4	1	0
3272.5	1	0
3272.6	1	0
3272.7	1	0
3272.8	1	0
3272.9	1	0
3273	1	0
3273.1	1	0
3273.2	1	0
3273.3	1	0
3273.4	1	0
3273.5	1	0
3273.6	1	0
3273.7	1	0
3273.8	1	0
3273.9	1	0
3274	1	0
3274.1	1	0
3274.2	1	0
3274.3	1	0
3274.4	1	0
3274.5	1	0
3274.6	1	0
3274.7	1	0
3274.8	1	0
3274.9	1	0
3275	1	0
3275.1	1	0
3275.2	1	0
3275.3	1	0
3275.4	1	0
3275.5	1	0
3275.6	1	0
3275.7	1	0
3275.8	1	0
3275.9	1	0
3276	1	0
3276.1	1	0
3276.2	1	0
3276.3	1	0
3276.4	1	0
3276.5	1	0
3276.6	1	0
3276.7	1	0
3276.8	1	0
3276.9	1	0
3277	1	0
3277.1	1	0
3277.2	1	0
3277.3	1	0
3277.4	1	0
3277.5	1	0
3277.6	1	0
3277.7	1	0
3277.8	1	0
3277.9	1	0
3278	1	0
3278.1	1	0
3278.2	1	0
3278.3	1	0
3278.4	1	0
3278.5	1	0
3278.6	1	0
3278.7	1	0
3278.8	1	0
3278.9	1	0
3279	1	0
3279.1	1	0
3279.2	1	0
3279.3	1	0
3279.4	1	0
3279.5	1	0
3279.6	1	0
3279.7	1	0
3279.8	1	0
3279.9	1	0
3280	1	0
3280.1	1	0
3280.2	1	0
3280.3	1	0
3280.4	1	0
3280.5	1	0
3280.6	1	0
3280.7	1	0
3280.8	1	0
3280.9	1	0
3281	1	0
3281.1	1	0
3281.2	1	0
3281.3	1	0
3281.4	1	0
3281.5	1	0
3281.6	1	0
3281.7	1	0
3281.8	1	0
3281.9	1	0
3282	1	0
3282.1	1	0
3282.2	1	0
3282.3	1	0
3282.4	1	0
3282.5	1	0
3282.6	1	0
3282.7	1	0
3282.8	1	0
3282.9	1	0
3283	1	0
3283.1	1	0
3283.2	1	0
3283.3	1	0
3283.4	1	0
3283.5	1	0
3283.6	1	0
3283.7	1	0
3283.8	1	0
3283.9	1	0
3284	1	0
3284.1	1	0
3284.2	1	0
3284.3	1	0
3284.4	1	0
3284.5	1	0
3284.6	1	0
3284.7	1	0
3284.8	1	0
3284.9	1	0
3285	1	0
3285.1	1	0
3285.2	1	0
3285.3	1	0
3285.4	1	0
3285.5	1	0
3285.6	1	0
3285.7	1	0
3285.8	1	0
3285.9	1	0
3286	1	0
3286.1	1	0
3286.2	1	0
3286.3	1	0
3286.4	1	0
3286.5	1	0
3286.6	1	0
3286.7	1	0
3286.8	1	0
3286.9	1	0
3287	1	0
3287.1	1	0
3287.2	1	0
3287.3	1	0
3287.4	1	0
3287.5	1	0
