3000	0.933203	0.179149
3000.1	0.9358	0.17427
3000.2	0.939394	0.17092
3000.3	0.943451	0.169015
3000.4	0.946216	0.166661
3000.5	0.947186	0.167439
3000.6	0.947329	0.166458
3000.7	0.943682	0.169395
3000.8	0.935462	0.180218
3000.9	0.93059	0.19419
3001	0.933509	0.193061
3001.1	0.939524	0.18339
3001.2	0.9448	0.170963
3001.3	0.948146	0.157762
3001.4	0.946643	0.160733
3001.5	0.9437	0.16884
3001.6	0.942617	0.173934
3001.7	0.943123	0.172359
3001.8	0.943247	0.175439
3001.9	0.942844	0.178843
3002	0.942531	0.176828
3002.1	0.943832	0.172335
3002.2	0.94604	0.167231
3002.3	0.947196	0.161262
3002.4	0.949323	0.150808
3002.5	0.952536	0.138128
3002.6	0.955591	0.125394
3002.7	0.957561	0.120797
3002.8	0.959604	0.119701
3002.9	0.963089	0.115288
3003	0.9661	0.116694
3003.1	0.966984	0.118332
3003.2	0.964862	0.118635
3003.3	0.958066	0.128046
3003.4	0.947621	0.149187
3003.5	0.937811	0.170587
3003.6	0.931899	0.183094
3003.7	0.930295	0.186252
3003.8	0.930981	0.184236
3003.9	0.930796	0.179382
3004	0.931243	0.185563
3004.1	0.932894	0.183942
3004.2	0.931847	0.190129
3004.3	0.932794	0.186931
3004.4	0.934775	0.182202
3004.5	0.937031	0.180084
3004.6	0.938077	0.179194
3004.7	0.937133	0.180351
3004.8	0.939022	0.176379
3004.9	0.941314	0.168734
3005	0.93961	0.171314
3005.1	0.936819	0.180188
3005.2	0.936711	0.184253
3005.3	0.937907	0.179679
3005.4	0.941703	0.174172
3005.5	0.946237	0.167919
3005.6	0.94753	0.165927
3005.7	0.947233	0.167624
3005.8	0.9467	0.167753
3005.9	0.944308	0.172536
3006	0.939364	0.180417
3006.1	0.934103	0.191061
3006.2	0.929523	0.197583
3006.3	0.928543	0.195101
3006.4	0.930281	0.194814
3006.5	0.931478	0.195838
3006.6	0.932043	0.190683
3006.7	0.934966	0.173928
3006.8	0.938336	0.162821
3006.9	0.940917	0.16539
3007	0.944225	0.164215
3007.1	0.947201	0.160723
3007.2	0.94803	0.160744
3007.3	0.944496	0.170794
3007.4	0.936986	0.187854
3007.5	0.928705	0.204442
3007.6	0.922152	0.214441
3007.7	0.9198	0.218216
3007.8	0.920293	0.216357
3007.9	0.916187	0.224861
3008	0.913857	0.228692
3008.1	0.918126	0.219976
3008.2	0.923908	0.212189
3008.3	0.928212	0.203906
3008.4	0.931467	0.193447
3008.5	0.93406	0.181581
3008.6	0.93321	0.180788
3008.7	0.932742	0.193414
3008.8	0.937267	0.187035
3008.9	0.943012	0.17348
3009	0.94522	0.174258
3009.1	0.942854	0.179093
3009.2	0.9369	0.188257
3009.3	0.932296	0.195513
3009.4	0.929236	0.203904
3009.5	0.928872	0.208233
3009.6	0.928952	0.20677
3009.7	0.9278	0.201836
3009.8	0.926559	0.198614
3009.9	0.925333	0.20325
3010	0.923562	0.209059
3010.1	0.92145	0.215842
3010.2	0.922528	0.211974
3010.3	0.923745	0.205985
3010.4	0.924396	0.205171
3010.5	0.927948	0.194315
3010.6	0.930714	0.18616
3010.7	0.931887	0.184251
3010.8	0.930748	0.188802
3010.9	0.930644	0.194027
3011	0.931379	0.197746
3011.1	0.933104	0.198699
3011.2	0.936286	0.197282
3011.3	0.94098	0.186412
3011.4	0.944231	0.177423
3011.5	0.944109	0.173979
3011.6	0.942504	0.176311
3011.7	0.941231	0.178477
3011.8	0.942322	0.174726
3011.9	0.944802	0.168811
3012	0.945581	0.171132
3012.1	0.947007	0.173194
3012.2	0.949185	0.172892
3012.3	0.949166	0.171689
3012.4	0.950333	0.159934
3012.5	0.949971	0.154993
3012.6	0.947293	0.159
3012.7	0.94454	0.163681
3012.8	0.942169	0.169418
3012.9	0.939614	0.176295
3013	0.938272	0.179449
3013.1	0.938703	0.1744
3013.2	0.94033	0.169511
3013.3	0.939068	0.17074
3013.4	0.935166	0.182483
3013.5	0.931507	0.193829
3013.6	0.929778	0.194266
3013.7	0.930312	0.191366
3013.8	0.932494	0.19281
3013.9	0.937067	0.188666
3014	0.9432	0.173075
3014.1	0.947295	0.165278
3014.2	0.946922	0.170887
3014.3	0.944309	0.177858
3014.4	0.942009	0.177328
3014.5	0.943259	0.16883
3014.6	0.948112	0.157015
3014.7	0.952361	0.150977
3014.8	0.951071	0.1578
3014.9	0.945107	0.163997
3015	0.933742	0.18408
3015.1	0.924915	0.202617
3015.2	0.921626	0.208642
3015.3	0.916591	0.223837
3015.4	0.916898	0.230457
3015.5	0.922782	0.218089
3015.6	0.929765	0.200843
3015.7	0.935669	0.187204
3015.8	0.942607	0.163094
3015.9	0.945934	0.156194
3016	0.947927	0.152603
3016.1	0.94816	0.155744
3016.2	0.947777	0.155343
3016.3	0.944833	0.15332
3016.4	0.939162	0.159459
3016.5	0.934619	0.174832
3016.6	0.933924	0.177348
3016.7	0.93475	0.173601
3016.8	0.936344	0.167333
3016.9	0.937951	0.166345
3017	0.939365	0.164207
3017.1	0.940528	0.160748
3017.2	0.941336	0.157902
3017.3	0.939892	0.157381
3017.4	0.937824	0.168572
3017.5	0.939128	0.168618
3017.6	0.939862	0.168622
3017.7	0.938682	0.175342
3017.8	0.93885	0.176133
3017.9	0.938853	0.181641
3018	0.936389	0.185568
3018.1	0.929825	0.193519
3018.2	0.923162	0.196063
3018.3	0.918354	0.206263
3018.4	0.913477	0.221364
3018.5	0.913079	0.218279
3018.6	0.913121	0.218045
3018.7	0.9125	0.217686
3018.8	0.911742	0.217555
3018.9	0.912336	0.216513
3019	0.912652	0.218629
3019.1	0.916832	0.21164
3019.2	0.922915	0.19966
3019.3	0.924792	0.202599
3019.4	0.924615	0.206537
3019.5	0.926857	0.204412
3019.6	0.934665	0.186542
3019.7	0.944506	0.166044
3019.8	0.947463	0.159977
3019.9	0.945242	0.165005
3020	0.940612	0.179625
3020.1	0.938096	0.18365
3020.2	0.936985	0.183007
3020.3	0.939656	0.177684
3020.4	0.944374	0.165082
3020.5	0.943987	0.168059
3020.6	0.943552	0.167936
3020.7	0.945064	0.150978
3020.8	0.945196	0.1532
3020.9	0.943018	0.160106
3021	0.94287	0.150885
3021.1	0.943439	0.155765
3021.2	0.943065	0.158053
3021.3	0.942519	0.162334
3021.4	0.939418	0.172281
3021.5	0.933367	0.188241
3021.6	0.92504	0.207397
3021.7	0.9162	0.22636
3021.8	0.919862	0.213291
3021.9	0.922269	0.20842
3022	0.922825	0.20368
3022.1	0.920828	0.204251
3022.2	0.915717	0.210959
3022.3	0.913125	0.216254
3022.4	0.912819	0.2191
3022.5	0.915302	0.217844
3022.6	0.919045	0.213873
3022.7	0.923835	0.204726
3022.8	0.925909	0.203656
3022.9	0.929321	0.195403
3023	0.931487	0.193603
3023.1	0.928642	0.202234
3023.2	0.925235	0.210853
3023.3	0.925103	0.21334
3023.4	0.9286	0.205162
3023.5	0.93252	0.195278
3023.6	0.93343	0.191722
3023.7	0.933934	0.190734
3023.8	0.934986	0.185696
3023.9	0.934722	0.182997
3024	0.936604	0.177699
3024.1	0.943522	0.156427
3024.2	0.94888	0.148959
3024.3	0.950966	0.147593
3024.4	0.951048	0.15023
3024.5	0.946578	0.162199
3024.6	0.936154	0.189323
3024.7	0.928226	0.209682
3024.8	0.922884	0.216536
3024.9	0.921275	0.216779
3025	0.920863	0.211463
3025.1	0.918349	0.210296
3025.2	0.91436	0.21547
3025.3	0.912747	0.220789
3025.4	0.914326	0.221046
3025.5	0.915895	0.218709
3025.6	0.919827	0.209963
3025.7	0.925874	0.196456
3025.8	0.926968	0.19202
3025.9	0.926488	0.192024
3026	0.924281	0.198813
3026.1	0.924285	0.192461
3026.2	0.925407	0.190721
3026.3	0.924393	0.197119
3026.4	0.92415	0.19895
3026.5	0.926867	0.191651
3026.6	0.933095	0.181455
3026.7	0.939199	0.170977
3026.8	0.945003	0.153737
3026.9	0.950136	0.139108
3027	0.95182	0.139268
3027.1	0.95154	0.147042
3027.2	0.952466	0.149472
3027.3	0.953989	0.143396
3027.4	0.952994	0.147742
3027.5	0.951065	0.155517
3027.6	0.951277	0.153217
3027.7	0.954169	0.140195
3027.8	0.956015	0.135601
3027.9	0.952086	0.152328
3028	0.947863	0.168552
3028.1	0.944147	0.175057
3028.2	0.941756	0.176682
3028.3	0.937983	0.183089
3028.4	0.934727	0.185203
3028.5	0.930879	0.189941
3028.6	0.92683	0.195042
3028.7	0.921195	0.20551
3028.8	0.914861	0.216714
3028.9	0.915321	0.215868
3029	0.920033	0.203883
3029.1	0.926082	0.194158
3029.2	0.92725	0.200405
3029.3	0.924037	0.213156
3029.4	0.922678	0.216561
3029.5	0.924482	0.206562
3029.6	0.925047	0.200836
3029.7	0.925146	0.193777
3029.8	0.926454	0.185992
3029.9	0.928583	0.184269
3030	0.931536	0.17912
3030.1	0.93577	0.171446
3030.2	0.940733	0.162868
3030.3	0.944673	0.158121
3030.4	0.946295	0.157249
3030.5	0.947116	0.154896
3030.6	0.947764	0.15243
3030.7	0.948802	0.151158
3030.8	0.950683	0.142055
3030.9	0.950923	0.137471
3031	0.948329	0.142409
3031.1	0.943855	0.151865
3031.2	0.938531	0.162058
3031.3	0.934812	0.173097
3031.4	0.93819	0.16299
3031.5	0.944477	0.146735
3031.6	0.948905	0.139046
3031.7	0.950066	0.140044
3031.8	0.949567	0.142055
3031.9	0.950835	0.13903
3032	0.950515	0.140768
3032.1	0.949401	0.147359
3032.2	0.950691	0.146158
3032.3	0.954515	0.138239
3032.4	0.956432	0.137271
3032.5	0.957485	0.135422
3032.6	0.957086	0.131216
3032.7	0.955185	0.130156
3032.8	0.954797	0.129615
3032.9	0.953893	0.13274
3033	0.949725	0.148093
3033.1	0.944437	0.162445
3033.2	0.938127	0.171046
3033.3	0.929988	0.184298
3033.4	0.927811	0.188305
3033.5	0.928755	0.190047
3033.6	0.930928	0.186193
3033.7	0.931951	0.188392
3033.8	0.928802	0.196933
3033.9	0.927187	0.196741
3034	0.92706	0.192776
3034.1	0.924834	0.193351
3034.2	0.91827	0.210868
3034.3	0.920163	0.215325
3034.4	0.925279	0.206883
3034.5	0.929022	0.195735
3034.6	0.933376	0.185065
3034.7	0.937943	0.17533
3034.8	0.937671	0.175419
3034.9	0.934249	0.17665
3035	0.931371	0.18115
3035.1	0.929959	0.184417
3035.2	0.928173	0.187377
3035.3	0.928924	0.179146
3035.4	0.929595	0.173899
3035.5	0.927181	0.182624
3035.6	0.926434	0.189635
3035.7	0.926684	0.195195
3035.8	0.930326	0.194197
3035.9	0.933294	0.191156
3036	0.932314	0.190875
3036.1	0.931418	0.18739
3036.2	0.93064	0.18904
3036.3	0.929055	0.192346
3036.4	0.92956	0.19272
3036.5	0.93514	0.182317
3036.6	0.944038	0.161351
3036.7	0.95247	0.141664
3036.8	0.957842	0.125883
3036.9	0.959951	0.122902
3037	0.958838	0.130507
3037.1	0.956324	0.133095
3037.2	0.954399	0.13155
3037.3	0.952095	0.136552
3037.4	0.94937	0.141868
3037.5	0.946333	0.15347
3037.6	0.944007	0.16319
3037.7	0.941903	0.167818
3037.8	0.941776	0.163919
3037.9	0.944331	0.152402
3038	0.945946	0.147792
3038.1	0.945419	0.150441
3038.2	0.945064	0.1534
3038.3	0.942815	0.155032
3038.4	0.938831	0.160344
3038.5	0.935648	0.170657
3038.6	0.933026	0.187673
3038.7	0.932844	0.192811
3038.8	0.934698	0.183415
3038.9	0.93782	0.172418
3039	0.941208	0.170828
3039.1	0.946166	0.164455
3039.2	0.953272	0.145499
3039.3	0.960861	0.119376
3039.4	0.966293	0.0981549
3039.5	0.966015	0.111166
3039.6	0.962367	0.127954
3039.7	0.958347	0.138345
3039.8	0.953138	0.146192
3039.9	0.943781	0.169291
3040	0.936905	0.185572
3040.1	0.931217	0.195286
3040.2	0.928678	0.193856
3040.3	0.925359	0.192343
3040.4	0.920863	0.192745
3040.5	0.915269	0.203681
3040.6	0.909771	0.217966
3040.7	0.902565	0.230222
3040.8	0.904033	0.231757
3040.9	0.907577	0.230857
3041	0.908758	0.230754
3041.1	0.909365	0.230143
3041.2	0.911473	0.225005
3041.3	0.915015	0.217117
3041.4	0.919607	0.211886
3041.5	0.924457	0.20637
3041.6	0.922586	0.21063
3041.7	0.917272	0.219993
3041.8	0.915819	0.228213
3041.9	0.917572	0.223153
3042	0.920073	0.210942
3042.1	0.923171	0.197691
3042.2	0.923987	0.202223
3042.3	0.925964	0.197172
3042.4	0.933176	0.179325
3042.5	0.935133	0.179506
3042.6	0.935757	0.182674
3042.7	0.936035	0.185938
3042.8	0.935111	0.185332
3042.9	0.934972	0.184706
3043	0.938836	0.182253
3043.1	0.941009	0.182494
3043.2	0.942616	0.182889
3043.3	0.941479	0.182858
3043.4	0.940105	0.181632
3043.5	0.941203	0.171712
3043.6	0.944162	0.161247
3043.7	0.947691	0.150836
3043.8	0.950709	0.142787
3043.9	0.952529	0.141287
3044	0.954796	0.133276
3044.1	0.954937	0.143084
3044.2	0.952294	0.156477
3044.3	0.946739	0.169991
3044.4	0.939444	0.184308
3044.5	0.932076	0.201302
3044.6	0.924908	0.214094
3044.7	0.920577	0.224
3044.8	0.923082	0.216116
3044.9	0.930189	0.196382
3045	0.938607	0.17528
3045.1	0.941209	0.170644
3045.2	0.939579	0.17122
3045.3	0.935759	0.177693
3045.4	0.931237	0.183232
3045.5	0.925428	0.188452
3045.6	0.921029	0.201447
3045.7	0.921448	0.211988
3045.8	0.923559	0.211685
3045.9	0.926032	0.2074
3046	0.930587	0.193744
3046.1	0.936488	0.178762
3046.2	0.938068	0.1755
3046.3	0.936134	0.175633
3046.4	0.932287	0.185935
3046.5	0.933169	0.186164
3046.6	0.935195	0.180951
3046.7	0.935369	0.184976
3046.8	0.934614	0.187461
3046.9	0.933841	0.185687
3047	0.936289	0.178892
3047.1	0.939998	0.171814
3047.2	0.943665	0.161885
3047.3	0.945703	0.16183
3047.4	0.946875	0.166983
3047.5	0.947096	0.16816
3047.6	0.942721	0.176693
3047.7	0.938264	0.188207
3047.8	0.938155	0.183659
3047.9	0.936542	0.181725
3048	0.933156	0.181712
3048.1	0.930774	0.185725
3048.2	0.932019	0.183881
3048.3	0.934598	0.17986
3048.4	0.935768	0.177518
3048.5	0.939328	0.167528
3048.6	0.942517	0.159121
3048.7	0.941827	0.163186
3048.8	0.940134	0.1728
3048.9	0.940271	0.173852
3049	0.941871	0.173392
3049.1	0.944554	0.169184
3049.2	0.946688	0.168903
3049.3	0.950877	0.16035
3049.4	0.955485	0.147159
3049.5	0.958201	0.14032
3049.6	0.958171	0.142958
3049.7	0.957715	0.142786
3049.8	0.954515	0.15431
3049.9	0.950408	0.168145
3050	0.946013	0.178261
3050.1	0.942207	0.183404
3050.2	0.939036	0.185302
3050.3	0.933903	0.192124
3050.4	0.927785	0.207571
3050.5	0.92377	0.218316
3050.6	0.924326	0.21381
3050.7	0.926988	0.206788
3050.8	0.927643	0.204492
3050.9	0.92962	0.20213
3051	0.935174	0.19366
3051.1	0.939021	0.18952
3051.2	0.938578	0.191672
3051.3	0.94037	0.187761
3051.4	0.941148	0.18518
3051.5	0.941292	0.18303
3051.6	0.943085	0.174915
3051.7	0.94845	0.156356
3051.8	0.951949	0.147276
3051.9	0.950919	0.151268
3052	0.94633	0.162664
3052.1	0.939615	0.176401
3052.2	0.932165	0.190755
3052.3	0.928429	0.198103
3052.4	0.924573	0.210309
3052.5	0.923126	0.220107
3052.6	0.922707	0.223684
3052.7	0.925083	0.214136
3052.8	0.926787	0.206242
3052.9	0.926089	0.202602
3053	0.927571	0.195289
3053.1	0.931131	0.184482
3053.2	0.935701	0.173222
3053.3	0.937913	0.16981
3053.4	0.939323	0.164158
3053.5	0.941547	0.156444
3053.6	0.942309	0.156276
3053.7	0.94213	0.162187
3053.8	0.942793	0.161983
3053.9	0.940534	0.166872
3054	0.937412	0.174556
3054.1	0.935223	0.181201
3054.2	0.93354	0.18427
3054.3	0.935688	0.177405
3054.4	0.940766	0.165784
3054.5	0.94447	0.161638
3054.6	0.947027	0.159278
3054.7	0.950914	0.148853
3054.8	0.955414	0.138627
3054.9	0.956577	0.135565
3055	0.954658	0.136908
3055.1	0.951784	0.14255
3055.2	0.949832	0.14821
3055.3	0.948275	0.151569
3055.4	0.946978	0.150687
3055.5	0.941988	0.168695
3055.6	0.9381	0.179405
3055.7	0.937287	0.176523
3055.8	0.939262	0.164657
3055.9	0.942045	0.149058
3056	0.941987	0.147698
3056.1	0.939241	0.158814
3056.2	0.942383	0.1549
3056.3	0.946236	0.148333
3056.4	0.946957	0.149586
3056.5	0.944707	0.158794
3056.6	0.941835	0.168377
3056.7	0.937351	0.176093
3056.8	0.933304	0.185163
3056.9	0.932014	0.191496
3057	0.935132	0.186221
3057.1	0.938008	0.18415
3057.2	0.936045	0.188032
3057.3	0.933796	0.190128
3057.4	0.933746	0.190922
3057.5	0.930648	0.194165
3057.6	0.927338	0.197858
3057.7	0.928219	0.197081
3057.8	0.931722	0.18923
3057.9	0.932167	0.18708
3058	0.928243	0.191726
3058.1	0.922956	0.196418
3058.2	0.921344	0.199783
3058.3	0.923553	0.195187
3058.4	0.929228	0.183325
3058.5	0.935304	0.169924
3058.6	0.935934	0.172976
3058.7	0.934198	0.181394
3058.8	0.93481	0.18139
3058.9	0.936625	0.178267
3059	0.937326	0.177147
3059.1	0.936735	0.176019
3059.2	0.93585	0.171547
3059.3	0.933027	0.177888
3059.4	0.930506	0.187163
3059.5	0.930921	0.187556
3059.6	0.933587	0.180304
3059.7	0.936626	0.174501
3059.8	0.938032	0.170227
3059.9	0.9367	0.181411
3060	0.93693	0.180407
3060.1	0.938909	0.168857
3060.2	0.941646	0.156694
3060.3	0.943579	0.15478
3060.4	0.942921	0.16156
3060.5	0.940934	0.176604
3060.6	0.944746	0.1688
3060.7	0.949332	0.159019
3060.8	0.948244	0.157295
3060.9	0.942532	0.170569
3061	0.940932	0.177318
3061.1	0.94097	0.184728
3061.2	0.942076	0.181158
3061.3	0.942809	0.177375
3061.4	0.939166	0.190369
3061.5	0.934551	0.201726
3061.6	0.930667	0.210213
3061.7	0.930249	0.208341
3061.8	0.931739	0.204095
3061.9	0.93154	0.202701
3062	0.932103	0.195737
3062.1	0.932835	0.189801
3062.2	0.935623	0.177496
3062.3	0.93759	0.172902
3062.4	0.935893	0.179887
3062.5	0.933095	0.183403
3062.6	0.92907	0.18626
3062.7	0.92303	0.195964
3062.8	0.916689	0.205824
3062.9	0.913725	0.216366
3063	0.913185	0.220091
3063.1	0.912335	0.223887
3063.2	0.912407	0.22808
3063.3	0.912693	0.229846
3063.4	0.912378	0.227055
3063.5	0.913918	0.215752
3063.6	0.916835	0.201338
3063.7	0.920669	0.191199
3063.8	0.921438	0.197834
3063.9	0.919713	0.204246
3064	0.917953	0.206206
3064.1	0.917158	0.205037
3064.2	0.9188	0.200602
3064.3	0.921613	0.198839
3064.4	0.926118	0.193458
3064.5	0.931617	0.190487
3064.6	0.934017	0.188018
3064.7	0.931641	0.188959
3064.8	0.924624	0.201605
3064.9	0.917624	0.212277
3065	0.910343	0.217603
3065.1	0.90741	0.222445
3065.2	0.910032	0.219845
3065.3	0.91592	0.212163
3065.4	0.923888	0.197666
3065.5	0.930601	0.182205
3065.6	0.93336	0.181713
3065.7	0.935807	0.180554
3065.8	0.93945	0.173869
3065.9	0.939258	0.175249
3066	0.93718	0.169118
3066.1	0.932718	0.174653
3066.2	0.924944	0.186701
3066.3	0.917127	0.198331
3066.4	0.910705	0.210197
3066.5	0.907406	0.217241
3066.6	0.907645	0.219629
3066.7	0.909553	0.220123
3066.8	0.914695	0.217208
3066.9	0.921507	0.212547
3067	0.928579	0.203503
3067.1	0.934733	0.188468
3067.2	0.93834	0.178577
3067.3	0.939488	0.170428
3067.4	0.936526	0.180739
3067.5	0.936226	0.185257
3067.6	0.934546	0.188365
3067.7	0.931073	0.193482
3067.8	0.926395	0.196732
3067.9	0.921218	0.201891
3068	0.919081	0.204377
3068.1	0.916019	0.207549
3068.2	0.913175	0.214555
3068.3	0.91489	0.209379
3068.4	0.916838	0.199425
3068.5	0.919041	0.19673
3068.6	0.920743	0.191873
3068.7	0.921615	0.187636
3068.8	0.920581	0.19446
3068.9	0.918402	0.201553
3069	0.916457	0.207444
3069.1	0.914708	0.21112
3069.2	0.914574	0.209905
3069.3	0.912938	0.214304
3069.4	0.908986	0.229389
3069.5	0.909008	0.229528
3069.6	0.911789	0.224777
3069.7	0.910894	0.221436
3069.8	0.908305	0.218124
3069.9	0.909399	0.212998
3070	0.914496	0.205942
3070.1	0.920412	0.194198
3070.2	0.922379	0.189724
3070.3	0.924433	0.180738
3070.4	0.927974	0.174416
3070.5	0.931429	0.165921
3070.6	0.936079	0.156366
3070.7	0.940242	0.156602
3070.8	0.943267	0.154542
3070.9	0.944039	0.154166
3071	0.943386	0.155815
3071.1	0.936568	0.168128
3071.2	0.925584	0.193832
3071.3	0.919798	0.207038
3071.4	0.917553	0.210367
3071.5	0.913531	0.216743
3071.6	0.911756	0.22466
3071.7	0.913996	0.225436
3071.8	0.917815	0.216156
3071.9	0.922698	0.201653
3072	0.924679	0.200303
3072.1	0.921226	0.211655
3072.2	0.915755	0.222707
3072.3	0.913432	0.221654
3072.4	0.911605	0.226603
3072.5	0.912533	0.224848
3072.6	0.914578	0.217882
3072.7	0.914613	0.215398
3072.8	0.918775	0.208278
3072.9	0.923872	0.202107
3073	0.924739	0.208259
3073.1	0.926885	0.205156
3073.2	0.92951	0.197704
3073.3	0.927815	0.206889
3073.4	0.923562	0.211975
3073.5	0.917284	0.215503
3073.6	0.91406	0.223164
3073.7	0.915135	0.225229
3073.8	0.916462	0.224729
3073.9	0.920935	0.218865
3074	0.928987	0.205232
3074.1	0.941473	0.17473
3074.2	0.946808	0.163638
3074.3	0.949296	0.16579
3074.4	0.950609	0.163851
3074.5	0.951048	0.156502
3074.6	0.949293	0.156977
3074.7	0.945745	0.169803
3074.8	0.942321	0.178894
3074.9	0.93831	0.183073
3075	0.931864	0.187466
3075.1	0.927624	0.189739
3075.2	0.9238	0.197273
3075.3	0.924381	0.199076
3075.4	0.926832	0.198088
3075.5	0.929626	0.198944
3075.6	0.932736	0.198131
3075.7	0.933942	0.195411
3075.8	0.932039	0.193654
3075.9	0.926944	0.204676
3076	0.921725	0.216636
3076.1	0.919307	0.214502
3076.2	0.916871	0.22147
3076.3	0.919033	0.221059
3076.4	0.924365	0.209815
3076.5	0.926137	0.207082
3076.6	0.923915	0.20819
3076.7	0.918294	0.222446
3076.8	0.913193	0.224599
3076.9	0.910899	0.221236
3077	0.910198	0.222069
3077.1	0.913113	0.216531
3077.2	0.91343	0.20859
3077.3	0.910817	0.205169
3077.4	0.90531	0.216616
3077.5	0.906231	0.220905
3077.6	0.912198	0.214275
3077.7	0.918451	0.205093
3077.8	0.923513	0.202926
3077.9	0.926913	0.201399
3078	0.931437	0.19119
3078.1	0.936455	0.180239
3078.2	0.940721	0.170072
3078.3	0.943659	0.159988
3078.4	0.944934	0.150531
3078.5	0.942361	0.163507
3078.6	0.938609	0.172105
3078.7	0.932489	0.185796
3078.8	0.928516	0.197248
3078.9	0.928087	0.197351
3079	0.927184	0.199733
3079.1	0.923757	0.203892
3079.2	0.920921	0.207484
3079.3	0.923281	0.20283
3079.4	0.925753	0.202291
3079.5	0.925199	0.205249
3079.6	0.92394	0.205739
3079.7	0.923845	0.20474
3079.8	0.923563	0.201809
3079.9	0.925647	0.191718
3080	0.927939	0.186522
3080.1	0.929874	0.187417
3080.2	0.932849	0.188439
3080.3	0.934726	0.188255
3080.4	0.934894	0.18842
3080.5	0.93453	0.189306
3080.6	0.934937	0.183882
3080.7	0.937436	0.171702
3080.8	0.938732	0.163425
3080.9	0.937247	0.16195
3081	0.935527	0.164555
3081.1	0.934962	0.163073
3081.2	0.932223	0.170795
3081.3	0.929098	0.188187
3081.4	0.928049	0.194791
3081.5	0.927501	0.196072
3081.6	0.926854	0.2013
3081.7	0.924047	0.20396
3081.8	0.917166	0.214338
3081.9	0.911549	0.224901
3082	0.908367	0.229116
3082.1	0.908795	0.228318
3082.2	0.912546	0.226392
3082.3	0.91812	0.208133
3082.4	0.920773	0.202627
3082.5	0.919473	0.212472
3082.6	0.919595	0.212552
3082.7	0.921827	0.207633
3082.8	0.923339	0.201166
3082.9	0.922812	0.198686
3083	0.923151	0.19658
3083.1	0.923953	0.191619
3083.2	0.92963	0.180438
3083.3	0.933139	0.178628
3083.4	0.935871	0.180042
3083.5	0.942352	0.164409
3083.6	0.947477	0.145737
3083.7	0.949964	0.1364
3083.8	0.947848	0.15164
3083.9	0.943521	0.169391
3084	0.939453	0.18051
3084.1	0.937464	0.177573
3084.2	0.933487	0.181869
3084.3	0.930612	0.186621
3084.4	0.929877	0.182955
3084.5	0.92805	0.18773
3084.6	0.928906	0.187279
3084.7	0.931293	0.182081
3084.8	0.935748	0.169296
3084.9	0.93919	0.160941
3085	0.938251	0.165707
3085.1	0.93362	0.180014
3085.2	0.928643	0.193473
3085.3	0.924988	0.201872
3085.4	0.920617	0.209203
3085.5	0.918836	0.215077
3085.6	0.917265	0.216751
3085.7	0.914782	0.22125
3085.8	0.914745	0.217858
3085.9	0.913403	0.217589
3086	0.91081	0.223482
3086.1	0.911027	0.227807
3086.2	0.911807	0.226224
3086.3	0.913554	0.218178
3086.4	0.916454	0.212768
3086.5	0.922221	0.203492
3086.6	0.923999	0.205988
3086.7	0.920261	0.212873
3086.8	0.914888	0.216116
3086.9	0.914525	0.211641
3087	0.917185	0.207528
3087.1	0.920151	0.202146
3087.2	0.923729	0.196424
3087.3	0.930189	0.184543
3087.4	0.935609	0.181128
3087.5	0.939319	0.174036
3087.6	0.944925	0.151911
3087.7	0.950439	0.136016
3087.8	0.950867	0.142393
3087.9	0.94808	0.152166
3088	0.94514	0.159103
3088.1	0.943227	0.165033
3088.2	0.942657	0.170005
3088.3	0.942832	0.169063
3088.4	0.942561	0.165034
3088.5	0.940884	0.163365
3088.6	0.936828	0.166562
3088.7	0.930888	0.1757
3088.8	0.925137	0.188006
3088.9	0.920057	0.199862
3089	0.915324	0.211861
3089.1	0.913203	0.219833
3089.2	0.913869	0.222516
3089.3	0.917556	0.215342
3089.4	0.922554	0.205551
3089.5	0.926315	0.198013
3089.6	0.929334	0.187974
3089.7	0.929559	0.187184
3089.8	0.931285	0.188921
3089.9	0.934533	0.182986
3090	0.938316	0.17235
3090.1	0.941716	0.162739
3090.2	0.943101	0.160218
3090.3	0.942288	0.162215
3090.4	0.941885	0.165208
3090.5	0.94463	0.160101
3090.6	0.949849	0.147764
3090.7	0.955833	0.13408
3090.8	0.954993	0.138706
3090.9	0.94842	0.153356
3091	0.940588	0.174264
3091.1	0.934562	0.193651
3091.2	0.930306	0.203166
3091.3	0.925114	0.211142
3091.4	0.921153	0.215967
3091.5	0.918648	0.217258
3091.6	0.917029	0.219492
3091.7	0.918091	0.2115
3091.8	0.920479	0.201288
3091.9	0.923602	0.189633
3092	0.927854	0.181327
3092.1	0.933229	0.177132
3092.2	0.937261	0.170322
3092.3	0.938428	0.175094
3092.4	0.937064	0.181193
3092.5	0.933396	0.193434
3092.6	0.932445	0.196767
3092.7	0.932244	0.19514
3092.8	0.931252	0.191251
3092.9	0.932775	0.185941
3093	0.93504	0.18277
3093.1	0.937101	0.173889
3093.2	0.940365	0.162865
3093.3	0.940101	0.167982
3093.4	0.936389	0.188616
3093.5	0.93096	0.198623
3093.6	0.924787	0.212091
3093.7	0.926259	0.210918
3093.8	0.932452	0.20055
3093.9	0.935764	0.197515
3094	0.936783	0.193697
3094.1	0.93811	0.185782
3094.2	0.937492	0.192852
3094.3	0.937203	0.193905
3094.4	0.938041	0.191044
3094.5	0.937668	0.189789
3094.6	0.936986	0.185606
3094.7	0.938543	0.175884
3094.8	0.939244	0.172514
3094.9	0.938497	0.169824
3095	0.936717	0.168439
3095.1	0.934326	0.177475
3095.2	0.934015	0.184133
3095.3	0.935725	0.181711
3095.4	0.936456	0.176131
3095.5	0.936009	0.17708
3095.6	0.934156	0.183636
3095.7	0.934254	0.185965
3095.8	0.934427	0.185906
3095.9	0.934588	0.184937
3096	0.93564	0.187699
3096.1	0.935855	0.191062
3096.2	0.936314	0.18894
3096.3	0.938805	0.177847
3096.4	0.939171	0.176529
3096.5	0.939119	0.177668
3096.6	0.938133	0.184594
3096.7	0.936672	0.195748
3096.8	0.936906	0.196504
3096.9	0.932975	0.200246
3097	0.926655	0.207892
3097.1	0.924527	0.207755
3097.2	0.925157	0.200354
3097.3	0.926244	0.196951
3097.4	0.924611	0.196213
3097.5	0.925578	0.201234
3097.6	0.93028	0.195406
3097.7	0.935201	0.187726
3097.8	0.936557	0.189149
3097.9	0.936578	0.187975
3098	0.937066	0.186687
3098.1	0.937681	0.185028
3098.2	0.938632	0.18211
3098.3	0.942616	0.171071
3098.4	0.946129	0.164276
3098.5	0.943254	0.169666
3098.6	0.937791	0.178508
3098.7	0.938375	0.172203
3098.8	0.943375	0.158538
3098.9	0.947669	0.146202
3099	0.947522	0.148651
3099.1	0.944149	0.160535
3099.2	0.939063	0.168024
3099.3	0.931957	0.182626
3099.4	0.930402	0.187882
3099.5	0.932596	0.184917
3099.6	0.935017	0.186486
3099.7	0.937328	0.193879
3099.8	0.942071	0.19171
3099.9	0.950638	0.175979
3100	0.960903	0.158696
3100.1	0.972138	0.132524
3100.2	0.981057	0.106421
3100.3	0.987398	0.0878724
3100.4	0.990972	0.0755095
3100.5	0.993294	0.0628482
3100.6	0.994988	0.0530525
3100.7	0.99606	0.0486074
3100.8	0.996626	0.0471608
3100.9	0.996895	0.0465384
3101	0.997023	0.0460598
3101.1	0.997092	0.0456001
3101.2	0.997139	0.0451434
3101.3	0.997184	0.0446889
3101.4	0.997217	0.0442361
3101.5	0.997248	0.0437856
3101.6	0.997277	0.0433378
3101.7	0.997306	0.0428927
3101.8	0.997334	0.0424506
3101.9	0.997362	0.0420116
3102	0.99739	0.0415757
3102.1	0.997418	0.0411433
3102.2	0.997445	0.0407142
3102.3	0.997472	0.0402887
3102.4	0.997499	0.0398669
3102.5	0.997525	0.0394488
3102.6	0.997551	0.0390344
3102.7	0.997577	0.038624
3102.8	0.997603	0.0382174
3102.9	0.997631	0.037815
3103	0.997656	0.0374163
3103.1	0.997681	0.0370218
3103.2	0.997705	0.0366313
3103.3	0.997729	0.0362449
3103.4	0.997753	0.0358626
3103.5	0.997777	0.0354844
3103.6	0.997801	0.0351104
3103.7	0.997824	0.0347405
3103.8	0.997847	0.0343748
3103.9	0.997869	0.0340131
3104	0.997892	0.0336557
3104.1	0.997914	0.0333024
3104.2	0.997936	0.0329531
3104.3	0.997958	0.032608
3104.4	0.997979	0.0322669
3104.5	0.998	0.0319299
3104.6	0.998021	0.0315969
3104.7	0.998042	0.0312679
3104.8	0.998062	0.0309429
3104.9	0.998082	0.0306219
3105	0.998102	0.0303048
3105.1	0.998122	0.0299916
3105.2	0.998141	0.0296823
3105.3	0.99816	0.0293768
3105.4	0.998179	0.0290751
3105.5	0.998198	0.0287771
3105.6	0.998216	0.0284829
3105.7	0.998234	0.0281924
3105.8	0.998252	0.0279055
3105.9	0.99827	0.0276223
3106	0.998288	0.0273426
3106.1	0.998305	0.0270664
3106.2	0.998322	0.0267937
3106.3	0.998339	0.0265245
3106.4	0.998356	0.0262587
3106.5	0.998372	0.0259963
3106.6	0.998388	0.0257373
3106.7	0.998404	0.0254815
3106.8	0.99842	0.025229
3106.9	0.998436	0.0249796
3107	0.998451	0.0247335
3107.1	0.998466	0.0244905
3107.2	0.998481	0.0242506
3107.3	0.998496	0.0240138
3107.4	0.998511	0.0237799
3107.5	0.998525	0.0235491
3107.6	0.99854	0.0233212
3107.7	0.998554	0.0230961
3107.8	0.998568	0.022874
3107.9	0.998581	0.0226547
3108	0.998595	0.0224381
3108.1	0.998608	0.0222243
3108.2	0.998621	0.0220132
3108.3	0.998635	0.0218048
3108.4	0.998647	0.0215989
3108.5	0.99866	0.0213958
3108.6	0.998673	0.0211951
3108.7	0.998685	0.020997
3108.8	0.998697	0.0208014
3108.9	0.998709	0.0206082
3109	0.998721	0.0204174
3109.1	0.998733	0.0202291
3109.2	0.998745	0.0200431
3109.3	0.998756	0.0198594
3109.4	0.998768	0.019678
3109.5	0.998779	0.0194989
3109.6	0.99879	0.0193219
3109.7	0.998801	0.0191472
3109.8	0.998812	0.0189746
3109.9	0.998822	0.0188042
3110	0.998833	0.0186358
3110.1	0.998843	0.0184695
3110.2	0.998854	0.0183053
3110.3	0.998864	0.018143
3110.4	0.998874	0.0179828
3110.5	0.998884	0.0178245
3110.6	0.998894	0.0176681
3110.7	0.998903	0.0175136
3110.8	0.998913	0.0173609
3110.9	0.998922	0.0172102
3111	0.998932	0.0170612
3111.1	0.998941	0.016914
3111.2	0.99895	0.0167686
3111.3	0.998959	0.0166249
3111.4	0.998968	0.016483
3111.5	0.998977	0.0163427
3111.6	0.998985	0.0162041
3111.7	1	6.23778e-08
3111.8	1	6.23778e-08
3111.9	1	6.23778e-08
3112	1	6.23778e-08
3112.1	1	6.23778e-08
3112.2	1	6.23778e-08
3112.3	1	6.23778e-08
3112.4	1	6.23778e-08
3112.5	1	6.23778e-08
3112.6	1	6.23778e-08
3112.7	1	6.23778e-08
3112.8	1	6.23778e-08
3112.9	1	6.23778e-08
3113	1	6.23778e-08
3113.1	1	6.23778e-08
3113.2	1	6.23778e-08
3113.3	1	6.23778e-08
3113.4	1	6.23778e-08
3113.5	1	6.23778e-08
3113.6	1	6.23778e-08
3113.7	1	6.23778e-08
3113.8	1	6.23778e-08
3113.9	1	6.23778e-08
3114	1	6.23778e-08
3114.1	1	6.23778e-08
3114.2	1	6.23778e-08
3114.3	1	6.23778e-08
3114.4	1	6.23778e-08
3114.5	1	6.23778e-08
3114.6	1	6.23778e-08
3114.7	1	6.23778e-08
3114.8	1	6.23778e-08
3114.9	1	6.23778e-08
3115	1	6.23778e-08
3115.1	1	6.23778e-08
3115.2	1	6.23778e-08
3115.3	1	6.23778e-08
3115.4	1	6.23778e-08
3115.5	1	6.23778e-08
3115.6	1	6.23778e-08
3115.7	1	6.23778e-08
3115.8	1	6.23778e-08
3115.9	1	6.23778e-08
3116	1	6.23778e-08
3116.1	1	6.23778e-08
3116.2	1	6.23778e-08
3116.3	1	6.23778e-08
3116.4	1	6.23778e-08
3116.5	1	6.23778e-08
3116.6	1	6.23778e-08
3116.7	1	6.23778e-08
3116.8	1	6.23778e-08
3116.9	1	6.23778e-08
3117	1	6.23778e-08
3117.1	1	0
3117.2	1	0
3117.3	1	0
3117.4	1	0
3117.5	1	0
3117.6	1	0
3117.7	1	0
3117.8	1	0
3117.9	1	0
3118	1	0
3118.1	1	0
3118.2	1	0
3118.3	1	0
3118.4	1	0
3118.5	1	0
3118.6	1	0
3118.7	1	0
3118.8	1	0
3118.9	1	0
3119	1	0
3119.1	1	0
3119.2	1	0
3119.3	1	0
3119.4	1	0
3119.5	1	0
3119.6	1	0
3119.7	1	0
3119.8	1	0
3119.9	1	0
3120	1	0
3120.1	1	0
3120.2	1	0
3120.3	1	0
3120.4	1	0
3120.5	1	0
3120.6	1	0
3120.7	1	0
3120.8	1	0
3120.9	1	0
3121	1	0
3121.1	1	0
3121.2	1	0
3121.3	1	0
3121.4	1	0
3121.5	1	0
3121.6	1	0
3121.7	1	0
3121.8	1	0
3121.9	1	0
3122	1	0
3122.1	1	0
3122.2	1	0
3122.3	1	0
3122.4	1	0
3122.5	1	0
3122.6	1	0
3122.7	1	0
3122.8	1	0
3122.9	1	0
3123	1	0
3123.1	1	0
3123.2	1	0
3123.3	1	0
3123.4	1	0
3123.5	1	0
3123.6	1	0
3123.7	1	0
3123.8	1	0
3123.9	1	0
3124	1	0
3124.1	1	0
3124.2	1	0
3124.3	1	0
3124.4	1	0
3124.5	1	0
3124.6	1	0
3124.7	1	0
3124.8	1	0
3124.9	1	0
3125	1	0
3125.1	1	0
3125.2	1	0
3125.3	1	0
3125.4	1	0
3125.5	1	0
3125.6	1	0
3125.7	1	0
3125.8	1	0
3125.9	1	0
3126	1	0
3126.1	1	0
3126.2	1	0
3126.3	1	0
3126.4	1	0
3126.5	1	0
3126.6	1	0
3126.7	1	0
3126.8	1	0
3126.9	1	0
3127	1	0
3127.1	1	0
3127.2	1	0
3127.3	1	0
3127.4	1	0
3127.5	1	0
3127.6	1	0
3127.7	1	0
3127.8	1	0
3127.9	1	0
3128	1	0
3128.1	1	0
3128.2	1	0
3128.3	1	0
3128.4	1	0
3128.5	1	0
3128.6	1	0
3128.7	1	0
3128.8	1	0
3128.9	1	0
3129	1	0
3129.1	1	0
3129.2	1	0
3129.3	1	0
3129.4	1	0
3129.5	1	0
3129.6	1	0
3129.7	1	0
3129.8	1	0
3129.9	1	0
3130	1	0
3130.1	1	0
3130.2	1	0
3130.3	1	0
3130.4	1	0
3130.5	1	0
3130.6	1	0
3130.7	1	0
3130.8	1	0
3130.9	1	0
3131	1	0
3131.1	1	0
3131.2	1	0
3131.3	1	0
3131.4	1	0
3131.5	1	0
3131.6	1	0
3131.7	1	0
3131.8	1	0
3131.9	1	0
3132	1	0
3132.1	1	0
3132.2	1	0
3132.3	1	0
3132.4	1	0
3132.5	1	0
3132.6	1	0
3132.7	1	0
3132.8	1	0
3132.9	1	0
3133	1	0
3133.1	1	0
3133.2	1	0
3133.3	1	0
3133.4	1	0
3133.5	1	0
3133.6	1	0
3133.7	1	0
3133.8	1	0
3133.9	1	0
3134	1	0
3134.1	1	0
3134.2	1	0
3134.3	1	0
3134.4	1	0
3134.5	1	0
3134.6	1	0
3134.7	1	0
3134.8	1	0
3134.9	1	0
3135	1	0
3135.1	1	0
3135.2	1	0
3135.3	1	0
3135.4	1	0
3135.5	1	0
3135.6	1	0
3135.7	1	0
3135.8	1	0
3135.9	1	0
3136	1	0
3136.1	1	0
3136.2	1	0
3136.3	1	0
3136.4	1	0
3136.5	1	0
3136.6	1	0
3136.7	1	0
3136.8	1	0
3136.9	1	0
3137	1	0
3137.1	1	0
3137.2	1	0
3137.3	1	0
3137.4	1	0
3137.5	1	0
3137.6	1	0
3137.7	1	0
3137.8	1	0
3137.9	1	0
3138	1	0
3138.1	1	0
3138.2	1	0
3138.3	1	0
3138.4	1	0
3138.5	1	0
3138.6	1	0
3138.7	1	0
3138.8	1	0
3138.9	1	0
3139	1	0
3139.1	1	0
3139.2	1	0
3139.3	1	0
3139.4	1	0
3139.5	1	0
3139.6	1	0
3139.7	1	0
3139.8	1	0
3139.9	1	0
3140	1	0
3140.1	1	0
3140.2	1	0
3140.3	1	0
3140.4	1	0
3140.5	1	0
3140.6	1	0
3140.7	1	0
3140.8	1	0
3140.9	1	0
3141	1	0
3141.1	1	0
3141.2	1	0
3141.3	1	0
3141.4	1	0
3141.5	1	0
3141.6	1	0
3141.7	1	0
3141.8	1	0
3141.9	1	0
3142	1	0
3142.1	1	0
3142.2	1	0
3142.3	1	0
3142.4	1	0
3142.5	1	0
3142.6	1	0
3142.7	1	0
3142.8	1	0
3142.9	1	0
3143	1	0
3143.1	1	0
3143.2	1	0
3143.3	1	0
3143.4	1	0
3143.5	1	0
3143.6	1	0
3143.7	1	0
3143.8	1	0
3143.9	1	0
3144	1	0
3144.1	1	0
3144.2	1	0
3144.3	1	0
3144.4	1	0
3144.5	1	0
3144.6	1	0
3144.7	1	0
3144.8	1	0
3144.9	1	0
3145	1	0
3145.1	1	0
3145.2	1	0
3145.3	1	0
3145.4	1	0
3145.5	1	0
3145.6	1	0
3145.7	1	0
3145.8	1	0
3145.9	1	0
3146	1	0
3146.1	1	0
3146.2	1	0
3146.3	1	0
3146.4	1	0
3146.5	1	0
3146.6	1	0
3146.7	1	0
3146.8	1	0
3146.9	1	0
3147	1	0
3147.1	1	0
3147.2	1	0
3147.3	1	0
3147.4	1	0
3147.5	1	0
3147.6	1	0
3147.7	1	0
3147.8	1	0
3147.9	1	0
3148	1	0
3148.1	1	0
3148.2	1	0
3148.3	1	0
3148.4	1	0
3148.5	1	0
3148.6	1	0
3148.7	1	0
3148.8	1	0
3148.9	1	0
3149	1	0
3149.1	1	0
3149.2	1	0
3149.3	1	0
3149.4	1	0
3149.5	1	0
3149.6	1	0
3149.7	1	0
3149.8	1	0
3149.9	1	0
3150	1	0
3150.1	1	0
3150.2	1	0
3150.3	1	0
3150.4	1	0
3150.5	1	0
3150.6	1	0
3150.7	1	0
3150.8	1	0
3150.9	1	0
3151	1	0
3151.1	1	0
3151.2	1	0
3151.3	1	0
3151.4	1	0
3151.5	1	0
3151.6	1	0
3151.7	1	0
3151.8	1	0
3151.9	1	0
3152	1	0
3152.1	1	0
3152.2	1	0
3152.3	1	0
3152.4	1	0
3152.5	1	0
3152.6	1	0
3152.7	1	0
3152.8	1	0
3152.9	1	0
3153	1	0
3153.1	1	0
3153.2	1	0
3153.3	1	0
3153.4	1	0
3153.5	1	0
3153.6	1	0
3153.7	1	0
3153.8	1	0
3153.9	1	0
3154	1	0
3154.1	1	0
3154.2	1	0
3154.3	1	0
3154.4	1	0
3154.5	1	0
3154.6	1	0
3154.7	1	0
3154.8	1	0
3154.9	1	0
3155	1	0
3155.1	1	0
3155.2	1	0
3155.3	1	0
3155.4	1	0
3155.5	1	0
3155.6	1	0
3155.7	1	0
3155.8	1	0
3155.9	1	0
3156	1	0
3156.1	1	0
3156.2	1	0
3156.3	1	0
3156.4	1	0
3156.5	1	0
3156.6	1	0
3156.7	1	0
3156.8	1	0
3156.9	1	0
3157	1	0
3157.1	1	0
3157.2	1	0
3157.3	1	0
3157.4	1	0
3157.5	1	0
3157.6	1	0
3157.7	1	0
3157.8	1	0
3157.9	1	0
3158	1	0
3158.1	1	0
3158.2	1	0
3158.3	1	0
3158.4	1	0
3158.5	1	0
3158.6	1	0
3158.7	1	0
3158.8	1	0
3158.9	1	0
3159	1	0
3159.1	1	0
3159.2	1	0
3159.3	1	0
3159.4	1	0
3159.5	1	0
3159.6	1	0
3159.7	1	0
3159.8	1	0
3159.9	1	0
3160	1	0
3160.1	1	0
3160.2	1	0
3160.3	1	0
3160.4	1	0
3160.5	1	0
3160.6	1	0
3160.7	1	0
3160.8	1	0
3160.9	1	0
3161	1	0
3161.1	1	0
3161.2	1	0
3161.3	1	0
3161.4	1	0
3161.5	1	0
3161.6	1	0
3161.7	1	0
3161.8	1	0
3161.9	1	0
3162	1	0
3162.1	1	0
3162.2	1	0
3162.3	1	0
3162.4	1	0
3162.5	1	0
3162.6	1	0
3162.7	1	0
3162.8	1	0
3162.9	1	0
3163	1	0
3163.1	1	0
3163.2	1	0
3163.3	1	0
3163.4	1	0
3163.5	1	0
3163.6	1	0
3163.7	1	0
3163.8	1	0
3163.9	1	0
3164	1	0
3164.1	1	0
3164.2	1	0
3164.3	1	0
3164.4	1	0
3164.5	1	0
3164.6	1	0
3164.7	1	0
3164.8	1	0
3164.9	1	0
3165	1	0
3165.1	1	0
3165.2	1	0
3165.3	1	0
3165.4	1	0
3165.5	1	0
3165.6	1	0
3165.7	1	0
3165.8	1	0
3165.9	1	0
3166	1	0
3166.1	1	0
3166.2	1	0
3166.3	1	0
3166.4	1	0
3166.5	1	0
3166.6	1	0
3166.7	1	0
3166.8	1	0
3166.9	1	0
3167	1	0
3167.1	1	0
3167.2	1	0
3167.3	1	0
3167.4	1	0
3167.5	1	0
3167.6	1	0
3167.7	1	0
3167.8	1	0
3167.9	1	0
3168	1	0
3168.1	1	0
3168.2	1	0
3168.3	1	0
3168.4	1	0
3168.5	1	0
3168.6	1	0
3168.7	1	0
3168.8	1	0
3168.9	1	0
3169	1	0
3169.1	1	0
3169.2	1	0
3169.3	1	0
3169.4	1	0
3169.5	1	0
3169.6	1	0
3169.7	1	0
3169.8	1	0
3169.9	1	0
3170	1	0
3170.1	1	0
3170.2	1	0
3170.3	1	0
3170.4	1	0
3170.5	1	0
3170.6	1	0
3170.7	1	0
3170.8	1	0
3170.9	1	0
3171	1	0
3171.1	1	0
3171.2	1	0
3171.3	1	0
3171.4	1	0
3171.5	1	0
3171.6	1	0
3171.7	1	0
3171.8	1	0
3171.9	1	0
3172	1	0
3172.1	1	0
3172.2	1	0
3172.3	1	0
3172.4	1	0
3172.5	1	0
3172.6	1	0
3172.7	1	0
3172.8	1	0
3172.9	1	0
3173	1	0
3173.1	1	0
3173.2	1	0
3173.3	1	0
3173.4	1	0
3173.5	1	0
3173.6	1	0
3173.7	1	0
3173.8	1	0
3173.9	1	0
3174	1	0
3174.1	1	0
3174.2	1	0
3174.3	1	0
3174.4	1	0
3174.5	1	0
3174.6	1	0
3174.7	1	0
3174.8	1	0
3174.9	1	0
3175	1	0
3175.1	1	0
3175.2	1	0
3175.3	1	0
3175.4	1	0
3175.5	1	0
3175.6	1	0
3175.7	1	0
3175.8	1	0
3175.9	1	0
3176	1	0
3176.1	1	0
3176.2	1	0
3176.3	1	0
3176.4	1	0
3176.5	1	0
3176.6	1	0
3176.7	1	0
3176.8	1	0
3176.9	1	0
3177	1	0
3177.1	1	0
3177.2	1	0
3177.3	1	0
3177.4	1	0
3177.5	1	0
3177.6	1	0
3177.7	1	0
3177.8	1	0
3177.9	1	0
3178	1	0
3178.1	1	0
3178.2	1	0
3178.3	1	0
3178.4	1	0
3178.5	1	0
3178.6	1	0
3178.7	1	0
3178.8	1	0
3178.9	1	0
3179	1	0
3179.1	1	0
3179.2	1	0
3179.3	1	0
3179.4	1	0
3179.5	1	0
3179.6	1	0
3179.7	1	0
3179.8	1	0
3179.9	1	0
3180	1	0
3180.1	1	0
3180.2	1	0
3180.3	1	0
3180.4	1	0
3180.5	1	0
3180.6	1	0
3180.7	1	0
3180.8	1	0
3180.9	1	0
3181	1	0
3181.1	1	0
3181.2	1	0
3181.3	1	0
3181.4	1	0
3181.5	1	0
3181.6	1	0
3181.7	1	0
3181.8	1	0
3181.9	1	0
3182	1	0
3182.1	1	0
3182.2	1	0
3182.3	1	0
3182.4	1	0
3182.5	1	0
3182.6	1	0
3182.7	1	0
3182.8	1	0
3182.9	1	0
3183	1	0
3183.1	1	0
3183.2	1	0
3183.3	1	0
3183.4	1	0
3183.5	1	0
3183.6	1	0
3183.7	1	0
3183.8	1	0
3183.9	1	0
3184	1	0
3184.1	1	0
3184.2	1	0
3184.3	1	0
3184.4	1	0
3184.5	1	0
3184.6	1	0
3184.7	1	0
3184.8	1	0
3184.9	1	0
3185	1	0
3185.1	1	0
3185.2	1	0
3185.3	1	0
3185.4	1	0
3185.5	1	0
3185.6	1	0
3185.7	1	0
3185.8	1	0
3185.9	1	0
3186	1	0
3186.1	1	0
3186.2	1	0
3186.3	1	0
3186.4	1	0
3186.5	1	0
3186.6	1	0
3186.7	1	0
3186.8	1	0
3186.9	1	0
3187	1	0
3187.1	1	0
3187.2	1	0
3187.3	1	0
3187.4	1	0
3187.5	1	0
3187.6	1	0
3187.7	1	0
3187.8	1	0
3187.9	1	0
3188	1	0
3188.1	1	0
3188.2	1	0
3188.3	1	0
3188.4	1	0
3188.5	1	0
3188.6	1	0
3188.7	1	0
3188.8	1	0
3188.9	1	0
3189	1	0
3189.1	1	0
3189.2	1	0
3189.3	1	0
3189.4	1	0
3189.5	1	0
3189.6	1	0
3189.7	1	0
3189.8	1	0
3189.9	1	0
3190	1	0
3190.1	1	0
3190.2	1	0
3190.3	1	0
3190.4	1	0
3190.5	1	0
3190.6	1	0
3190.7	1	0
3190.8	1	0
3190.9	1	0
3191	1	0
3191.1	1	0
3191.2	1	0
3191.3	1	0
3191.4	1	0
3191.5	1	0
3191.6	1	0
3191.7	1	0
3191.8	1	0
3191.9	1	0
3192	1	0
3192.1	1	0
3192.2	1	0
3192.3	1	0
3192.4	1	0
3192.5	1	0
3192.6	1	0
3192.7	1	0
3192.8	1	0
3192.9	1	0
3193	1	0
3193.1	1	0
3193.2	1	0
3193.3	1	0
3193.4	1	0
3193.5	1	0
3193.6	1	0
3193.7	1	0
3193.8	1	0
3193.9	1	0
3194	1	0
3194.1	1	0
3194.2	1	0
3194.3	1	0
3194.4	1	0
3194.5	1	0
3194.6	1	0
3194.7	1	0
3194.8	1	0
3194.9	1	0
3195	1	0
3195.1	1	0
3195.2	1	0
3195.3	1	0
3195.4	1	0
3195.5	1	0
3195.6	1	0
3195.7	1	0
3195.8	1	0
3195.9	1	0
3196	1	0
3196.1	1	0
3196.2	1	0
3196.3	1	0
3196.4	1	0
3196.5	1	0
3196.6	1	0
3196.7	1	0
3196.8	1	0
3196.9	1	0
3197	1	0
3197.1	1	0
3197.2	1	0
3197.3	1	0
3197.4	1	0
3197.5	1	0
3197.6	1	0
3197.7	1	0
3197.8	1	0
3197.9	1	0
3198	1	0
3198.1	1	0
3198.2	1	0
3198.3	1	0
3198.4	1	0
3198.5	1	0
3198.6	1	0
3198.7	1	0
3198.8	1	0
3198.9	1	0
3199	1	0
3199.1	1	0
3199.2	1	0
3199.3	1	0
3199.4	1	0
3199.5	1	0
3199.6	1	0
3199.7	1	0
3199.8	1	0
3199.9	1	0
3200	1	0
3200.1	1	0
3200.2	1	0
3200.3	1	0
3200.4	1	0
3200.5	1	0
3200.6	1	0
3200.7	1	0
3200.8	1	0
3200.9	1	0
3201	1	0
3201.1	1	0
3201.2	1	0
3201.3	1	0
3201.4	1	0
3201.5	1	0
3201.6	1	0
3201.7	1	0
3201.8	1	0
3201.9	1	0
3202	1	0
3202.1	1	0
3202.2	1	0
3202.3	1	0
3202.4	1	0
3202.5	1	0
3202.6	1	0
3202.7	1	0
3202.8	1	0
3202.9	1	0
3203	1	0
3203.1	1	0
3203.2	1	0
3203.3	1	0
3203.4	1	0
3203.5	1	0
3203.6	1	0
3203.7	1	0
3203.8	1	0
3203.9	1	0
3204	1	0
3204.1	1	0
3204.2	1	0
3204.3	1	0
3204.4	1	0
3204.5	1	0
3204.6	1	0
3204.7	1	0
3204.8	1	0
3204.9	1	0
3205	1	0
3205.1	1	0
3205.2	1	0
3205.3	1	0
3205.4	1	0
3205.5	1	0
3205.6	1	0
3205.7	1	0
3205.8	1	0
3205.9	1	0
3206	1	0
3206.1	1	0
3206.2	1	0
3206.3	1	0
3206.4	1	0
3206.5	1	0
3206.6	1	0
3206.7	1	0
3206.8	1	0
3206.9	1	0
3207	1	0
3207.1	1	0
3207.2	1	0
3207.3	1	0
3207.4	1	0
3207.5	1	0
3207.6	1	0
3207.7	1	0
3207.8	1	0
3207.9	1	0
3208	1	0
3208.1	1	0
3208.2	1	0
3208.3	1	0
3208.4	1	0
3208.5	1	0
3208.6	1	0
3208.7	1	0
3208.8	1	0
3208.9	1	0
3209	1	0
3209.1	1	0
3209.2	1	0
3209.3	1	0
3209.4	1	0
3209.5	1	0
3209.6	1	0
3209.7	1	0
3209.8	1	0
3209.9	1	0
3210	1	0
3210.1	1	0
3210.2	1	0
3210.3	1	0
3210.4	1	0
3210.5	1	0
3210.6	1	0
3210.7	1	0
3210.8	1	0
3210.9	1	0
3211	1	0
3211.1	1	0
3211.2	1	0
3211.3	1	0
3211.4	1	0
3211.5	1	0
3211.6	1	0
3211.7	1	0
3211.8	1	0
3211.9	1	0
3212	1	0
3212.1	1	0
3212.2	1	0
3212.3	1	0
3212.4	1	0
3212.5	1	0
3212.6	1	0
3212.7	1	0
3212.8	1	0
3212.9	1	0
3213	1	0
3213.1	1	0
3213.2	1	0
3213.3	1	0
3213.4	1	0
3213.5	1	0
3213.6	1	0
3213.7	1	0
3213.8	1	0
3213.9	1	0
3214	1	0
3214.1	1	0
3214.2	1	0
3214.3	1	0
3214.4	1	0
3214.5	1	0
3214.6	1	0
3214.7	1	0
3214.8	1	0
3214.9	1	0
3215	1	0
3215.1	1	0
3215.2	1	0
3215.3	1	0
3215.4	1	0
3215.5	1	0
3215.6	1	0
3215.7	1	0
3215.8	1	0
3215.9	1	0
3216	1	0
3216.1	1	0
3216.2	1	0
3216.3	1	0
3216.4	1	0
3216.5	1	0
3216.6	1	0
3216.7	1	0
3216.8	1	0
3216.9	1	0
3217	1	0
3217.1	1	0
3217.2	1	0
3217.3	1	0
3217.4	1	0
3217.5	1	0
3217.6	1	0
3217.7	1	0
3217.8	1	0
3217.9	1	0
3218	1	0
3218.1	1	0
3218.2	1	0
3218.3	1	0
3218.4	1	0
3218.5	1	0
3218.6	1	0
3218.7	1	0
3218.8	1	0
3218.9	1	0
3219	1	0
3219.1	1	0
3219.2	1	0
3219.3	1	0
3219.4	1	0
3219.5	1	0
3219.6	1	0
3219.7	1	0
3219.8	1	0
3219.9	1	0
3220	1	0
3220.1	1	0
3220.2	1	0
3220.3	1	0
3220.4	1	0
3220.5	1	0
3220.6	1	0
3220.7	1	0
3220.8	1	0
3220.9	1	0
3221	1	0
3221.1	1	0
3221.2	1	0
3221.3	1	0
3221.4	1	0
3221.5	1	0
3221.6	1	0
3221.7	1	0
3221.8	1	0
3221.9	1	0
3222	1	0
3222.1	1	0
3222.2	1	0
3222.3	1	0
3222.4	1	0
3222.5	1	0
3222.6	1	0
3222.7	1	0
3222.8	1	0
3222.9	1	0
3223	1	0
3223.1	1	0
3223.2	1	0
3223.3	1	0
3223.4	1	0
3223.5	1	0
3223.6	1	0
3223.7	1	0
3223.8	1	0
3223.9	1	0
3224	1	0
3224.1	1	0
3224.2	1	0
3224.3	1	0
3224.4	1	0
3224.5	1	0
3224.6	1	0
3224.7	1	0
3224.8	1	0
3224.9	1	0
3225	1	0
3225.1	1	0
3225.2	1	0
3225.3	1	0
3225.4	1	0
3225.5	1	0
3225.6	1	0
3225.7	1	0
3225.8	1	0
3225.9	1	0
3226	1	0
3226.1	1	0
3226.2	1	0
3226.3	1	0
3226.4	1	0
3226.5	1	0
3226.6	1	0
3226.7	1	0
3226.8	1	0
3226.9	1	0
3227	1	0
3227.1	1	0
3227.2	1	0
3227.3	1	0
3227.4	1	0
3227.5	1	0
3227.6	1	0
3227.7	1	0
3227.8	1	0
3227.9	1	0
3228	1	0
3228.1	1	0
3228.2	1	0
3228.3	1	0
3228.4	1	0
3228.5	1	0
3228.6	1	0
3228.7	1	0
3228.8	1	0
3228.9	1	0
3229	1	0
3229.1	1	0
3229.2	1	0
3229.3	1	0
3229.4	1	0
3229.5	1	0
3229.6	1	0
3229.7	1	0
3229.8	1	0
3229.9	1	0
3230	1	0
3230.1	1	0
3230.2	1	0
3230.3	1	0
3230.4	1	0
3230.5	1	0
3230.6	1	0
3230.7	1	0
3230.8	1	0
3230.9	1	0
3231	1	0
3231.1	1	0
3231.2	1	0
3231.3	1	0
3231.4	1	0
3231.5	1	0
3231.6	1	0
3231.7	1	0
3231.8	1	0
3231.9	1	0
3232	1	0
3232.1	1	0
3232.2	1	0
3232.3	1	0
3232.4	1	0
3232.5	1	0
3232.6	1	0
3232.7	1	0
3232.8	1	0
3232.9	1	0
3233	1	0
3233.1	1	0
3233.2	1	0
3233.3	1	0
3233.4	1	0
3233.5	1	0
3233.6	1	0
3233.7	1	0
3233.8	1	0
3233.9	1	0
3234	1	0
3234.1	1	0
3234.2	1	0
3234.3	1	0
3234.4	1	0
3234.5	1	0
3234.6	1	0
3234.7	1	0
3234.8	1	0
3234.9	1	0
3235	1	0
3235.1	1	0
3235.2	1	0
3235.3	1	0
3235.4	1	0
3235.5	1	0
3235.6	1	0
3235.7	1	0
3235.8	1	0
3235.9	1	0
3236	1	0
3236.1	1	0
3236.2	1	0
3236.3	1	0
3236.4	1	0
3236.5	1	0
3236.6	1	0
3236.7	1	0
3236.8	1	0
3236.9	1	0
3237	1	0
3237.1	1	0
3237.2	1	0
3237.3	1	0
3237.4	1	0
3237.5	1	0
3237.6	1	0
3237.7	1	0
3237.8	1	0
3237.9	1	0
3238	1	0
3238.1	1	0
3238.2	1	0
3238.3	1	0
3238.4	1	0
3238.5	1	0
3238.6	1	0
3238.7	1	0
3238.8	1	0
3238.9	1	0
3239	1	0
3239.1	1	0
3239.2	1	0
3239.3	1	0
3239.4	1	0
3239.5	1	0
3239.6	1	0
3239.7	1	0
3239.8	1	0
3239.9	1	0
3240	1	0
3240.1	1	0
3240.2	1	0
3240.3	1	0
3240.4	1	0
3240.5	1	0
3240.6	1	0
3240.7	1	0
3240.8	1	0
3240.9	1	0
3241	1	0
3241.1	1	0
3241.2	1	0
3241.3	1	0
3241.4	1	0
3241.5	1	0
3241.6	1	0
3241.7	1	0
3241.8	1	0
3241.9	1	0
3242	1	0
3242.1	1	0
3242.2	1	0
3242.3	1	0
3242.4	1	0
3242.5	1	0
3242.6	1	0
3242.7	1	0
3242.8	1	0
3242.9	1	0
3243	1	0
3243.1	1	0
3243.2	1	0
3243.3	1	0
3243.4	1	0
3243.5	1	0
3243.6	1	0
3243.7	1	0
3243.8	1	0
3243.9	1	0
3244	1	0
3244.1	1	0
3244.2	1	0
3244.3	1	0
3244.4	1	0
3244.5	1	0
3244.6	1	0
3244.7	1	0
3244.8	1	0
3244.9	1	0
3245	1	0
3245.1	1	0
3245.2	1	0
3245.3	1	0
3245.4	1	0
3245.5	1	0
3245.6	1	0
3245.7	1	0
3245.8	1	0
3245.9	1	0
3246	1	0
3246.1	1	0
3246.2	1	0
3246.3	1	0
3246.4	1	0
3246.5	1	0
3246.6	1	0
3246.7	1	0
3246.8	1	0
3246.9	1	0
3247	1	0
3247.1	1	0
3247.2	1	0
3247.3	1	0
3247.4	1	0
3247.5	1	0
3247.6	1	0
3247.7	1	0
3247.8	1	0
3247.9	1	0
3248	1	0
3248.1	1	0
3248.2	1	0
3248.3	1	0
3248.4	1	0
3248.5	1	0
3248.6	1	0
3248.7	1	0
3248.8	1	0
3248.9	1	0
3249	1	0
3249.1	1	0
3249.2	1	0
3249.3	1	0
3249.4	1	0
3249.5	1	0
3249.6	1	0
3249.7	1	0
3249.8	1	0
3249.9	1	0
3250	1	0
3250.1	1	0
3250.2	1	0
3250.3	1	0
3250.4	1	0
3250.5	1	0
3250.6	1	0
3250.7	1	0
3250.8	1	0
3250.9	1	0
3251	1	0
3251.1	1	0
3251.2	1	0
3251.3	1	0
3251.4	1	0
3251.5	1	0
3251.6	1	0
3251.7	1	0
3251.8	1	0
3251.9	1	0
3252	1	0
3252.1	1	0
3252.2	1	0
3252.3	1	0
3252.4	1	0
3252.5	1	0
3252.6	1	0
3252.7	1	0
3252.8	1	0
3252.9	1	0
3253	1	0
3253.1	1	0
3253.2	1	0
3253.3	1	0
3253.4	1	0
3253.5	1	0
3253.6	1	0
3253.7	1	0
3253.8	1	0
3253.9	1	0
3254	1	0
3254.1	1	0
3254.2	1	0
3254.3	1	0
3254.4	1	0
3254.5	1	0
3254.6	1	0
3254.7	1	0
3254.8	1	0
3254.9	1	0
3255	1	0
3255.1	1	0
3255.2	1	0
3255.3	1	0
3255.4	1	0
3255.5	1	0
3255.6	1	0
3255.7	1	0
3255.8	1	0
3255.9	1	0
3256	1	0
3256.1	1	0
3256.2	1	0
3256.3	1	0
3256.4	1	0
3256.5	1	0
3256.6	1	0
3256.7	1	0
3256.8	1	0
3256.9	1	0
3257	1	0
3257.1	1	0
3257.2	1	0
3257.3	1	0
3257.4	1	0
3257.5	1	0
3257.6	1	0
3257.7	1	0
3257.8	1	0
3257.9	1	0
3258	1	0
3258.1	1	0
3258.2	1	0
3258.3	1	0
3258.4	1	0
3258.5	1	0
3258.6	1	0
3258.7	1	0
3258.8	1	0
3258.9	1	0
3259	1	0
3259.1	1	0
3259.2	1	0
3259.3	1	0
3259.4	1	0
3259.5	1	0
3259.6	1	0
3259.7	1	0
3259.8	1	0
3259.9	1	0
3260	1	0
3260.1	1	0
3260.2	1	0
3260.3	1	0
3260.4	1	0
3260.5	1	0
3260.6	1	0
3260.7	1	0
3260.8	1	0
3260.9	1	0
3261	1	0
3261.1	1	0
3261.2	1	0
3261.3	1	0
3261.4	1	0
3261.5	1	0
3261.6	1	0
3261.7	1	0
3261.8	1	0
3261.9	1	0
3262	1	0
3262.1	1	0
3262.2	1	0
3262.3	1	0
3262.4	1	0
3262.5	1	0
3262.6	1	0
3262.7	1	0
3262.8	1	0
3262.9	1	0
3263	1	0
3263.1	1	0
3263.2	1	0
3263.3	1	0
3263.4	1	0
3263.5	1	0
3263.6	1	0
3263.7	1	0
3263.8	1	0
3263.9	1	0
3264	1	0
3264.1	1	0
3264.2	1	0
3264.3	1	0
3264.4	1	0
3264.5	1	0
3264.6	1	0
3264.7	1	0
3264.8	1	0
3264.9	1	0
3265	1	0
3265.1	1	0
3265.2	1	0
3265.3	1	0
3265.4	1	0
3265.5	1	0
3265.6	1	0
3265.7	1	0
3265.8	1	0
3265.9	1	0
3266	1	0
3266.1	1	0
3266.2	1	0
3266.3	1	0
3266.4	1	0
3266.5	1	0
3266.6	1	0
3266.7	1	0
3266.8	1	0
3266.9	1	0
3267	1	0
3267.1	1	0
3267.2	1	0
3267.3	1	0
3267.4	1	0
3267.5	1	0
3267.6	1	0
3267.7	1	0
3267.8	1	0
3267.9	1	0
3268	1	0
3268.1	1	0
3268.2	1	0
3268.3	1	0
3268.4	1	0
3268.5	1	0
3268.6	1	0
3268.7	1	0
3268.8	1	0
3268.9	1	0
3269	1	0
3269.1	1	0
3269.2	1	0
3269.3	1	0
3269.4	1	0
3269.5	1	0
3269.6	1	0
3269.7	1	0
3269.8	1	0
3269.9	1	0
3270	1	0
3270.1	1	0
3270.2	1	0
3270.3	1	0
3270.4	1	0
3270.5	1	0
3270.6	1	0
3270.7	1	0
3270.8	1	0
3270.9	1	0
3271	1	0
3271.1	1	0
3271.2	1	0
3271.3	1	0
3271.4	1	0
3271.5	1	0
3271.6	1	0
3271.7	1	0
3271.8	1	0
3271.9	1	0
3272	1	0
3272.1	1	0
3272.2	1	0
3272.3	1	0
3272.4	1	0
3272.5	1	0
3272.6	1	0
3272.7	1	0
3272.8	1	0
3272.9	1	0
3273	1	0
3273.1	1	0
3273.2	1	0
3273.3	1	0
3273.4	1	0
3273.5	1	0
3273.6	1	0
3273.7	1	0
3273.8	1	0
3273.9	1	0
3274	1	0
3274.1	1	0
3274.2	1	0
3274.3	1	0
3274.4	1	0
3274.5	1	0
3274.6	1	0
3274.7	1	0
3274.8	1	0
3274.9	1	0
3275	1	0
3275.1	1	0
3275.2	1	0
3275.3	1	0
3275.4	1	0
3275.5	1	0
3275.6	1	0
3275.7	1	0
3275.8	1	0
3275.9	1	0
3276	1	0
3276.1	1	0
3276.2	1	0
3276.3	1	0
3276.4	1	0
3276.5	1	0
3276.6	1	0
3276.7	1	0
3276.8	1	0
3276.9	1	0
3277	1	0
3277.1	1	0
3277.2	1	0
3277.3	1	0
3277.4	1	0
3277.5	1	0
3277.6	1	0
3277.7	1	0
3277.8	1	0
3277.9	1	0
3278	1	0
3278.1	1	0
3278.2	1	0
3278.3	1	0
3278.4	1	0
3278.5	1	0
3278.6	1	0
3278.7	1	0
3278.8	1	0
3278.9	1	0
3279	1	0
3279.1	1	0
3279.2	1	0
3279.3	1	0
3279.4	1	0
3279.5	1	0
3279.6	1	0
3279.7	1	0
3279.8	1	0
3279.9	1	0
3280	1	0
3280.1	1	0
3280.2	1	0
3280.3	1	0
3280.4	1	0
3280.5	1	0
3280.6	1	0
3280.7	1	0
3280.8	1	0
3280.9	1	0
3281	1	0
3281.1	1	0
3281.2	1	0
3281.3	1	0
3281.4	1	0
3281.5	1	0
3281.6	1	0
3281.7	1	0
3281.8	1	0
3281.9	1	0
3282	1	0
3282.1	1	0
3282.2	1	0
3282.3	1	0
3282.4	1	0
3282.5	1	0
3282.6	1	0
3282.7	1	0
3282.8	1	0
3282.9	1	0
3283	1	0
3283.1	1	0
3283.2	1	0
3283.3	1	0
3283.4	1	0
3283.5	1	0
3283.6	1	0
3283.7	1	0
3283.8	1	0
3283.9	1	0
3284	1	0
3284.1	1	0
3284.2	1	0
3284.3	1	0
3284.4	1	0
3284.5	1	0
3284.6	1	0
3284.7	1	0
3284.8	1	0
3284.9	1	0
3285	1	0
3285.1	1	0
3285.2	1	0
3285.3	1	0
3285.4	1	0
3285.5	1	0
3285.6	1	0
3285.7	1	0
3285.8	1	0
3285.9	1	0
3286	1	0
3286.1	1	0
3286.2	1	0
3286.3	1	0
3286.4	1	0
3286.5	1	0
3286.6	1	0
3286.7	1	0
3286.8	1	0
3286.9	1	0
3287	1	0
3287.1	1	0
3287.2	1	0
3287.3	1	0
3287.4	1	0
3287.5	1	0
