3000	0.932757	0.189463
3000.1	0.934725	0.18463
3000.2	0.936651	0.182206
3000.3	0.938731	0.17747
3000.4	0.938939	0.177754
3000.5	0.93741	0.182977
3000.6	0.936346	0.185723
3000.7	0.935052	0.187444
3000.8	0.932577	0.19003
3000.9	0.930619	0.193832
3001	0.930328	0.196095
3001.1	0.932376	0.192501
3001.2	0.934836	0.187168
3001.3	0.935413	0.186679
3001.4	0.935211	0.186587
3001.5	0.935821	0.184609
3001.6	0.936657	0.182863
3001.7	0.937001	0.18094
3001.8	0.936821	0.181506
3001.9	0.937149	0.178433
3002	0.937076	0.17853
3002.1	0.937662	0.179547
3002.2	0.938669	0.176786
3002.3	0.939547	0.17191
3002.4	0.940553	0.168688
3002.5	0.941397	0.168925
3002.6	0.943228	0.165358
3002.7	0.944286	0.164198
3002.8	0.94466	0.164839
3002.9	0.944624	0.164181
3003	0.943457	0.167217
3003.1	0.941987	0.168584
3003.2	0.939984	0.172088
3003.3	0.938287	0.17439
3003.4	0.936924	0.177944
3003.5	0.935449	0.1832
3003.6	0.93448	0.18505
3003.7	0.933417	0.185822
3003.8	0.932344	0.188034
3003.9	0.932803	0.186546
3004	0.934138	0.184352
3004.1	0.935006	0.183324
3004.2	0.93491	0.186918
3004.3	0.934902	0.189257
3004.4	0.935665	0.189226
3004.5	0.93706	0.185325
3004.6	0.936392	0.185027
3004.7	0.933509	0.189091
3004.8	0.931905	0.190424
3004.9	0.931895	0.19083
3005	0.931922	0.192982
3005.1	0.93171	0.194864
3005.2	0.932182	0.191993
3005.3	0.932192	0.190658
3005.4	0.93283	0.188894
3005.5	0.933905	0.188
3005.6	0.935075	0.18632
3005.7	0.936606	0.181357
3005.8	0.937974	0.176337
3005.9	0.93834	0.175659
3006	0.938836	0.176593
3006.1	0.93946	0.176135
3006.2	0.93916	0.176371
3006.3	0.938091	0.177211
3006.4	0.936259	0.182174
3006.5	0.93387	0.188087
3006.6	0.932905	0.188555
3006.7	0.93446	0.183615
3006.8	0.936708	0.17866
3006.9	0.939918	0.17173
3007	0.942005	0.166085
3007.1	0.944492	0.160024
3007.2	0.945236	0.158868
3007.3	0.945151	0.159656
3007.4	0.944702	0.162108
3007.5	0.944557	0.162403
3007.6	0.944047	0.163493
3007.7	0.942709	0.166829
3007.8	0.94026	0.174427
3007.9	0.937734	0.18212
3008	0.936466	0.185287
3008.1	0.936638	0.18341
3008.2	0.937875	0.182316
3008.3	0.939058	0.178956
3008.4	0.939509	0.176554
3008.5	0.939444	0.176229
3008.6	0.939393	0.176131
3008.7	0.940687	0.173637
3008.8	0.942413	0.169907
3008.9	0.944452	0.163874
3009	0.945798	0.161401
3009.1	0.945578	0.161543
3009.2	0.944557	0.163557
3009.3	0.944076	0.164068
3009.4	0.943791	0.164702
3009.5	0.942886	0.170148
3009.6	0.942692	0.171891
3009.7	0.942519	0.169938
3009.8	0.941003	0.172621
3009.9	0.93876	0.177793
3010	0.93666	0.183309
3010.1	0.935001	0.187377
3010.2	0.934759	0.187404
3010.3	0.935514	0.186346
3010.4	0.936606	0.185162
3010.5	0.939321	0.178486
3010.6	0.941108	0.174679
3010.7	0.94123	0.17248
3010.8	0.939401	0.175689
3010.9	0.937859	0.178367
3011	0.937435	0.178396
3011.1	0.936712	0.180386
3011.2	0.935705	0.183077
3011.3	0.935523	0.183179
3011.4	0.935246	0.184044
3011.5	0.934646	0.185975
3011.6	0.93446	0.188171
3011.7	0.935453	0.187665
3011.8	0.937136	0.185221
3011.9	0.93803	0.184009
3012	0.937665	0.185252
3012.1	0.937289	0.183783
3012.2	0.937029	0.183739
3012.3	0.937025	0.183358
3012.4	0.936991	0.182978
3012.5	0.936121	0.183137
3012.6	0.93579	0.184159
3012.7	0.936546	0.181838
3012.8	0.93655	0.181785
3012.9	0.93505	0.184414
3013	0.9336	0.186946
3013.1	0.93356	0.188798
3013.2	0.934768	0.188568
3013.3	0.936156	0.185876
3013.4	0.936811	0.184357
3013.5	0.93592	0.186678
3013.6	0.934184	0.190211
3013.7	0.933934	0.190683
3013.8	0.933894	0.191113
3013.9	0.933293	0.189626
3014	0.933237	0.188261
3014.1	0.933435	0.18582
3014.2	0.932786	0.187882
3014.3	0.932988	0.189218
3014.4	0.934093	0.186723
3014.5	0.936052	0.182373
3014.6	0.937837	0.181154
3014.7	0.938543	0.182734
3014.8	0.939119	0.182108
3014.9	0.93966	0.17981
3015	0.939362	0.179383
3015.1	0.939587	0.178107
3015.2	0.939989	0.176616
3015.3	0.939665	0.177811
3015.4	0.940511	0.176463
3015.5	0.942377	0.170984
3015.6	0.943402	0.16659
3015.7	0.943003	0.168123
3015.8	0.942825	0.164959
3015.9	0.942167	0.166753
3016	0.942372	0.166688
3016.1	0.942838	0.167041
3016.2	0.943	0.169636
3016.3	0.942038	0.172352
3016.4	0.94055	0.174554
3016.5	0.940122	0.171971
3016.6	0.938613	0.174553
3016.7	0.936961	0.177933
3016.8	0.936172	0.177354
3016.9	0.935713	0.17799
3017	0.935166	0.17978
3017.1	0.934808	0.182109
3017.2	0.934745	0.184547
3017.3	0.934607	0.184931
3017.4	0.935344	0.183218
3017.5	0.937005	0.178585
3017.6	0.937586	0.178014
3017.7	0.93701	0.181636
3017.8	0.936269	0.184554
3017.9	0.935421	0.186779
3018	0.934425	0.187216
3018.1	0.933344	0.186998
3018.2	0.932858	0.185356
3018.3	0.933512	0.182296
3018.4	0.934685	0.179592
3018.5	0.935516	0.178303
3018.6	0.936692	0.178311
3018.7	0.937701	0.179336
3018.8	0.937519	0.181596
3018.9	0.935982	0.184989
3019	0.93402	0.189445
3019.1	0.932828	0.190687
3019.2	0.932532	0.191994
3019.3	0.933152	0.192414
3019.4	0.933574	0.192492
3019.5	0.932664	0.194491
3019.6	0.931771	0.194778
3019.7	0.931397	0.193815
3019.8	0.931112	0.194836
3019.9	0.930643	0.195191
3020	0.929995	0.195644
3020.1	0.929231	0.198665
3020.2	0.929272	0.198793
3020.3	0.930994	0.195695
3020.4	0.932732	0.191158
3020.5	0.933543	0.188013
3020.6	0.933851	0.186467
3020.7	0.93502	0.184643
3020.8	0.936285	0.183335
3020.9	0.935848	0.18399
3021	0.933895	0.186276
3021.1	0.932828	0.188046
3021.2	0.932983	0.18489
3021.3	0.932903	0.185406
3021.4	0.9327	0.186015
3021.5	0.932779	0.1864
3021.6	0.932649	0.187955
3021.7	0.932234	0.190002
3021.8	0.932856	0.188627
3021.9	0.933296	0.187123
3022	0.933445	0.186211
3022.1	0.933369	0.186869
3022.2	0.931922	0.190181
3022.3	0.931118	0.1912
3022.4	0.930814	0.194685
3022.5	0.930615	0.198145
3022.6	0.93143	0.198646
3022.7	0.932785	0.19511
3022.8	0.933487	0.192133
3022.9	0.934281	0.187097
3023	0.934317	0.184622
3023.1	0.932248	0.189067
3023.2	0.929299	0.195907
3023.3	0.928804	0.196297
3023.4	0.930664	0.191357
3023.5	0.931918	0.190369
3023.6	0.932288	0.190427
3023.7	0.932038	0.189623
3023.8	0.932026	0.187335
3023.9	0.932203	0.18522
3024	0.932442	0.184182
3024.1	0.933371	0.182402
3024.2	0.934753	0.181125
3024.3	0.935741	0.182429
3024.4	0.935395	0.184999
3024.5	0.934128	0.186486
3024.6	0.932928	0.187761
3024.7	0.933033	0.187808
3024.8	0.934124	0.187382
3024.9	0.935501	0.185826
3025	0.937449	0.179367
3025.1	0.938402	0.17651
3025.2	0.938381	0.177326
3025.3	0.937351	0.179716
3025.4	0.935549	0.182793
3025.5	0.932717	0.188789
3025.6	0.93085	0.19286
3025.7	0.931672	0.191143
3025.8	0.932461	0.188979
3025.9	0.932059	0.188434
3026	0.931399	0.188979
3026.1	0.933515	0.184336
3026.2	0.935809	0.181066
3026.3	0.935092	0.183733
3026.4	0.933802	0.186035
3026.5	0.933085	0.184191
3026.6	0.934467	0.179943
3026.7	0.935709	0.179404
3026.8	0.937329	0.17645
3026.9	0.93983	0.169178
3027	0.941292	0.167653
3027.1	0.940634	0.1718
3027.2	0.939731	0.17635
3027.3	0.938319	0.178905
3027.4	0.936945	0.181669
3027.5	0.936582	0.182225
3027.6	0.937422	0.179637
3027.7	0.938777	0.17603
3027.8	0.940002	0.172688
3027.9	0.938803	0.177386
3028	0.936852	0.184408
3028.1	0.935723	0.187128
3028.2	0.936247	0.182411
3028.3	0.936351	0.179324
3028.4	0.935991	0.179439
3028.5	0.934434	0.18443
3028.6	0.932665	0.189333
3028.7	0.93176	0.19141
3028.8	0.930653	0.192234
3028.9	0.931025	0.189938
3029	0.932732	0.183705
3029.1	0.934215	0.180389
3029.2	0.935389	0.178992
3029.3	0.936	0.179393
3029.4	0.93547	0.181345
3029.5	0.935761	0.179121
3029.6	0.935188	0.179562
3029.7	0.933972	0.180149
3029.8	0.931958	0.185018
3029.9	0.930322	0.190338
3030	0.930838	0.189276
3030.1	0.93318	0.184454
3030.2	0.935477	0.180454
3030.3	0.93574	0.182791
3030.4	0.935465	0.182865
3030.5	0.935226	0.183596
3030.6	0.935341	0.18294
3030.7	0.935851	0.18287
3030.8	0.937266	0.179554
3030.9	0.937856	0.178484
3031	0.937706	0.178018
3031.1	0.93665	0.178203
3031.2	0.935325	0.18041
3031.3	0.934497	0.183126
3031.4	0.935089	0.184032
3031.5	0.935872	0.182339
3031.6	0.937266	0.178513
3031.7	0.938054	0.179252
3031.8	0.938143	0.179487
3031.9	0.937948	0.18002
3032	0.937669	0.181639
3032.1	0.93872	0.178955
3032.2	0.94035	0.17665
3032.3	0.942497	0.171801
3032.4	0.943442	0.168354
3032.5	0.944034	0.165123
3032.6	0.943834	0.164076
3032.7	0.942003	0.168727
3032.8	0.94035	0.172745
3032.9	0.938938	0.176555
3033	0.938341	0.178647
3033.1	0.93864	0.177859
3033.2	0.939768	0.174481
3033.3	0.940893	0.172018
3033.4	0.940775	0.173442
3033.5	0.940165	0.173388
3033.6	0.939506	0.172824
3033.7	0.938764	0.175131
3033.8	0.93766	0.178202
3033.9	0.936949	0.178159
3034	0.936631	0.177314
3034.1	0.936508	0.178296
3034.2	0.935642	0.180743
3034.3	0.935862	0.179451
3034.4	0.936932	0.175843
3034.5	0.938239	0.173062
3034.6	0.93992	0.1705
3034.7	0.941288	0.168465
3034.8	0.941466	0.168316
3034.9	0.940413	0.170505
3035	0.939733	0.170509
3035.1	0.93925	0.171107
3035.2	0.938838	0.172224
3035.3	0.938876	0.172685
3035.4	0.938884	0.174081
3035.5	0.937999	0.176343
3035.6	0.936782	0.179749
3035.7	0.935677	0.183429
3035.8	0.93603	0.183245
3035.9	0.937363	0.182103
3036	0.938734	0.177754
3036.1	0.939892	0.174264
3036.2	0.940061	0.174457
3036.3	0.938937	0.176935
3036.4	0.938055	0.178895
3036.5	0.938698	0.176002
3036.6	0.938442	0.174093
3036.7	0.937223	0.178168
3036.8	0.936066	0.182964
3036.9	0.93533	0.185163
3037	0.93443	0.186535
3037.1	0.934387	0.185074
3037.2	0.935015	0.181802
3037.3	0.936496	0.177674
3037.4	0.936892	0.178364
3037.5	0.935517	0.183543
3037.6	0.933825	0.189735
3037.7	0.933849	0.190585
3037.8	0.934593	0.187793
3037.9	0.93542	0.18453
3038	0.936195	0.183898
3038.1	0.936922	0.183392
3038.2	0.938046	0.180181
3038.3	0.939124	0.176438
3038.4	0.939285	0.175536
3038.5	0.938066	0.178973
3038.6	0.936423	0.18342
3038.7	0.934803	0.185285
3038.8	0.933833	0.185058
3038.9	0.93395	0.185103
3039	0.934924	0.184952
3039.1	0.936353	0.182581
3039.2	0.939037	0.176407
3039.3	0.940361	0.172716
3039.4	0.939941	0.171692
3039.5	0.938305	0.177091
3039.6	0.936284	0.182357
3039.7	0.934729	0.185351
3039.8	0.934547	0.183492
3039.9	0.934312	0.183816
3040	0.934986	0.18382
3040.1	0.935171	0.182772
3040.2	0.936034	0.178502
3040.3	0.935915	0.178311
3040.4	0.935151	0.180191
3040.5	0.935491	0.179664
3040.6	0.936309	0.178044
3040.7	0.934959	0.180137
3040.8	0.933229	0.183734
3040.9	0.932475	0.188301
3041	0.931626	0.19107
3041.1	0.930709	0.19266
3041.2	0.929834	0.193828
3041.3	0.930272	0.191667
3041.4	0.930776	0.190284
3041.5	0.931465	0.189087
3041.6	0.932433	0.188207
3041.7	0.933565	0.18799
3041.8	0.935333	0.185179
3041.9	0.936957	0.181566
3042	0.937368	0.178213
3042.1	0.937022	0.17801
3042.2	0.935698	0.183037
3042.3	0.933896	0.18862
3042.4	0.933263	0.188409
3042.5	0.93247	0.18834
3042.6	0.930771	0.191448
3042.7	0.929333	0.195453
3042.8	0.928743	0.196971
3042.9	0.92906	0.197509
3043	0.930907	0.195633
3043.1	0.932762	0.194077
3043.2	0.934933	0.188402
3043.3	0.936601	0.182113
3043.4	0.937535	0.178322
3043.5	0.938014	0.174624
3043.6	0.93943	0.171283
3043.7	0.941066	0.168121
3043.8	0.941152	0.169169
3043.9	0.941375	0.170875
3044	0.94192	0.170251
3044.1	0.941126	0.172458
3044.2	0.939308	0.175472
3044.3	0.937292	0.179269
3044.4	0.936227	0.179649
3044.5	0.936069	0.179901
3044.6	0.935977	0.179999
3044.7	0.934308	0.184204
3044.8	0.933345	0.1845
3044.9	0.933556	0.182015
3045	0.934864	0.178886
3045.1	0.935766	0.176914
3045.2	0.93537	0.17939
3045.3	0.934914	0.1827
3045.4	0.935977	0.181247
3045.5	0.936978	0.177445
3045.6	0.938077	0.175447
3045.7	0.937842	0.178496
3045.8	0.936904	0.184206
3045.9	0.9364	0.186356
3046	0.935986	0.186145
3046.1	0.93503	0.186617
3046.2	0.933726	0.189125
3046.3	0.933576	0.189377
3046.4	0.934735	0.187963
3046.5	0.937148	0.181979
3046.6	0.938683	0.177817
3046.7	0.939829	0.174764
3046.8	0.940177	0.174628
3046.9	0.939782	0.176425
3047	0.938732	0.177952
3047.1	0.937215	0.181181
3047.2	0.936173	0.182756
3047.3	0.935632	0.184052
3047.4	0.93474	0.1864
3047.5	0.935048	0.184213
3047.6	0.935038	0.183774
3047.7	0.934704	0.184894
3047.8	0.935149	0.183059
3047.9	0.934735	0.183137
3048	0.933644	0.186211
3048.1	0.933143	0.187559
3048.2	0.932489	0.186857
3048.3	0.931788	0.186372
3048.4	0.931211	0.186308
3048.5	0.932259	0.184045
3048.6	0.933969	0.18119
3048.7	0.934759	0.180118
3048.8	0.93553	0.179679
3048.9	0.936234	0.179399
3049	0.936709	0.180561
3049.1	0.937529	0.182209
3049.2	0.939068	0.180391
3049.3	0.940344	0.175964
3049.4	0.941083	0.171552
3049.5	0.942321	0.165815
3049.6	0.943357	0.163092
3049.7	0.943589	0.16345
3049.8	0.942632	0.167494
3049.9	0.942395	0.169806
3050	0.942632	0.170863
3050.1	0.942383	0.169602
3050.2	0.941525	0.16926
3050.3	0.93882	0.173729
3050.4	0.935229	0.181345
3050.5	0.932957	0.186953
3050.6	0.932016	0.188025
3050.7	0.931543	0.190296
3050.8	0.931683	0.191088
3050.9	0.931635	0.193297
3051	0.932965	0.191197
3051.1	0.93485	0.18508
3051.2	0.935911	0.181362
3051.3	0.93623	0.181447
3051.4	0.935513	0.184544
3051.5	0.934697	0.186935
3051.6	0.93458	0.188153
3051.7	0.934166	0.188258
3051.8	0.933677	0.189016
3051.9	0.932535	0.19049
3052	0.931613	0.190388
3052.1	0.930633	0.193347
3052.2	0.929955	0.194139
3052.3	0.931803	0.191858
3052.4	0.93325	0.190208
3052.5	0.933612	0.18754
3052.6	0.933552	0.185545
3052.7	0.934397	0.182838
3052.8	0.935748	0.179355
3052.9	0.936003	0.180737
3053	0.935935	0.183891
3053.1	0.936812	0.182663
3053.2	0.938257	0.180129
3053.3	0.938924	0.179137
3053.4	0.939589	0.177255
3053.5	0.940582	0.173379
3053.6	0.940428	0.172794
3053.7	0.939875	0.173135
3053.8	0.939006	0.173956
3053.9	0.937617	0.176954
3054	0.935437	0.181423
3054.1	0.933024	0.184074
3054.2	0.931033	0.187245
3054.3	0.929795	0.192478
3054.4	0.930996	0.190421
3054.5	0.932312	0.188344
3054.6	0.933752	0.185937
3054.7	0.934928	0.182888
3054.8	0.935246	0.180122
3054.9	0.934231	0.183234
3055	0.933141	0.18564
3055.1	0.932627	0.185681
3055.2	0.932275	0.18598
3055.3	0.93291	0.186734
3055.4	0.93395	0.184978
3055.5	0.934987	0.183039
3055.6	0.935908	0.181401
3055.7	0.936266	0.179296
3055.8	0.935802	0.180585
3055.9	0.935974	0.179019
3056	0.93614	0.178493
3056.1	0.936698	0.177729
3056.2	0.937802	0.176775
3056.3	0.938692	0.177869
3056.4	0.939853	0.177641
3056.5	0.940283	0.177421
3056.6	0.940098	0.178894
3056.7	0.939502	0.178016
3056.8	0.938605	0.177976
3056.9	0.938157	0.179192
3057	0.939606	0.173801
3057.1	0.940599	0.169809
3057.2	0.939879	0.16997
3057.3	0.938723	0.172593
3057.4	0.938004	0.176423
3057.5	0.937927	0.177627
3057.6	0.93762	0.176321
3057.7	0.93725	0.17515
3057.8	0.935965	0.179701
3057.9	0.934638	0.185161
3058	0.934161	0.188352
3058.1	0.934367	0.187805
3058.2	0.935219	0.183982
3058.3	0.937078	0.177855
3058.4	0.939194	0.17217
3058.5	0.94095	0.166768
3058.6	0.942405	0.164256
3058.7	0.943634	0.161329
3058.8	0.944509	0.158324
3058.9	0.944826	0.158316
3059	0.944683	0.159927
3059.1	0.944091	0.164639
3059.2	0.943461	0.166554
3059.3	0.941469	0.170259
3059.4	0.938828	0.176332
3059.5	0.936438	0.180784
3059.6	0.935069	0.181745
3059.7	0.934628	0.181478
3059.8	0.935148	0.182088
3059.9	0.935495	0.183438
3060	0.935219	0.184327
3060.1	0.934529	0.183729
3060.2	0.934125	0.183265
3060.3	0.934994	0.180001
3060.4	0.936203	0.177725
3060.5	0.936787	0.178234
3060.6	0.937954	0.175154
3060.7	0.939934	0.169934
3060.8	0.941365	0.167384
3060.9	0.94112	0.167807
3061	0.939819	0.171766
3061.1	0.938108	0.177167
3061.2	0.937173	0.179813
3061.3	0.936797	0.179986
3061.4	0.935964	0.181803
3061.5	0.935864	0.182645
3061.6	0.935861	0.182826
3061.7	0.936239	0.181915
3061.8	0.936816	0.181683
3061.9	0.937695	0.180801
3062	0.938183	0.180236
3062.1	0.937846	0.179329
3062.2	0.93694	0.179975
3062.3	0.936248	0.181024
3062.4	0.936241	0.180812
3062.5	0.935811	0.181123
3062.6	0.934025	0.184526
3062.7	0.931271	0.189432
3062.8	0.927569	0.196743
3062.9	0.924684	0.202667
3063	0.923375	0.203497
3063.1	0.923947	0.199733
3063.2	0.926238	0.193612
3063.3	0.928289	0.190251
3063.4	0.928643	0.191484
3063.5	0.929273	0.189611
3063.6	0.930075	0.18777
3063.7	0.931012	0.185345
3063.8	0.932595	0.182906
3063.9	0.933632	0.181645
3064	0.93429	0.180307
3064.1	0.934827	0.17919
3064.2	0.935018	0.180068
3064.3	0.93448	0.184375
3064.4	0.934615	0.185463
3064.5	0.935131	0.185328
3064.6	0.935218	0.184141
3064.7	0.934694	0.18415
3064.8	0.932425	0.189433
3064.9	0.930006	0.193512
3065	0.927767	0.198115
3065.1	0.927919	0.198935
3065.2	0.930097	0.195185
3065.3	0.931911	0.190352
3065.4	0.933022	0.186867
3065.5	0.934142	0.184915
3065.6	0.933913	0.184905
3065.7	0.933909	0.184678
3065.8	0.933731	0.187092
3065.9	0.933144	0.187933
3066	0.933367	0.185341
3066.1	0.933381	0.184737
3066.2	0.932401	0.188201
3066.3	0.931889	0.189801
3066.4	0.931188	0.190375
3066.5	0.930535	0.191668
3066.6	0.930753	0.188836
3066.7	0.931209	0.18717
3066.8	0.931517	0.189437
3066.9	0.932155	0.189827
3067	0.933132	0.188197
3067.1	0.933859	0.18496
3067.2	0.93355	0.185217
3067.3	0.932573	0.187258
3067.4	0.931798	0.189969
3067.5	0.931715	0.190111
3067.6	0.931789	0.191063
3067.7	0.93212	0.191852
3067.8	0.932138	0.191068
3067.9	0.932083	0.187938
3068	0.931554	0.186342
3068.1	0.930715	0.18752
3068.2	0.930562	0.187686
3068.3	0.93052	0.185462
3068.4	0.928512	0.188441
3068.5	0.926175	0.195419
3068.6	0.924694	0.19845
3068.7	0.923801	0.202018
3068.8	0.923989	0.203519
3068.9	0.92356	0.203339
3069	0.924261	0.200096
3069.1	0.925926	0.195949
3069.2	0.92794	0.192347
3069.3	0.928554	0.193332
3069.4	0.927508	0.198953
3069.5	0.927075	0.199588
3069.6	0.927244	0.197858
3069.7	0.926042	0.20151
3069.8	0.925078	0.202458
3069.9	0.923538	0.202769
3070	0.922105	0.204506
3070.1	0.921391	0.206799
3070.2	0.921197	0.207993
3070.3	0.922534	0.205019
3070.4	0.924778	0.201339
3070.5	0.926204	0.200761
3070.6	0.927858	0.196831
3070.7	0.929717	0.191713
3070.8	0.92968	0.190004
3070.9	0.928844	0.189937
3071	0.928228	0.192863
3071.1	0.926762	0.197002
3071.2	0.924988	0.20288
3071.3	0.92496	0.203388
3071.4	0.925872	0.201236
3071.5	0.927153	0.199012
3071.6	0.930444	0.193146
3071.7	0.934701	0.185004
3071.8	0.938199	0.176925
3071.9	0.939726	0.171752
3072	0.938625	0.175032
3072.1	0.936034	0.184036
3072.2	0.933686	0.188297
3072.3	0.931576	0.190737
3072.4	0.930493	0.191641
3072.5	0.930417	0.191805
3072.6	0.931898	0.187219
3072.7	0.934258	0.18144
3072.8	0.935892	0.178525
3072.9	0.935899	0.178172
3073	0.934931	0.181456
3073.1	0.933675	0.185481
3073.2	0.933075	0.187384
3073.3	0.932901	0.187569
3073.4	0.93269	0.183799
3073.5	0.931409	0.183475
3073.6	0.929494	0.188668
3073.7	0.928194	0.192823
3073.8	0.927228	0.195894
3073.9	0.926251	0.199674
3074	0.926184	0.200742
3074.1	0.9277	0.196037
3074.2	0.92929	0.192826
3074.3	0.931937	0.189539
3074.4	0.935333	0.182193
3074.5	0.937986	0.174724
3074.6	0.938313	0.173325
3074.7	0.937707	0.174328
3074.8	0.938102	0.172868
3074.9	0.937596	0.174729
3075	0.935661	0.178063
3075.1	0.934161	0.181424
3075.2	0.934291	0.182447
3075.3	0.93498	0.180798
3075.4	0.936687	0.176132
3075.5	0.938317	0.173577
3075.6	0.938674	0.176703
3075.7	0.938629	0.176277
3075.8	0.937878	0.176502
3075.9	0.935578	0.182141
3076	0.934134	0.182971
3076.1	0.933067	0.183293
3076.2	0.931956	0.186279
3076.3	0.932048	0.187366
3076.4	0.933874	0.183971
3076.5	0.935151	0.181544
3076.6	0.93576	0.179056
3076.7	0.935547	0.178733
3076.8	0.934662	0.179643
3076.9	0.933907	0.180568
3077	0.934035	0.18104
3077.1	0.935075	0.179879
3077.2	0.936122	0.174594
3077.3	0.935385	0.172492
3077.4	0.933473	0.178167
3077.5	0.932766	0.182772
3077.6	0.931958	0.184796
3077.7	0.930709	0.186835
3077.8	0.929886	0.189543
3077.9	0.929926	0.190151
3078	0.929836	0.191924
3078.1	0.931088	0.189179
3078.2	0.933839	0.182602
3078.3	0.936647	0.180024
3078.4	0.937583	0.179227
3078.5	0.937184	0.179008
3078.6	0.935986	0.178751
3078.7	0.934749	0.180575
3078.8	0.935579	0.180508
3078.9	0.937759	0.175243
3079	0.939575	0.17157
3079.1	0.93958	0.172651
3079.2	0.939147	0.174572
3079.3	0.93876	0.17439
3079.4	0.938562	0.175597
3079.5	0.937028	0.181504
3079.6	0.935355	0.186226
3079.7	0.93509	0.186845
3079.8	0.935223	0.186406
3079.9	0.935087	0.183881
3080	0.933807	0.18517
3080.1	0.933502	0.18393
3080.2	0.933729	0.183493
3080.3	0.933633	0.185081
3080.4	0.933308	0.185985
3080.5	0.932641	0.187626
3080.6	0.933008	0.18533
3080.7	0.933611	0.1831
3080.8	0.9336	0.183495
3080.9	0.932788	0.18491
3081	0.932263	0.186178
3081.1	0.932737	0.184356
3081.2	0.93294	0.181905
3081.3	0.932835	0.182995
3081.4	0.932921	0.183066
3081.5	0.935052	0.177826
3081.6	0.936385	0.176695
3081.7	0.935837	0.179523
3081.8	0.934869	0.181875
3081.9	0.933914	0.182497
3082	0.933134	0.183417
3082.1	0.932356	0.187208
3082.2	0.932685	0.187707
3082.3	0.933821	0.183357
3082.4	0.935057	0.182437
3082.5	0.93565	0.184938
3082.6	0.936059	0.184064
3082.7	0.9363	0.181703
3082.8	0.936314	0.178397
3082.9	0.936279	0.176416
3083	0.936496	0.175658
3083.1	0.936636	0.176083
3083.2	0.937534	0.17602
3083.3	0.938436	0.175278
3083.4	0.939171	0.172683
3083.5	0.93911	0.171217
3083.6	0.937245	0.176704
3083.7	0.936127	0.179901
3083.8	0.934502	0.184608
3083.9	0.932562	0.19083
3084	0.931912	0.192583
3084.1	0.930733	0.194619
3084.2	0.928963	0.198481
3084.3	0.926986	0.200915
3084.4	0.92557	0.20246
3084.5	0.925254	0.202628
3084.6	0.925393	0.200796
3084.7	0.925738	0.198705
3084.8	0.926224	0.196851
3084.9	0.92658	0.197218
3085	0.927526	0.196262
3085.1	0.928118	0.195834
3085.2	0.928581	0.194849
3085.3	0.929742	0.191759
3085.4	0.930563	0.189826
3085.5	0.931827	0.186163
3085.6	0.933997	0.180613
3085.7	0.935274	0.178476
3085.8	0.936125	0.175187
3085.9	0.935521	0.17518
3086	0.93355	0.1816
3086.1	0.932522	0.186466
3086.2	0.932502	0.187269
3086.3	0.932545	0.18554
3086.4	0.932248	0.185503
3086.5	0.932769	0.183788
3086.6	0.932854	0.184367
3086.7	0.93248	0.185512
3086.8	0.931908	0.185979
3086.9	0.93209	0.184913
3087	0.933239	0.182562
3087.1	0.9345	0.18034
3087.2	0.935664	0.178491
3087.3	0.936958	0.175549
3087.4	0.937329	0.176333
3087.5	0.937709	0.175546
3087.6	0.938057	0.172404
3087.7	0.93824	0.170135
3087.8	0.936576	0.173463
3087.9	0.93541	0.178224
3088	0.934923	0.180015
3088.1	0.934366	0.182513
3088.2	0.933942	0.184953
3088.3	0.933104	0.18713
3088.4	0.931345	0.192223
3088.5	0.930746	0.19189
3088.6	0.929603	0.191142
3088.7	0.928585	0.192564
3088.8	0.92793	0.195378
3088.9	0.928589	0.193404
3089	0.928755	0.196267
3089.1	0.929113	0.197843
3089.2	0.928847	0.198342
3089.3	0.92874	0.196224
3089.4	0.929235	0.194317
3089.5	0.929174	0.194158
3089.6	0.928477	0.19408
3089.7	0.928457	0.191096
3089.8	0.929024	0.190187
3089.9	0.929597	0.189747
3090	0.930645	0.187416
3090.1	0.933624	0.17958
3090.2	0.9358	0.175459
3090.3	0.935708	0.176178
3090.4	0.935307	0.17972
3090.5	0.936264	0.178747
3090.6	0.937451	0.176389
3090.7	0.938522	0.174629
3090.8	0.938679	0.175336
3090.9	0.937729	0.1778
3091	0.936808	0.176795
3091.1	0.936448	0.176055
3091.2	0.935872	0.177561
3091.3	0.934221	0.180505
3091.4	0.931233	0.185881
3091.5	0.928118	0.191568
3091.6	0.927069	0.194234
3091.7	0.927191	0.192828
3091.8	0.928442	0.188547
3091.9	0.928915	0.186342
3092	0.928793	0.186814
3092.1	0.928471	0.185996
3092.2	0.927677	0.187194
3092.3	0.926949	0.192179
3092.4	0.926816	0.193895
3092.5	0.927767	0.191496
3092.6	0.928481	0.191306
3092.7	0.929936	0.190731
3092.8	0.930939	0.190213
3092.9	0.932203	0.186083
3093	0.932847	0.183536
3093.1	0.931824	0.18586
3093.2	0.931485	0.186692
3093.3	0.932155	0.186608
3093.4	0.931538	0.190954
3093.5	0.930717	0.192156
3093.6	0.930301	0.191826
3093.7	0.930419	0.192138
3093.8	0.930311	0.193067
3093.9	0.930515	0.192527
3094	0.93152	0.189599
3094.1	0.932351	0.187194
3094.2	0.93323	0.184668
3094.3	0.933267	0.184596
3094.4	0.931537	0.188444
3094.5	0.929606	0.19232
3094.6	0.927764	0.197144
3094.7	0.926782	0.199675
3094.8	0.926474	0.198583
3094.9	0.925649	0.197938
3095	0.924843	0.196788
3095.1	0.924118	0.198409
3095.2	0.924637	0.199941
3095.3	0.927434	0.195114
3095.4	0.929872	0.189506
3095.5	0.930433	0.188151
3095.6	0.928992	0.192647
3095.7	0.929296	0.194754
3095.8	0.930308	0.194883
3095.9	0.931686	0.192312
3096	0.932866	0.19028
3096.1	0.933759	0.187774
3096.2	0.934205	0.187211
3096.3	0.934217	0.186381
3096.4	0.934204	0.185503
3096.5	0.934175	0.184691
3096.6	0.933969	0.183852
3096.7	0.932574	0.186071
3096.8	0.929553	0.191272
3096.9	0.92641	0.197107
3097	0.924143	0.201602
3097.1	0.924448	0.20137
3097.2	0.925852	0.199244
3097.3	0.927298	0.197988
3097.4	0.927482	0.197596
3097.5	0.927812	0.198103
3097.6	0.927521	0.201307
3097.7	0.927696	0.200846
3097.8	0.927599	0.200047
3097.9	0.927653	0.199064
3098	0.929441	0.195368
3098.1	0.932326	0.187051
3098.2	0.935107	0.179559
3098.3	0.937552	0.175274
3098.4	0.939199	0.174834
3098.5	0.939486	0.17734
3098.6	0.938983	0.179277
3098.7	0.937769	0.178555
3098.8	0.936737	0.179472
3098.9	0.936553	0.176412
3099	0.936517	0.173245
3099.1	0.935212	0.177126
3099.2	0.933799	0.179369
3099.3	0.932195	0.180818
3099.4	0.931656	0.182268
3099.5	0.933805	0.181016
3099.6	0.936491	0.18299
3099.7	0.940395	0.182405
3099.8	0.947191	0.173597
3099.9	0.956854	0.157293
3100	0.967333	0.137387
3100.1	0.977492	0.11316
3100.2	0.985644	0.0876892
3100.3	0.991062	0.0691477
3100.4	0.994486	0.0520932
3100.5	0.996934	0.0340008
3100.6	0.998127	0.0266781
3100.7	0.998585	0.0245271
3100.8	0.998801	0.0234653
3100.9	0.998922	0.0226933
3101	0.998999	0.0220049
3101.1	0.999056	0.0213613
3101.2	0.999102	0.0207571
3101.3	0.999143	0.0201911
3101.4	0.999179	0.0196623
3101.5	0.999249	0.0190945
3101.6	0.999278	0.0186358
3101.7	0.999305	0.0182077
3101.8	0.999329	0.0178077
3101.9	0.999353	0.0174331
3102	0.999374	0.0170813
3102.1	0.999394	0.01675
3102.2	0.999412	0.016437
3102.3	0.999429	0.0161403
3102.4	0.999444	0.0158583
3102.5	0.999459	0.0155895
3102.6	0.999473	0.0153326
3102.7	0.999486	0.0150865
3102.8	0.999498	0.0148502
3102.9	0.99951	0.0146229
3103	0.999521	0.0144039
3103.1	0.999531	0.0141925
3103.2	0.99957	0.013925
3103.3	0.999579	0.0137301
3103.4	0.999587	0.0135411
3103.5	0.999594	0.0133576
3103.6	0.999602	0.0131792
3103.7	0.999609	0.0130058
3103.8	0.999616	0.0128369
3103.9	0.999622	0.0126722
3104	0.999629	0.0125117
3104.1	0.999635	0.0123549
3104.2	0.999641	0.0122018
3104.3	0.999647	0.0120522
3104.4	0.999653	0.0119058
3104.5	0.999658	0.0117625
3104.6	0.999664	0.0116223
3104.7	0.999669	0.0114848
3104.8	0.999686	0.011336
3104.9	0.999691	0.0112043
3105	0.999696	0.0110751
3105.1	0.9997	0.0109483
3105.2	0.999764	0.0105125
3105.3	0.999766	0.0104043
3105.4	0.999769	0.0102974
3105.5	0.999771	0.0101919
3105.6	0.999774	0.0100877
3105.7	0.999777	0.00998471
3105.8	0.999779	0.00988311
3105.9	0.999781	0.00978278
3106	0.999784	0.00968372
3106.1	0.999786	0.0095859
3106.2	0.999789	0.00948931
3106.3	0.999791	0.00939398
3106.4	0.999793	0.00929984
3106.5	0.999796	0.00920684
3106.6	0.999798	0.00911509
3106.7	0.9998	0.00902449
3106.8	0.999802	0.00893507
3106.9	0.999804	0.00884677
3107	0.999806	0.00875959
3107.1	0.999808	0.00867355
3107.2	0.99981	0.00858858
3107.3	0.999812	0.0085047
3107.4	0.999814	0.00842188
3107.5	0.999815	0.00834012
3107.6	0.999817	0.00825942
3107.7	0.999819	0.00817971
3107.8	0.999821	0.00810104
3107.9	0.999822	0.00802337
3108	0.999824	0.00794667
3108.1	0.999826	0.00787094
3108.2	0.999828	0.00779618
3108.3	0.999829	0.00772237
3108.4	0.999831	0.00764947
3108.5	0.999832	0.00757751
3108.6	0.999834	0.00750645
3108.7	0.999836	0.00743628
3108.8	0.999837	0.007367
3108.9	0.999839	0.00729858
3109	0.99984	0.00723103
3109.1	0.999842	0.00716433
3109.2	0.999843	0.00709846
3109.3	0.999844	0.0070334
3109.4	0.999846	0.00696915
3109.5	0.999847	0.00690571
3109.6	0.999849	0.00684303
3109.7	0.99985	0.00678115
3109.8	0.999851	0.00672003
3109.9	0.999853	0.00665967
3110	0.999854	0.00660005
3110.1	0.999855	0.00654115
3110.2	0.999857	0.00648298
3110.3	0.999858	0.00642552
3110.4	0.999859	0.00636877
3110.5	0.99986	0.0063127
3110.6	0.999862	0.00625732
3110.7	0.999863	0.0062026
3110.8	0.999864	0.00614854
3110.9	0.999865	0.00609514
3111	0.999866	0.00604239
3111.1	0.999868	0.00599025
3111.2	0.999869	0.00593875
3111.3	0.99987	0.00588788
3111.4	0.999871	0.0058376
3111.5	0.999872	0.00578791
3111.6	0.999873	0.00573882
3111.7	1	1.9456e-06
3111.8	1	1.92353e-06
3111.9	1	1.87938e-06
3112	1	1.85731e-06
3112.1	1	1.83512e-06
3112.2	1	1.81304e-06
3112.3	1	1.79097e-06
3112.4	1	1.7689e-06
3112.5	1	7.64468e-08
3112.6	1	7.64468e-08
3112.7	1	7.64468e-08
3112.8	1	7.64468e-08
3112.9	1	7.64468e-08
3113	1	7.64468e-08
3113.1	1	7.64468e-08
3113.2	1	7.64468e-08
3113.3	1	7.64468e-08
3113.4	1	7.64468e-08
3113.5	1	7.64468e-08
3113.6	1	7.64468e-08
3113.7	1	6.62031e-08
3113.8	1	6.62031e-08
3113.9	1	6.62031e-08
3114	1	6.62031e-08
3114.1	1	6.62031e-08
3114.2	1	6.62031e-08
3114.3	1	6.62031e-08
3114.4	1	5.40472e-08
3114.5	1	5.40472e-08
3114.6	1	5.40472e-08
3114.7	1	5.40472e-08
3114.8	1	5.40472e-08
3114.9	1	5.40472e-08
3115	1	4.93502e-08
3115.1	1	4.93502e-08
3115.2	1	4.4151e-08
3115.3	1	4.4151e-08
3115.4	1	4.4151e-08
3115.5	1	4.4151e-08
3115.6	1	3.82452e-08
3115.7	1	3.82452e-08
3115.8	1	3.82452e-08
3115.9	1	3.82452e-08
3116	1	3.82452e-08
3116.1	1	3.82452e-08
3116.2	1	3.82452e-08
3116.3	1	3.82452e-08
3116.4	1	2.20917e-08
3116.5	1	2.20917e-08
3116.6	1	2.20917e-08
3116.7	1	2.20917e-08
3116.8	1	2.20917e-08
3116.9	1	2.20917e-08
3117	1	2.20917e-08
3117.1	1	0
3117.2	1	0
3117.3	1	0
3117.4	1	0
3117.5	1	0
3117.6	1	0
3117.7	1	0
3117.8	1	0
3117.9	1	0
3118	1	0
3118.1	1	0
3118.2	1	0
3118.3	1	0
3118.4	1	0
3118.5	1	0
3118.6	1	0
3118.7	1	0
3118.8	1	0
3118.9	1	0
3119	1	0
3119.1	1	0
3119.2	1	0
3119.3	1	0
3119.4	1	0
3119.5	1	0
3119.6	1	0
3119.7	1	0
3119.8	1	0
3119.9	1	0
3120	1	0
3120.1	1	0
3120.2	1	0
3120.3	1	0
3120.4	1	0
3120.5	1	0
3120.6	1	0
3120.7	1	0
3120.8	1	0
3120.9	1	0
3121	1	0
3121.1	1	0
3121.2	1	0
3121.3	1	0
3121.4	1	0
3121.5	1	0
3121.6	1	0
3121.7	1	0
3121.8	1	0
3121.9	1	0
3122	1	0
3122.1	1	0
3122.2	1	0
3122.3	1	0
3122.4	1	0
3122.5	1	0
3122.6	1	0
3122.7	1	0
3122.8	1	0
3122.9	1	0
3123	1	0
3123.1	1	0
3123.2	1	0
3123.3	1	0
3123.4	1	0
3123.5	1	0
3123.6	1	0
3123.7	1	0
3123.8	1	0
3123.9	1	0
3124	1	0
3124.1	1	0
3124.2	1	0
3124.3	1	0
3124.4	1	0
3124.5	1	0
3124.6	1	0
3124.7	1	0
3124.8	1	0
3124.9	1	0
3125	1	0
3125.1	1	0
3125.2	1	0
3125.3	1	0
3125.4	1	0
3125.5	1	0
3125.6	1	0
3125.7	1	0
3125.8	1	0
3125.9	1	0
3126	1	0
3126.1	1	0
3126.2	1	0
3126.3	1	0
3126.4	1	0
3126.5	1	0
3126.6	1	0
3126.7	1	0
3126.8	1	0
3126.9	1	0
3127	1	0
3127.1	1	0
3127.2	1	0
3127.3	1	0
3127.4	1	0
3127.5	1	0
3127.6	1	0
3127.7	1	0
3127.8	1	0
3127.9	1	0
3128	1	0
3128.1	1	0
3128.2	1	0
3128.3	1	0
3128.4	1	0
3128.5	1	0
3128.6	1	0
3128.7	1	0
3128.8	1	0
3128.9	1	0
3129	1	0
3129.1	1	0
3129.2	1	0
3129.3	1	0
3129.4	1	0
3129.5	1	0
3129.6	1	0
3129.7	1	0
3129.8	1	0
3129.9	1	0
3130	1	0
3130.1	1	0
3130.2	1	0
3130.3	1	0
3130.4	1	0
3130.5	1	0
3130.6	1	0
3130.7	1	0
3130.8	1	0
3130.9	1	0
3131	1	0
3131.1	1	0
3131.2	1	0
3131.3	1	0
3131.4	1	0
3131.5	1	0
3131.6	1	0
3131.7	1	0
3131.8	1	0
3131.9	1	0
3132	1	0
3132.1	1	0
3132.2	1	0
3132.3	1	0
3132.4	1	0
3132.5	1	0
3132.6	1	0
3132.7	1	0
3132.8	1	0
3132.9	1	0
3133	1	0
3133.1	1	0
3133.2	1	0
3133.3	1	0
3133.4	1	0
3133.5	1	0
3133.6	1	0
3133.7	1	0
3133.8	1	0
3133.9	1	0
3134	1	0
3134.1	1	0
3134.2	1	0
3134.3	1	0
3134.4	1	0
3134.5	1	0
3134.6	1	0
3134.7	1	0
3134.8	1	0
3134.9	1	0
3135	1	0
3135.1	1	0
3135.2	1	0
3135.3	1	0
3135.4	1	0
3135.5	1	0
3135.6	1	0
3135.7	1	0
3135.8	1	0
3135.9	1	0
3136	1	0
3136.1	1	0
3136.2	1	0
3136.3	1	0
3136.4	1	0
3136.5	1	0
3136.6	1	0
3136.7	1	0
3136.8	1	0
3136.9	1	0
3137	1	0
3137.1	1	0
3137.2	1	0
3137.3	1	0
3137.4	1	0
3137.5	1	0
3137.6	1	0
3137.7	1	0
3137.8	1	0
3137.9	1	0
3138	1	0
3138.1	1	0
3138.2	1	0
3138.3	1	0
3138.4	1	0
3138.5	1	0
3138.6	1	0
3138.7	1	0
3138.8	1	0
3138.9	1	0
3139	1	0
3139.1	1	0
3139.2	1	0
3139.3	1	0
3139.4	1	0
3139.5	1	0
3139.6	1	0
3139.7	1	0
3139.8	1	0
3139.9	1	0
3140	1	0
3140.1	1	0
3140.2	1	0
3140.3	1	0
3140.4	1	0
3140.5	1	0
3140.6	1	0
3140.7	1	0
3140.8	1	0
3140.9	1	0
3141	1	0
3141.1	1	0
3141.2	1	0
3141.3	1	0
3141.4	1	0
3141.5	1	0
3141.6	1	0
3141.7	1	0
3141.8	1	0
3141.9	1	0
3142	1	0
3142.1	1	0
3142.2	1	0
3142.3	1	0
3142.4	1	0
3142.5	1	0
3142.6	1	0
3142.7	1	0
3142.8	1	0
3142.9	1	0
3143	1	0
3143.1	1	0
3143.2	1	0
3143.3	1	0
3143.4	1	0
3143.5	1	0
3143.6	1	0
3143.7	1	0
3143.8	1	0
3143.9	1	0
3144	1	0
3144.1	1	0
3144.2	1	0
3144.3	1	0
3144.4	1	0
3144.5	1	0
3144.6	1	0
3144.7	1	0
3144.8	1	0
3144.9	1	0
3145	1	0
3145.1	1	0
3145.2	1	0
3145.3	1	0
3145.4	1	0
3145.5	1	0
3145.6	1	0
3145.7	1	0
3145.8	1	0
3145.9	1	0
3146	1	0
3146.1	1	0
3146.2	1	0
3146.3	1	0
3146.4	1	0
3146.5	1	0
3146.6	1	0
3146.7	1	0
3146.8	1	0
3146.9	1	0
3147	1	0
3147.1	1	0
3147.2	1	0
3147.3	1	0
3147.4	1	0
3147.5	1	0
3147.6	1	0
3147.7	1	0
3147.8	1	0
3147.9	1	0
3148	1	0
3148.1	1	0
3148.2	1	0
3148.3	1	0
3148.4	1	0
3148.5	1	0
3148.6	1	0
3148.7	1	0
3148.8	1	0
3148.9	1	0
3149	1	0
3149.1	1	0
3149.2	1	0
3149.3	1	0
3149.4	1	0
3149.5	1	0
3149.6	1	0
3149.7	1	0
3149.8	1	0
3149.9	1	0
3150	1	0
3150.1	1	0
3150.2	1	0
3150.3	1	0
3150.4	1	0
3150.5	1	0
3150.6	1	0
3150.7	1	0
3150.8	1	0
3150.9	1	0
3151	1	0
3151.1	1	0
3151.2	1	0
3151.3	1	0
3151.4	1	0
3151.5	1	0
3151.6	1	0
3151.7	1	0
3151.8	1	0
3151.9	1	0
3152	1	0
3152.1	1	0
3152.2	1	0
3152.3	1	0
3152.4	1	0
3152.5	1	0
3152.6	1	0
3152.7	1	0
3152.8	1	0
3152.9	1	0
3153	1	0
3153.1	1	0
3153.2	1	0
3153.3	1	0
3153.4	1	0
3153.5	1	0
3153.6	1	0
3153.7	1	0
3153.8	1	0
3153.9	1	0
3154	1	0
3154.1	1	0
3154.2	1	0
3154.3	1	0
3154.4	1	0
3154.5	1	0
3154.6	1	0
3154.7	1	0
3154.8	1	0
3154.9	1	0
3155	1	0
3155.1	1	0
3155.2	1	0
3155.3	1	0
3155.4	1	0
3155.5	1	0
3155.6	1	0
3155.7	1	0
3155.8	1	0
3155.9	1	0
3156	1	0
3156.1	1	0
3156.2	1	0
3156.3	1	0
3156.4	1	0
3156.5	1	0
3156.6	1	0
3156.7	1	0
3156.8	1	0
3156.9	1	0
3157	1	0
3157.1	1	0
3157.2	1	0
3157.3	1	0
3157.4	1	0
3157.5	1	0
3157.6	1	0
3157.7	1	0
3157.8	1	0
3157.9	1	0
3158	1	0
3158.1	1	0
3158.2	1	0
3158.3	1	0
3158.4	1	0
3158.5	1	0
3158.6	1	0
3158.7	1	0
3158.8	1	0
3158.9	1	0
3159	1	0
3159.1	1	0
3159.2	1	0
3159.3	1	0
3159.4	1	0
3159.5	1	0
3159.6	1	0
3159.7	1	0
3159.8	1	0
3159.9	1	0
3160	1	0
3160.1	1	0
3160.2	1	0
3160.3	1	0
3160.4	1	0
3160.5	1	0
3160.6	1	0
3160.7	1	0
3160.8	1	0
3160.9	1	0
3161	1	0
3161.1	1	0
3161.2	1	0
3161.3	1	0
3161.4	1	0
3161.5	1	0
3161.6	1	0
3161.7	1	0
3161.8	1	0
3161.9	1	0
3162	1	0
3162.1	1	0
3162.2	1	0
3162.3	1	0
3162.4	1	0
3162.5	1	0
3162.6	1	0
3162.7	1	0
3162.8	1	0
3162.9	1	0
3163	1	0
3163.1	1	0
3163.2	1	0
3163.3	1	0
3163.4	1	0
3163.5	1	0
3163.6	1	0
3163.7	1	0
3163.8	1	0
3163.9	1	0
3164	1	0
3164.1	1	0
3164.2	1	0
3164.3	1	0
3164.4	1	0
3164.5	1	0
3164.6	1	0
3164.7	1	0
3164.8	1	0
3164.9	1	0
3165	1	0
3165.1	1	0
3165.2	1	0
3165.3	1	0
3165.4	1	0
3165.5	1	0
3165.6	1	0
3165.7	1	0
3165.8	1	0
3165.9	1	0
3166	1	0
3166.1	1	0
3166.2	1	0
3166.3	1	0
3166.4	1	0
3166.5	1	0
3166.6	1	0
3166.7	1	0
3166.8	1	0
3166.9	1	0
3167	1	0
3167.1	1	0
3167.2	1	0
3167.3	1	0
3167.4	1	0
3167.5	1	0
3167.6	1	0
3167.7	1	0
3167.8	1	0
3167.9	1	0
3168	1	0
3168.1	1	0
3168.2	1	0
3168.3	1	0
3168.4	1	0
3168.5	1	0
3168.6	1	0
3168.7	1	0
3168.8	1	0
3168.9	1	0
3169	1	0
3169.1	1	0
3169.2	1	0
3169.3	1	0
3169.4	1	0
3169.5	1	0
3169.6	1	0
3169.7	1	0
3169.8	1	0
3169.9	1	0
3170	1	0
3170.1	1	0
3170.2	1	0
3170.3	1	0
3170.4	1	0
3170.5	1	0
3170.6	1	0
3170.7	1	0
3170.8	1	0
3170.9	1	0
3171	1	0
3171.1	1	0
3171.2	1	0
3171.3	1	0
3171.4	1	0
3171.5	1	0
3171.6	1	0
3171.7	1	0
3171.8	1	0
3171.9	1	0
3172	1	0
3172.1	1	0
3172.2	1	0
3172.3	1	0
3172.4	1	0
3172.5	1	0
3172.6	1	0
3172.7	1	0
3172.8	1	0
3172.9	1	0
3173	1	0
3173.1	1	0
3173.2	1	0
3173.3	1	0
3173.4	1	0
3173.5	1	0
3173.6	1	0
3173.7	1	0
3173.8	1	0
3173.9	1	0
3174	1	0
3174.1	1	0
3174.2	1	0
3174.3	1	0
3174.4	1	0
3174.5	1	0
3174.6	1	0
3174.7	1	0
3174.8	1	0
3174.9	1	0
3175	1	0
3175.1	1	0
3175.2	1	0
3175.3	1	0
3175.4	1	0
3175.5	1	0
3175.6	1	0
3175.7	1	0
3175.8	1	0
3175.9	1	0
3176	1	0
3176.1	1	0
3176.2	1	0
3176.3	1	0
3176.4	1	0
3176.5	1	0
3176.6	1	0
3176.7	1	0
3176.8	1	0
3176.9	1	0
3177	1	0
3177.1	1	0
3177.2	1	0
3177.3	1	0
3177.4	1	0
3177.5	1	0
3177.6	1	0
3177.7	1	0
3177.8	1	0
3177.9	1	0
3178	1	0
3178.1	1	0
3178.2	1	0
3178.3	1	0
3178.4	1	0
3178.5	1	0
3178.6	1	0
3178.7	1	0
3178.8	1	0
3178.9	1	0
3179	1	0
3179.1	1	0
3179.2	1	0
3179.3	1	0
3179.4	1	0
3179.5	1	0
3179.6	1	0
3179.7	1	0
3179.8	1	0
3179.9	1	0
3180	1	0
3180.1	1	0
3180.2	1	0
3180.3	1	0
3180.4	1	0
3180.5	1	0
3180.6	1	0
3180.7	1	0
3180.8	1	0
3180.9	1	0
3181	1	0
3181.1	1	0
3181.2	1	0
3181.3	1	0
3181.4	1	0
3181.5	1	0
3181.6	1	0
3181.7	1	0
3181.8	1	0
3181.9	1	0
3182	1	0
3182.1	1	0
3182.2	1	0
3182.3	1	0
3182.4	1	0
3182.5	1	0
3182.6	1	0
3182.7	1	0
3182.8	1	0
3182.9	1	0
3183	1	0
3183.1	1	0
3183.2	1	0
3183.3	1	0
3183.4	1	0
3183.5	1	0
3183.6	1	0
3183.7	1	0
3183.8	1	0
3183.9	1	0
3184	1	0
3184.1	1	0
3184.2	1	0
3184.3	1	0
3184.4	1	0
3184.5	1	0
3184.6	1	0
3184.7	1	0
3184.8	1	0
3184.9	1	0
3185	1	0
3185.1	1	0
3185.2	1	0
3185.3	1	0
3185.4	1	0
3185.5	1	0
3185.6	1	0
3185.7	1	0
3185.8	1	0
3185.9	1	0
3186	1	0
3186.1	1	0
3186.2	1	0
3186.3	1	0
3186.4	1	0
3186.5	1	0
3186.6	1	0
3186.7	1	0
3186.8	1	0
3186.9	1	0
3187	1	0
3187.1	1	0
3187.2	1	0
3187.3	1	0
3187.4	1	0
3187.5	1	0
3187.6	1	0
3187.7	1	0
3187.8	1	0
3187.9	1	0
3188	1	0
3188.1	1	0
3188.2	1	0
3188.3	1	0
3188.4	1	0
3188.5	1	0
3188.6	1	0
3188.7	1	0
3188.8	1	0
3188.9	1	0
3189	1	0
3189.1	1	0
3189.2	1	0
3189.3	1	0
3189.4	1	0
3189.5	1	0
3189.6	1	0
3189.7	1	0
3189.8	1	0
3189.9	1	0
3190	1	0
3190.1	1	0
3190.2	1	0
3190.3	1	0
3190.4	1	0
3190.5	1	0
3190.6	1	0
3190.7	1	0
3190.8	1	0
3190.9	1	0
3191	1	0
3191.1	1	0
3191.2	1	0
3191.3	1	0
3191.4	1	0
3191.5	1	0
3191.6	1	0
3191.7	1	0
3191.8	1	0
3191.9	1	0
3192	1	0
3192.1	1	0
3192.2	1	0
3192.3	1	0
3192.4	1	0
3192.5	1	0
3192.6	1	0
3192.7	1	0
3192.8	1	0
3192.9	1	0
3193	1	0
3193.1	1	0
3193.2	1	0
3193.3	1	0
3193.4	1	0
3193.5	1	0
3193.6	1	0
3193.7	1	0
3193.8	1	0
3193.9	1	0
3194	1	0
3194.1	1	0
3194.2	1	0
3194.3	1	0
3194.4	1	0
3194.5	1	0
3194.6	1	0
3194.7	1	0
3194.8	1	0
3194.9	1	0
3195	1	0
3195.1	1	0
3195.2	1	0
3195.3	1	0
3195.4	1	0
3195.5	1	0
3195.6	1	0
3195.7	1	0
3195.8	1	0
3195.9	1	0
3196	1	0
3196.1	1	0
3196.2	1	0
3196.3	1	0
3196.4	1	0
3196.5	1	0
3196.6	1	0
3196.7	1	0
3196.8	1	0
3196.9	1	0
3197	1	0
3197.1	1	0
3197.2	1	0
3197.3	1	0
3197.4	1	0
3197.5	1	0
3197.6	1	0
3197.7	1	0
3197.8	1	0
3197.9	1	0
3198	1	0
3198.1	1	0
3198.2	1	0
3198.3	1	0
3198.4	1	0
3198.5	1	0
3198.6	1	0
3198.7	1	0
3198.8	1	0
3198.9	1	0
3199	1	0
3199.1	1	0
3199.2	1	0
3199.3	1	0
3199.4	1	0
3199.5	1	0
3199.6	1	0
3199.7	1	0
3199.8	1	0
3199.9	1	0
3200	1	0
3200.1	1	0
3200.2	1	0
3200.3	1	0
3200.4	1	0
3200.5	1	0
3200.6	1	0
3200.7	1	0
3200.8	1	0
3200.9	1	0
3201	1	0
3201.1	1	0
3201.2	1	0
3201.3	1	0
3201.4	1	0
3201.5	1	0
3201.6	1	0
3201.7	1	0
3201.8	1	0
3201.9	1	0
3202	1	0
3202.1	1	0
3202.2	1	0
3202.3	1	0
3202.4	1	0
3202.5	1	0
3202.6	1	0
3202.7	1	0
3202.8	1	0
3202.9	1	0
3203	1	0
3203.1	1	0
3203.2	1	0
3203.3	1	0
3203.4	1	0
3203.5	1	0
3203.6	1	0
3203.7	1	0
3203.8	1	0
3203.9	1	0
3204	1	0
3204.1	1	0
3204.2	1	0
3204.3	1	0
3204.4	1	0
3204.5	1	0
3204.6	1	0
3204.7	1	0
3204.8	1	0
3204.9	1	0
3205	1	0
3205.1	1	0
3205.2	1	0
3205.3	1	0
3205.4	1	0
3205.5	1	0
3205.6	1	0
3205.7	1	0
3205.8	1	0
3205.9	1	0
3206	1	0
3206.1	1	0
3206.2	1	0
3206.3	1	0
3206.4	1	0
3206.5	1	0
3206.6	1	0
3206.7	1	0
3206.8	1	0
3206.9	1	0
3207	1	0
3207.1	1	0
3207.2	1	0
3207.3	1	0
3207.4	1	0
3207.5	1	0
3207.6	1	0
3207.7	1	0
3207.8	1	0
3207.9	1	0
3208	1	0
3208.1	1	0
3208.2	1	0
3208.3	1	0
3208.4	1	0
3208.5	1	0
3208.6	1	0
3208.7	1	0
3208.8	1	0
3208.9	1	0
3209	1	0
3209.1	1	0
3209.2	1	0
3209.3	1	0
3209.4	1	0
3209.5	1	0
3209.6	1	0
3209.7	1	0
3209.8	1	0
3209.9	1	0
3210	1	0
3210.1	1	0
3210.2	1	0
3210.3	1	0
3210.4	1	0
3210.5	1	0
3210.6	1	0
3210.7	1	0
3210.8	1	0
3210.9	1	0
3211	1	0
3211.1	1	0
3211.2	1	0
3211.3	1	0
3211.4	1	0
3211.5	1	0
3211.6	1	0
3211.7	1	0
3211.8	1	0
3211.9	1	0
3212	1	0
3212.1	1	0
3212.2	1	0
3212.3	1	0
3212.4	1	0
3212.5	1	0
3212.6	1	0
3212.7	1	0
3212.8	1	0
3212.9	1	0
3213	1	0
3213.1	1	0
3213.2	1	0
3213.3	1	0
3213.4	1	0
3213.5	1	0
3213.6	1	0
3213.7	1	0
3213.8	1	0
3213.9	1	0
3214	1	0
3214.1	1	0
3214.2	1	0
3214.3	1	0
3214.4	1	0
3214.5	1	0
3214.6	1	0
3214.7	1	0
3214.8	1	0
3214.9	1	0
3215	1	0
3215.1	1	0
3215.2	1	0
3215.3	1	0
3215.4	1	0
3215.5	1	0
3215.6	1	0
3215.7	1	0
3215.8	1	0
3215.9	1	0
3216	1	0
3216.1	1	0
3216.2	1	0
3216.3	1	0
3216.4	1	0
3216.5	1	0
3216.6	1	0
3216.7	1	0
3216.8	1	0
3216.9	1	0
3217	1	0
3217.1	1	0
3217.2	1	0
3217.3	1	0
3217.4	1	0
3217.5	1	0
3217.6	1	0
3217.7	1	0
3217.8	1	0
3217.9	1	0
3218	1	0
3218.1	1	0
3218.2	1	0
3218.3	1	0
3218.4	1	0
3218.5	1	0
3218.6	1	0
3218.7	1	0
3218.8	1	0
3218.9	1	0
3219	1	0
3219.1	1	0
3219.2	1	0
3219.3	1	0
3219.4	1	0
3219.5	1	0
3219.6	1	0
3219.7	1	0
3219.8	1	0
3219.9	1	0
3220	1	0
3220.1	1	0
3220.2	1	0
3220.3	1	0
3220.4	1	0
3220.5	1	0
3220.6	1	0
3220.7	1	0
3220.8	1	0
3220.9	1	0
3221	1	0
3221.1	1	0
3221.2	1	0
3221.3	1	0
3221.4	1	0
3221.5	1	0
3221.6	1	0
3221.7	1	0
3221.8	1	0
3221.9	1	0
3222	1	0
3222.1	1	0
3222.2	1	0
3222.3	1	0
3222.4	1	0
3222.5	1	0
3222.6	1	0
3222.7	1	0
3222.8	1	0
3222.9	1	0
3223	1	0
3223.1	1	0
3223.2	1	0
3223.3	1	0
3223.4	1	0
3223.5	1	0
3223.6	1	0
3223.7	1	0
3223.8	1	0
3223.9	1	0
3224	1	0
3224.1	1	0
3224.2	1	0
3224.3	1	0
3224.4	1	0
3224.5	1	0
3224.6	1	0
3224.7	1	0
3224.8	1	0
3224.9	1	0
3225	1	0
3225.1	1	0
3225.2	1	0
3225.3	1	0
3225.4	1	0
3225.5	1	0
3225.6	1	0
3225.7	1	0
3225.8	1	0
3225.9	1	0
3226	1	0
3226.1	1	0
3226.2	1	0
3226.3	1	0
3226.4	1	0
3226.5	1	0
3226.6	1	0
3226.7	1	0
3226.8	1	0
3226.9	1	0
3227	1	0
3227.1	1	0
3227.2	1	0
3227.3	1	0
3227.4	1	0
3227.5	1	0
3227.6	1	0
3227.7	1	0
3227.8	1	0
3227.9	1	0
3228	1	0
3228.1	1	0
3228.2	1	0
3228.3	1	0
3228.4	1	0
3228.5	1	0
3228.6	1	0
3228.7	1	0
3228.8	1	0
3228.9	1	0
3229	1	0
3229.1	1	0
3229.2	1	0
3229.3	1	0
3229.4	1	0
3229.5	1	0
3229.6	1	0
3229.7	1	0
3229.8	1	0
3229.9	1	0
3230	1	0
3230.1	1	0
3230.2	1	0
3230.3	1	0
3230.4	1	0
3230.5	1	0
3230.6	1	0
3230.7	1	0
3230.8	1	0
3230.9	1	0
3231	1	0
3231.1	1	0
3231.2	1	0
3231.3	1	0
3231.4	1	0
3231.5	1	0
3231.6	1	0
3231.7	1	0
3231.8	1	0
3231.9	1	0
3232	1	0
3232.1	1	0
3232.2	1	0
3232.3	1	0
3232.4	1	0
3232.5	1	0
3232.6	1	0
3232.7	1	0
3232.8	1	0
3232.9	1	0
3233	1	0
3233.1	1	0
3233.2	1	0
3233.3	1	0
3233.4	1	0
3233.5	1	0
3233.6	1	0
3233.7	1	0
3233.8	1	0
3233.9	1	0
3234	1	0
3234.1	1	0
3234.2	1	0
3234.3	1	0
3234.4	1	0
3234.5	1	0
3234.6	1	0
3234.7	1	0
3234.8	1	0
3234.9	1	0
3235	1	0
3235.1	1	0
3235.2	1	0
3235.3	1	0
3235.4	1	0
3235.5	1	0
3235.6	1	0
3235.7	1	0
3235.8	1	0
3235.9	1	0
3236	1	0
3236.1	1	0
3236.2	1	0
3236.3	1	0
3236.4	1	0
3236.5	1	0
3236.6	1	0
3236.7	1	0
3236.8	1	0
3236.9	1	0
3237	1	0
3237.1	1	0
3237.2	1	0
3237.3	1	0
3237.4	1	0
3237.5	1	0
3237.6	1	0
3237.7	1	0
3237.8	1	0
3237.9	1	0
3238	1	0
3238.1	1	0
3238.2	1	0
3238.3	1	0
3238.4	1	0
3238.5	1	0
3238.6	1	0
3238.7	1	0
3238.8	1	0
3238.9	1	0
3239	1	0
3239.1	1	0
3239.2	1	0
3239.3	1	0
3239.4	1	0
3239.5	1	0
3239.6	1	0
3239.7	1	0
3239.8	1	0
3239.9	1	0
3240	1	0
3240.1	1	0
3240.2	1	0
3240.3	1	0
3240.4	1	0
3240.5	1	0
3240.6	1	0
3240.7	1	0
3240.8	1	0
3240.9	1	0
3241	1	0
3241.1	1	0
3241.2	1	0
3241.3	1	0
3241.4	1	0
3241.5	1	0
3241.6	1	0
3241.7	1	0
3241.8	1	0
3241.9	1	0
3242	1	0
3242.1	1	0
3242.2	1	0
3242.3	1	0
3242.4	1	0
3242.5	1	0
3242.6	1	0
3242.7	1	0
3242.8	1	0
3242.9	1	0
3243	1	0
3243.1	1	0
3243.2	1	0
3243.3	1	0
3243.4	1	0
3243.5	1	0
3243.6	1	0
3243.7	1	0
3243.8	1	0
3243.9	1	0
3244	1	0
3244.1	1	0
3244.2	1	0
3244.3	1	0
3244.4	1	0
3244.5	1	0
3244.6	1	0
3244.7	1	0
3244.8	1	0
3244.9	1	0
3245	1	0
3245.1	1	0
3245.2	1	0
3245.3	1	0
3245.4	1	0
3245.5	1	0
3245.6	1	0
3245.7	1	0
3245.8	1	0
3245.9	1	0
3246	1	0
3246.1	1	0
3246.2	1	0
3246.3	1	0
3246.4	1	0
3246.5	1	0
3246.6	1	0
3246.7	1	0
3246.8	1	0
3246.9	1	0
3247	1	0
3247.1	1	0
3247.2	1	0
3247.3	1	0
3247.4	1	0
3247.5	1	0
3247.6	1	0
3247.7	1	0
3247.8	1	0
3247.9	1	0
3248	1	0
3248.1	1	0
3248.2	1	0
3248.3	1	0
3248.4	1	0
3248.5	1	0
3248.6	1	0
3248.7	1	0
3248.8	1	0
3248.9	1	0
3249	1	0
3249.1	1	0
3249.2	1	0
3249.3	1	0
3249.4	1	0
3249.5	1	0
3249.6	1	0
3249.7	1	0
3249.8	1	0
3249.9	1	0
3250	1	0
3250.1	1	0
3250.2	1	0
3250.3	1	0
3250.4	1	0
3250.5	1	0
3250.6	1	0
3250.7	1	0
3250.8	1	0
3250.9	1	0
3251	1	0
3251.1	1	0
3251.2	1	0
3251.3	1	0
3251.4	1	0
3251.5	1	0
3251.6	1	0
3251.7	1	0
3251.8	1	0
3251.9	1	0
3252	1	0
3252.1	1	0
3252.2	1	0
3252.3	1	0
3252.4	1	0
3252.5	1	0
3252.6	1	0
3252.7	1	0
3252.8	1	0
3252.9	1	0
3253	1	0
3253.1	1	0
3253.2	1	0
3253.3	1	0
3253.4	1	0
3253.5	1	0
3253.6	1	0
3253.7	1	0
3253.8	1	0
3253.9	1	0
3254	1	0
3254.1	1	0
3254.2	1	0
3254.3	1	0
3254.4	1	0
3254.5	1	0
3254.6	1	0
3254.7	1	0
3254.8	1	0
3254.9	1	0
3255	1	0
3255.1	1	0
3255.2	1	0
3255.3	1	0
3255.4	1	0
3255.5	1	0
3255.6	1	0
3255.7	1	0
3255.8	1	0
3255.9	1	0
3256	1	0
3256.1	1	0
3256.2	1	0
3256.3	1	0
3256.4	1	0
3256.5	1	0
3256.6	1	0
3256.7	1	0
3256.8	1	0
3256.9	1	0
3257	1	0
3257.1	1	0
3257.2	1	0
3257.3	1	0
3257.4	1	0
3257.5	1	0
3257.6	1	0
3257.7	1	0
3257.8	1	0
3257.9	1	0
3258	1	0
3258.1	1	0
3258.2	1	0
3258.3	1	0
3258.4	1	0
3258.5	1	0
3258.6	1	0
3258.7	1	0
3258.8	1	0
3258.9	1	0
3259	1	0
3259.1	1	0
3259.2	1	0
3259.3	1	0
3259.4	1	0
3259.5	1	0
3259.6	1	0
3259.7	1	0
3259.8	1	0
3259.9	1	0
3260	1	0
3260.1	1	0
3260.2	1	0
3260.3	1	0
3260.4	1	0
3260.5	1	0
3260.6	1	0
3260.7	1	0
3260.8	1	0
3260.9	1	0
3261	1	0
3261.1	1	0
3261.2	1	0
3261.3	1	0
3261.4	1	0
3261.5	1	0
3261.6	1	0
3261.7	1	0
3261.8	1	0
3261.9	1	0
3262	1	0
3262.1	1	0
3262.2	1	0
3262.3	1	0
3262.4	1	0
3262.5	1	0
3262.6	1	0
3262.7	1	0
3262.8	1	0
3262.9	1	0
3263	1	0
3263.1	1	0
3263.2	1	0
3263.3	1	0
3263.4	1	0
3263.5	1	0
3263.6	1	0
3263.7	1	0
3263.8	1	0
3263.9	1	0
3264	1	0
3264.1	1	0
3264.2	1	0
3264.3	1	0
3264.4	1	0
3264.5	1	0
3264.6	1	0
3264.7	1	0
3264.8	1	0
3264.9	1	0
3265	1	0
3265.1	1	0
3265.2	1	0
3265.3	1	0
3265.4	1	0
3265.5	1	0
3265.6	1	0
3265.7	1	0
3265.8	1	0
3265.9	1	0
3266	1	0
3266.1	1	0
3266.2	1	0
3266.3	1	0
3266.4	1	0
3266.5	1	0
3266.6	1	0
3266.7	1	0
3266.8	1	0
3266.9	1	0
3267	1	0
3267.1	1	0
3267.2	1	0
3267.3	1	0
3267.4	1	0
3267.5	1	0
3267.6	1	0
3267.7	1	0
3267.8	1	0
3267.9	1	0
3268	1	0
3268.1	1	0
3268.2	1	0
3268.3	1	0
3268.4	1	0
3268.5	1	0
3268.6	1	0
3268.7	1	0
3268.8	1	0
3268.9	1	0
3269	1	0
3269.1	1	0
3269.2	1	0
3269.3	1	0
3269.4	1	0
3269.5	1	0
3269.6	1	0
3269.7	1	0
3269.8	1	0
3269.9	1	0
3270	1	0
3270.1	1	0
3270.2	1	0
3270.3	1	0
3270.4	1	0
3270.5	1	0
3270.6	1	0
3270.7	1	0
3270.8	1	0
3270.9	1	0
3271	1	0
3271.1	1	0
3271.2	1	0
3271.3	1	0
3271.4	1	0
3271.5	1	0
3271.6	1	0
3271.7	1	0
3271.8	1	0
3271.9	1	0
3272	1	0
3272.1	1	0
3272.2	1	0
3272.3	1	0
3272.4	1	0
3272.5	1	0
3272.6	1	0
3272.7	1	0
3272.8	1	0
3272.9	1	0
3273	1	0
3273.1	1	0
3273.2	1	0
3273.3	1	0
3273.4	1	0
3273.5	1	0
3273.6	1	0
3273.7	1	0
3273.8	1	0
3273.9	1	0
3274	1	0
3274.1	1	0
3274.2	1	0
3274.3	1	0
3274.4	1	0
3274.5	1	0
3274.6	1	0
3274.7	1	0
3274.8	1	0
3274.9	1	0
3275	1	0
3275.1	1	0
3275.2	1	0
3275.3	1	0
3275.4	1	0
3275.5	1	0
3275.6	1	0
3275.7	1	0
3275.8	1	0
3275.9	1	0
3276	1	0
3276.1	1	0
3276.2	1	0
3276.3	1	0
3276.4	1	0
3276.5	1	0
3276.6	1	0
3276.7	1	0
3276.8	1	0
3276.9	1	0
3277	1	0
3277.1	1	0
3277.2	1	0
3277.3	1	0
3277.4	1	0
3277.5	1	0
3277.6	1	0
3277.7	1	0
3277.8	1	0
3277.9	1	0
3278	1	0
3278.1	1	0
3278.2	1	0
3278.3	1	0
3278.4	1	0
3278.5	1	0
3278.6	1	0
3278.7	1	0
3278.8	1	0
3278.9	1	0
3279	1	0
3279.1	1	0
3279.2	1	0
3279.3	1	0
3279.4	1	0
3279.5	1	0
3279.6	1	0
3279.7	1	0
3279.8	1	0
3279.9	1	0
3280	1	0
3280.1	1	0
3280.2	1	0
3280.3	1	0
3280.4	1	0
3280.5	1	0
3280.6	1	0
3280.7	1	0
3280.8	1	0
3280.9	1	0
3281	1	0
3281.1	1	0
3281.2	1	0
3281.3	1	0
3281.4	1	0
3281.5	1	0
3281.6	1	0
3281.7	1	0
3281.8	1	0
3281.9	1	0
3282	1	0
3282.1	1	0
3282.2	1	0
3282.3	1	0
3282.4	1	0
3282.5	1	0
3282.6	1	0
3282.7	1	0
3282.8	1	0
3282.9	1	0
3283	1	0
3283.1	1	0
3283.2	1	0
3283.3	1	0
3283.4	1	0
3283.5	1	0
3283.6	1	0
3283.7	1	0
3283.8	1	0
3283.9	1	0
3284	1	0
3284.1	1	0
3284.2	1	0
3284.3	1	0
3284.4	1	0
3284.5	1	0
3284.6	1	0
3284.7	1	0
3284.8	1	0
3284.9	1	0
3285	1	0
3285.1	1	0
3285.2	1	0
3285.3	1	0
3285.4	1	0
3285.5	1	0
3285.6	1	0
3285.7	1	0
3285.8	1	0
3285.9	1	0
3286	1	0
3286.1	1	0
3286.2	1	0
3286.3	1	0
3286.4	1	0
3286.5	1	0
3286.6	1	0
3286.7	1	0
3286.8	1	0
3286.9	1	0
3287	1	0
3287.1	1	0
3287.2	1	0
3287.3	1	0
3287.4	1	0
3287.5	1	0
