3000	0.927835	0.190926
3000.1	0.929897	0.188688
3000.2	0.931147	0.187845
3000.3	0.930167	0.187989
3000.4	0.927576	0.192085
3000.5	0.926583	0.190263
3000.6	0.929083	0.184116
3000.7	0.929891	0.186623
3000.8	0.927629	0.197433
3000.9	0.926343	0.20432
3001	0.927249	0.200625
3001.1	0.928996	0.194708
3001.2	0.931114	0.190525
3001.3	0.933316	0.179848
3001.4	0.933837	0.178191
3001.5	0.93393	0.184432
3001.6	0.938201	0.174508
3001.7	0.945165	0.161346
3001.8	0.947668	0.155631
3001.9	0.946498	0.152124
3002	0.942785	0.153749
3002.1	0.937455	0.162284
3002.2	0.933181	0.171904
3002.3	0.933729	0.168151
3002.4	0.930407	0.171953
3002.5	0.92376	0.196734
3002.6	0.922723	0.204519
3002.7	0.923948	0.208562
3002.8	0.9272	0.205895
3002.9	0.932106	0.192001
3003	0.933451	0.18619
3003.1	0.932133	0.188379
3003.2	0.931929	0.191001
3003.3	0.936544	0.179603
3003.4	0.944007	0.164788
3003.5	0.946405	0.162165
3003.6	0.945813	0.161189
3003.7	0.944162	0.161966
3003.8	0.942588	0.168611
3003.9	0.942669	0.17304
3004	0.942913	0.174466
3004.1	0.94259	0.17585
3004.2	0.940764	0.181631
3004.3	0.938952	0.186546
3004.4	0.940793	0.172339
3004.5	0.941525	0.168124
3004.6	0.938634	0.180065
3004.7	0.940531	0.18004
3004.8	0.947442	0.16993
3004.9	0.952209	0.162653
3005	0.954132	0.154509
3005.1	0.95388	0.149585
3005.2	0.953585	0.152327
3005.3	0.953639	0.155086
3005.4	0.95399	0.151881
3005.5	0.955215	0.145684
3005.6	0.957382	0.135167
3005.7	0.957999	0.135121
3005.8	0.956261	0.146231
3005.9	0.956987	0.145541
3006	0.959302	0.138439
3006.1	0.960037	0.135853
3006.2	0.954495	0.151058
3006.3	0.949952	0.165471
3006.4	0.949342	0.163253
3006.5	0.948633	0.160786
3006.6	0.949736	0.154795
3006.7	0.951056	0.151988
3006.8	0.950048	0.151918
3006.9	0.945833	0.153701
3007	0.937887	0.167353
3007.1	0.927786	0.187948
3007.2	0.921078	0.197012
3007.3	0.917452	0.201861
3007.4	0.917512	0.203945
3007.5	0.919634	0.210217
3007.6	0.921454	0.209522
3007.7	0.921303	0.211437
3007.8	0.927281	0.204662
3007.9	0.935336	0.191701
3008	0.942714	0.176311
3008.1	0.947455	0.168869
3008.2	0.947908	0.166915
3008.3	0.945164	0.173808
3008.4	0.943288	0.175696
3008.5	0.945746	0.160351
3008.6	0.948222	0.150327
3008.7	0.948266	0.145407
3008.8	0.946373	0.153745
3008.9	0.946889	0.153826
3009	0.949918	0.140424
3009.1	0.94975	0.143702
3009.2	0.946211	0.166166
3009.3	0.941916	0.180774
3009.4	0.936549	0.188768
3009.5	0.931738	0.204131
3009.6	0.930466	0.205647
3009.7	0.934223	0.193609
3009.8	0.939559	0.183835
3009.9	0.943849	0.17145
3010	0.94589	0.159459
3010.1	0.943753	0.16601
3010.2	0.94148	0.178168
3010.3	0.943172	0.174004
3010.4	0.946113	0.168865
3010.5	0.94826	0.165381
3010.6	0.948949	0.160002
3010.7	0.948684	0.162166
3010.8	0.945376	0.169783
3010.9	0.93927	0.176011
3011	0.931721	0.186099
3011.1	0.924105	0.200457
3011.2	0.922654	0.205155
3011.3	0.927024	0.198012
3011.4	0.931272	0.190945
3011.5	0.933526	0.184403
3011.6	0.934372	0.181009
3011.7	0.932736	0.18302
3011.8	0.93254	0.179799
3011.9	0.931055	0.185989
3012	0.930077	0.191124
3012.1	0.929714	0.197886
3012.2	0.929719	0.200715
3012.3	0.92998	0.196691
3012.4	0.930935	0.191628
3012.5	0.933231	0.186072
3012.6	0.938095	0.168331
3012.7	0.941705	0.156577
3012.8	0.941709	0.153054
3012.9	0.941713	0.154715
3013	0.941366	0.163757
3013.1	0.940278	0.170832
3013.2	0.939164	0.176128
3013.3	0.939306	0.174871
3013.4	0.940183	0.164398
3013.5	0.938047	0.160884
3013.6	0.932176	0.1815
3013.7	0.928228	0.196357
3013.8	0.924383	0.202873
3013.9	0.919818	0.206976
3014	0.916643	0.211142
3014.1	0.917653	0.212134
3014.2	0.919159	0.213974
3014.3	0.921817	0.209048
3014.4	0.923927	0.20356
3014.5	0.925162	0.20168
3014.6	0.926913	0.19445
3014.7	0.929162	0.188906
3014.8	0.931605	0.180835
3014.9	0.935245	0.170511
3015	0.939053	0.163076
3015.1	0.939506	0.167083
3015.2	0.937737	0.176095
3015.3	0.936538	0.179364
3015.4	0.933972	0.186214
3015.5	0.933207	0.184054
3015.6	0.933134	0.181626
3015.7	0.932316	0.182001
3015.8	0.931059	0.179705
3015.9	0.931795	0.176908
3016	0.933762	0.17856
3016.1	0.936042	0.176822
3016.2	0.935651	0.181452
3016.3	0.934847	0.193605
3016.4	0.937566	0.184734
3016.5	0.938793	0.173645
3016.6	0.935395	0.17872
3016.7	0.931714	0.190778
3016.8	0.928649	0.197961
3016.9	0.926314	0.200515
3017	0.924782	0.19781
3017.1	0.922754	0.198037
3017.2	0.922719	0.198941
3017.3	0.923535	0.197659
3017.4	0.923861	0.197209
3017.5	0.924476	0.198773
3017.6	0.925795	0.196483
3017.7	0.925262	0.201313
3017.8	0.92475	0.20887
3017.9	0.926648	0.204409
3018	0.926755	0.199736
3018.1	0.927198	0.198301
3018.2	0.926523	0.202473
3018.3	0.925992	0.205889
3018.4	0.927556	0.203161
3018.5	0.927697	0.200577
3018.6	0.927618	0.203556
3018.7	0.928918	0.206717
3018.8	0.931153	0.206874
3018.9	0.934941	0.196661
3019	0.938722	0.182707
3019.1	0.939043	0.179812
3019.2	0.937253	0.183414
3019.3	0.932988	0.196868
3019.4	0.934713	0.196472
3019.5	0.9395	0.183479
3019.6	0.941149	0.174736
3019.7	0.940394	0.181554
3019.8	0.94095	0.186691
3019.9	0.941957	0.186157
3020	0.941272	0.185101
3020.1	0.941175	0.179383
3020.2	0.944432	0.166057
3020.3	0.947886	0.150704
3020.4	0.950638	0.13953
3020.5	0.952637	0.140021
3020.6	0.952926	0.144023
3020.7	0.949622	0.155017
3020.8	0.945919	0.160839
3020.9	0.942142	0.165254
3021	0.940983	0.164372
3021.1	0.942134	0.164515
3021.2	0.944196	0.16863
3021.3	0.946533	0.164579
3021.4	0.948529	0.162094
3021.5	0.950164	0.151668
3021.6	0.946968	0.154865
3021.7	0.946279	0.148125
3021.8	0.947994	0.141568
3021.9	0.947863	0.1414
3022	0.944414	0.155736
3022.1	0.941292	0.168932
3022.2	0.940772	0.175887
3022.3	0.936906	0.186629
3022.4	0.929109	0.199384
3022.5	0.919967	0.216344
3022.6	0.91882	0.215259
3022.7	0.91981	0.210442
3022.8	0.919249	0.217336
3022.9	0.918073	0.223692
3023	0.917557	0.225058
3023.1	0.924011	0.205883
3023.2	0.930117	0.192873
3023.3	0.93399	0.181409
3023.4	0.937762	0.170482
3023.5	0.939174	0.16904
3023.6	0.94049	0.167273
3023.7	0.943265	0.169385
3023.8	0.944527	0.167343
3023.9	0.942881	0.167977
3024	0.940475	0.170028
3024.1	0.938101	0.167001
3024.2	0.935571	0.172335
3024.3	0.933397	0.17561
3024.4	0.933016	0.172702
3024.5	0.93286	0.169989
3024.6	0.931357	0.172652
3024.7	0.927234	0.187127
3024.8	0.92179	0.203224
3024.9	0.91953	0.20527
3025	0.917301	0.212942
3025.1	0.917891	0.216047
3025.2	0.919734	0.215769
3025.3	0.923247	0.208202
3025.4	0.928742	0.19376
3025.5	0.932591	0.185037
3025.6	0.934327	0.182709
3025.7	0.931613	0.188445
3025.8	0.927641	0.201747
3025.9	0.927841	0.205721
3026	0.93011	0.198778
3026.1	0.932395	0.187457
3026.2	0.93217	0.184103
3026.3	0.934307	0.179193
3026.4	0.938196	0.170142
3026.5	0.942887	0.166586
3026.6	0.944171	0.170124
3026.7	0.942001	0.174572
3026.8	0.937204	0.178046
3026.9	0.932535	0.181962
3027	0.93001	0.18747
3027.1	0.928362	0.191808
3027.2	0.92884	0.189799
3027.3	0.93042	0.183578
3027.4	0.932608	0.169286
3027.5	0.929717	0.176263
3027.6	0.929461	0.182145
3027.7	0.931641	0.189536
3027.8	0.930827	0.196269
3027.9	0.928703	0.196694
3028	0.927616	0.19316
3028.1	0.928406	0.191724
3028.2	0.928342	0.19194
3028.3	0.926433	0.194756
3028.4	0.926564	0.19843
3028.5	0.930181	0.200074
3028.6	0.935188	0.190732
3028.7	0.941713	0.176488
3028.8	0.947567	0.167721
3028.9	0.949385	0.165089
3029	0.946891	0.168268
3029.1	0.945609	0.167187
3029.2	0.947551	0.160239
3029.3	0.949309	0.153559
3029.4	0.950578	0.14149
3029.5	0.951905	0.131327
3029.6	0.952993	0.123837
3029.7	0.949794	0.133757
3029.8	0.945134	0.145288
3029.9	0.940564	0.157094
3030	0.939711	0.160941
3030.1	0.943039	0.152615
3030.2	0.944722	0.152456
3030.3	0.943494	0.156322
3030.4	0.940141	0.163833
3030.5	0.93821	0.16368
3030.6	0.939279	0.154463
3030.7	0.940122	0.156089
3030.8	0.939976	0.163238
3030.9	0.940956	0.170282
3031	0.942844	0.171595
3031.1	0.943853	0.171883
3031.2	0.943601	0.174105
3031.3	0.943836	0.173617
3031.4	0.944374	0.165429
3031.5	0.942039	0.167776
3031.6	0.940036	0.174724
3031.7	0.937005	0.182996
3031.8	0.935222	0.187034
3031.9	0.936698	0.184899
3032	0.93854	0.184786
3032.1	0.940506	0.1803
3032.2	0.942626	0.160921
3032.3	0.942555	0.15408
3032.4	0.94261	0.162436
3032.5	0.943972	0.164398
3032.6	0.941393	0.175675
3032.7	0.935212	0.187436
3032.8	0.928157	0.199338
3032.9	0.923652	0.205312
3033	0.92035	0.208394
3033.1	0.920536	0.202799
3033.2	0.92303	0.191116
3033.3	0.927606	0.179096
3033.4	0.93275	0.176356
3033.5	0.935578	0.176752
3033.6	0.938928	0.168036
3033.7	0.94083	0.166417
3033.8	0.940737	0.168251
3033.9	0.94146	0.162443
3034	0.941358	0.161255
3034.1	0.941428	0.164722
3034.2	0.944656	0.15909
3034.3	0.948712	0.15464
3034.4	0.951093	0.151306
3034.5	0.950165	0.158432
3034.6	0.947842	0.166123
3034.7	0.945153	0.172806
3034.8	0.945626	0.168825
3034.9	0.944669	0.171983
3035	0.941816	0.179303
3035.1	0.937925	0.18786
3035.2	0.934669	0.193095
3035.3	0.932889	0.193121
3035.4	0.930898	0.190167
3035.5	0.929579	0.185696
3035.6	0.930829	0.175337
3035.7	0.932252	0.17028
3035.8	0.931703	0.172757
3035.9	0.92881	0.179187
3036	0.924728	0.180609
3036.1	0.919984	0.192272
3036.2	0.920487	0.197403
3036.3	0.922693	0.197178
3036.4	0.920973	0.206819
3036.5	0.916693	0.219482
3036.6	0.913177	0.228798
3036.7	0.915688	0.224886
3036.8	0.923724	0.20869
3036.9	0.932226	0.194096
3037	0.938875	0.182335
3037.1	0.943812	0.172102
3037.2	0.947324	0.167971
3037.3	0.95127	0.159624
3037.4	0.954118	0.152017
3037.5	0.953441	0.152735
3037.6	0.951238	0.156713
3037.7	0.949304	0.159409
3037.8	0.946968	0.164979
3037.9	0.942566	0.175877
3038	0.939979	0.176856
3038.1	0.935761	0.186194
3038.2	0.93391	0.185824
3038.3	0.933527	0.176754
3038.4	0.929721	0.184979
3038.5	0.925099	0.195869
3038.6	0.922247	0.199862
3038.7	0.923245	0.202472
3038.8	0.924305	0.205283
3038.9	0.926168	0.206084
3039	0.93405	0.188288
3039.1	0.947878	0.160025
3039.2	0.962899	0.130965
3039.3	0.975915	0.10554
3039.4	0.985662	0.0773686
3039.5	0.993206	0.0380284
3039.6	0.996555	0.0223166
3039.7	0.997959	0.0147918
3039.8	0.99869	0.0109549
3039.9	0.999088	0.00910354
3040	0.999308	0.00803022
3040.1	0.999435	0.00723911
3040.2	0.999516	0.00658212
3040.3	0.999572	0.00601515
3040.4	0.999616	0.00551948
3040.5	0.999651	0.00508288
3040.6	0.999681	0.0046963
3040.7	0.999706	0.00435214
3040.8	0.999729	0.00404441
3040.9	0.999748	0.00376811
3041	0.999766	0.00351909
3041.1	0.999781	0.00329381
3041.2	0.999795	0.00308944
3041.3	0.999808	0.00290343
3041.4	0.999819	0.00273363
3041.5	0.99983	0.00257826
3041.6	0.99984	0.00243572
3041.7	0.999848	0.00230466
3041.8	0.999856	0.00218382
3041.9	0.999864	0.00207222
3042	0.99987	0.00196892
3042.1	0.999877	0.00187316
3042.2	0.999882	0.0017842
3042.3	0.999888	0.00170142
3042.4	0.999893	0.00162419
3042.5	0.999898	0.00155214
3042.6	0.999902	0.00148477
3042.7	0.999906	0.0014217
3042.8	0.99991	0.00136256
3042.9	0.999914	0.00130698
3043	0.999917	0.00125476
3043.1	0.999921	0.0012056
3043.2	0.999924	0.00115925
3043.3	0.999927	0.00111552
3043.4	0.999929	0.00107422
3043.5	0.999932	0.00103517
3043.6	0.999934	0.000998247
3043.7	0.999937	0.000963247
3043.8	0.999939	0.000929997
3043.9	0.999941	0.000898492
3044	0.999943	0.000868547
3044.1	0.999945	0.000840043
3044.2	0.999947	0.000812967
3044.3	0.999949	0.000787097
3044.4	0.999951	0.000762519
3044.5	0.999952	0.000739
3044.6	0.999954	0.000716605
3044.7	0.999955	0.000695209
3044.8	0.999956	0.000674747
3044.9	0.999958	0.000655221
3045	0.999959	0.000636444
3045.1	0.99996	0.000618545
3045.2	0.999999	1.53771e-05
3045.3	0.999999	1.49994e-05
3045.4	0.999999	1.46884e-05
3045.5	0.999999	1.43774e-05
3045.6	0.999999	1.40623e-05
3045.7	0.999999	1.37513e-05
3045.8	0.999999	1.34399e-05
3045.9	0.999999	1.3191e-05
3046	0.999999	1.28497e-05
3046.1	0.999999	1.26002e-05
3046.2	0.999999	1.23507e-05
3046.3	0.999999	1.21012e-05
3046.4	0.999999	1.18515e-05
3046.5	0.999999	1.1602e-05
3046.6	0.999999	1.14149e-05
3046.7	0.999999	1.11654e-05
3046.8	0.999999	1.09783e-05
3046.9	0.999999	1.07288e-05
3047	0.999999	1.05417e-05
3047.1	0.999999	1.03545e-05
3047.2	0.999999	1.01674e-05
3047.3	0.999999	9.9803e-06
3047.4	0.999999	9.79317e-06
3047.5	0.999999	9.60605e-06
3047.6	0.999999	9.4813e-06
3047.7	0.999999	9.29422e-06
3047.8	0.999999	9.1071e-06
3047.9	0.999999	8.98235e-06
3048	0.999999	8.79522e-06
3048.1	0.999999	8.67047e-06
3048.2	0.999999	8.48335e-06
3048.3	0.999999	8.3586e-06
3048.4	0.999999	8.23385e-06
3048.5	0.999999	8.1091e-06
3048.6	0.999999	7.98436e-06
3048.7	1	7.85961e-06
3048.8	1	7.73486e-06
3048.9	1	7.61011e-06
3049	1	7.48537e-06
3049.1	1	7.36062e-06
3049.2	1	7.23587e-06
3049.3	1	7.11113e-06
3049.4	1	6.98638e-06
3049.5	1	6.92401e-06
3049.6	1	6.79926e-06
3049.7	1	6.67452e-06
3049.8	1	6.61214e-06
3049.9	1	6.4874e-06
3050	1	6.42503e-06
3050.1	1	6.30028e-06
3050.2	1	6.23791e-06
3050.3	1	6.11317e-06
3050.4	1	6.0508e-06
3050.5	1	5.98843e-06
3050.6	1	5.86369e-06
3050.7	1	5.80132e-06
3050.8	1	5.73894e-06
3050.9	1	5.6142e-06
3051	1	5.55173e-06
3051.1	1	5.48936e-06
3051.2	1	5.42698e-06
3051.3	1	5.36461e-06
3051.4	1	5.23986e-06
3051.5	1	5.17749e-06
3051.6	1	5.11512e-06
3051.7	1	5.05274e-06
3051.8	1	4.99037e-06
3051.9	1	4.928e-06
3052	1	4.86547e-06
3052.1	1	4.80309e-06
3052.2	1	4.74071e-06
3052.3	1	4.67834e-06
3052.4	1	4.61596e-06
3052.5	1	4.55358e-06
3052.6	1	4.4912e-06
3052.7	1	4.42882e-06
3052.8	1	4.42882e-06
3052.9	1	4.36645e-06
3053	1	4.30407e-06
3053.1	1	4.24169e-06
3053.2	1	4.17931e-06
3053.3	1	4.11694e-06
3053.4	1	4.11694e-06
3053.5	1	4.05456e-06
3053.6	1	3.99218e-06
3053.7	1	3.9298e-06
3053.8	1	3.9298e-06
3053.9	1	3.86742e-06
3054	1	3.80505e-06
3054.1	1	3.80505e-06
3054.2	1	3.74267e-06
3054.3	1	3.68029e-06
3054.4	1	3.68029e-06
3054.5	1	3.61791e-06
3054.6	1	3.55554e-06
3054.7	1	3.55554e-06
3054.8	1	3.49316e-06
3054.9	1	3.43078e-06
3055	1	3.43078e-06
3055.1	1	3.3684e-06
3055.2	1	3.3684e-06
3055.3	1	3.30602e-06
3055.4	1	3.30602e-06
3055.5	1	3.24365e-06
3055.6	1	3.24365e-06
3055.7	1	0
3055.8	1	0
3055.9	1	0
3056	1	0
3056.1	1	0
3056.2	1	0
3056.3	1	0
3056.4	1	0
3056.5	1	0
3056.6	1	0
3056.7	1	0
3056.8	1	0
3056.9	1	0
3057	1	0
3057.1	1	0
3057.2	1	0
3057.3	1	0
3057.4	1	0
3057.5	1	0
3057.6	1	0
3057.7	1	0
3057.8	1	0
3057.9	1	0
3058	1	0
3058.1	1	0
3058.2	1	0
3058.3	1	0
3058.4	1	0
3058.5	1	0
3058.6	1	0
3058.7	1	0
3058.8	1	0
3058.9	1	0
3059	1	0
3059.1	1	0
3059.2	1	0
3059.3	1	0
3059.4	1	0
3059.5	1	0
3059.6	1	0
3059.7	1	0
3059.8	1	0
3059.9	1	0
3060	1	0
3060.1	1	0
3060.2	1	0
3060.3	1	0
3060.4	1	0
3060.5	1	0
3060.6	1	0
3060.7	1	0
3060.8	1	0
3060.9	1	0
3061	1	0
3061.1	1	0
3061.2	1	0
3061.3	1	0
3061.4	1	0
3061.5	1	0
3061.6	1	0
3061.7	1	0
3061.8	1	0
3061.9	1	0
3062	1	0
3062.1	1	0
3062.2	1	0
3062.3	1	0
3062.4	1	0
3062.5	1	0
3062.6	1	0
3062.7	1	0
3062.8	1	0
3062.9	1	0
3063	1	0
3063.1	1	0
3063.2	1	0
3063.3	1	0
3063.4	1	0
3063.5	1	0
3063.6	1	0
3063.7	1	0
3063.8	1	0
3063.9	1	0
3064	1	0
3064.1	1	0
3064.2	1	0
3064.3	1	0
3064.4	1	0
3064.5	1	0
3064.6	1	0
3064.7	1	0
3064.8	1	0
3064.9	1	0
3065	1	0
3065.1	1	0
3065.2	1	0
3065.3	1	0
3065.4	1	0
3065.5	1	0
3065.6	1	0
3065.7	1	0
3065.8	1	0
3065.9	1	0
3066	1	0
3066.1	1	0
3066.2	1	0
3066.3	1	0
3066.4	1	0
3066.5	1	0
3066.6	1	0
3066.7	1	0
3066.8	1	0
3066.9	1	0
3067	1	0
3067.1	1	0
3067.2	1	0
3067.3	1	0
3067.4	1	0
3067.5	1	0
3067.6	1	0
3067.7	1	0
3067.8	1	0
3067.9	1	0
3068	1	0
3068.1	1	0
3068.2	1	0
3068.3	1	0
3068.4	1	0
3068.5	1	0
3068.6	1	0
3068.7	1	0
3068.8	1	0
3068.9	1	0
3069	1	0
3069.1	1	0
3069.2	1	0
3069.3	1	0
3069.4	1	0
3069.5	1	0
3069.6	1	0
3069.7	1	0
3069.8	1	0
3069.9	1	0
3070	1	0
3070.1	1	0
3070.2	1	0
3070.3	1	0
3070.4	1	0
3070.5	1	0
3070.6	1	0
3070.7	1	0
3070.8	1	0
3070.9	1	0
3071	1	0
3071.1	1	0
3071.2	1	0
3071.3	1	0
3071.4	1	0
3071.5	1	0
3071.6	1	0
3071.7	1	0
3071.8	1	0
3071.9	1	0
3072	1	0
3072.1	1	0
3072.2	1	0
3072.3	1	0
3072.4	1	0
3072.5	1	0
3072.6	1	0
3072.7	1	0
3072.8	1	0
3072.9	1	0
3073	1	0
3073.1	1	0
3073.2	1	0
3073.3	1	0
3073.4	1	0
3073.5	1	0
3073.6	1	0
3073.7	1	0
3073.8	1	0
3073.9	1	0
3074	1	0
3074.1	1	0
3074.2	1	0
3074.3	1	0
3074.4	1	0
3074.5	1	0
3074.6	1	0
3074.7	1	0
3074.8	1	0
3074.9	1	0
3075	1	0
3075.1	1	0
3075.2	1	0
3075.3	1	0
3075.4	1	0
3075.5	1	0
3075.6	1	0
3075.7	1	0
3075.8	1	0
3075.9	1	0
3076	1	0
3076.1	1	0
3076.2	1	0
3076.3	1	0
3076.4	1	0
3076.5	1	0
3076.6	1	0
3076.7	1	0
3076.8	1	0
3076.9	1	0
3077	1	0
3077.1	1	0
3077.2	1	0
3077.3	1	0
3077.4	1	0
3077.5	1	0
3077.6	1	0
3077.7	1	0
3077.8	1	0
3077.9	1	0
3078	1	0
3078.1	1	0
3078.2	1	0
3078.3	1	0
3078.4	1	0
3078.5	1	0
3078.6	1	0
3078.7	1	0
3078.8	1	0
3078.9	1	0
3079	1	0
3079.1	1	0
3079.2	1	0
3079.3	1	0
3079.4	1	0
3079.5	1	0
3079.6	1	0
3079.7	1	0
3079.8	1	0
3079.9	1	0
3080	1	0
3080.1	1	0
3080.2	1	0
3080.3	1	0
3080.4	1	0
3080.5	1	0
3080.6	1	0
3080.7	1	0
3080.8	1	0
3080.9	1	0
3081	1	0
3081.1	1	0
3081.2	1	0
3081.3	1	0
3081.4	1	0
3081.5	1	0
3081.6	1	0
3081.7	1	0
3081.8	1	0
3081.9	1	0
3082	1	0
3082.1	1	0
3082.2	1	0
3082.3	1	0
3082.4	1	0
3082.5	1	0
3082.6	1	0
3082.7	1	0
3082.8	1	0
3082.9	1	0
3083	1	0
3083.1	1	0
3083.2	1	0
3083.3	1	0
3083.4	1	0
3083.5	1	0
3083.6	1	0
3083.7	1	0
3083.8	1	0
3083.9	1	0
3084	1	0
3084.1	1	0
3084.2	1	0
3084.3	1	0
3084.4	1	0
3084.5	1	0
3084.6	1	0
3084.7	1	0
3084.8	1	0
3084.9	1	0
3085	1	0
3085.1	1	0
3085.2	1	0
3085.3	1	0
3085.4	1	0
3085.5	1	0
3085.6	1	0
3085.7	1	0
3085.8	1	0
3085.9	1	0
3086	1	0
3086.1	1	0
3086.2	1	0
3086.3	1	0
3086.4	1	0
3086.5	1	0
3086.6	1	0
3086.7	1	0
3086.8	1	0
3086.9	1	0
3087	1	0
3087.1	1	0
3087.2	1	0
3087.3	1	0
3087.4	1	0
3087.5	1	0
3087.6	1	0
3087.7	1	0
3087.8	1	0
3087.9	1	0
3088	1	0
3088.1	1	0
3088.2	1	0
3088.3	1	0
3088.4	1	0
3088.5	1	0
3088.6	1	0
3088.7	1	0
3088.8	1	0
3088.9	1	0
3089	1	0
3089.1	1	0
3089.2	1	0
3089.3	1	0
3089.4	1	0
3089.5	1	0
3089.6	1	0
3089.7	1	0
3089.8	1	0
3089.9	1	0
3090	1	0
3090.1	1	0
3090.2	1	0
3090.3	1	0
3090.4	1	0
3090.5	1	0
3090.6	1	0
3090.7	1	0
3090.8	1	0
3090.9	1	0
3091	1	0
3091.1	1	0
3091.2	1	0
3091.3	1	0
3091.4	1	0
3091.5	1	0
3091.6	1	0
3091.7	1	0
3091.8	1	0
3091.9	1	0
3092	1	0
3092.1	1	0
3092.2	1	0
3092.3	1	0
3092.4	1	0
3092.5	1	0
3092.6	1	0
3092.7	1	0
3092.8	1	0
3092.9	1	0
3093	1	0
3093.1	1	0
3093.2	1	0
3093.3	1	0
3093.4	1	0
3093.5	1	0
3093.6	1	0
3093.7	1	0
3093.8	1	0
3093.9	1	0
3094	1	0
3094.1	1	0
3094.2	1	0
3094.3	1	0
3094.4	1	0
3094.5	1	0
3094.6	1	0
3094.7	1	0
3094.8	1	0
3094.9	1	0
3095	1	0
3095.1	1	0
3095.2	1	0
3095.3	1	0
3095.4	1	0
3095.5	1	0
3095.6	1	0
3095.7	1	0
3095.8	1	0
3095.9	1	0
3096	1	0
3096.1	1	0
3096.2	1	0
3096.3	1	0
3096.4	1	0
3096.5	1	0
3096.6	1	0
3096.7	1	0
3096.8	1	0
3096.9	1	0
3097	1	0
3097.1	1	0
3097.2	1	0
3097.3	1	0
3097.4	1	0
3097.5	1	0
3097.6	1	0
3097.7	1	0
3097.8	1	0
3097.9	1	0
3098	1	0
3098.1	1	0
3098.2	1	0
3098.3	1	0
3098.4	1	0
3098.5	1	0
3098.6	1	0
3098.7	1	0
3098.8	1	0
3098.9	1	0
3099	1	0
3099.1	1	0
3099.2	1	0
3099.3	1	0
3099.4	1	0
3099.5	1	0
3099.6	1	0
3099.7	1	0
3099.8	1	0
3099.9	1	0
3100	1	0
3100.1	1	0
3100.2	1	0
3100.3	1	0
3100.4	1	0
3100.5	1	0
3100.6	1	0
3100.7	1	0
3100.8	1	0
3100.9	1	0
3101	1	0
3101.1	1	0
3101.2	1	0
3101.3	1	0
3101.4	1	0
3101.5	1	0
3101.6	1	0
3101.7	1	0
3101.8	1	0
3101.9	1	0
3102	1	0
3102.1	1	0
3102.2	1	0
3102.3	1	0
3102.4	1	0
3102.5	1	0
3102.6	1	0
3102.7	1	0
3102.8	1	0
3102.9	1	0
3103	1	0
3103.1	1	0
3103.2	1	0
3103.3	1	0
3103.4	1	0
3103.5	1	0
3103.6	1	0
3103.7	1	0
3103.8	1	0
3103.9	1	0
3104	1	0
3104.1	1	0
3104.2	1	0
3104.3	1	0
3104.4	1	0
3104.5	1	0
3104.6	1	0
3104.7	1	0
3104.8	1	0
3104.9	1	0
3105	1	0
3105.1	1	0
3105.2	1	0
3105.3	1	0
3105.4	1	0
3105.5	1	0
3105.6	1	0
3105.7	1	0
3105.8	1	0
3105.9	1	0
3106	1	0
3106.1	1	0
3106.2	1	0
3106.3	1	0
3106.4	1	0
3106.5	1	0
3106.6	1	0
3106.7	1	0
3106.8	1	0
3106.9	1	0
3107	1	0
3107.1	1	0
3107.2	1	0
3107.3	1	0
3107.4	1	0
3107.5	1	0
3107.6	1	0
3107.7	1	0
3107.8	1	0
3107.9	1	0
3108	1	0
3108.1	1	0
3108.2	1	0
3108.3	1	0
3108.4	1	0
3108.5	1	0
3108.6	1	0
3108.7	1	0
3108.8	1	0
3108.9	1	0
3109	1	0
3109.1	1	0
3109.2	1	0
3109.3	1	0
3109.4	1	0
3109.5	1	0
3109.6	1	0
3109.7	1	0
3109.8	1	0
3109.9	1	0
3110	1	0
3110.1	1	0
3110.2	1	0
3110.3	1	0
3110.4	1	0
3110.5	1	0
3110.6	1	0
3110.7	1	0
3110.8	1	0
3110.9	1	0
3111	1	0
3111.1	1	0
3111.2	1	0
3111.3	1	0
3111.4	1	0
3111.5	1	0
3111.6	1	0
3111.7	1	0
3111.8	1	0
3111.9	1	0
3112	1	0
3112.1	1	0
3112.2	1	0
3112.3	1	0
3112.4	1	0
3112.5	1	0
3112.6	1	0
3112.7	1	0
3112.8	1	0
3112.9	1	0
3113	1	0
3113.1	1	0
3113.2	1	0
3113.3	1	0
3113.4	1	0
3113.5	1	0
3113.6	1	0
3113.7	1	0
3113.8	1	0
3113.9	1	0
3114	1	0
3114.1	1	0
3114.2	1	0
3114.3	1	0
3114.4	1	0
3114.5	1	0
3114.6	1	0
3114.7	1	0
3114.8	1	0
3114.9	1	0
3115	1	0
3115.1	1	0
3115.2	1	0
3115.3	1	0
3115.4	1	0
3115.5	1	0
3115.6	1	0
3115.7	1	0
3115.8	1	0
3115.9	1	0
3116	1	0
3116.1	1	0
3116.2	1	0
3116.3	1	0
3116.4	1	0
3116.5	1	0
3116.6	1	0
3116.7	1	0
3116.8	1	0
3116.9	1	0
3117	1	0
3117.1	1	0
3117.2	1	0
3117.3	1	0
3117.4	1	0
3117.5	1	0
3117.6	1	0
3117.7	1	0
3117.8	1	0
3117.9	1	0
3118	1	0
3118.1	1	0
3118.2	1	0
3118.3	1	0
3118.4	1	0
3118.5	1	0
3118.6	1	0
3118.7	1	0
3118.8	1	0
3118.9	1	0
3119	1	0
3119.1	1	0
3119.2	1	0
3119.3	1	0
3119.4	1	0
3119.5	1	0
3119.6	1	0
3119.7	1	0
3119.8	1	0
3119.9	1	0
3120	1	0
3120.1	1	0
3120.2	1	0
3120.3	1	0
3120.4	1	0
3120.5	1	0
3120.6	1	0
3120.7	1	0
3120.8	1	0
3120.9	1	0
3121	1	0
3121.1	1	0
3121.2	1	0
3121.3	1	0
3121.4	1	0
3121.5	1	0
3121.6	1	0
3121.7	1	0
3121.8	1	0
3121.9	1	0
3122	1	0
3122.1	1	0
3122.2	1	0
3122.3	1	0
3122.4	1	0
3122.5	1	0
3122.6	1	0
3122.7	1	0
3122.8	1	0
3122.9	1	0
3123	1	0
3123.1	1	0
3123.2	1	0
3123.3	1	0
3123.4	1	0
3123.5	1	0
3123.6	1	0
3123.7	1	0
3123.8	1	0
3123.9	1	0
3124	1	0
3124.1	1	0
3124.2	1	0
3124.3	1	0
3124.4	1	0
3124.5	1	0
3124.6	1	0
3124.7	1	0
3124.8	1	0
3124.9	1	0
3125	1	0
3125.1	1	0
3125.2	1	0
3125.3	1	0
3125.4	1	0
3125.5	1	0
3125.6	1	0
3125.7	1	0
3125.8	1	0
3125.9	1	0
3126	1	0
3126.1	1	0
3126.2	1	0
3126.3	1	0
3126.4	1	0
3126.5	1	0
3126.6	1	0
3126.7	1	0
3126.8	1	0
3126.9	1	0
3127	1	0
3127.1	1	0
3127.2	1	0
3127.3	1	0
3127.4	1	0
3127.5	1	0
3127.6	1	0
3127.7	1	0
3127.8	1	0
3127.9	1	0
3128	1	0
3128.1	1	0
3128.2	1	0
3128.3	1	0
3128.4	1	0
3128.5	1	0
3128.6	1	0
3128.7	1	0
3128.8	1	0
3128.9	1	0
3129	1	0
3129.1	1	0
3129.2	1	0
3129.3	1	0
3129.4	1	0
3129.5	1	0
3129.6	1	0
3129.7	1	0
3129.8	1	0
3129.9	1	0
3130	1	0
3130.1	1	0
3130.2	1	0
3130.3	1	0
3130.4	1	0
3130.5	1	0
3130.6	1	0
3130.7	1	0
3130.8	1	0
3130.9	1	0
3131	1	0
3131.1	1	0
3131.2	1	0
3131.3	1	0
3131.4	1	0
3131.5	1	0
3131.6	1	0
3131.7	1	0
3131.8	1	0
3131.9	1	0
3132	1	0
3132.1	1	0
3132.2	1	0
3132.3	1	0
3132.4	1	0
3132.5	1	0
3132.6	1	0
3132.7	1	0
3132.8	1	0
3132.9	1	0
3133	1	0
3133.1	1	0
3133.2	1	0
3133.3	1	0
3133.4	1	0
3133.5	1	0
3133.6	1	0
3133.7	1	0
3133.8	1	0
3133.9	1	0
3134	1	0
3134.1	1	0
3134.2	1	0
3134.3	1	0
3134.4	1	0
3134.5	1	0
3134.6	1	0
3134.7	1	0
3134.8	1	0
3134.9	1	0
3135	1	0
3135.1	1	0
3135.2	1	0
3135.3	1	0
3135.4	1	0
3135.5	1	0
3135.6	1	0
3135.7	1	0
3135.8	1	0
3135.9	1	0
3136	1	0
3136.1	1	0
3136.2	1	0
3136.3	1	0
3136.4	1	0
3136.5	1	0
3136.6	1	0
3136.7	1	0
3136.8	1	0
3136.9	1	0
3137	1	0
3137.1	1	0
3137.2	1	0
3137.3	1	0
3137.4	1	0
3137.5	1	0
3137.6	1	0
3137.7	1	0
3137.8	1	0
3137.9	1	0
3138	1	0
3138.1	1	0
3138.2	1	0
3138.3	1	0
3138.4	1	0
3138.5	1	0
3138.6	1	0
3138.7	1	0
3138.8	1	0
3138.9	1	0
3139	1	0
3139.1	1	0
3139.2	1	0
3139.3	1	0
3139.4	1	0
3139.5	1	0
3139.6	1	0
3139.7	1	0
3139.8	1	0
3139.9	1	0
3140	1	0
3140.1	1	0
3140.2	1	0
3140.3	1	0
3140.4	1	0
3140.5	1	0
3140.6	1	0
3140.7	1	0
3140.8	1	0
3140.9	1	0
3141	1	0
3141.1	1	0
3141.2	1	0
3141.3	1	0
3141.4	1	0
3141.5	1	0
3141.6	1	0
3141.7	1	0
3141.8	1	0
3141.9	1	0
3142	1	0
3142.1	1	0
3142.2	1	0
3142.3	1	0
3142.4	1	0
3142.5	1	0
3142.6	1	0
3142.7	1	0
3142.8	1	0
3142.9	1	0
3143	1	0
3143.1	1	0
3143.2	1	0
3143.3	1	0
3143.4	1	0
3143.5	1	0
3143.6	1	0
3143.7	1	0
3143.8	1	0
3143.9	1	0
3144	1	0
3144.1	1	0
3144.2	1	0
3144.3	1	0
3144.4	1	0
3144.5	1	0
3144.6	1	0
3144.7	1	0
3144.8	1	0
3144.9	1	0
3145	1	0
3145.1	1	0
3145.2	1	0
3145.3	1	0
3145.4	1	0
3145.5	1	0
3145.6	1	0
3145.7	1	0
3145.8	1	0
3145.9	1	0
3146	1	0
3146.1	1	0
3146.2	1	0
3146.3	1	0
3146.4	1	0
3146.5	1	0
3146.6	1	0
3146.7	1	0
3146.8	1	0
3146.9	1	0
3147	1	0
3147.1	1	0
3147.2	1	0
3147.3	1	0
3147.4	1	0
3147.5	1	0
3147.6	1	0
3147.7	1	0
3147.8	1	0
3147.9	1	0
3148	1	0
3148.1	1	0
3148.2	1	0
3148.3	1	0
3148.4	1	0
3148.5	1	0
3148.6	1	0
3148.7	1	0
3148.8	1	0
3148.9	1	0
3149	1	0
3149.1	1	0
3149.2	1	0
3149.3	1	0
3149.4	1	0
3149.5	1	0
3149.6	1	0
3149.7	1	0
3149.8	1	0
3149.9	1	0
3150	1	0
3150.1	1	0
3150.2	1	0
3150.3	1	0
3150.4	1	0
3150.5	1	0
3150.6	1	0
3150.7	1	0
3150.8	1	0
3150.9	1	0
3151	1	0
3151.1	1	0
3151.2	1	0
3151.3	1	0
3151.4	1	0
3151.5	1	0
3151.6	1	0
3151.7	1	0
3151.8	1	0
3151.9	1	0
3152	1	0
3152.1	1	0
3152.2	1	0
3152.3	1	0
3152.4	1	0
3152.5	1	0
3152.6	1	0
3152.7	1	0
3152.8	1	0
3152.9	1	0
3153	1	0
3153.1	1	0
3153.2	1	0
3153.3	1	0
3153.4	1	0
3153.5	1	0
3153.6	1	0
3153.7	1	0
3153.8	1	0
3153.9	1	0
3154	1	0
3154.1	1	0
3154.2	1	0
3154.3	1	0
3154.4	1	0
3154.5	1	0
3154.6	1	0
3154.7	1	0
3154.8	1	0
3154.9	1	0
3155	1	0
3155.1	1	0
3155.2	1	0
3155.3	1	0
3155.4	1	0
3155.5	1	0
3155.6	1	0
3155.7	1	0
3155.8	1	0
3155.9	1	0
3156	1	0
3156.1	1	0
3156.2	1	0
3156.3	1	0
3156.4	1	0
3156.5	1	0
3156.6	1	0
3156.7	1	0
3156.8	1	0
3156.9	1	0
3157	1	0
3157.1	1	0
3157.2	1	0
3157.3	1	0
3157.4	1	0
3157.5	1	0
3157.6	1	0
3157.7	1	0
3157.8	1	0
3157.9	1	0
3158	1	0
3158.1	1	0
3158.2	1	0
3158.3	1	0
3158.4	1	0
3158.5	1	0
3158.6	1	0
3158.7	1	0
3158.8	1	0
3158.9	1	0
3159	1	0
3159.1	1	0
3159.2	1	0
3159.3	1	0
3159.4	1	0
3159.5	1	0
3159.6	1	0
3159.7	1	0
3159.8	1	0
3159.9	1	0
3160	1	0
3160.1	1	0
3160.2	1	0
3160.3	1	0
3160.4	1	0
3160.5	1	0
3160.6	1	0
3160.7	1	0
3160.8	1	0
3160.9	1	0
3161	1	0
3161.1	1	0
3161.2	1	0
3161.3	1	0
3161.4	1	0
3161.5	1	0
3161.6	1	0
3161.7	1	0
3161.8	1	0
3161.9	1	0
3162	1	0
3162.1	1	0
3162.2	1	0
3162.3	1	0
3162.4	1	0
3162.5	1	0
3162.6	1	0
3162.7	1	0
3162.8	1	0
3162.9	1	0
3163	1	0
3163.1	1	0
3163.2	1	0
3163.3	1	0
3163.4	1	0
3163.5	1	0
3163.6	1	0
3163.7	1	0
3163.8	1	0
3163.9	1	0
3164	1	0
3164.1	1	0
3164.2	1	0
3164.3	1	0
3164.4	1	0
3164.5	1	0
3164.6	1	0
3164.7	1	0
3164.8	1	0
3164.9	1	0
3165	1	0
3165.1	1	0
3165.2	1	0
3165.3	1	0
3165.4	1	0
3165.5	1	0
3165.6	1	0
3165.7	1	0
3165.8	1	0
3165.9	1	0
3166	1	0
3166.1	1	0
3166.2	1	0
3166.3	1	0
3166.4	1	0
3166.5	1	0
3166.6	1	0
3166.7	1	0
3166.8	1	0
3166.9	1	0
3167	1	0
3167.1	1	0
3167.2	1	0
3167.3	1	0
3167.4	1	0
3167.5	1	0
3167.6	1	0
3167.7	1	0
3167.8	1	0
3167.9	1	0
3168	1	0
3168.1	1	0
3168.2	1	0
3168.3	1	0
3168.4	1	0
3168.5	1	0
3168.6	1	0
3168.7	1	0
3168.8	1	0
3168.9	1	0
3169	1	0
3169.1	1	0
3169.2	1	0
3169.3	1	0
3169.4	1	0
3169.5	1	0
3169.6	1	0
3169.7	1	0
3169.8	1	0
3169.9	1	0
3170	1	0
3170.1	1	0
3170.2	1	0
3170.3	1	0
3170.4	1	0
3170.5	1	0
3170.6	1	0
3170.7	1	0
3170.8	1	0
3170.9	1	0
3171	1	0
3171.1	1	0
3171.2	1	0
3171.3	1	0
3171.4	1	0
3171.5	1	0
3171.6	1	0
3171.7	1	0
3171.8	1	0
3171.9	1	0
3172	1	0
3172.1	1	0
3172.2	1	0
3172.3	1	0
3172.4	1	0
3172.5	1	0
3172.6	1	0
3172.7	1	0
3172.8	1	0
3172.9	1	0
3173	1	0
3173.1	1	0
3173.2	1	0
3173.3	1	0
3173.4	1	0
3173.5	1	0
3173.6	1	0
3173.7	1	0
3173.8	1	0
3173.9	1	0
3174	1	0
3174.1	1	0
3174.2	1	0
3174.3	1	0
3174.4	1	0
3174.5	1	0
3174.6	1	0
3174.7	1	0
3174.8	1	0
3174.9	1	0
3175	1	0
3175.1	1	0
3175.2	1	0
3175.3	1	0
3175.4	1	0
3175.5	1	0
3175.6	1	0
3175.7	1	0
3175.8	1	0
3175.9	1	0
3176	1	0
3176.1	1	0
3176.2	1	0
3176.3	1	0
3176.4	1	0
3176.5	1	0
3176.6	1	0
3176.7	1	0
3176.8	1	0
3176.9	1	0
3177	1	0
3177.1	1	0
3177.2	1	0
3177.3	1	0
3177.4	1	0
3177.5	1	0
3177.6	1	0
3177.7	1	0
3177.8	1	0
3177.9	1	0
3178	1	0
3178.1	1	0
3178.2	1	0
3178.3	1	0
3178.4	1	0
3178.5	1	0
3178.6	1	0
3178.7	1	0
3178.8	1	0
3178.9	1	0
3179	1	0
3179.1	1	0
3179.2	1	0
3179.3	1	0
3179.4	1	0
3179.5	1	0
3179.6	1	0
3179.7	1	0
3179.8	1	0
3179.9	1	0
3180	1	0
3180.1	1	0
3180.2	1	0
3180.3	1	0
3180.4	1	0
3180.5	1	0
3180.6	1	0
3180.7	1	0
3180.8	1	0
3180.9	1	0
3181	1	0
3181.1	1	0
3181.2	1	0
3181.3	1	0
3181.4	1	0
3181.5	1	0
3181.6	1	0
3181.7	1	0
3181.8	1	0
3181.9	1	0
3182	1	0
3182.1	1	0
3182.2	1	0
3182.3	1	0
3182.4	1	0
3182.5	1	0
3182.6	1	0
3182.7	1	0
3182.8	1	0
3182.9	1	0
3183	1	0
3183.1	1	0
3183.2	1	0
3183.3	1	0
3183.4	1	0
3183.5	1	0
3183.6	1	0
3183.7	1	0
3183.8	1	0
3183.9	1	0
3184	1	0
3184.1	1	0
3184.2	1	0
3184.3	1	0
3184.4	1	0
3184.5	1	0
3184.6	1	0
3184.7	1	0
3184.8	1	0
3184.9	1	0
3185	1	0
3185.1	1	0
3185.2	1	0
3185.3	1	0
3185.4	1	0
3185.5	1	0
3185.6	1	0
3185.7	1	0
3185.8	1	0
3185.9	1	0
3186	1	0
3186.1	1	0
3186.2	1	0
3186.3	1	0
3186.4	1	0
3186.5	1	0
3186.6	1	0
3186.7	1	0
3186.8	1	0
3186.9	1	0
3187	1	0
3187.1	1	0
3187.2	1	0
3187.3	1	0
3187.4	1	0
3187.5	1	0
3187.6	1	0
3187.7	1	0
3187.8	1	0
3187.9	1	0
3188	1	0
3188.1	1	0
3188.2	1	0
3188.3	1	0
3188.4	1	0
3188.5	1	0
3188.6	1	0
3188.7	1	0
3188.8	1	0
3188.9	1	0
3189	1	0
3189.1	1	0
3189.2	1	0
3189.3	1	0
3189.4	1	0
3189.5	1	0
3189.6	1	0
3189.7	1	0
3189.8	1	0
3189.9	1	0
3190	1	0
3190.1	1	0
3190.2	1	0
3190.3	1	0
3190.4	1	0
3190.5	1	0
3190.6	1	0
3190.7	1	0
3190.8	1	0
3190.9	1	0
3191	1	0
3191.1	1	0
3191.2	1	0
3191.3	1	0
3191.4	1	0
3191.5	1	0
3191.6	1	0
3191.7	1	0
3191.8	1	0
3191.9	1	0
3192	1	0
3192.1	1	0
3192.2	1	0
3192.3	1	0
3192.4	1	0
3192.5	1	0
3192.6	1	0
3192.7	1	0
3192.8	1	0
3192.9	1	0
3193	1	0
3193.1	1	0
3193.2	1	0
3193.3	1	0
3193.4	1	0
3193.5	1	0
3193.6	1	0
3193.7	1	0
3193.8	1	0
3193.9	1	0
3194	1	0
3194.1	1	0
3194.2	1	0
3194.3	1	0
3194.4	1	0
3194.5	1	0
3194.6	1	0
3194.7	1	0
3194.8	1	0
3194.9	1	0
3195	1	0
3195.1	1	0
3195.2	1	0
3195.3	1	0
3195.4	1	0
3195.5	1	0
3195.6	1	0
3195.7	1	0
3195.8	1	0
3195.9	1	0
3196	1	0
3196.1	1	0
3196.2	1	0
3196.3	1	0
3196.4	1	0
3196.5	1	0
3196.6	1	0
3196.7	1	0
3196.8	1	0
3196.9	1	0
3197	1	0
3197.1	1	0
3197.2	1	0
3197.3	1	0
3197.4	1	0
3197.5	1	0
3197.6	1	0
3197.7	1	0
3197.8	1	0
3197.9	1	0
3198	1	0
3198.1	1	0
3198.2	1	0
3198.3	1	0
3198.4	1	0
3198.5	1	0
3198.6	1	0
3198.7	1	0
3198.8	1	0
3198.9	1	0
3199	1	0
3199.1	1	0
3199.2	1	0
3199.3	1	0
3199.4	1	0
3199.5	1	0
3199.6	1	0
3199.7	1	0
3199.8	1	0
3199.9	1	0
3200	1	0
3200.1	1	0
3200.2	1	0
3200.3	1	0
3200.4	1	0
3200.5	1	0
3200.6	1	0
3200.7	1	0
3200.8	1	0
3200.9	1	0
3201	1	0
3201.1	1	0
3201.2	1	0
3201.3	1	0
3201.4	1	0
3201.5	1	0
3201.6	1	0
3201.7	1	0
3201.8	1	0
3201.9	1	0
3202	1	0
3202.1	1	0
3202.2	1	0
3202.3	1	0
3202.4	1	0
3202.5	1	0
3202.6	1	0
3202.7	1	0
3202.8	1	0
3202.9	1	0
3203	1	0
3203.1	1	0
3203.2	1	0
3203.3	1	0
3203.4	1	0
3203.5	1	0
3203.6	1	0
3203.7	1	0
3203.8	1	0
3203.9	1	0
3204	1	0
3204.1	1	0
3204.2	1	0
3204.3	1	0
3204.4	1	0
3204.5	1	0
3204.6	1	0
3204.7	1	0
3204.8	1	0
3204.9	1	0
3205	1	0
3205.1	1	0
3205.2	1	0
3205.3	1	0
3205.4	1	0
3205.5	1	0
3205.6	1	0
3205.7	1	0
3205.8	1	0
3205.9	1	0
3206	1	0
3206.1	1	0
3206.2	1	0
3206.3	1	0
3206.4	1	0
3206.5	1	0
3206.6	1	0
3206.7	1	0
3206.8	1	0
3206.9	1	0
3207	1	0
3207.1	1	0
3207.2	1	0
3207.3	1	0
3207.4	1	0
3207.5	1	0
3207.6	1	0
3207.7	1	0
3207.8	1	0
3207.9	1	0
3208	1	0
3208.1	1	0
3208.2	1	0
3208.3	1	0
3208.4	1	0
3208.5	1	0
3208.6	1	0
3208.7	1	0
3208.8	1	0
3208.9	1	0
3209	1	0
3209.1	1	0
3209.2	1	0
3209.3	1	0
3209.4	1	0
3209.5	1	0
3209.6	1	0
3209.7	1	0
3209.8	1	0
3209.9	1	0
3210	1	0
3210.1	1	0
3210.2	1	0
3210.3	1	0
3210.4	1	0
3210.5	1	0
3210.6	1	0
3210.7	1	0
3210.8	1	0
3210.9	1	0
3211	1	0
3211.1	1	0
3211.2	1	0
3211.3	1	0
3211.4	1	0
3211.5	1	0
3211.6	1	0
3211.7	1	0
3211.8	1	0
3211.9	1	0
3212	1	0
3212.1	1	0
3212.2	1	0
3212.3	1	0
3212.4	1	0
3212.5	1	0
3212.6	1	0
3212.7	1	0
3212.8	1	0
3212.9	1	0
3213	1	0
3213.1	1	0
3213.2	1	0
3213.3	1	0
3213.4	1	0
3213.5	1	0
3213.6	1	0
3213.7	1	0
3213.8	1	0
3213.9	1	0
3214	1	0
3214.1	1	0
3214.2	1	0
3214.3	1	0
3214.4	1	0
3214.5	1	0
3214.6	1	0
3214.7	1	0
3214.8	1	0
3214.9	1	0
3215	1	0
3215.1	1	0
3215.2	1	0
3215.3	1	0
3215.4	1	0
3215.5	1	0
3215.6	1	0
3215.7	1	0
3215.8	1	0
3215.9	1	0
3216	1	0
3216.1	1	0
3216.2	1	0
3216.3	1	0
3216.4	1	0
3216.5	1	0
3216.6	1	0
3216.7	1	0
3216.8	1	0
3216.9	1	0
3217	1	0
3217.1	1	0
3217.2	1	0
3217.3	1	0
3217.4	1	0
3217.5	1	0
3217.6	1	0
3217.7	1	0
3217.8	1	0
3217.9	1	0
3218	1	0
3218.1	1	0
3218.2	1	0
3218.3	1	0
3218.4	1	0
3218.5	1	0
3218.6	1	0
3218.7	1	0
3218.8	1	0
3218.9	1	0
3219	1	0
3219.1	1	0
3219.2	1	0
3219.3	1	0
3219.4	1	0
3219.5	1	0
3219.6	1	0
3219.7	1	0
3219.8	1	0
3219.9	1	0
3220	1	0
3220.1	1	0
3220.2	1	0
3220.3	1	0
3220.4	1	0
3220.5	1	0
3220.6	1	0
3220.7	1	0
3220.8	1	0
3220.9	1	0
3221	1	0
3221.1	1	0
3221.2	1	0
3221.3	1	0
3221.4	1	0
3221.5	1	0
3221.6	1	0
3221.7	1	0
3221.8	1	0
3221.9	1	0
3222	1	0
3222.1	1	0
3222.2	1	0
3222.3	1	0
3222.4	1	0
3222.5	1	0
3222.6	1	0
3222.7	1	0
3222.8	1	0
3222.9	1	0
3223	1	0
3223.1	1	0
3223.2	1	0
3223.3	1	0
3223.4	1	0
3223.5	1	0
3223.6	1	0
3223.7	1	0
3223.8	1	0
3223.9	1	0
3224	1	0
3224.1	1	0
3224.2	1	0
3224.3	1	0
3224.4	1	0
3224.5	1	0
3224.6	1	0
3224.7	1	0
3224.8	1	0
3224.9	1	0
3225	1	0
