3000	0.943196	0.16651
3000.1	0.943333	0.168088
3000.2	0.943988	0.165899
3000.3	0.94435	0.164896
3000.4	0.9442	0.162795
3000.5	0.943904	0.163797
3000.6	0.943605	0.164716
3000.7	0.943906	0.162782
3000.8	0.944236	0.162532
3000.9	0.944008	0.164191
3001	0.94413	0.1632
3001.1	0.944122	0.16316
3001.2	0.942919	0.167336
3001.3	0.941217	0.170926
3001.4	0.939089	0.174101
3001.5	0.937072	0.177203
3001.6	0.936615	0.176956
3001.7	0.936884	0.177362
3001.8	0.937483	0.17757
3001.9	0.938092	0.176775
3002	0.938485	0.175809
3002.1	0.938702	0.17613
3002.2	0.938737	0.176891
3002.3	0.939252	0.176685
3002.4	0.938333	0.179632
3002.5	0.937133	0.183976
3002.6	0.93716	0.182799
3002.7	0.936916	0.181835
3002.8	0.936596	0.183049
3002.9	0.936795	0.183988
3003	0.936884	0.183468
3003.1	0.936294	0.184364
3003.2	0.935737	0.186329
3003.3	0.935389	0.184521
3003.4	0.935548	0.181179
3003.5	0.93496	0.18668
3003.6	0.934504	0.190172
3003.7	0.934483	0.190652
3003.8	0.935101	0.189176
3003.9	0.936498	0.186845
3004	0.937557	0.185456
3004.1	0.939382	0.180505
3004.2	0.940809	0.175973
3004.3	0.940501	0.177208
3004.4	0.940585	0.174822
3004.5	0.941164	0.17248
3004.6	0.941567	0.172532
3004.7	0.941631	0.173561
3004.8	0.942389	0.173135
3004.9	0.942206	0.174123
3005	0.940944	0.177048
3005.1	0.938646	0.182432
3005.2	0.937904	0.183922
3005.3	0.938752	0.181695
3005.4	0.940793	0.175214
3005.5	0.94291	0.171105
3005.6	0.945059	0.166657
3005.7	0.94684	0.163731
3005.8	0.948729	0.160885
3005.9	0.949188	0.160901
3006	0.948989	0.160808
3006.1	0.948327	0.160677
3006.2	0.946841	0.163733
3006.3	0.946401	0.1651
3006.4	0.946843	0.163764
3006.5	0.946466	0.164566
3006.6	0.945821	0.165042
3006.7	0.945725	0.162441
3006.8	0.945954	0.160664
3006.9	0.944998	0.165544
3007	0.943747	0.170202
3007.1	0.942309	0.173406
3007.2	0.941772	0.172739
3007.3	0.941371	0.172865
3007.4	0.941122	0.172668
3007.5	0.939914	0.177649
3007.6	0.939411	0.178644
3007.7	0.939398	0.178159
3007.8	0.939644	0.176283
3007.9	0.939854	0.176531
3008	0.941026	0.172386
3008.1	0.942039	0.167852
3008.2	0.941874	0.167891
3008.3	0.941657	0.168426
3008.4	0.94258	0.165807
3008.5	0.946147	0.155944
3008.6	0.948664	0.15092
3008.7	0.949291	0.149516
3008.8	0.948074	0.154608
3008.9	0.946096	0.159202
3009	0.943984	0.164323
3009.1	0.941841	0.171151
3009.2	0.939774	0.177428
3009.3	0.939035	0.177037
3009.4	0.939349	0.173331
3009.5	0.940095	0.17211
3009.6	0.941609	0.171899
3009.7	0.944116	0.167384
3009.8	0.945564	0.163359
3009.9	0.945602	0.159923
3010	0.944366	0.160597
3010.1	0.943326	0.165234
3010.2	0.942881	0.168466
3010.3	0.942687	0.171156
3010.4	0.943059	0.172447
3010.5	0.944842	0.167005
3010.6	0.946674	0.161438
3010.7	0.946894	0.161863
3010.8	0.946168	0.16592
3010.9	0.94532	0.165699
3011	0.944295	0.163726
3011.1	0.94266	0.166009
3011.2	0.942093	0.167457
3011.3	0.941861	0.167091
3011.4	0.940366	0.170613
3011.5	0.938325	0.176131
3011.6	0.937881	0.177582
3011.7	0.938461	0.176301
3011.8	0.939495	0.174806
3011.9	0.940641	0.174467
3012	0.942177	0.173415
3012.1	0.942709	0.175001
3012.2	0.942473	0.175731
3012.3	0.940646	0.177155
3012.4	0.937078	0.182539
3012.5	0.934417	0.187999
3012.6	0.933997	0.186457
3012.7	0.933304	0.186228
3012.8	0.932382	0.185732
3012.9	0.931734	0.187568
3013	0.932556	0.187897
3013.1	0.93473	0.183868
3013.2	0.935817	0.182073
3013.3	0.936543	0.180538
3013.4	0.937494	0.176417
3013.5	0.938118	0.175959
3013.6	0.938532	0.177109
3013.7	0.938392	0.178357
3013.8	0.937549	0.18118
3013.9	0.937077	0.182147
3014	0.936313	0.183427
3014.1	0.935753	0.184324
3014.2	0.935213	0.184147
3014.3	0.933001	0.188721
3014.4	0.930053	0.197115
3014.5	0.928859	0.200033
3014.6	0.929452	0.196233
3014.7	0.929025	0.195951
3014.8	0.92669	0.20043
3014.9	0.92585	0.202423
3015	0.927858	0.199191
3015.1	0.929944	0.196413
3015.2	0.930615	0.194601
3015.3	0.93027	0.194471
3015.4	0.929988	0.194076
3015.5	0.930157	0.193003
3015.6	0.931098	0.191223
3015.7	0.93234	0.189156
3015.8	0.932632	0.190032
3015.9	0.932537	0.188824
3016	0.932969	0.186665
3016.1	0.934195	0.18326
3016.2	0.935182	0.180874
3016.3	0.935921	0.181163
3016.4	0.936942	0.179597
3016.5	0.93632	0.179426
3016.6	0.933501	0.184911
3016.7	0.930767	0.190194
3016.8	0.928578	0.193814
3016.9	0.926722	0.198422
3017	0.925893	0.19991
3017.1	0.92676	0.197112
3017.2	0.928331	0.193864
3017.3	0.929862	0.192648
3017.4	0.930375	0.191903
3017.5	0.930299	0.19167
3017.6	0.931511	0.187447
3017.7	0.933397	0.184594
3017.8	0.93434	0.185897
3017.9	0.935106	0.184963
3018	0.935819	0.181344
3018.1	0.935808	0.179109
3018.2	0.93584	0.179379
3018.3	0.936137	0.178974
3018.4	0.935999	0.180099
3018.5	0.935765	0.179786
3018.6	0.936582	0.176841
3018.7	0.938152	0.175747
3018.8	0.939069	0.178396
3018.9	0.939832	0.179884
3019	0.939909	0.17999
3019.1	0.938609	0.181808
3019.2	0.936608	0.185134
3019.3	0.93542	0.187394
3019.4	0.935074	0.188643
3019.5	0.934939	0.1879
3019.6	0.934052	0.187032
3019.7	0.932976	0.188516
3019.8	0.932886	0.190323
3019.9	0.933448	0.189506
3020	0.933159	0.190487
3020.1	0.934251	0.187782
3020.2	0.937285	0.17842
3020.3	0.93913	0.175099
3020.4	0.939344	0.177127
3020.5	0.939237	0.181051
3020.6	0.939334	0.182494
3020.7	0.93979	0.178464
3020.8	0.939117	0.174727
3020.9	0.937576	0.175285
3021	0.936477	0.176915
3021.1	0.936255	0.176844
3021.2	0.936233	0.177168
3021.3	0.937061	0.17677
3021.4	0.938661	0.174578
3021.5	0.939604	0.171222
3021.6	0.938838	0.173288
3021.7	0.938486	0.175017
3021.8	0.939187	0.173126
3021.9	0.939178	0.175
3022	0.93783	0.178605
3022.1	0.937061	0.178478
3022.2	0.937785	0.17627
3022.3	0.938678	0.175475
3022.4	0.938824	0.175342
3022.5	0.937226	0.177081
3022.6	0.935534	0.17845
3022.7	0.933432	0.181832
3022.8	0.931728	0.186981
3022.9	0.931394	0.189835
3023	0.932661	0.188709
3023.1	0.935113	0.182425
3023.2	0.936253	0.180649
3023.3	0.935481	0.182876
3023.4	0.933959	0.188785
3023.5	0.932591	0.191519
3023.6	0.932432	0.191053
3023.7	0.933855	0.187164
3023.8	0.935685	0.183149
3023.9	0.936316	0.181999
3024	0.935415	0.184729
3024.1	0.933601	0.18707
3024.2	0.932107	0.19089
3024.3	0.931782	0.193251
3024.4	0.93243	0.19037
3024.5	0.932542	0.187264
3024.6	0.931779	0.186607
3024.7	0.93115	0.18659
3024.8	0.930966	0.186893
3024.9	0.931207	0.187348
3025	0.931744	0.188116
3025.1	0.932124	0.187459
3025.2	0.932552	0.185086
3025.3	0.932952	0.182673
3025.4	0.933791	0.17903
3025.5	0.935622	0.175866
3025.6	0.93595	0.177592
3025.7	0.934865	0.182617
3025.8	0.93364	0.185196
3025.9	0.933898	0.184341
3026	0.935079	0.182044
3026.1	0.936932	0.176759
3026.2	0.938438	0.171647
3026.3	0.9397	0.169145
3026.4	0.940495	0.170919
3026.5	0.940606	0.171809
3026.6	0.93975	0.173381
3026.7	0.938036	0.176219
3026.8	0.936009	0.179501
3026.9	0.934159	0.184721
3027	0.93234	0.190331
3027.1	0.931294	0.193646
3027.2	0.932309	0.191756
3027.3	0.933849	0.187689
3027.4	0.93602	0.17906
3027.5	0.935661	0.178277
3027.6	0.934419	0.182783
3027.7	0.933532	0.188279
3027.8	0.932851	0.190071
3027.9	0.932536	0.189607
3028	0.932623	0.189524
3028.1	0.933172	0.187951
3028.2	0.932732	0.188536
3028.3	0.932857	0.187633
3028.4	0.934269	0.18438
3028.5	0.935563	0.183211
3028.6	0.937005	0.181896
3028.7	0.937726	0.182752
3028.8	0.93816	0.181047
3028.9	0.938866	0.177135
3029	0.937515	0.179277
3029.1	0.935399	0.183774
3029.2	0.934743	0.18516
3029.3	0.933856	0.187885
3029.4	0.933918	0.185239
3029.5	0.935408	0.178825
3029.6	0.937556	0.174054
3029.7	0.939222	0.173009
3029.8	0.939166	0.175925
3029.9	0.938587	0.179543
3030	0.938782	0.178663
3030.1	0.939479	0.17633
3030.2	0.939818	0.176609
3030.3	0.939594	0.177061
3030.4	0.940025	0.174838
3030.5	0.941208	0.16954
3030.6	0.941597	0.167479
3030.7	0.940796	0.17136
3030.8	0.939613	0.176441
3030.9	0.939177	0.177947
3031	0.939164	0.178448
3031.1	0.938889	0.180248
3031.2	0.939437	0.179385
3031.3	0.94036	0.176974
3031.4	0.94137	0.174183
3031.5	0.94187	0.173047
3031.6	0.941906	0.170884
3031.7	0.941356	0.170479
3031.8	0.940287	0.171466
3031.9	0.940612	0.169465
3032	0.940689	0.173667
3032.1	0.940178	0.176839
3032.2	0.939821	0.176209
3032.3	0.939866	0.174659
3032.4	0.940079	0.17515
3032.5	0.939367	0.176371
3032.6	0.936782	0.180461
3032.7	0.933633	0.185775
3032.8	0.93151	0.190442
3032.9	0.931155	0.189513
3033	0.9311	0.187964
3033.1	0.931544	0.186995
3033.2	0.932741	0.185125
3033.3	0.934713	0.18067
3033.4	0.93568	0.179701
3033.5	0.934636	0.183648
3033.6	0.934244	0.186121
3033.7	0.935395	0.184228
3033.8	0.937284	0.17828
3033.9	0.93792	0.175584
3034	0.937033	0.177676
3034.1	0.937231	0.1765
3034.2	0.939225	0.172324
3034.3	0.940454	0.170708
3034.4	0.940886	0.169043
3034.5	0.939875	0.170803
3034.6	0.939016	0.172106
3034.7	0.939449	0.172667
3034.8	0.940521	0.171309
3034.9	0.940597	0.172159
3035	0.94005	0.173942
3035.1	0.939151	0.17539
3035.2	0.937606	0.176484
3035.3	0.935648	0.178585
3035.4	0.932498	0.184599
3035.5	0.931365	0.186414
3035.6	0.932136	0.184397
3035.7	0.933851	0.179548
3035.8	0.934828	0.179304
3035.9	0.935532	0.180028
3036	0.934633	0.179865
3036.1	0.932361	0.183139
3036.2	0.930642	0.185522
3036.3	0.931351	0.1855
3036.4	0.932658	0.185652
3036.5	0.933428	0.185012
3036.6	0.935416	0.182652
3036.7	0.93896	0.176297
3036.8	0.942262	0.167817
3036.9	0.942574	0.165432
3037	0.940553	0.170325
3037.1	0.938243	0.175893
3037.2	0.936572	0.181345
3037.3	0.935281	0.184772
3037.4	0.934669	0.184322
3037.5	0.933934	0.185608
3037.6	0.934593	0.185801
3037.7	0.936648	0.183197
3037.8	0.938539	0.179597
3037.9	0.93939	0.176974
3038	0.939992	0.173854
3038.1	0.941054	0.16904
3038.2	0.943603	0.161737
3038.3	0.945015	0.158351
3038.4	0.944612	0.161279
3038.5	0.944343	0.163838
3038.6	0.944369	0.165144
3038.7	0.944403	0.168288
3038.8	0.945558	0.169198
3038.9	0.948797	0.166632
3039	0.955349	0.153269
3039.1	0.964679	0.134132
3039.2	0.974427	0.113267
3039.3	0.98326	0.0900986
3039.4	0.990201	0.067508
3039.5	0.994497	0.0503019
3039.6	0.996737	0.0390907
3039.7	0.997934	0.0311803
3039.8	0.998587	0.0265769
3039.9	0.998985	0.0222206
3040	0.999429	0.0105993
3040.1	0.99968	0.00502668
3040.2	0.999771	0.00390996
3040.3	0.999812	0.00350796
3040.4	0.999836	0.00327238
3040.5	0.999852	0.00309786
3040.6	0.999865	0.00295324
3040.7	0.999875	0.00282732
3040.8	0.999883	0.00271548
3040.9	0.999889	0.00261472
3041	0.999895	0.00252312
3041.1	0.9999	0.00243926
3041.2	0.999905	0.00236207
3041.3	0.999909	0.00229063
3041.4	0.999912	0.00222422
3041.5	0.999916	0.00216225
3041.6	0.99992	0.00210398
3041.7	0.999922	0.00204941
3041.8	0.999925	0.00199794
3041.9	0.999928	0.00194927
3042	0.99993	0.00190311
3042.1	0.999932	0.00185925
3042.2	0.999934	0.00181748
3042.3	0.999936	0.0017776
3042.4	0.999938	0.00173946
3042.5	0.99994	0.00170297
3042.6	0.999941	0.00166793
3042.7	0.999943	0.0016343
3042.8	0.999944	0.00160194
3042.9	0.999946	0.00157076
3043	0.999947	0.00154072
3043.1	0.99995	0.00151077
3043.2	0.999951	0.00148278
3043.3	0.999952	0.00145567
3043.4	0.999953	0.00142948
3043.5	0.999954	0.0014041
3043.6	0.999955	0.00137949
3043.7	0.999956	0.00135564
3043.8	0.999957	0.00133248
3043.9	0.999958	0.00131001
3044	0.999959	0.00128814
3044.1	0.99996	0.00126691
3044.2	0.999961	0.00124626
3044.3	0.999961	0.00122614
3044.4	0.999962	0.00120658
3044.5	0.999963	0.00118752
3044.6	0.999964	0.0011689
3044.7	0.999967	0.00114379
3044.8	0.999968	0.00112645
3044.9	0.999969	0.00110952
3045	0.999969	0.00109298
3045.1	0.99997	0.00107685
3045.2	0.999998	5.60476e-05
3045.3	0.999998	5.53461e-05
3045.4	0.999998	5.46602e-05
3045.5	0.999998	5.40104e-05
3045.6	0.999998	5.33672e-05
3045.7	0.999998	5.27285e-05
3045.8	0.999998	5.21345e-05
3045.9	0.999998	5.15454e-05
3046	0.999998	5.09784e-05
3046.1	0.999998	5.04178e-05
3046.2	0.999998	4.98806e-05
3046.3	0.999998	4.93654e-05
3046.4	0.999998	4.88425e-05
3046.5	0.999998	4.83519e-05
3046.6	0.999998	4.78656e-05
3046.7	0.999998	4.73749e-05
3046.8	0.999998	4.69131e-05
3046.9	0.999998	4.6452e-05
3047	0.999998	4.60215e-05
3047.1	0.999998	4.55841e-05
3047.2	0.999998	4.5168e-05
3047.3	0.999998	4.47625e-05
3047.4	0.999998	4.43387e-05
3047.5	0.999999	4.39446e-05
3047.6	0.999999	4.35191e-05
3047.7	0.999999	4.31391e-05
3047.8	0.999999	4.27607e-05
3047.9	0.999999	4.24129e-05
3048	0.999999	4.2044e-05
3048.1	0.999999	4.16976e-05
3048.2	0.999999	4.13591e-05
3048.3	0.999999	4.10015e-05
3048.4	0.999999	4.06754e-05
3048.5	0.999999	4.03612e-05
3048.6	0.999999	4.00352e-05
3048.7	0.999999	3.97178e-05
3048.8	0.999999	3.94013e-05
3048.9	0.999999	3.91064e-05
3049	1	1.38261e-05
3049.1	1	1.3599e-05
3049.2	1	1.3374e-05
3049.3	1	1.3148e-05
3049.4	1	1.29209e-05
3049.5	1	1.27229e-05
3049.6	1	1.24238e-05
3049.7	1	1.22421e-05
3049.8	1	1.20419e-05
3049.9	1	1.18386e-05
3050	1	1.16601e-05
3050.1	1	1.14784e-05
3050.2	1	1.12856e-05
3050.3	1	1.11036e-05
3050.4	1	1.09477e-05
3050.5	1	1.07701e-05
3050.6	1	1.06098e-05
3050.7	1	1.04537e-05
3050.8	1	1.02978e-05
3050.9	1	1.01375e-05
3051	1	1.00032e-05
3051.1	1	9.84724e-06
3051.2	1	9.71277e-06
3051.3	1	9.57848e-06
3051.4	1	9.43984e-06
3051.5	1	9.30547e-06
3051.6	1	9.17118e-06
3051.7	1	9.03689e-06
3051.8	1	8.92426e-06
3051.9	1	8.78995e-06
3052	1	8.6773e-06
3052.1	1	8.56467e-06
3052.2	1	8.45204e-06
3052.3	1	8.3394e-06
3052.4	1	8.22677e-06
3052.5	1	8.11413e-06
3052.6	1	8.0015e-06
3052.7	1	7.91052e-06
3052.8	1	7.80228e-06
3052.9	1	7.71129e-06
3053	1	7.59866e-06
3053.1	1	7.50767e-06
3053.2	1	7.41668e-06
3053.3	1	7.3257e-06
3053.4	1	7.23912e-06
3053.5	1	7.14813e-06
3053.6	1	7.05714e-06
3053.7	1	6.96615e-06
3053.8	1	6.87958e-06
3053.9	1	6.81023e-06
3054	1	6.71924e-06
3054.1	1	6.63269e-06
3054.2	1	6.56332e-06
3054.3	1	6.47233e-06
3054.4	1	6.40743e-06
3054.5	1	6.33803e-06
3054.6	1	6.26868e-06
3054.7	1	6.18214e-06
3054.8	1	6.11274e-06
3054.9	1	6.04338e-06
3055	1	5.97848e-06
3055.1	1	5.90911e-06
3055.2	1	5.84422e-06
3055.3	1	5.77484e-06
3055.4	1	5.70996e-06
3055.5	1	5.66221e-06
3055.6	1	5.59733e-06
3055.7	1	5.41246e-06
3055.8	1	5.36828e-06
3055.9	1	5.30201e-06
3056	1	5.23573e-06
3056.1	1	5.19155e-06
3056.2	1	5.12527e-06
3056.3	1	5.08109e-06
3056.4	1	5.01481e-06
3056.5	1	4.97063e-06
3056.6	1	4.92645e-06
3056.7	1	4.86017e-06
3056.8	1	4.81599e-06
3056.9	1	4.77181e-06
3057	1	4.72762e-06
3057.1	1	4.68344e-06
3057.2	1	4.61716e-06
3057.3	1	4.57298e-06
3057.4	1	4.5288e-06
3057.5	1	4.48461e-06
3057.6	1	4.44043e-06
3057.7	1	4.39625e-06
3057.8	1	4.35206e-06
3057.9	1	4.30788e-06
3058	1	4.28579e-06
3058.1	1	4.2416e-06
3058.2	1	4.19742e-06
3058.3	1	4.15324e-06
3058.4	1	4.10905e-06
3058.5	1	4.06487e-06
3058.6	1	4.04278e-06
3058.7	1	3.9986e-06
3058.8	1	3.95441e-06
3058.9	1	3.93232e-06
3059	1	3.88814e-06
3059.1	1	3.84395e-06
3059.2	1	3.82186e-06
3059.3	1	3.77768e-06
3059.4	1	3.75559e-06
3059.5	1	3.7114e-06
3059.6	1	3.68931e-06
3059.7	1	3.64513e-06
3059.8	1	3.62304e-06
3059.9	1	3.57885e-06
3060	1	3.55676e-06
3060.1	1	3.51258e-06
3060.2	1	3.49049e-06
3060.3	1	3.4684e-06
3060.4	1	3.42421e-06
3060.5	1	3.40212e-06
3060.6	1	3.38003e-06
3060.7	1	0
3060.8	1	0
3060.9	1	0
3061	1	0
3061.1	1	0
3061.2	1	0
3061.3	1	0
3061.4	1	0
3061.5	1	0
3061.6	1	0
3061.7	1	0
3061.8	1	0
3061.9	1	0
3062	1	0
3062.1	1	0
3062.2	1	0
3062.3	1	0
3062.4	1	0
3062.5	1	0
3062.6	1	0
3062.7	1	0
3062.8	1	0
3062.9	1	0
3063	1	0
3063.1	1	0
3063.2	1	0
3063.3	1	0
3063.4	1	0
3063.5	1	0
3063.6	1	0
3063.7	1	0
3063.8	1	0
3063.9	1	0
3064	1	0
3064.1	1	0
3064.2	1	0
3064.3	1	0
3064.4	1	0
3064.5	1	0
3064.6	1	0
3064.7	1	0
3064.8	1	0
3064.9	1	0
3065	1	0
3065.1	1	0
3065.2	1	0
3065.3	1	0
3065.4	1	0
3065.5	1	0
3065.6	1	0
3065.7	1	0
3065.8	1	0
3065.9	1	0
3066	1	0
3066.1	1	0
3066.2	1	0
3066.3	1	0
3066.4	1	0
3066.5	1	0
3066.6	1	0
3066.7	1	0
3066.8	1	0
3066.9	1	0
3067	1	0
3067.1	1	0
3067.2	1	0
3067.3	1	0
3067.4	1	0
3067.5	1	0
3067.6	1	0
3067.7	1	0
3067.8	1	0
3067.9	1	0
3068	1	0
3068.1	1	0
3068.2	1	0
3068.3	1	0
3068.4	1	0
3068.5	1	0
3068.6	1	0
3068.7	1	0
3068.8	1	0
3068.9	1	0
3069	1	0
3069.1	1	0
3069.2	1	0
3069.3	1	0
3069.4	1	0
3069.5	1	0
3069.6	1	0
3069.7	1	0
3069.8	1	0
3069.9	1	0
3070	1	0
3070.1	1	0
3070.2	1	0
3070.3	1	0
3070.4	1	0
3070.5	1	0
3070.6	1	0
3070.7	1	0
3070.8	1	0
3070.9	1	0
3071	1	0
3071.1	1	0
3071.2	1	0
3071.3	1	0
3071.4	1	0
3071.5	1	0
3071.6	1	0
3071.7	1	0
3071.8	1	0
3071.9	1	0
3072	1	0
3072.1	1	0
3072.2	1	0
3072.3	1	0
3072.4	1	0
3072.5	1	0
3072.6	1	0
3072.7	1	0
3072.8	1	0
3072.9	1	0
3073	1	0
3073.1	1	0
3073.2	1	0
3073.3	1	0
3073.4	1	0
3073.5	1	0
3073.6	1	0
3073.7	1	0
3073.8	1	0
3073.9	1	0
3074	1	0
3074.1	1	0
3074.2	1	0
3074.3	1	0
3074.4	1	0
3074.5	1	0
3074.6	1	0
3074.7	1	0
3074.8	1	0
3074.9	1	0
3075	1	0
3075.1	1	0
3075.2	1	0
3075.3	1	0
3075.4	1	0
3075.5	1	0
3075.6	1	0
3075.7	1	0
3075.8	1	0
3075.9	1	0
3076	1	0
3076.1	1	0
3076.2	1	0
3076.3	1	0
3076.4	1	0
3076.5	1	0
3076.6	1	0
3076.7	1	0
3076.8	1	0
3076.9	1	0
3077	1	0
3077.1	1	0
3077.2	1	0
3077.3	1	0
3077.4	1	0
3077.5	1	0
3077.6	1	0
3077.7	1	0
3077.8	1	0
3077.9	1	0
3078	1	0
3078.1	1	0
3078.2	1	0
3078.3	1	0
3078.4	1	0
3078.5	1	0
3078.6	1	0
3078.7	1	0
3078.8	1	0
3078.9	1	0
3079	1	0
3079.1	1	0
3079.2	1	0
3079.3	1	0
3079.4	1	0
3079.5	1	0
3079.6	1	0
3079.7	1	0
3079.8	1	0
3079.9	1	0
3080	1	0
3080.1	1	0
3080.2	1	0
3080.3	1	0
3080.4	1	0
3080.5	1	0
3080.6	1	0
3080.7	1	0
3080.8	1	0
3080.9	1	0
3081	1	0
3081.1	1	0
3081.2	1	0
3081.3	1	0
3081.4	1	0
3081.5	1	0
3081.6	1	0
3081.7	1	0
3081.8	1	0
3081.9	1	0
3082	1	0
3082.1	1	0
3082.2	1	0
3082.3	1	0
3082.4	1	0
3082.5	1	0
3082.6	1	0
3082.7	1	0
3082.8	1	0
3082.9	1	0
3083	1	0
3083.1	1	0
3083.2	1	0
3083.3	1	0
3083.4	1	0
3083.5	1	0
3083.6	1	0
3083.7	1	0
3083.8	1	0
3083.9	1	0
3084	1	0
3084.1	1	0
3084.2	1	0
3084.3	1	0
3084.4	1	0
3084.5	1	0
3084.6	1	0
3084.7	1	0
3084.8	1	0
3084.9	1	0
3085	1	0
3085.1	1	0
3085.2	1	0
3085.3	1	0
3085.4	1	0
3085.5	1	0
3085.6	1	0
3085.7	1	0
3085.8	1	0
3085.9	1	0
3086	1	0
3086.1	1	0
3086.2	1	0
3086.3	1	0
3086.4	1	0
3086.5	1	0
3086.6	1	0
3086.7	1	0
3086.8	1	0
3086.9	1	0
3087	1	0
3087.1	1	0
3087.2	1	0
3087.3	1	0
3087.4	1	0
3087.5	1	0
3087.6	1	0
3087.7	1	0
3087.8	1	0
3087.9	1	0
3088	1	0
3088.1	1	0
3088.2	1	0
3088.3	1	0
3088.4	1	0
3088.5	1	0
3088.6	1	0
3088.7	1	0
3088.8	1	0
3088.9	1	0
3089	1	0
3089.1	1	0
3089.2	1	0
3089.3	1	0
3089.4	1	0
3089.5	1	0
3089.6	1	0
3089.7	1	0
3089.8	1	0
3089.9	1	0
3090	1	0
3090.1	1	0
3090.2	1	0
3090.3	1	0
3090.4	1	0
3090.5	1	0
3090.6	1	0
3090.7	1	0
3090.8	1	0
3090.9	1	0
3091	1	0
3091.1	1	0
3091.2	1	0
3091.3	1	0
3091.4	1	0
3091.5	1	0
3091.6	1	0
3091.7	1	0
3091.8	1	0
3091.9	1	0
3092	1	0
3092.1	1	0
3092.2	1	0
3092.3	1	0
3092.4	1	0
3092.5	1	0
3092.6	1	0
3092.7	1	0
3092.8	1	0
3092.9	1	0
3093	1	0
3093.1	1	0
3093.2	1	0
3093.3	1	0
3093.4	1	0
3093.5	1	0
3093.6	1	0
3093.7	1	0
3093.8	1	0
3093.9	1	0
3094	1	0
3094.1	1	0
3094.2	1	0
3094.3	1	0
3094.4	1	0
3094.5	1	0
3094.6	1	0
3094.7	1	0
3094.8	1	0
3094.9	1	0
3095	1	0
3095.1	1	0
3095.2	1	0
3095.3	1	0
3095.4	1	0
3095.5	1	0
3095.6	1	0
3095.7	1	0
3095.8	1	0
3095.9	1	0
3096	1	0
3096.1	1	0
3096.2	1	0
3096.3	1	0
3096.4	1	0
3096.5	1	0
3096.6	1	0
3096.7	1	0
3096.8	1	0
3096.9	1	0
3097	1	0
3097.1	1	0
3097.2	1	0
3097.3	1	0
3097.4	1	0
3097.5	1	0
3097.6	1	0
3097.7	1	0
3097.8	1	0
3097.9	1	0
3098	1	0
3098.1	1	0
3098.2	1	0
3098.3	1	0
3098.4	1	0
3098.5	1	0
3098.6	1	0
3098.7	1	0
3098.8	1	0
3098.9	1	0
3099	1	0
3099.1	1	0
3099.2	1	0
3099.3	1	0
3099.4	1	0
3099.5	1	0
3099.6	1	0
3099.7	1	0
3099.8	1	0
3099.9	1	0
3100	1	0
3100.1	1	0
3100.2	1	0
3100.3	1	0
3100.4	1	0
3100.5	1	0
3100.6	1	0
3100.7	1	0
3100.8	1	0
3100.9	1	0
3101	1	0
3101.1	1	0
3101.2	1	0
3101.3	1	0
3101.4	1	0
3101.5	1	0
3101.6	1	0
3101.7	1	0
3101.8	1	0
3101.9	1	0
3102	1	0
3102.1	1	0
3102.2	1	0
3102.3	1	0
3102.4	1	0
3102.5	1	0
3102.6	1	0
3102.7	1	0
3102.8	1	0
3102.9	1	0
3103	1	0
3103.1	1	0
3103.2	1	0
3103.3	1	0
3103.4	1	0
3103.5	1	0
3103.6	1	0
3103.7	1	0
3103.8	1	0
3103.9	1	0
3104	1	0
3104.1	1	0
3104.2	1	0
3104.3	1	0
3104.4	1	0
3104.5	1	0
3104.6	1	0
3104.7	1	0
3104.8	1	0
3104.9	1	0
3105	1	0
3105.1	1	0
3105.2	1	0
3105.3	1	0
3105.4	1	0
3105.5	1	0
3105.6	1	0
3105.7	1	0
3105.8	1	0
3105.9	1	0
3106	1	0
3106.1	1	0
3106.2	1	0
3106.3	1	0
3106.4	1	0
3106.5	1	0
3106.6	1	0
3106.7	1	0
3106.8	1	0
3106.9	1	0
3107	1	0
3107.1	1	0
3107.2	1	0
3107.3	1	0
3107.4	1	0
3107.5	1	0
3107.6	1	0
3107.7	1	0
3107.8	1	0
3107.9	1	0
3108	1	0
3108.1	1	0
3108.2	1	0
3108.3	1	0
3108.4	1	0
3108.5	1	0
3108.6	1	0
3108.7	1	0
3108.8	1	0
3108.9	1	0
3109	1	0
3109.1	1	0
3109.2	1	0
3109.3	1	0
3109.4	1	0
3109.5	1	0
3109.6	1	0
3109.7	1	0
3109.8	1	0
3109.9	1	0
3110	1	0
3110.1	1	0
3110.2	1	0
3110.3	1	0
3110.4	1	0
3110.5	1	0
3110.6	1	0
3110.7	1	0
3110.8	1	0
3110.9	1	0
3111	1	0
3111.1	1	0
3111.2	1	0
3111.3	1	0
3111.4	1	0
3111.5	1	0
3111.6	1	0
3111.7	1	0
3111.8	1	0
3111.9	1	0
3112	1	0
3112.1	1	0
3112.2	1	0
3112.3	1	0
3112.4	1	0
3112.5	1	0
3112.6	1	0
3112.7	1	0
3112.8	1	0
3112.9	1	0
3113	1	0
3113.1	1	0
3113.2	1	0
3113.3	1	0
3113.4	1	0
3113.5	1	0
3113.6	1	0
3113.7	1	0
3113.8	1	0
3113.9	1	0
3114	1	0
3114.1	1	0
3114.2	1	0
3114.3	1	0
3114.4	1	0
3114.5	1	0
3114.6	1	0
3114.7	1	0
3114.8	1	0
3114.9	1	0
3115	1	0
3115.1	1	0
3115.2	1	0
3115.3	1	0
3115.4	1	0
3115.5	1	0
3115.6	1	0
3115.7	1	0
3115.8	1	0
3115.9	1	0
3116	1	0
3116.1	1	0
3116.2	1	0
3116.3	1	0
3116.4	1	0
3116.5	1	0
3116.6	1	0
3116.7	1	0
3116.8	1	0
3116.9	1	0
3117	1	0
3117.1	1	0
3117.2	1	0
3117.3	1	0
3117.4	1	0
3117.5	1	0
3117.6	1	0
3117.7	1	0
3117.8	1	0
3117.9	1	0
3118	1	0
3118.1	1	0
3118.2	1	0
3118.3	1	0
3118.4	1	0
3118.5	1	0
3118.6	1	0
3118.7	1	0
3118.8	1	0
3118.9	1	0
3119	1	0
3119.1	1	0
3119.2	1	0
3119.3	1	0
3119.4	1	0
3119.5	1	0
3119.6	1	0
3119.7	1	0
3119.8	1	0
3119.9	1	0
3120	1	0
3120.1	1	0
3120.2	1	0
3120.3	1	0
3120.4	1	0
3120.5	1	0
3120.6	1	0
3120.7	1	0
3120.8	1	0
3120.9	1	0
3121	1	0
3121.1	1	0
3121.2	1	0
3121.3	1	0
3121.4	1	0
3121.5	1	0
3121.6	1	0
3121.7	1	0
3121.8	1	0
3121.9	1	0
3122	1	0
3122.1	1	0
3122.2	1	0
3122.3	1	0
3122.4	1	0
3122.5	1	0
3122.6	1	0
3122.7	1	0
3122.8	1	0
3122.9	1	0
3123	1	0
3123.1	1	0
3123.2	1	0
3123.3	1	0
3123.4	1	0
3123.5	1	0
3123.6	1	0
3123.7	1	0
3123.8	1	0
3123.9	1	0
3124	1	0
3124.1	1	0
3124.2	1	0
3124.3	1	0
3124.4	1	0
3124.5	1	0
3124.6	1	0
3124.7	1	0
3124.8	1	0
3124.9	1	0
3125	1	0
3125.1	1	0
3125.2	1	0
3125.3	1	0
3125.4	1	0
3125.5	1	0
3125.6	1	0
3125.7	1	0
3125.8	1	0
3125.9	1	0
3126	1	0
3126.1	1	0
3126.2	1	0
3126.3	1	0
3126.4	1	0
3126.5	1	0
3126.6	1	0
3126.7	1	0
3126.8	1	0
3126.9	1	0
3127	1	0
3127.1	1	0
3127.2	1	0
3127.3	1	0
3127.4	1	0
3127.5	1	0
3127.6	1	0
3127.7	1	0
3127.8	1	0
3127.9	1	0
3128	1	0
3128.1	1	0
3128.2	1	0
3128.3	1	0
3128.4	1	0
3128.5	1	0
3128.6	1	0
3128.7	1	0
3128.8	1	0
3128.9	1	0
3129	1	0
3129.1	1	0
3129.2	1	0
3129.3	1	0
3129.4	1	0
3129.5	1	0
3129.6	1	0
3129.7	1	0
3129.8	1	0
3129.9	1	0
3130	1	0
3130.1	1	0
3130.2	1	0
3130.3	1	0
3130.4	1	0
3130.5	1	0
3130.6	1	0
3130.7	1	0
3130.8	1	0
3130.9	1	0
3131	1	0
3131.1	1	0
3131.2	1	0
3131.3	1	0
3131.4	1	0
3131.5	1	0
3131.6	1	0
3131.7	1	0
3131.8	1	0
3131.9	1	0
3132	1	0
3132.1	1	0
3132.2	1	0
3132.3	1	0
3132.4	1	0
3132.5	1	0
3132.6	1	0
3132.7	1	0
3132.8	1	0
3132.9	1	0
3133	1	0
3133.1	1	0
3133.2	1	0
3133.3	1	0
3133.4	1	0
3133.5	1	0
3133.6	1	0
3133.7	1	0
3133.8	1	0
3133.9	1	0
3134	1	0
3134.1	1	0
3134.2	1	0
3134.3	1	0
3134.4	1	0
3134.5	1	0
3134.6	1	0
3134.7	1	0
3134.8	1	0
3134.9	1	0
3135	1	0
3135.1	1	0
3135.2	1	0
3135.3	1	0
3135.4	1	0
3135.5	1	0
3135.6	1	0
3135.7	1	0
3135.8	1	0
3135.9	1	0
3136	1	0
3136.1	1	0
3136.2	1	0
3136.3	1	0
3136.4	1	0
3136.5	1	0
3136.6	1	0
3136.7	1	0
3136.8	1	0
3136.9	1	0
3137	1	0
3137.1	1	0
3137.2	1	0
3137.3	1	0
3137.4	1	0
3137.5	1	0
3137.6	1	0
3137.7	1	0
3137.8	1	0
3137.9	1	0
3138	1	0
3138.1	1	0
3138.2	1	0
3138.3	1	0
3138.4	1	0
3138.5	1	0
3138.6	1	0
3138.7	1	0
3138.8	1	0
3138.9	1	0
3139	1	0
3139.1	1	0
3139.2	1	0
3139.3	1	0
3139.4	1	0
3139.5	1	0
3139.6	1	0
3139.7	1	0
3139.8	1	0
3139.9	1	0
3140	1	0
3140.1	1	0
3140.2	1	0
3140.3	1	0
3140.4	1	0
3140.5	1	0
3140.6	1	0
3140.7	1	0
3140.8	1	0
3140.9	1	0
3141	1	0
3141.1	1	0
3141.2	1	0
3141.3	1	0
3141.4	1	0
3141.5	1	0
3141.6	1	0
3141.7	1	0
3141.8	1	0
3141.9	1	0
3142	1	0
3142.1	1	0
3142.2	1	0
3142.3	1	0
3142.4	1	0
3142.5	1	0
3142.6	1	0
3142.7	1	0
3142.8	1	0
3142.9	1	0
3143	1	0
3143.1	1	0
3143.2	1	0
3143.3	1	0
3143.4	1	0
3143.5	1	0
3143.6	1	0
3143.7	1	0
3143.8	1	0
3143.9	1	0
3144	1	0
3144.1	1	0
3144.2	1	0
3144.3	1	0
3144.4	1	0
3144.5	1	0
3144.6	1	0
3144.7	1	0
3144.8	1	0
3144.9	1	0
3145	1	0
3145.1	1	0
3145.2	1	0
3145.3	1	0
3145.4	1	0
3145.5	1	0
3145.6	1	0
3145.7	1	0
3145.8	1	0
3145.9	1	0
3146	1	0
3146.1	1	0
3146.2	1	0
3146.3	1	0
3146.4	1	0
3146.5	1	0
3146.6	1	0
3146.7	1	0
3146.8	1	0
3146.9	1	0
3147	1	0
3147.1	1	0
3147.2	1	0
3147.3	1	0
3147.4	1	0
3147.5	1	0
3147.6	1	0
3147.7	1	0
3147.8	1	0
3147.9	1	0
3148	1	0
3148.1	1	0
3148.2	1	0
3148.3	1	0
3148.4	1	0
3148.5	1	0
3148.6	1	0
3148.7	1	0
3148.8	1	0
3148.9	1	0
3149	1	0
3149.1	1	0
3149.2	1	0
3149.3	1	0
3149.4	1	0
3149.5	1	0
3149.6	1	0
3149.7	1	0
3149.8	1	0
3149.9	1	0
3150	1	0
3150.1	1	0
3150.2	1	0
3150.3	1	0
3150.4	1	0
3150.5	1	0
3150.6	1	0
3150.7	1	0
3150.8	1	0
3150.9	1	0
3151	1	0
3151.1	1	0
3151.2	1	0
3151.3	1	0
3151.4	1	0
3151.5	1	0
3151.6	1	0
3151.7	1	0
3151.8	1	0
3151.9	1	0
3152	1	0
3152.1	1	0
3152.2	1	0
3152.3	1	0
3152.4	1	0
3152.5	1	0
3152.6	1	0
3152.7	1	0
3152.8	1	0
3152.9	1	0
3153	1	0
3153.1	1	0
3153.2	1	0
3153.3	1	0
3153.4	1	0
3153.5	1	0
3153.6	1	0
3153.7	1	0
3153.8	1	0
3153.9	1	0
3154	1	0
3154.1	1	0
3154.2	1	0
3154.3	1	0
3154.4	1	0
3154.5	1	0
3154.6	1	0
3154.7	1	0
3154.8	1	0
3154.9	1	0
3155	1	0
3155.1	1	0
3155.2	1	0
3155.3	1	0
3155.4	1	0
3155.5	1	0
3155.6	1	0
3155.7	1	0
3155.8	1	0
3155.9	1	0
3156	1	0
3156.1	1	0
3156.2	1	0
3156.3	1	0
3156.4	1	0
3156.5	1	0
3156.6	1	0
3156.7	1	0
3156.8	1	0
3156.9	1	0
3157	1	0
3157.1	1	0
3157.2	1	0
3157.3	1	0
3157.4	1	0
3157.5	1	0
3157.6	1	0
3157.7	1	0
3157.8	1	0
3157.9	1	0
3158	1	0
3158.1	1	0
3158.2	1	0
3158.3	1	0
3158.4	1	0
3158.5	1	0
3158.6	1	0
3158.7	1	0
3158.8	1	0
3158.9	1	0
3159	1	0
3159.1	1	0
3159.2	1	0
3159.3	1	0
3159.4	1	0
3159.5	1	0
3159.6	1	0
3159.7	1	0
3159.8	1	0
3159.9	1	0
3160	1	0
3160.1	1	0
3160.2	1	0
3160.3	1	0
3160.4	1	0
3160.5	1	0
3160.6	1	0
3160.7	1	0
3160.8	1	0
3160.9	1	0
3161	1	0
3161.1	1	0
3161.2	1	0
3161.3	1	0
3161.4	1	0
3161.5	1	0
3161.6	1	0
3161.7	1	0
3161.8	1	0
3161.9	1	0
3162	1	0
3162.1	1	0
3162.2	1	0
3162.3	1	0
3162.4	1	0
3162.5	1	0
3162.6	1	0
3162.7	1	0
3162.8	1	0
3162.9	1	0
3163	1	0
3163.1	1	0
3163.2	1	0
3163.3	1	0
3163.4	1	0
3163.5	1	0
3163.6	1	0
3163.7	1	0
3163.8	1	0
3163.9	1	0
3164	1	0
3164.1	1	0
3164.2	1	0
3164.3	1	0
3164.4	1	0
3164.5	1	0
3164.6	1	0
3164.7	1	0
3164.8	1	0
3164.9	1	0
3165	1	0
3165.1	1	0
3165.2	1	0
3165.3	1	0
3165.4	1	0
3165.5	1	0
3165.6	1	0
3165.7	1	0
3165.8	1	0
3165.9	1	0
3166	1	0
3166.1	1	0
3166.2	1	0
3166.3	1	0
3166.4	1	0
3166.5	1	0
3166.6	1	0
3166.7	1	0
3166.8	1	0
3166.9	1	0
3167	1	0
3167.1	1	0
3167.2	1	0
3167.3	1	0
3167.4	1	0
3167.5	1	0
3167.6	1	0
3167.7	1	0
3167.8	1	0
3167.9	1	0
3168	1	0
3168.1	1	0
3168.2	1	0
3168.3	1	0
3168.4	1	0
3168.5	1	0
3168.6	1	0
3168.7	1	0
3168.8	1	0
3168.9	1	0
3169	1	0
3169.1	1	0
3169.2	1	0
3169.3	1	0
3169.4	1	0
3169.5	1	0
3169.6	1	0
3169.7	1	0
3169.8	1	0
3169.9	1	0
3170	1	0
3170.1	1	0
3170.2	1	0
3170.3	1	0
3170.4	1	0
3170.5	1	0
3170.6	1	0
3170.7	1	0
3170.8	1	0
3170.9	1	0
3171	1	0
3171.1	1	0
3171.2	1	0
3171.3	1	0
3171.4	1	0
3171.5	1	0
3171.6	1	0
3171.7	1	0
3171.8	1	0
3171.9	1	0
3172	1	0
3172.1	1	0
3172.2	1	0
3172.3	1	0
3172.4	1	0
3172.5	1	0
3172.6	1	0
3172.7	1	0
3172.8	1	0
3172.9	1	0
3173	1	0
3173.1	1	0
3173.2	1	0
3173.3	1	0
3173.4	1	0
3173.5	1	0
3173.6	1	0
3173.7	1	0
3173.8	1	0
3173.9	1	0
3174	1	0
3174.1	1	0
3174.2	1	0
3174.3	1	0
3174.4	1	0
3174.5	1	0
3174.6	1	0
3174.7	1	0
3174.8	1	0
3174.9	1	0
3175	1	0
3175.1	1	0
3175.2	1	0
3175.3	1	0
3175.4	1	0
3175.5	1	0
3175.6	1	0
3175.7	1	0
3175.8	1	0
3175.9	1	0
3176	1	0
3176.1	1	0
3176.2	1	0
3176.3	1	0
3176.4	1	0
3176.5	1	0
3176.6	1	0
3176.7	1	0
3176.8	1	0
3176.9	1	0
3177	1	0
3177.1	1	0
3177.2	1	0
3177.3	1	0
3177.4	1	0
3177.5	1	0
3177.6	1	0
3177.7	1	0
3177.8	1	0
3177.9	1	0
3178	1	0
3178.1	1	0
3178.2	1	0
3178.3	1	0
3178.4	1	0
3178.5	1	0
3178.6	1	0
3178.7	1	0
3178.8	1	0
3178.9	1	0
3179	1	0
3179.1	1	0
3179.2	1	0
3179.3	1	0
3179.4	1	0
3179.5	1	0
3179.6	1	0
3179.7	1	0
3179.8	1	0
3179.9	1	0
3180	1	0
3180.1	1	0
3180.2	1	0
3180.3	1	0
3180.4	1	0
3180.5	1	0
3180.6	1	0
3180.7	1	0
3180.8	1	0
3180.9	1	0
3181	1	0
3181.1	1	0
3181.2	1	0
3181.3	1	0
3181.4	1	0
3181.5	1	0
3181.6	1	0
3181.7	1	0
3181.8	1	0
3181.9	1	0
3182	1	0
3182.1	1	0
3182.2	1	0
3182.3	1	0
3182.4	1	0
3182.5	1	0
3182.6	1	0
3182.7	1	0
3182.8	1	0
3182.9	1	0
3183	1	0
3183.1	1	0
3183.2	1	0
3183.3	1	0
3183.4	1	0
3183.5	1	0
3183.6	1	0
3183.7	1	0
3183.8	1	0
3183.9	1	0
3184	1	0
3184.1	1	0
3184.2	1	0
3184.3	1	0
3184.4	1	0
3184.5	1	0
3184.6	1	0
3184.7	1	0
3184.8	1	0
3184.9	1	0
3185	1	0
3185.1	1	0
3185.2	1	0
3185.3	1	0
3185.4	1	0
3185.5	1	0
3185.6	1	0
3185.7	1	0
3185.8	1	0
3185.9	1	0
3186	1	0
3186.1	1	0
3186.2	1	0
3186.3	1	0
3186.4	1	0
3186.5	1	0
3186.6	1	0
3186.7	1	0
3186.8	1	0
3186.9	1	0
3187	1	0
3187.1	1	0
3187.2	1	0
3187.3	1	0
3187.4	1	0
3187.5	1	0
3187.6	1	0
3187.7	1	0
3187.8	1	0
3187.9	1	0
3188	1	0
3188.1	1	0
3188.2	1	0
3188.3	1	0
3188.4	1	0
3188.5	1	0
3188.6	1	0
3188.7	1	0
3188.8	1	0
3188.9	1	0
3189	1	0
3189.1	1	0
3189.2	1	0
3189.3	1	0
3189.4	1	0
3189.5	1	0
3189.6	1	0
3189.7	1	0
3189.8	1	0
3189.9	1	0
3190	1	0
3190.1	1	0
3190.2	1	0
3190.3	1	0
3190.4	1	0
3190.5	1	0
3190.6	1	0
3190.7	1	0
3190.8	1	0
3190.9	1	0
3191	1	0
3191.1	1	0
3191.2	1	0
3191.3	1	0
3191.4	1	0
3191.5	1	0
3191.6	1	0
3191.7	1	0
3191.8	1	0
3191.9	1	0
3192	1	0
3192.1	1	0
3192.2	1	0
3192.3	1	0
3192.4	1	0
3192.5	1	0
3192.6	1	0
3192.7	1	0
3192.8	1	0
3192.9	1	0
3193	1	0
3193.1	1	0
3193.2	1	0
3193.3	1	0
3193.4	1	0
3193.5	1	0
3193.6	1	0
3193.7	1	0
3193.8	1	0
3193.9	1	0
3194	1	0
3194.1	1	0
3194.2	1	0
3194.3	1	0
3194.4	1	0
3194.5	1	0
3194.6	1	0
3194.7	1	0
3194.8	1	0
3194.9	1	0
3195	1	0
3195.1	1	0
3195.2	1	0
3195.3	1	0
3195.4	1	0
3195.5	1	0
3195.6	1	0
3195.7	1	0
3195.8	1	0
3195.9	1	0
3196	1	0
3196.1	1	0
3196.2	1	0
3196.3	1	0
3196.4	1	0
3196.5	1	0
3196.6	1	0
3196.7	1	0
3196.8	1	0
3196.9	1	0
3197	1	0
3197.1	1	0
3197.2	1	0
3197.3	1	0
3197.4	1	0
3197.5	1	0
3197.6	1	0
3197.7	1	0
3197.8	1	0
3197.9	1	0
3198	1	0
3198.1	1	0
3198.2	1	0
3198.3	1	0
3198.4	1	0
3198.5	1	0
3198.6	1	0
3198.7	1	0
3198.8	1	0
3198.9	1	0
3199	1	0
3199.1	1	0
3199.2	1	0
3199.3	1	0
3199.4	1	0
3199.5	1	0
3199.6	1	0
3199.7	1	0
3199.8	1	0
3199.9	1	0
3200	1	0
3200.1	1	0
3200.2	1	0
3200.3	1	0
3200.4	1	0
3200.5	1	0
3200.6	1	0
3200.7	1	0
3200.8	1	0
3200.9	1	0
3201	1	0
3201.1	1	0
3201.2	1	0
3201.3	1	0
3201.4	1	0
3201.5	1	0
3201.6	1	0
3201.7	1	0
3201.8	1	0
3201.9	1	0
3202	1	0
3202.1	1	0
3202.2	1	0
3202.3	1	0
3202.4	1	0
3202.5	1	0
3202.6	1	0
3202.7	1	0
3202.8	1	0
3202.9	1	0
3203	1	0
3203.1	1	0
3203.2	1	0
3203.3	1	0
3203.4	1	0
3203.5	1	0
3203.6	1	0
3203.7	1	0
3203.8	1	0
3203.9	1	0
3204	1	0
3204.1	1	0
3204.2	1	0
3204.3	1	0
3204.4	1	0
3204.5	1	0
3204.6	1	0
3204.7	1	0
3204.8	1	0
3204.9	1	0
3205	1	0
3205.1	1	0
3205.2	1	0
3205.3	1	0
3205.4	1	0
3205.5	1	0
3205.6	1	0
3205.7	1	0
3205.8	1	0
3205.9	1	0
3206	1	0
3206.1	1	0
3206.2	1	0
3206.3	1	0
3206.4	1	0
3206.5	1	0
3206.6	1	0
3206.7	1	0
3206.8	1	0
3206.9	1	0
3207	1	0
3207.1	1	0
3207.2	1	0
3207.3	1	0
3207.4	1	0
3207.5	1	0
3207.6	1	0
3207.7	1	0
3207.8	1	0
3207.9	1	0
3208	1	0
3208.1	1	0
3208.2	1	0
3208.3	1	0
3208.4	1	0
3208.5	1	0
3208.6	1	0
3208.7	1	0
3208.8	1	0
3208.9	1	0
3209	1	0
3209.1	1	0
3209.2	1	0
3209.3	1	0
3209.4	1	0
3209.5	1	0
3209.6	1	0
3209.7	1	0
3209.8	1	0
3209.9	1	0
3210	1	0
3210.1	1	0
3210.2	1	0
3210.3	1	0
3210.4	1	0
3210.5	1	0
3210.6	1	0
3210.7	1	0
3210.8	1	0
3210.9	1	0
3211	1	0
3211.1	1	0
3211.2	1	0
3211.3	1	0
3211.4	1	0
3211.5	1	0
3211.6	1	0
3211.7	1	0
3211.8	1	0
3211.9	1	0
3212	1	0
3212.1	1	0
3212.2	1	0
3212.3	1	0
3212.4	1	0
3212.5	1	0
3212.6	1	0
3212.7	1	0
3212.8	1	0
3212.9	1	0
3213	1	0
3213.1	1	0
3213.2	1	0
3213.3	1	0
3213.4	1	0
3213.5	1	0
3213.6	1	0
3213.7	1	0
3213.8	1	0
3213.9	1	0
3214	1	0
3214.1	1	0
3214.2	1	0
3214.3	1	0
3214.4	1	0
3214.5	1	0
3214.6	1	0
3214.7	1	0
3214.8	1	0
3214.9	1	0
3215	1	0
3215.1	1	0
3215.2	1	0
3215.3	1	0
3215.4	1	0
3215.5	1	0
3215.6	1	0
3215.7	1	0
3215.8	1	0
3215.9	1	0
3216	1	0
3216.1	1	0
3216.2	1	0
3216.3	1	0
3216.4	1	0
3216.5	1	0
3216.6	1	0
3216.7	1	0
3216.8	1	0
3216.9	1	0
3217	1	0
3217.1	1	0
3217.2	1	0
3217.3	1	0
3217.4	1	0
3217.5	1	0
3217.6	1	0
3217.7	1	0
3217.8	1	0
3217.9	1	0
3218	1	0
3218.1	1	0
3218.2	1	0
3218.3	1	0
3218.4	1	0
3218.5	1	0
3218.6	1	0
3218.7	1	0
3218.8	1	0
3218.9	1	0
3219	1	0
3219.1	1	0
3219.2	1	0
3219.3	1	0
3219.4	1	0
3219.5	1	0
3219.6	1	0
3219.7	1	0
3219.8	1	0
3219.9	1	0
3220	1	0
3220.1	1	0
3220.2	1	0
3220.3	1	0
3220.4	1	0
3220.5	1	0
3220.6	1	0
3220.7	1	0
3220.8	1	0
3220.9	1	0
3221	1	0
3221.1	1	0
3221.2	1	0
3221.3	1	0
3221.4	1	0
3221.5	1	0
3221.6	1	0
3221.7	1	0
3221.8	1	0
3221.9	1	0
3222	1	0
3222.1	1	0
3222.2	1	0
3222.3	1	0
3222.4	1	0
3222.5	1	0
3222.6	1	0
3222.7	1	0
3222.8	1	0
3222.9	1	0
3223	1	0
3223.1	1	0
3223.2	1	0
3223.3	1	0
3223.4	1	0
3223.5	1	0
3223.6	1	0
3223.7	1	0
3223.8	1	0
3223.9	1	0
3224	1	0
3224.1	1	0
3224.2	1	0
3224.3	1	0
3224.4	1	0
3224.5	1	0
3224.6	1	0
3224.7	1	0
3224.8	1	0
3224.9	1	0
3225	1	0
