3000	0.94009	0.179263
3000.1	0.940466	0.179348
3000.2	0.938754	0.182217
3000.3	0.937087	0.185813
3000.4	0.93709	0.186211
3000.5	0.93854	0.179759
3000.6	0.941203	0.171868
3000.7	0.943543	0.16763
3000.8	0.944268	0.167087
3000.9	0.944372	0.167573
3001	0.94413	0.167203
3001.1	0.94331	0.1675
3001.2	0.941601	0.171362
3001.3	0.941152	0.173042
3001.4	0.942643	0.170287
3001.5	0.94475	0.166849
3001.6	0.94501	0.164622
3001.7	0.943658	0.166697
3001.8	0.942311	0.168628
3001.9	0.941623	0.17121
3002	0.940715	0.173611
3002.1	0.940027	0.175242
3002.2	0.939723	0.174249
3002.3	0.939791	0.175056
3002.4	0.939671	0.176456
3002.5	0.938881	0.175454
3002.6	0.937283	0.176384
3002.7	0.935924	0.176672
3002.8	0.935949	0.175116
3002.9	0.936644	0.174459
3003	0.937418	0.171803
3003.1	0.937614	0.169904
3003.2	0.937069	0.17299
3003.3	0.935827	0.179195
3003.4	0.934632	0.180217
3003.5	0.933401	0.180226
3003.6	0.933456	0.179156
3003.7	0.935933	0.174716
3003.8	0.939708	0.169783
3003.9	0.941948	0.170618
3004	0.942394	0.172517
3004.1	0.941261	0.176156
3004.2	0.940476	0.175487
3004.3	0.938753	0.178595
3004.4	0.936331	0.181219
3004.5	0.931961	0.186399
3004.6	0.928403	0.190262
3004.7	0.9279	0.190429
3004.8	0.927495	0.195723
3004.9	0.926753	0.199424
3005	0.926819	0.1988
3005.1	0.928504	0.193402
3005.2	0.930147	0.189608
3005.3	0.933455	0.184816
3005.4	0.936857	0.177239
3005.5	0.938026	0.173014
3005.6	0.937805	0.174982
3005.7	0.938608	0.17514
3005.8	0.93887	0.177673
3005.9	0.939764	0.176033
3006	0.941804	0.171284
3006.1	0.94374	0.164951
3006.2	0.945849	0.160737
3006.3	0.946505	0.163006
3006.4	0.946101	0.161138
3006.5	0.944511	0.1616
3006.6	0.943158	0.16496
3006.7	0.942574	0.166116
3006.8	0.943348	0.165208
3006.9	0.945475	0.162893
3007	0.947547	0.158658
3007.1	0.949044	0.152523
3007.2	0.95133	0.143129
3007.3	0.951699	0.14198
3007.4	0.950115	0.147002
3007.5	0.947947	0.154544
3007.6	0.945338	0.159326
3007.7	0.943312	0.162819
3007.8	0.941405	0.166772
3007.9	0.940508	0.168542
3008	0.941767	0.165944
3008.1	0.942245	0.168488
3008.2	0.94171	0.172279
3008.3	0.941592	0.170062
3008.4	0.942146	0.166306
3008.5	0.94123	0.169644
3008.6	0.93925	0.179247
3008.7	0.937607	0.184515
3008.8	0.936516	0.187627
3008.9	0.936637	0.188646
3009	0.937812	0.184864
3009.1	0.94004	0.176531
3009.2	0.942628	0.167026
3009.3	0.944628	0.163261
3009.4	0.944803	0.167494
3009.5	0.943732	0.171255
3009.6	0.941391	0.176811
3009.7	0.939244	0.181609
3009.8	0.938762	0.182523
3009.9	0.940806	0.175632
3010	0.942913	0.168369
3010.1	0.943053	0.169521
3010.2	0.942465	0.17155
3010.3	0.941771	0.170706
3010.4	0.942762	0.162679
3010.5	0.942822	0.161109
3010.6	0.942497	0.163906
3010.7	0.941903	0.164908
3010.8	0.940227	0.170737
3010.9	0.939305	0.173899
3011	0.937556	0.176898
3011.1	0.934785	0.183928
3011.2	0.931905	0.188557
3011.3	0.930878	0.190122
3011.4	0.929943	0.194772
3011.5	0.930252	0.19713
3011.6	0.932143	0.193941
3011.7	0.934594	0.188148
3011.8	0.934301	0.191669
3011.9	0.93447	0.19032
3012	0.933909	0.190494
3012.1	0.93249	0.189678
3012.2	0.932753	0.186862
3012.3	0.9346	0.184714
3012.4	0.936791	0.182323
3012.5	0.938274	0.178568
3012.6	0.93897	0.17664
3012.7	0.93904	0.175104
3012.8	0.937647	0.178729
3012.9	0.935434	0.184804
3013	0.933151	0.189543
3013.1	0.93165	0.192675
3013.2	0.929901	0.196499
3013.3	0.929958	0.197108
3013.4	0.931377	0.193439
3013.5	0.931875	0.190533
3013.6	0.931825	0.190204
3013.7	0.931041	0.190662
3013.8	0.930067	0.192137
3013.9	0.930586	0.191398
3014	0.93169	0.190282
3014.1	0.932667	0.189957
3014.2	0.934005	0.187488
3014.3	0.935149	0.185703
3014.4	0.936165	0.182848
3014.5	0.938215	0.174941
3014.6	0.938875	0.172106
3014.7	0.940121	0.167681
3014.8	0.941751	0.162235
3014.9	0.941935	0.162861
3015	0.940694	0.167263
3015.1	0.941489	0.163013
3015.2	0.941777	0.16093
3015.3	0.939996	0.167798
3015.4	0.939409	0.171107
3015.5	0.939659	0.173416
3015.6	0.941535	0.169211
3015.7	0.943797	0.16117
3015.8	0.944442	0.160358
3015.9	0.943775	0.165612
3016	0.943405	0.166732
3016.1	0.943559	0.168134
3016.2	0.943806	0.169529
3016.3	0.942481	0.171835
3016.4	0.94424	0.163333
3016.5	0.945929	0.162646
3016.6	0.947147	0.161186
3016.7	0.947755	0.159417
3016.8	0.947168	0.16221
3016.9	0.94706	0.163278
3017	0.94756	0.162058
3017.1	0.946927	0.163278
3017.2	0.94516	0.16811
3017.3	0.945351	0.165158
3017.4	0.947638	0.157766
3017.5	0.948375	0.157717
3017.6	0.947399	0.162054
3017.7	0.947279	0.16012
3017.8	0.946106	0.160728
3017.9	0.944879	0.164475
3018	0.942124	0.172699
3018.1	0.938505	0.179374
3018.2	0.936504	0.180187
3018.3	0.936068	0.18094
3018.4	0.934429	0.185463
3018.5	0.932454	0.18828
3018.6	0.932018	0.189189
3018.7	0.933535	0.186087
3018.8	0.935148	0.179999
3018.9	0.935346	0.177253
3019	0.93414	0.178304
3019.1	0.933368	0.183001
3019.2	0.93391	0.181414
3019.3	0.933164	0.184229
3019.4	0.932362	0.189119
3019.5	0.931736	0.190581
3019.6	0.93118	0.194135
3019.7	0.929848	0.197804
3019.8	0.928878	0.197766
3019.9	0.927715	0.19973
3020	0.92675	0.202142
3020.1	0.926883	0.200293
3020.2	0.927238	0.196814
3020.3	0.926429	0.197129
3020.4	0.923729	0.205323
3020.5	0.921281	0.212555
3020.6	0.923996	0.205503
3020.7	0.930625	0.188814
3020.8	0.935815	0.182621
3020.9	0.939554	0.178423
3021	0.940889	0.178497
3021.1	0.941242	0.17896
3021.2	0.940022	0.184189
3021.3	0.937659	0.189934
3021.4	0.936123	0.192508
3021.5	0.9346	0.194318
3021.6	0.933522	0.194224
3021.7	0.933056	0.19528
3021.8	0.933695	0.193795
3021.9	0.93487	0.18923
3022	0.936897	0.179649
3022.1	0.938921	0.174466
3022.2	0.940224	0.171809
3022.3	0.940985	0.168565
3022.4	0.94081	0.172427
3022.5	0.940221	0.176573
3022.6	0.937939	0.182796
3022.7	0.935858	0.185541
3022.8	0.935861	0.184885
3022.9	0.937281	0.183792
3023	0.937708	0.181953
3023.1	0.937054	0.181889
3023.2	0.936793	0.182731
3023.3	0.93504	0.186174
3023.4	0.932143	0.194539
3023.5	0.929898	0.201519
3023.6	0.930368	0.201738
3023.7	0.931494	0.198448
3023.8	0.931694	0.196998
3023.9	0.933231	0.192013
3024	0.934479	0.191752
3024.1	0.934916	0.193027
3024.2	0.935713	0.18936
3024.3	0.937083	0.18415
3024.4	0.938925	0.176258
3024.5	0.939343	0.174296
3024.6	0.938625	0.178398
3024.7	0.938034	0.17995
3024.8	0.936474	0.18132
3024.9	0.933801	0.183602
3025	0.929083	0.190749
3025.1	0.925196	0.199599
3025.2	0.923558	0.203585
3025.3	0.924146	0.199818
3025.4	0.926561	0.194141
3025.5	0.928106	0.193399
3025.6	0.927747	0.196478
3025.7	0.927839	0.1969
3025.8	0.930773	0.19216
3025.9	0.932839	0.193407
3026	0.934604	0.190894
3026.1	0.936993	0.18348
3026.2	0.93746	0.180091
3026.3	0.93555	0.181182
3026.4	0.932336	0.187677
3026.5	0.931061	0.190874
3026.6	0.930511	0.190241
3026.7	0.930208	0.191174
3026.8	0.93243	0.186971
3026.9	0.936036	0.182727
3027	0.939232	0.179643
3027.1	0.941159	0.175358
3027.2	0.942166	0.172035
3027.3	0.942945	0.17199
3027.4	0.942397	0.173673
3027.5	0.940437	0.177751
3027.6	0.94004	0.176477
3027.7	0.940762	0.174789
3027.8	0.940243	0.178207
3027.9	0.938618	0.181571
3028	0.936061	0.18509
3028.1	0.933777	0.188676
3028.2	0.932788	0.186677
3028.3	0.934765	0.179969
3028.4	0.935694	0.180915
3028.5	0.93664	0.183308
3028.6	0.937325	0.181612
3028.7	0.93709	0.179011
3028.8	0.935565	0.181562
3028.9	0.933937	0.18492
3029	0.933966	0.18439
3029.1	0.933969	0.186657
3029.2	0.934398	0.183199
3029.3	0.934791	0.180417
3029.4	0.934875	0.179488
3029.5	0.93519	0.178634
3029.6	0.936536	0.175058
3029.7	0.937255	0.177319
3029.8	0.937767	0.179499
3029.9	0.93701	0.181861
3030	0.937208	0.1817
3030.1	0.937055	0.18259
3030.2	0.936064	0.18337
3030.3	0.936562	0.179118
3030.4	0.937084	0.176442
3030.5	0.935927	0.176265
3030.6	0.935615	0.176472
3030.7	0.936224	0.175653
3030.8	0.935701	0.178373
3030.9	0.93504	0.182699
3031	0.933594	0.186923
3031.1	0.931168	0.192348
3031.2	0.930235	0.196845
3031.3	0.931826	0.193442
3031.4	0.933635	0.188963
3031.5	0.935433	0.186192
3031.6	0.93599	0.186366
3031.7	0.935726	0.188323
3031.8	0.935999	0.187179
3031.9	0.937724	0.180974
3032	0.940306	0.175349
3032.1	0.941964	0.168431
3032.2	0.941226	0.169141
3032.3	0.939888	0.174376
3032.4	0.938838	0.17598
3032.5	0.936103	0.182869
3032.6	0.931331	0.193503
3032.7	0.926924	0.203835
3032.8	0.925114	0.204285
3032.9	0.92533	0.199032
3033	0.927724	0.19095
3033.1	0.931579	0.185067
3033.2	0.935606	0.177267
3033.3	0.940071	0.166453
3033.4	0.942557	0.162748
3033.5	0.944147	0.161621
3033.6	0.945568	0.162076
3033.7	0.945938	0.161559
3033.8	0.945302	0.161986
3033.9	0.943205	0.168319
3034	0.941842	0.170971
3034.1	0.942042	0.167538
3034.2	0.942449	0.165398
3034.3	0.941586	0.165221
3034.4	0.93773	0.171873
3034.5	0.934243	0.178726
3034.6	0.932672	0.181138
3034.7	0.93062	0.190339
3034.8	0.928986	0.198301
3034.9	0.928504	0.20001
3035	0.930167	0.193995
3035.1	0.932521	0.189151
3035.2	0.935165	0.18352
3035.3	0.939238	0.172792
3035.4	0.943506	0.163845
3035.5	0.944378	0.16234
3035.6	0.943441	0.164091
3035.7	0.941071	0.166233
3035.8	0.936849	0.174732
3035.9	0.932674	0.185495
3036	0.929517	0.194281
3036.1	0.928793	0.197784
3036.2	0.931145	0.191536
3036.3	0.93518	0.182833
3036.4	0.93897	0.176261
3036.5	0.941497	0.170674
3036.6	0.942093	0.16908
3036.7	0.939572	0.174786
3036.8	0.937936	0.178066
3036.9	0.937825	0.176839
3037	0.937054	0.175905
3037.1	0.935537	0.179157
3037.2	0.934378	0.184206
3037.3	0.93351	0.18699
3037.4	0.933482	0.188953
3037.5	0.934842	0.185047
3037.6	0.936732	0.178793
3037.7	0.937422	0.177476
3037.8	0.937376	0.180163
3037.9	0.936402	0.184445
3038	0.935788	0.188965
3038.1	0.935953	0.186429
3038.2	0.934272	0.187034
3038.3	0.930681	0.194758
3038.4	0.927613	0.199001
3038.5	0.925204	0.203482
3038.6	0.925829	0.20276
3038.7	0.927478	0.199677
3038.8	0.927973	0.195903
3038.9	0.926312	0.198983
3039	0.926525	0.200196
3039.1	0.927781	0.197328
3039.2	0.929158	0.194982
3039.3	0.931893	0.188169
3039.4	0.935333	0.180387
3039.5	0.938753	0.168995
3039.6	0.93997	0.163837
3039.7	0.939651	0.166834
3039.8	0.939394	0.170889
3039.9	0.938777	0.176575
3040	0.938402	0.180908
3040.1	0.939742	0.178701
3040.2	0.941954	0.170559
3040.3	0.941962	0.169156
3040.4	0.941269	0.170057
3040.5	0.940926	0.170772
3040.6	0.941059	0.170406
3040.7	0.93999	0.173566
3040.8	0.93787	0.176815
3040.9	0.937999	0.173436
3041	0.938539	0.169946
3041.1	0.938117	0.171762
3041.2	0.938655	0.170731
3041.3	0.939009	0.170898
3041.4	0.940119	0.171292
3041.5	0.941385	0.168301
3041.6	0.94178	0.167822
3041.7	0.940634	0.171031
3041.8	0.940196	0.173968
3041.9	0.940728	0.173341
3042	0.940604	0.170604
3042.1	0.940549	0.169593
3042.2	0.940468	0.1673
3042.3	0.939139	0.169815
3042.4	0.937189	0.174469
3042.5	0.936613	0.174404
3042.6	0.936582	0.177488
3042.7	0.936257	0.177897
3042.8	0.934483	0.182028
3042.9	0.932469	0.191337
3043	0.932584	0.193922
3043.1	0.932139	0.193918
3043.2	0.931168	0.193819
3043.3	0.930569	0.195015
3043.4	0.930622	0.193173
3043.5	0.929501	0.192854
3043.6	0.928295	0.19316
3043.7	0.928048	0.191024
3043.8	0.928268	0.189015
3043.9	0.929286	0.186608
3044	0.930723	0.186641
3044.1	0.932252	0.189333
3044.2	0.934723	0.185395
3044.3	0.937114	0.178656
3044.4	0.936019	0.179252
3044.5	0.934077	0.182307
3044.6	0.933094	0.183758
3044.7	0.933631	0.183392
3044.8	0.933699	0.183666
3044.9	0.932169	0.187203
3045	0.931448	0.186182
3045.1	0.930297	0.187357
3045.2	0.930654	0.187146
3045.3	0.930615	0.187288
3045.4	0.930911	0.190535
3045.5	0.9333	0.187421
3045.6	0.934895	0.184131
3045.7	0.933998	0.188175
3045.8	0.933568	0.189558
3045.9	0.934718	0.188627
3046	0.935202	0.187014
3046.1	0.935526	0.183763
3046.2	0.93486	0.18456
3046.3	0.934235	0.183448
3046.4	0.932719	0.184394
3046.5	0.931202	0.188171
3046.6	0.930184	0.192492
3046.7	0.930495	0.193535
3046.8	0.931904	0.189435
3046.9	0.931723	0.189791
3047	0.930264	0.19513
3047.1	0.928266	0.200372
3047.2	0.925975	0.204724
3047.3	0.925902	0.204984
3047.4	0.928585	0.197702
3047.5	0.930226	0.194308
3047.6	0.932345	0.188906
3047.7	0.935311	0.181931
3047.8	0.93847	0.177875
3047.9	0.940122	0.174056
3048	0.940157	0.17195
3048.1	0.93967	0.171995
3048.2	0.941301	0.166824
3048.3	0.944273	0.160811
3048.4	0.944433	0.164488
3048.5	0.945144	0.165022
3048.6	0.946126	0.160717
3048.7	0.946779	0.157487
3048.8	0.94592	0.160901
3048.9	0.945204	0.164777
3049	0.944065	0.169486
3049.1	0.942845	0.173018
3049.2	0.942235	0.172128
3049.3	0.94123	0.170983
3049.4	0.938985	0.17659
3049.5	0.937485	0.180463
3049.6	0.93591	0.182728
3049.7	0.934709	0.184129
3049.8	0.934706	0.184276
3049.9	0.935001	0.185885
3050	0.935131	0.187844
3050.1	0.935958	0.186023
3050.2	0.938474	0.177939
3050.3	0.94201	0.166281
3050.4	0.943669	0.161338
3050.5	0.943858	0.158889
3050.6	0.943043	0.161694
3050.7	0.939673	0.173861
3050.8	0.937609	0.180655
3050.9	0.937443	0.177793
3051	0.937813	0.174048
3051.1	0.939661	0.168907
3051.2	0.940387	0.167478
3051.3	0.939169	0.170495
3051.4	0.939042	0.169086
3051.5	0.939933	0.170269
3051.6	0.941558	0.169297
3051.7	0.941924	0.170655
3051.8	0.942669	0.169848
3051.9	0.943871	0.165975
3052	0.944416	0.159907
3052.1	0.941594	0.164887
3052.2	0.936264	0.177514
3052.3	0.931748	0.186696
3052.4	0.928648	0.191163
3052.5	0.926749	0.194134
3052.6	0.926391	0.194502
3052.7	0.927235	0.191344
3052.8	0.92841	0.18644
3052.9	0.929069	0.185407
3053	0.928635	0.1887
3053.1	0.92931	0.189846
3053.2	0.929928	0.189612
3053.3	0.929966	0.190255
3053.4	0.930606	0.189335
3053.5	0.930943	0.19223
3053.6	0.932422	0.191677
3053.7	0.934763	0.188761
3053.8	0.934649	0.189082
3053.9	0.93334	0.191338
3054	0.933171	0.191051
3054.1	0.933677	0.189621
3054.2	0.933754	0.190091
3054.3	0.934093	0.189785
3054.4	0.935378	0.185347
3054.5	0.935873	0.185273
3054.6	0.935655	0.183215
3054.7	0.935907	0.182226
3054.8	0.937033	0.179527
3054.9	0.93857	0.178629
3055	0.939589	0.177372
3055.1	0.939902	0.174403
3055.2	0.938855	0.172775
3055.3	0.937791	0.172211
3055.4	0.935958	0.174143
3055.5	0.935016	0.172199
3055.6	0.935275	0.174332
3055.7	0.93511	0.18237
3055.8	0.935664	0.184639
3055.9	0.937403	0.180964
3056	0.939927	0.175415
3056.1	0.942684	0.169878
3056.2	0.945388	0.16494
3056.3	0.94787	0.159697
3056.4	0.949156	0.15725
3056.5	0.948608	0.158615
3056.6	0.946109	0.16546
3056.7	0.943834	0.168745
3056.8	0.941368	0.170664
3056.9	0.937257	0.179527
3057	0.934759	0.183869
3057.1	0.933548	0.186779
3057.2	0.933097	0.187577
3057.3	0.934065	0.185631
3057.4	0.936034	0.181609
3057.5	0.936572	0.177855
3057.6	0.935887	0.17997
3057.7	0.935537	0.181661
3057.8	0.934697	0.183664
3057.9	0.93162	0.190479
3058	0.929917	0.196335
3058.1	0.930015	0.19554
3058.2	0.929734	0.193634
3058.3	0.928796	0.193212
3058.4	0.928064	0.19455
3058.5	0.9269	0.197538
3058.6	0.925565	0.199011
3058.7	0.923995	0.200864
3058.8	0.921597	0.207828
3058.9	0.9213	0.210603
3059	0.922169	0.209914
3059.1	0.923292	0.20766
3059.2	0.923254	0.209078
3059.3	0.922762	0.212649
3059.4	0.921851	0.214324
3059.5	0.923363	0.210729
3059.6	0.927282	0.201818
3059.7	0.931875	0.191544
3059.8	0.935752	0.182927
3059.9	0.936678	0.17661
3060	0.934591	0.181637
3060.1	0.932793	0.187622
3060.2	0.931693	0.188498
3060.3	0.931156	0.18926
3060.4	0.929675	0.191174
3060.5	0.927972	0.192179
3060.6	0.927816	0.190656
3060.7	0.926192	0.19529
3060.8	0.924356	0.198232
3060.9	0.924745	0.195586
3061	0.925474	0.19637
3061.1	0.924049	0.202604
3061.2	0.921278	0.209108
3061.3	0.918105	0.216792
3061.4	0.915621	0.221933
3061.5	0.915845	0.221735
3061.6	0.918247	0.217349
3061.7	0.922156	0.206778
3061.8	0.924471	0.201694
3061.9	0.925209	0.200445
3062	0.926671	0.194741
3062.1	0.92877	0.190233
3062.2	0.92931	0.193276
3062.3	0.928947	0.194274
3062.4	0.92819	0.199946
3062.5	0.927543	0.202776
3062.6	0.926613	0.202267
3062.7	0.925953	0.199882
3062.8	0.926593	0.196076
3062.9	0.926638	0.196545
3063	0.925717	0.200643
3063.1	0.926065	0.202908
3063.2	0.92736	0.200994
3063.3	0.928692	0.198757
3063.4	0.930305	0.193134
3063.5	0.932521	0.186727
3063.6	0.932657	0.186474
3063.7	0.930169	0.194291
3063.8	0.927632	0.20172
3063.9	0.926012	0.205532
3064	0.92643	0.202703
3064.1	0.926882	0.20163
3064.2	0.928705	0.199903
3064.3	0.931277	0.200339
3064.4	0.934683	0.196512
3064.5	0.936807	0.190503
3064.6	0.93553	0.189263
3064.7	0.930163	0.193739
3064.8	0.924931	0.201677
3064.9	0.92269	0.204408
3065	0.923128	0.204515
3065.1	0.924346	0.201028
3065.2	0.924493	0.201427
3065.3	0.92507	0.20093
3065.4	0.926153	0.197138
3065.5	0.927667	0.192233
3065.6	0.928839	0.187287
3065.7	0.930108	0.185831
3065.8	0.930693	0.188262
3065.9	0.92989	0.190632
3066	0.929142	0.192282
3066.1	0.929025	0.194345
3066.2	0.929488	0.192228
3066.3	0.929503	0.190516
3066.4	0.930033	0.188473
3066.5	0.930943	0.188653
3066.6	0.932338	0.187463
3066.7	0.934036	0.184008
3066.8	0.93337	0.187599
3066.9	0.931075	0.193129
3067	0.929012	0.195687
3067.1	0.928147	0.196169
3067.2	0.928039	0.198481
3067.3	0.928279	0.200472
3067.4	0.928024	0.198675
3067.5	0.927716	0.19665
3067.6	0.927704	0.196499
3067.7	0.928894	0.193578
3067.8	0.930382	0.191071
3067.9	0.931147	0.188221
3068	0.930428	0.188027
3068.1	0.928525	0.19076
3068.2	0.926168	0.196278
3068.3	0.92612	0.195222
3068.4	0.927578	0.194693
3068.5	0.930586	0.191251
3068.6	0.933173	0.187913
3068.7	0.93516	0.183122
3068.8	0.937997	0.173441
3068.9	0.940344	0.169178
3069	0.939981	0.17036
3069.1	0.938058	0.171322
3069.2	0.935448	0.176988
3069.3	0.932919	0.181771
3069.4	0.930827	0.186562
3069.5	0.929778	0.188493
3069.6	0.929394	0.189518
3069.7	0.928905	0.191016
3069.8	0.928145	0.194385
3069.9	0.928579	0.195236
3070	0.929691	0.194313
3070.1	0.931949	0.188297
3070.2	0.934671	0.181623
3070.3	0.936407	0.178
3070.4	0.937175	0.177653
3070.5	0.93825	0.176885
3070.6	0.937791	0.175668
3070.7	0.936309	0.175659
3070.8	0.935403	0.174482
3070.9	0.935039	0.174322
3071	0.935756	0.172381
3071.1	0.935815	0.173968
3071.2	0.934218	0.17943
3071.3	0.931501	0.187587
3071.4	0.930294	0.191615
3071.5	0.931225	0.190252
3071.6	0.935064	0.182042
3071.7	0.938429	0.178097
3071.8	0.941095	0.174136
3071.9	0.942682	0.172522
3072	0.941923	0.175998
3072.1	0.940007	0.179371
3072.2	0.938718	0.178887
3072.3	0.937605	0.177955
3072.4	0.936993	0.178555
3072.5	0.936736	0.177663
3072.6	0.936962	0.177302
3072.7	0.937839	0.177975
3072.8	0.938666	0.175566
3072.9	0.937773	0.176631
3073	0.936055	0.180333
3073.1	0.93372	0.182856
3073.2	0.929849	0.188035
3073.3	0.926216	0.194965
3073.4	0.924133	0.201783
3073.5	0.92411	0.203758
3073.6	0.923979	0.203619
3073.7	0.924329	0.204156
3073.8	0.924247	0.20175
3073.9	0.925184	0.197168
3074	0.926412	0.195829
3074.1	0.928431	0.194351
3074.2	0.929038	0.194882
3074.3	0.929062	0.194073
3074.4	0.929837	0.192705
3074.5	0.928956	0.194261
3074.6	0.926968	0.196924
3074.7	0.92747	0.196384
3074.8	0.929607	0.191242
3074.9	0.931175	0.188663
3075	0.931709	0.189261
3075.1	0.93318	0.186923
3075.2	0.93491	0.184635
3075.3	0.93517	0.182391
3075.4	0.934992	0.178731
3075.5	0.935066	0.177789
3075.6	0.93434	0.18206
3075.7	0.934347	0.184317
3075.8	0.936103	0.180159
3075.9	0.937367	0.177208
3076	0.93652	0.181328
3076.1	0.935072	0.186272
3076.2	0.934264	0.187197
3076.3	0.933143	0.187499
3076.4	0.932474	0.18818
3076.5	0.932964	0.189035
3076.6	0.93258	0.190528
3076.7	0.931141	0.192901
3076.8	0.930631	0.19312
3076.9	0.931821	0.190296
3077	0.934987	0.181625
3077.1	0.937118	0.17753
3077.2	0.937274	0.181889
3077.3	0.936208	0.185973
3077.4	0.935222	0.185828
3077.5	0.933259	0.187755
3077.6	0.930523	0.191497
3077.7	0.928216	0.193959
3077.8	0.92598	0.199332
3077.9	0.9244	0.202585
3078	0.922186	0.203355
3078.1	0.919695	0.207087
3078.2	0.919129	0.210442
3078.3	0.921666	0.208113
3078.4	0.923608	0.207853
3078.5	0.925433	0.205568
3078.6	0.926235	0.202064
3078.7	0.926259	0.199884
3078.8	0.927944	0.193069
3078.9	0.929837	0.190889
3079	0.931375	0.188317
3079.1	0.932253	0.186496
3079.2	0.931945	0.187316
3079.3	0.931633	0.188292
3079.4	0.931782	0.186605
3079.5	0.931253	0.185978
3079.6	0.930573	0.187822
3079.7	0.932095	0.182582
3079.8	0.933711	0.177336
3079.9	0.932309	0.17907
3080	0.929389	0.183917
3080.1	0.92601	0.192403
3080.2	0.923855	0.198427
3080.3	0.923454	0.197503
3080.4	0.923729	0.196337
3080.5	0.924431	0.195321
3080.6	0.925095	0.191965
3080.7	0.924783	0.192674
3080.8	0.924559	0.193131
3080.9	0.924673	0.193914
3081	0.924684	0.193557
3081.1	0.923977	0.194301
3081.2	0.924208	0.19647
3081.3	0.925479	0.197669
3081.4	0.927965	0.195329
3081.5	0.930112	0.192802
3081.6	0.932384	0.187496
3081.7	0.934429	0.182488
3081.8	0.936364	0.179243
3081.9	0.939026	0.171597
3082	0.94255	0.160005
3082.1	0.944457	0.154593
3082.2	0.943963	0.156865
3082.3	0.942385	0.159694
3082.4	0.939468	0.1652
3082.5	0.93423	0.180155
3082.6	0.929434	0.191745
3082.7	0.927282	0.196396
3082.8	0.927642	0.19748
3082.9	0.928841	0.196269
3083	0.929171	0.196743
3083.1	0.929612	0.195519
3083.2	0.930642	0.192366
3083.3	0.933323	0.182122
3083.4	0.934747	0.176008
3083.5	0.93285	0.180552
3083.6	0.931605	0.181823
3083.7	0.929588	0.184057
3083.8	0.927054	0.191145
3083.9	0.925981	0.193525
3084	0.925747	0.192188
3084.1	0.923533	0.195685
3084.2	0.920074	0.205164
3084.3	0.919524	0.210086
3084.4	0.921338	0.206165
3084.5	0.923254	0.201812
3084.6	0.923109	0.206764
3084.7	0.92379	0.207132
3084.8	0.926733	0.200852
3084.9	0.930229	0.195772
3085	0.93038	0.194831
3085.1	0.928304	0.194223
3085.2	0.927277	0.194
3085.3	0.925759	0.198075
3085.4	0.923197	0.203526
3085.5	0.922443	0.204931
3085.6	0.924336	0.202733
3085.7	0.927637	0.196118
3085.8	0.929764	0.191329
3085.9	0.930145	0.193418
3086	0.931747	0.192142
3086.1	0.933106	0.189883
3086.2	0.934386	0.184079
3086.3	0.936811	0.176972
3086.4	0.938605	0.17474
3086.5	0.940136	0.172685
3086.6	0.940237	0.171744
3086.7	0.937365	0.178058
3086.8	0.933522	0.184946
3086.9	0.930423	0.188929
3087	0.928452	0.18997
3087.1	0.926959	0.19383
3087.2	0.924777	0.200857
3087.3	0.924208	0.204077
3087.4	0.924117	0.202495
3087.5	0.92504	0.199734
3087.6	0.925269	0.199472
3087.7	0.926615	0.194588
3087.8	0.928019	0.192859
3087.9	0.928193	0.193097
3088	0.927522	0.196092
3088.1	0.929228	0.191552
3088.2	0.930216	0.191004
3088.3	0.929902	0.189899
3088.4	0.929418	0.189615
3088.5	0.928987	0.189838
3088.6	0.927987	0.192198
3088.7	0.926878	0.196041
3088.8	0.925872	0.197674
3088.9	0.926447	0.192335
3089	0.928613	0.185492
3089.1	0.930006	0.183644
3089.2	0.928779	0.187066
3089.3	0.927513	0.192459
3089.4	0.928229	0.194591
3089.5	0.930998	0.190917
3089.6	0.931931	0.189322
3089.7	0.930792	0.188722
3089.8	0.928954	0.191297
3089.9	0.927212	0.198231
3090	0.927199	0.199474
3090.1	0.927171	0.198076
3090.2	0.926572	0.196531
3090.3	0.923431	0.200631
3090.4	0.918948	0.207876
3090.5	0.91523	0.215275
3090.6	0.914755	0.216179
3090.7	0.914729	0.2184
3090.8	0.914895	0.221763
3090.9	0.916321	0.221292
3091	0.917595	0.218317
3091.1	0.91702	0.216577
3091.2	0.916806	0.214056
3091.3	0.918188	0.210592
3091.4	0.919603	0.209045
3091.5	0.920174	0.205959
3091.6	0.91924	0.205133
3091.7	0.91778	0.208507
3091.8	0.918357	0.209582
3091.9	0.920287	0.208686
3092	0.922315	0.205187
3092.1	0.924064	0.199612
3092.2	0.924987	0.198856
3092.3	0.926907	0.195313
3092.4	0.92691	0.194827
3092.5	0.924594	0.199402
3092.6	0.92414	0.198
3092.7	0.925109	0.195991
3092.8	0.929858	0.187304
3092.9	0.933818	0.18113
3093	0.934451	0.180069
3093.1	0.934119	0.179853
3093.2	0.934438	0.180371
3093.3	0.93474	0.183122
3093.4	0.936135	0.178721
3093.5	0.936191	0.17647
3093.6	0.934897	0.180386
3093.7	0.934346	0.180867
3093.8	0.933497	0.181394
3093.9	0.930696	0.187461
3094	0.928582	0.191762
3094.1	0.926998	0.195782
3094.2	0.925119	0.198681
3094.3	0.923208	0.20276
3094.4	0.921522	0.206542
3094.5	0.920679	0.207025
3094.6	0.920512	0.205942
3094.7	0.921476	0.20385
3094.8	0.924108	0.196752
3094.9	0.926189	0.191817
3095	0.925513	0.192861
3095.1	0.926544	0.189465
3095.2	0.927953	0.188178
3095.3	0.930967	0.182539
3095.4	0.934313	0.176873
3095.5	0.936278	0.174625
3095.6	0.938196	0.172615
3095.7	0.941316	0.168515
3095.8	0.944006	0.163724
3095.9	0.946837	0.157596
3096	0.949323	0.15083
3096.1	0.950386	0.145816
3096.2	0.948714	0.148886
3096.3	0.946881	0.153126
3096.4	0.946017	0.155253
3096.5	0.946085	0.154342
3096.6	0.94557	0.155764
3096.7	0.944827	0.15728
3096.8	0.942617	0.162878
3096.9	0.939793	0.17092
3097	0.938419	0.170054
3097.1	0.937809	0.170101
3097.2	0.935582	0.176364
3097.3	0.933741	0.181416
3097.4	0.932748	0.184644
3097.5	0.932595	0.187594
3097.6	0.932521	0.190368
3097.7	0.933539	0.190632
3097.8	0.934357	0.187759
3097.9	0.935883	0.182332
3098	0.937616	0.177438
3098.1	0.938568	0.175749
3098.2	0.938586	0.177317
3098.3	0.940375	0.170544
3098.4	0.942717	0.163677
3098.5	0.94348	0.16038
3098.6	0.942351	0.163151
3098.7	0.940905	0.166132
3098.8	0.940338	0.167978
3098.9	0.939938	0.171054
3099	0.93891	0.172578
3099.1	0.938866	0.169655
3099.2	0.938851	0.169064
3099.3	0.937785	0.173408
3099.4	0.935758	0.178587
3099.5	0.934947	0.176978
3099.6	0.934539	0.177114
3099.7	0.933376	0.179942
3099.8	0.932635	0.183757
3099.9	0.931702	0.187847
3100	0.931397	0.186402
3100.1	0.931175	0.185675
3100.2	0.932429	0.182316
3100.3	0.935569	0.173551
3100.4	0.937681	0.170368
3100.5	0.938578	0.172417
3100.6	0.938916	0.174706
3100.7	0.939543	0.175045
3100.8	0.938362	0.180006
3100.9	0.936253	0.185576
3101	0.936083	0.18385
3101.1	0.936641	0.184733
3101.2	0.936068	0.187213
3101.3	0.93453	0.191819
3101.4	0.933094	0.190974
3101.5	0.931951	0.188852
3101.6	0.931841	0.186499
3101.7	0.93315	0.184162
3101.8	0.934658	0.182537
3101.9	0.935402	0.179458
3102	0.935303	0.175557
3102.1	0.93385	0.17623
3102.2	0.930878	0.182632
3102.3	0.926815	0.192363
3102.4	0.924391	0.197694
3102.5	0.924812	0.197467
3102.6	0.92615	0.192669
3102.7	0.926819	0.188517
3102.8	0.927793	0.185161
3102.9	0.928049	0.188375
3103	0.927433	0.19494
3103.1	0.927332	0.196882
3103.2	0.926099	0.20083
3103.3	0.924065	0.206463
3103.4	0.922553	0.208868
3103.5	0.921331	0.207318
3103.6	0.922289	0.203213
3103.7	0.925212	0.197385
3103.8	0.927035	0.195196
3103.9	0.927631	0.198962
3104	0.92758	0.199069
3104.1	0.92721	0.197427
3104.2	0.928594	0.194405
3104.3	0.93165	0.190443
3104.4	0.933716	0.190465
3104.5	0.935258	0.187282
3104.6	0.936966	0.182412
3104.7	0.937879	0.180465
3104.8	0.935902	0.183256
3104.9	0.931967	0.186977
3105	0.927973	0.191804
3105.1	0.926336	0.195768
3105.2	0.924406	0.200805
3105.3	0.923398	0.204895
3105.4	0.926016	0.198173
3105.5	0.930657	0.188978
3105.6	0.935317	0.181399
3105.7	0.9387	0.174265
3105.8	0.940653	0.170365
3105.9	0.94163	0.16792
3106	0.940814	0.172326
3106.1	0.940656	0.172872
3106.2	0.941542	0.173895
3106.3	0.941644	0.174793
3106.4	0.941329	0.17485
3106.5	0.940081	0.177516
3106.6	0.937591	0.179793
3106.7	0.934869	0.181184
3106.8	0.930369	0.188953
3106.9	0.926917	0.192445
3107	0.924133	0.195318
3107.1	0.92253	0.199623
3107.2	0.922724	0.201172
3107.3	0.922548	0.201861
3107.4	0.923644	0.200897
3107.5	0.926866	0.194546
3107.6	0.929824	0.189315
3107.7	0.931496	0.188165
3107.8	0.933683	0.183519
3107.9	0.934481	0.180525
3108	0.93319	0.184117
3108.1	0.930993	0.1875
3108.2	0.930243	0.188127
3108.3	0.931899	0.184492
3108.4	0.934575	0.179155
3108.5	0.934734	0.179976
3108.6	0.932998	0.181964
3108.7	0.931976	0.182055
3108.8	0.931188	0.18852
3108.9	0.930233	0.192678
3109	0.928807	0.193633
3109.1	0.92886	0.191713
3109.2	0.93099	0.186816
3109.3	0.932769	0.184824
3109.4	0.933728	0.184879
3109.5	0.933676	0.184638
3109.6	0.931972	0.190683
3109.7	0.932114	0.191025
3109.8	0.932305	0.192243
3109.9	0.93223	0.191777
3110	0.932815	0.190042
3110.1	0.933709	0.187182
3110.2	0.933453	0.185889
3110.3	0.934033	0.182313
3110.4	0.936677	0.178292
3110.5	0.93828	0.175744
3110.6	0.938072	0.175995
3110.7	0.936168	0.178244
3110.8	0.934678	0.180516
3110.9	0.934365	0.178399
3111	0.933525	0.176829
3111.1	0.931833	0.180898
3111.2	0.930464	0.182744
3111.3	0.929127	0.189815
3111.4	0.927806	0.192403
3111.5	0.927679	0.188223
3111.6	0.930273	0.182501
3111.7	0.933365	0.176493
3111.8	0.937043	0.167619
3111.9	0.939701	0.165106
3112	0.94063	0.166619
3112.1	0.940881	0.166965
3112.2	0.940118	0.169061
3112.3	0.938931	0.172094
3112.4	0.936449	0.178016
3112.5	0.932366	0.185066
3112.6	0.927614	0.196828
3112.7	0.923424	0.206533
3112.8	0.919754	0.210031
3112.9	0.915527	0.21738
3113	0.912007	0.223111
3113.1	0.910388	0.221988
3113.2	0.910991	0.21629
3113.3	0.911234	0.215564
3113.4	0.912148	0.215453
3113.5	0.912823	0.214466
3113.6	0.913474	0.213896
3113.7	0.914717	0.210942
3113.8	0.915076	0.208844
3113.9	0.915259	0.207584
3114	0.91725	0.203323
3114.1	0.920708	0.197656
3114.2	0.924024	0.195259
3114.3	0.927415	0.19419
3114.4	0.930819	0.189905
3114.5	0.933267	0.183692
3114.6	0.935138	0.180014
3114.7	0.936156	0.177781
3114.8	0.935639	0.177819
3114.9	0.935497	0.178226
3115	0.935871	0.176636
3115.1	0.937121	0.171783
3115.2	0.938034	0.171478
3115.3	0.938238	0.175649
3115.4	0.937082	0.181105
3115.5	0.935779	0.18266
3115.6	0.935419	0.18118
3115.7	0.935935	0.18039
3115.8	0.936359	0.180468
3115.9	0.936053	0.181405
3116	0.934397	0.183633
3116.1	0.932022	0.187612
3116.2	0.930165	0.189522
3116.3	0.929786	0.189262
3116.4	0.929742	0.190049
3116.5	0.930098	0.191681
3116.6	0.930997	0.191065
3116.7	0.93133	0.189953
3116.8	0.931038	0.189293
3116.9	0.929593	0.190401
3117	0.926298	0.19592
3117.1	0.923733	0.20205
3117.2	0.921875	0.205835
3117.3	0.921187	0.206857
3117.4	0.921336	0.2054
3117.5	0.92111	0.204842
3117.6	0.921325	0.204714
3117.7	0.921988	0.203229
3117.8	0.922557	0.201422
3117.9	0.924642	0.193693
3118	0.928582	0.187092
3118.1	0.931762	0.181392
3118.2	0.934001	0.17569
3118.3	0.935027	0.173026
3118.4	0.935183	0.171179
3118.5	0.93319	0.175706
3118.6	0.930206	0.184122
3118.7	0.927662	0.190692
3118.8	0.925751	0.196941
3118.9	0.924963	0.201174
3119	0.924976	0.203143
3119.1	0.924616	0.204643
3119.2	0.925266	0.202021
3119.3	0.926027	0.199958
3119.4	0.926296	0.196746
3119.5	0.927273	0.190894
3119.6	0.928061	0.18581
3119.7	0.929177	0.181471
3119.8	0.929376	0.183124
3119.9	0.930504	0.183227
3120	0.93103	0.182301
3120.1	0.92939	0.185511
3120.2	0.928607	0.183846
3120.3	0.928093	0.186761
3120.4	0.92803	0.191558
3120.5	0.928813	0.192779
3120.6	0.93039	0.189969
3120.7	0.933835	0.182674
3120.8	0.936861	0.174917
3120.9	0.938566	0.167231
3121	0.937703	0.169531
3121.1	0.935861	0.173078
3121.2	0.934578	0.176089
3121.3	0.934842	0.176199
3121.4	0.934069	0.177163
3121.5	0.933155	0.180338
3121.6	0.930448	0.185888
3121.7	0.926609	0.190453
3121.8	0.924236	0.189851
3121.9	0.923569	0.188564
3122	0.924229	0.187609
3122.1	0.925335	0.18716
3122.2	0.92674	0.184352
3122.3	0.928354	0.183001
3122.4	0.929331	0.182256
3122.5	0.928966	0.186333
3122.6	0.927177	0.193222
3122.7	0.926726	0.19513
3122.8	0.928676	0.191344
3122.9	0.931973	0.186877
3123	0.934304	0.184259
3123.1	0.932904	0.186947
3123.2	0.9314	0.187975
3123.3	0.92895	0.192181
3123.4	0.926951	0.197757
3123.5	0.92558	0.201411
3123.6	0.924819	0.202289
3123.7	0.925626	0.197635
3123.8	0.928503	0.19143
3123.9	0.931094	0.186114
3124	0.934122	0.177143
3124.1	0.936844	0.171199
3124.2	0.938571	0.169352
3124.3	0.939323	0.167344
3124.4	0.938004	0.171168
3124.5	0.935109	0.178117
3124.6	0.933047	0.184829
3124.7	0.931497	0.189408
3124.8	0.929204	0.19378
3124.9	0.92705	0.197559
3125	0.92519	0.202591
3125.1	0.923253	0.209678
3125.2	0.923221	0.211551
3125.3	0.925429	0.204826
3125.4	0.928385	0.193533
3125.5	0.931164	0.183945
3125.6	0.930892	0.182021
3125.7	0.928653	0.18712
3125.8	0.927555	0.190885
3125.9	0.92755	0.194398
3126	0.927249	0.197879
3126.1	0.926632	0.198625
3126.2	0.926245	0.198682
3126.3	0.926445	0.197876
3126.4	0.92835	0.192965
3126.5	0.929605	0.188207
3126.6	0.929547	0.18478
3126.7	0.929616	0.183468
3126.8	0.930158	0.184281
3126.9	0.930758	0.182802
3127	0.929953	0.184759
3127.1	0.929684	0.188081
3127.2	0.930551	0.188421
3127.3	0.930625	0.188315
3127.4	0.929834	0.189143
3127.5	0.929118	0.191208
3127.6	0.927902	0.194083
3127.7	0.92578	0.200875
3127.8	0.925425	0.202085
3127.9	0.926742	0.196594
3128	0.927774	0.192141
3128.1	0.928795	0.187221
3128.2	0.930263	0.184862
3128.3	0.931054	0.187133
3128.4	0.931394	0.186603
3128.5	0.93218	0.182517
3128.6	0.933659	0.175975
3128.7	0.933704	0.17269
3128.8	0.932071	0.17504
3128.9	0.92923	0.181497
3129	0.926387	0.188583
3129.1	0.9248	0.191624
3129.2	0.924841	0.192572
3129.3	0.924642	0.195166
3129.4	0.924101	0.198955
3129.5	0.92452	0.197065
3129.6	0.925251	0.193247
3129.7	0.926794	0.186627
3129.8	0.927976	0.18426
3129.9	0.928092	0.188226
3130	0.928995	0.189717
3130.1	0.931116	0.187341
3130.2	0.932497	0.185963
3130.3	0.934472	0.182283
3130.4	0.936443	0.174713
3130.5	0.937275	0.169942
3130.6	0.936058	0.175783
3130.7	0.933682	0.183445
3130.8	0.931242	0.189909
3130.9	0.930407	0.190996
3131	0.930946	0.18791
3131.1	0.932299	0.183551
3131.2	0.932981	0.179497
3131.3	0.933208	0.179897
3131.4	0.933084	0.183177
3131.5	0.9326	0.184173
3131.6	0.930484	0.185024
3131.7	0.927164	0.190887
3131.8	0.924754	0.195477
3131.9	0.923713	0.201138
3132	0.924898	0.200221
3132.1	0.92659	0.196003
3132.2	0.926843	0.193781
3132.3	0.926419	0.19471
3132.4	0.926574	0.194318
3132.5	0.926976	0.194392
3132.6	0.926319	0.199239
3132.7	0.927219	0.197635
3132.8	0.928217	0.195445
3132.9	0.927428	0.199383
3133	0.927019	0.201363
3133.1	0.92753	0.197815
3133.2	0.92681	0.2005
3133.3	0.92749	0.195774
3133.4	0.926612	0.194077
3133.5	0.923375	0.198311
3133.6	0.919665	0.205109
3133.7	0.9156	0.213297
3133.8	0.913306	0.216307
3133.9	0.913469	0.215004
3134	0.916965	0.20614
3134.1	0.918995	0.204556
3134.2	0.919414	0.20476
3134.3	0.922544	0.20032
3134.4	0.926694	0.19379
3134.5	0.931816	0.184248
3134.6	0.936187	0.17362
3134.7	0.937117	0.171672
3134.8	0.938472	0.1654
3134.9	0.937691	0.167721
3135	0.936129	0.175037
3135.1	0.935267	0.178695
3135.2	0.934103	0.183184
3135.3	0.93423	0.183751
3135.4	0.935122	0.178769
3135.5	0.9347	0.175323
3135.6	0.931111	0.183503
3135.7	0.927223	0.191386
3135.8	0.923718	0.197387
3135.9	0.920996	0.201952
3136	0.919487	0.204898
3136.1	0.919588	0.20485
3136.2	0.921434	0.20052
3136.3	0.923868	0.197272
3136.4	0.927165	0.192975
3136.5	0.930112	0.189167
3136.6	0.931076	0.191364
3136.7	0.93038	0.197219
3136.8	0.930088	0.199829
3136.9	0.931362	0.195347
3137	0.933254	0.187942
3137.1	0.936287	0.181439
3137.2	0.938022	0.180233
3137.3	0.937596	0.182755
3137.4	0.937249	0.18346
3137.5	0.936039	0.182475
3137.6	0.932564	0.186245
3137.7	0.929525	0.191532
3137.8	0.928192	0.191669
3137.9	0.928463	0.190414
3138	0.928186	0.190326
3138.1	0.92758	0.190936
3138.2	0.92627	0.193854
3138.3	0.923838	0.205322
3138.4	0.922854	0.209543
3138.5	0.921418	0.211381
3138.6	0.920046	0.211886
3138.7	0.918038	0.214327
3138.8	0.914254	0.221469
3138.9	0.912448	0.225909
3139	0.915121	0.219933
3139.1	0.917646	0.215966
3139.2	0.919556	0.21313
3139.3	0.922235	0.207724
3139.4	0.923909	0.202251
3139.5	0.923656	0.19894
3139.6	0.922968	0.199292
3139.7	0.921021	0.203358
3139.8	0.919483	0.204315
3139.9	0.918759	0.20268
3140	0.919032	0.201638
3140.1	0.919274	0.201626
3140.2	0.919058	0.204192
3140.3	0.918377	0.20843
3140.4	0.918868	0.207825
3140.5	0.918681	0.208806
3140.6	0.917304	0.208633
3140.7	0.914829	0.211781
3140.8	0.914841	0.210767
3140.9	0.916193	0.210082
3141	0.919312	0.205578
3141.1	0.922802	0.200021
3141.2	0.927764	0.190525
3141.3	0.93288	0.182097
3141.4	0.93675	0.17698
3141.5	0.939595	0.169323
3141.6	0.940648	0.165101
3141.7	0.938782	0.170583
3141.8	0.935402	0.177218
3141.9	0.933421	0.178997
3142	0.932679	0.180577
3142.1	0.931493	0.182221
3142.2	0.929209	0.185441
3142.3	0.92765	0.186875
3142.4	0.927776	0.186898
3142.5	0.927629	0.190295
3142.6	0.927219	0.193897
3142.7	0.926786	0.195921
3142.8	0.927545	0.195339
3142.9	0.930901	0.186945
3143	0.935505	0.174986
3143.1	0.938573	0.167899
3143.2	0.938457	0.16701
3143.3	0.935619	0.17519
3143.4	0.93199	0.182945
3143.5	0.927901	0.193965
3143.6	0.925561	0.201593
3143.7	0.925468	0.201483
3143.8	0.926783	0.197336
3143.9	0.928645	0.192715
3144	0.929989	0.188805
3144.1	0.932509	0.179738
3144.2	0.935055	0.171871
3144.3	0.935658	0.171422
3144.4	0.935171	0.170697
3144.5	0.935356	0.168817
3144.6	0.935082	0.17048
3144.7	0.933733	0.175867
3144.8	0.933077	0.181186
3144.9	0.932485	0.186755
3145	0.931726	0.191
3145.1	0.929949	0.193688
3145.2	0.928048	0.19538
3145.3	0.927594	0.196004
3145.4	0.928424	0.197725
3145.5	0.929551	0.197029
3145.6	0.931316	0.196313
3145.7	0.933361	0.192579
3145.8	0.933755	0.190015
3145.9	0.932688	0.187914
3146	0.932069	0.184963
3146.1	0.930494	0.185435
3146.2	0.929178	0.184338
3146.3	0.929775	0.183657
3146.4	0.930992	0.183421
3146.5	0.931689	0.182905
3146.6	0.931145	0.185068
3146.7	0.92942	0.190121
3146.8	0.928393	0.193575
3146.9	0.928875	0.191711
3147	0.929916	0.188508
3147.1	0.931209	0.186411
3147.2	0.93347	0.180428
3147.3	0.93481	0.174768
3147.4	0.93411	0.178037
3147.5	0.931631	0.18418
3147.6	0.928146	0.188919
3147.7	0.924376	0.193228
3147.8	0.922555	0.19556
3147.9	0.923057	0.196291
3148	0.925304	0.194446
3148.1	0.926913	0.19422
3148.2	0.928341	0.193226
3148.3	0.930578	0.188587
3148.4	0.932144	0.184903
3148.5	0.932238	0.184913
3148.6	0.930755	0.189058
3148.7	0.929892	0.193478
3148.8	0.931761	0.19044
3148.9	0.931473	0.19348
3149	0.92951	0.198638
3149.1	0.928938	0.197928
3149.2	0.928341	0.195292
3149.3	0.927665	0.194408
3149.4	0.927869	0.194269
3149.5	0.928158	0.194247
3149.6	0.927335	0.195249
3149.7	0.926086	0.198338
3149.8	0.926609	0.195509
3149.9	0.926126	0.195405
3150	0.926266	0.191791
3150.1	0.926591	0.190031
3150.2	0.925084	0.192895
3150.3	0.922814	0.199426
3150.4	0.922742	0.202525
3150.5	0.925199	0.196371
3150.6	0.930546	0.186766
3150.7	0.93586	0.172765
3150.8	0.939567	0.162861
3150.9	0.938901	0.167916
3151	0.936223	0.176843
3151.1	0.934915	0.180392
3151.2	0.934007	0.18195
3151.3	0.931353	0.185361
3151.4	0.928899	0.187161
3151.5	0.927391	0.19069
3151.6	0.926863	0.191487
3151.7	0.925258	0.193432
3151.8	0.921784	0.200482
3151.9	0.919516	0.205535
3152	0.919804	0.207252
3152.1	0.921253	0.206853
3152.2	0.922631	0.206921
3152.3	0.925282	0.200428
3152.4	0.926917	0.196307
3152.5	0.927398	0.196818
3152.6	0.927803	0.197094
3152.7	0.927003	0.199834
3152.8	0.927331	0.200668
3152.9	0.928385	0.198231
3153	0.92901	0.19611
3153.1	0.929002	0.195568
3153.2	0.930604	0.187495
3153.3	0.93253	0.181071
3153.4	0.933191	0.180995
3153.5	0.934432	0.182096
3153.6	0.934727	0.182362
3153.7	0.935566	0.178826
3153.8	0.935075	0.178419
3153.9	0.931949	0.184225
3154	0.929593	0.190439
3154.1	0.928789	0.195035
3154.2	0.92991	0.193621
3154.3	0.931432	0.189332
3154.4	0.93289	0.185309
3154.5	0.932141	0.187517
3154.6	0.930041	0.191307
3154.7	0.927079	0.195463
3154.8	0.923503	0.201008
3154.9	0.920491	0.205295
3155	0.919903	0.202599
3155.1	0.920653	0.19657
3155.2	0.920855	0.194408
3155.3	0.920175	0.196656
3155.4	0.919889	0.201206
3155.5	0.921949	0.199832
3155.6	0.924338	0.196823
3155.7	0.926417	0.194492
3155.8	0.92891	0.187377
3155.9	0.930242	0.185004
3156	0.929739	0.186916
3156.1	0.927769	0.190633
3156.2	0.925089	0.196129
3156.3	0.923122	0.200559
3156.4	0.922306	0.202546
3156.5	0.92349	0.198981
3156.6	0.92513	0.194942
3156.7	0.925773	0.193885
3156.8	0.926126	0.191978
3156.9	0.924845	0.19371
3157	0.922023	0.201168
3157.1	0.921672	0.201076
3157.2	0.922147	0.201417
3157.3	0.921856	0.204351
3157.4	0.921183	0.204373
3157.5	0.919261	0.205832
3157.6	0.916401	0.212479
3157.7	0.915316	0.216107
3157.8	0.915671	0.215169
3157.9	0.917486	0.210665
3158	0.919838	0.206133
3158.1	0.921224	0.205
3158.2	0.921936	0.203066
3158.3	0.924813	0.196005
3158.4	0.927643	0.189037
3158.5	0.928946	0.185728
3158.6	0.928356	0.187009
3158.7	0.928437	0.187396
3158.8	0.929056	0.186642
3158.9	0.929595	0.184196
3159	0.93122	0.17788
3159.1	0.932212	0.17685
3159.2	0.932162	0.176462
3159.3	0.93188	0.174066
3159.4	0.931068	0.175326
3159.5	0.930004	0.182274
3159.6	0.928781	0.189429
3159.7	0.927457	0.193863
3159.8	0.92691	0.194717
3159.9	0.927125	0.192208
3160	0.928077	0.188404
3160.1	0.929404	0.186483
3160.2	0.930743	0.184959
3160.3	0.932271	0.182396
3160.4	0.933344	0.178652
3160.5	0.931354	0.180802
3160.6	0.928467	0.19011
3160.7	0.927634	0.19336
3160.8	0.927747	0.192483
3160.9	0.928522	0.19243
3161	0.9287	0.191293
3161.1	0.928957	0.189464
3161.2	0.930718	0.182881
3161.3	0.932362	0.180744
3161.4	0.935739	0.174448
3161.5	0.937161	0.173707
3161.6	0.937135	0.173026
3161.7	0.935441	0.176089
3161.8	0.933329	0.179721
3161.9	0.9314	0.182012
3162	0.929945	0.188935
3162.1	0.928649	0.193539
3162.2	0.926614	0.198503
3162.3	0.926061	0.20132
3162.4	0.927232	0.199832
3162.5	0.929006	0.194634
3162.6	0.930318	0.189886
3162.7	0.931373	0.186323
3162.8	0.932797	0.181949
3162.9	0.933683	0.181891
3163	0.934308	0.180785
3163.1	0.934345	0.178973
3163.2	0.933487	0.178049
3163.3	0.93205	0.180135
3163.4	0.932249	0.180042
3163.5	0.93333	0.175036
3163.6	0.933057	0.176495
3163.7	0.93173	0.180481
3163.8	0.929983	0.183178
3163.9	0.926616	0.190213
3164	0.924305	0.194937
3164.1	0.924774	0.19198
3164.2	0.925748	0.188095
3164.3	0.925711	0.188245
3164.4	0.926419	0.187801
3164.5	0.926545	0.189815
3164.6	0.927781	0.187378
3164.7	0.9301	0.182984
3164.8	0.931153	0.181719
3164.9	0.932256	0.17748
3165	0.933208	0.172624
3165.1	0.931757	0.173514
3165.2	0.930887	0.175544
3165.3	0.930034	0.179391
3165.4	0.928975	0.183548
3165.5	0.927486	0.18763
3165.6	0.924944	0.190714
3165.7	0.923136	0.1947
3165.8	0.92444	0.197552
3165.9	0.925627	0.197985
3166	0.925017	0.201871
3166.1	0.924175	0.2022
3166.2	0.922415	0.20358
3166.3	0.921234	0.205773
3166.4	0.920262	0.206902
3166.5	0.919551	0.208277
3166.6	0.920981	0.207693
3166.7	0.923428	0.204706
3166.8	0.924525	0.201567
3166.9	0.924147	0.201454
3167	0.923248	0.200382
3167.1	0.923568	0.198458
3167.2	0.9226	0.201479
3167.3	0.922648	0.204968
3167.4	0.923288	0.204077
3167.5	0.92378	0.201388
3167.6	0.924386	0.199533
3167.7	0.923778	0.201115
3167.8	0.92303	0.201315
3167.9	0.923228	0.197876
3168	0.923641	0.196082
3168.1	0.922747	0.200028
3168.2	0.921244	0.202538
3168.3	0.919736	0.201754
3168.4	0.918849	0.202601
3168.5	0.918414	0.204445
3168.6	0.917835	0.203873
3168.7	0.917202	0.204885
3168.8	0.917891	0.201714
3168.9	0.919673	0.201186
3169	0.92173	0.199697
3169.1	0.924373	0.194741
3169.2	0.928194	0.189722
3169.3	0.930929	0.18585
3169.4	0.93247	0.184925
3169.5	0.932805	0.186169
3169.6	0.931715	0.187958
3169.7	0.929059	0.192739
3169.8	0.926895	0.197031
3169.9	0.925089	0.197755
3170	0.922846	0.200179
3170.1	0.921751	0.201875
3170.2	0.921021	0.204331
3170.3	0.920583	0.204917
3170.4	0.921174	0.20358
3170.5	0.920925	0.204697
3170.6	0.920297	0.20604
3170.7	0.919347	0.208256
3170.8	0.920016	0.206667
3170.9	0.923092	0.201536
3171	0.926076	0.195196
3171.1	0.926919	0.194029
3171.2	0.926763	0.19601
3171.3	0.927425	0.195322
3171.4	0.928518	0.190683
3171.5	0.929083	0.188523
3171.6	0.928893	0.186213
3171.7	0.928778	0.183715
3171.8	0.928733	0.186278
3171.9	0.930142	0.186709
3172	0.933045	0.181134
3172.1	0.935104	0.175943
3172.2	0.935859	0.172373
3172.3	0.935355	0.172709
3172.4	0.934467	0.175483
3172.5	0.934187	0.177049
3172.6	0.934049	0.176205
3172.7	0.933168	0.176293
3172.8	0.93229	0.177038
3172.9	0.929676	0.185942
3173	0.927504	0.191785
3173.1	0.926035	0.193748
3173.2	0.922817	0.198139
3173.3	0.919943	0.203517
3173.4	0.918004	0.206414
3173.5	0.91769	0.207742
3173.6	0.918382	0.205786
3173.7	0.919453	0.200905
3173.8	0.920254	0.197211
3173.9	0.919408	0.196603
3174	0.918224	0.19445
3174.1	0.917937	0.19481
3174.2	0.918892	0.193438
3174.3	0.919723	0.193228
3174.4	0.918801	0.195547
3174.5	0.916379	0.201364
3174.6	0.913709	0.210521
3174.7	0.913632	0.21403
3174.8	0.913705	0.213743
3174.9	0.913657	0.213722
3175	0.914818	0.211405
3175.1	0.91786	0.204637
3175.2	0.920446	0.200631
3175.3	0.922749	0.197837
3175.4	0.924881	0.1976
3175.5	0.927425	0.192981
3175.6	0.929686	0.188249
3175.7	0.930444	0.186427
3175.8	0.931176	0.1833
3175.9	0.932128	0.180202
3176	0.931943	0.180092
3176.1	0.930811	0.181617
3176.2	0.930471	0.181679
3176.3	0.9326	0.174679
3176.4	0.934775	0.16995
3176.5	0.935357	0.170261
3176.6	0.935483	0.169991
3176.7	0.93566	0.171123
3176.8	0.936538	0.168692
3176.9	0.934671	0.170837
3177	0.931397	0.178336
3177.1	0.928783	0.186938
3177.2	0.928446	0.189594
3177.3	0.928841	0.189089
3177.4	0.928877	0.188008
3177.5	0.926579	0.193188
3177.6	0.92491	0.19762
3177.7	0.922495	0.203806
3177.8	0.921029	0.206404
3177.9	0.922322	0.202976
3178	0.923954	0.200419
3178.1	0.925596	0.197919
3178.2	0.926156	0.196911
3178.3	0.924329	0.201403
3178.4	0.921645	0.20422
3178.5	0.920334	0.204453
3178.6	0.920733	0.20316
3178.7	0.921278	0.201202
3178.8	0.921597	0.201593
3178.9	0.921715	0.200381
3179	0.92087	0.20086
3179.1	0.919302	0.202132
3179.2	0.91705	0.208522
3179.3	0.915664	0.214207
3179.4	0.916175	0.216527
3179.5	0.917654	0.215245
3179.6	0.918977	0.211839
3179.7	0.919123	0.210654
3179.8	0.918275	0.211336
3179.9	0.918153	0.210321
3180	0.919444	0.207834
3180.1	0.920396	0.207761
3180.2	0.919468	0.208736
3180.3	0.916584	0.212072
3180.4	0.912249	0.217532
3180.5	0.908757	0.224965
3180.6	0.907312	0.226135
3180.7	0.906535	0.22773
3180.8	0.907542	0.226089
3180.9	0.909814	0.22169
3181	0.911753	0.215368
3181.1	0.912275	0.213839
3181.2	0.91303	0.213859
3181.3	0.914395	0.211681
3181.4	0.916073	0.211298
3181.5	0.918565	0.210111
3181.6	0.922011	0.204976
3181.7	0.925473	0.19953
3181.8	0.926538	0.19801
3181.9	0.926633	0.197986
3182	0.927409	0.192415
3182.1	0.924911	0.197576
3182.2	0.923206	0.202827
3182.3	0.922184	0.203639
3182.4	0.920659	0.205339
3182.5	0.920114	0.207275
3182.6	0.921925	0.203148
3182.7	0.924229	0.200202
3182.8	0.925194	0.197522
3182.9	0.924909	0.194085
3183	0.924062	0.192974
3183.1	0.92273	0.19302
3183.2	0.920956	0.194562
3183.3	0.91998	0.196409
3183.4	0.921043	0.195651
3183.5	0.922759	0.194292
3183.6	0.923764	0.192698
3183.7	0.922855	0.197142
3183.8	0.922795	0.197588
3183.9	0.923409	0.197769
3184	0.923777	0.198189
3184.1	0.923849	0.200626
3184.2	0.924065	0.20255
3184.3	0.925298	0.201792
3184.4	0.927062	0.199431
3184.5	0.92749	0.196512
3184.6	0.9272	0.193243
3184.7	0.92675	0.19206
3184.8	0.927175	0.18885
3184.9	0.927933	0.187599
3185	0.928201	0.189334
3185.1	0.929418	0.188918
3185.2	0.932021	0.184725
3185.3	0.933369	0.182775
3185.4	0.934202	0.180671
3185.5	0.934149	0.181592
3185.6	0.933244	0.185853
3185.7	0.93171	0.188432
3185.8	0.930054	0.192701
3185.9	0.929558	0.191756
3186	0.928153	0.193855
3186.1	0.926217	0.196803
3186.2	0.924725	0.196583
3186.3	0.925455	0.193498
3186.4	0.926561	0.188803
3186.5	0.927025	0.187478
3186.6	0.927963	0.185175
3186.7	0.928378	0.185415
3186.8	0.92932	0.184802
3186.9	0.930437	0.184311
3187	0.931309	0.181527
3187.1	0.930272	0.183308
3187.2	0.92732	0.18986
3187.3	0.926317	0.191008
3187.4	0.926953	0.187074
3187.5	0.927696	0.184167
3187.6	0.927463	0.186112
3187.7	0.926501	0.188868
3187.8	0.925628	0.188335
3187.9	0.924584	0.189545
3188	0.922172	0.196912
3188.1	0.919914	0.203033
3188.2	0.918547	0.202203
3188.3	0.918186	0.202081
3188.4	0.918945	0.200481
3188.5	0.921234	0.198381
3188.6	0.924379	0.193454
3188.7	0.92724	0.191412
3188.8	0.929905	0.188139
3188.9	0.933264	0.182109
3189	0.93537	0.179687
3189.1	0.936136	0.177924
3189.2	0.935938	0.17679
3189.3	0.934286	0.180155
3189.4	0.930023	0.189518
3189.5	0.924824	0.200683
3189.6	0.92107	0.208206
3189.7	0.919092	0.208812
3189.8	0.917744	0.210004
3189.9	0.918844	0.206797
3190	0.921403	0.201284
3190.1	0.922449	0.199933
3190.2	0.921354	0.201708
3190.3	0.92028	0.202999
3190.4	0.920831	0.200297
3190.5	0.921985	0.200154
3190.6	0.92485	0.195257
3190.7	0.92766	0.188746
3190.8	0.92803	0.188341
3190.9	0.92548	0.19329
3191	0.922727	0.198092
3191.1	0.919823	0.202882
3191.2	0.919152	0.204489
3191.3	0.920708	0.20235
3191.4	0.922899	0.201331
3191.5	0.925328	0.196436
3191.6	0.9266	0.191041
3191.7	0.926577	0.18799
3191.8	0.924251	0.19233
3191.9	0.920933	0.197555
3192	0.917389	0.202622
3192.1	0.914402	0.207063
3192.2	0.912229	0.211447
3192.3	0.912531	0.211008
3192.4	0.914718	0.208647
3192.5	0.91702	0.207021
3192.6	0.919403	0.204241
3192.7	0.920722	0.206291
3192.8	0.922153	0.206993
3192.9	0.924371	0.202547
3193	0.928998	0.191749
3193.1	0.932158	0.18392
3193.2	0.932885	0.178774
3193.3	0.93302	0.176013
3193.4	0.933769	0.17592
3193.5	0.933628	0.177444
3193.6	0.934052	0.173724
3193.7	0.933625	0.171892
3193.8	0.930653	0.179913
3193.9	0.928344	0.187515
3194	0.927751	0.191137
3194.1	0.927414	0.19344
3194.2	0.926982	0.19388
3194.3	0.926727	0.191059
3194.4	0.926692	0.190489
3194.5	0.926759	0.188811
3194.6	0.927039	0.183784
3194.7	0.927213	0.181335
3194.8	0.925635	0.185688
3194.9	0.921716	0.193862
3195	0.917932	0.202347
3195.1	0.916932	0.205299
3195.2	0.917265	0.203498
3195.3	0.916212	0.203607
3195.4	0.913886	0.209306
3195.5	0.91228	0.213412
3195.6	0.910684	0.215928
3195.7	0.910135	0.213538
3195.8	0.911817	0.209222
3195.9	0.915749	0.202614
3196	0.920205	0.194707
3196.1	0.924259	0.187734
3196.2	0.926665	0.185336
3196.3	0.927062	0.189004
3196.4	0.926693	0.193461
3196.5	0.926312	0.194156
3196.6	0.924634	0.192822
3196.7	0.921633	0.195864
3196.8	0.91749	0.203036
3196.9	0.915783	0.206681
3197	0.91539	0.208557
3197.1	0.915611	0.213097
3197.2	0.917457	0.211006
3197.3	0.919648	0.206205
3197.4	0.921753	0.202898
3197.5	0.923274	0.200677
3197.6	0.924093	0.198511
3197.7	0.92571	0.195089
3197.8	0.928068	0.187435
3197.9	0.929094	0.184784
3198	0.929518	0.188199
3198.1	0.930843	0.18792
3198.2	0.931486	0.185327
3198.3	0.931901	0.184819
3198.4	0.930639	0.184772
3198.5	0.927826	0.187828
3198.6	0.925399	0.192651
3198.7	0.923939	0.195726
3198.8	0.922679	0.198244
3198.9	0.922186	0.200933
3199	0.922523	0.200363
3199.1	0.924279	0.194497
3199.2	0.926135	0.188212
3199.3	0.927933	0.183318
3199.4	0.928754	0.184314
3199.5	0.929667	0.183061
3199.6	0.930041	0.183639
3199.7	0.929563	0.184881
3199.8	0.929643	0.182342
3199.9	0.930639	0.17825
3200	0.930262	0.182821
3200.1	0.927696	0.191796
3200.2	0.92559	0.196662
3200.3	0.923761	0.199025
3200.4	0.921593	0.20165
3200.5	0.920306	0.20122
3200.6	0.919744	0.20305
3200.7	0.920256	0.202754
3200.8	0.920482	0.2038
3200.9	0.919995	0.20418
3201	0.920692	0.202341
3201.1	0.922413	0.198987
3201.2	0.923337	0.196816
3201.3	0.9244	0.197181
3201.4	0.92739	0.192385
3201.5	0.930383	0.186462
3201.6	0.932972	0.183635
3201.7	0.934516	0.184442
3201.8	0.934423	0.187264
3201.9	0.933044	0.187985
3202	0.93031	0.191744
3202.1	0.927858	0.195389
3202.2	0.924371	0.202044
3202.3	0.92017	0.209997
3202.4	0.917699	0.212663
3202.5	0.917296	0.211839
3202.6	0.917423	0.210143
3202.7	0.917212	0.207585
3202.8	0.916561	0.20755
3202.9	0.916449	0.206947
3203	0.91719	0.204435
3203.1	0.917795	0.201426
3203.2	0.918571	0.19928
3203.3	0.9206	0.195349
3203.4	0.922763	0.196795
3203.5	0.923415	0.200891
3203.6	0.922999	0.203909
3203.7	0.922442	0.205752
3203.8	0.923046	0.201858
3203.9	0.924651	0.194638
3204	0.926459	0.190006
3204.1	0.927585	0.189231
3204.2	0.927172	0.189478
3204.3	0.926291	0.191158
3204.4	0.926621	0.188968
3204.5	0.928275	0.185513
3204.6	0.929271	0.182434
3204.7	0.929755	0.181498
3204.8	0.930552	0.17851
3204.9	0.929865	0.179879
3205	0.929417	0.18112
3205.1	0.927689	0.187262
3205.2	0.925793	0.191116
3205.3	0.924225	0.192951
3205.4	0.922063	0.197824
3205.5	0.920823	0.201961
3205.6	0.921398	0.200795
3205.7	0.92236	0.200778
3205.8	0.923492	0.198611
3205.9	0.924057	0.196895
3206	0.923276	0.198562
3206.1	0.922131	0.19728
3206.2	0.920813	0.194306
3206.3	0.918216	0.19847
3206.4	0.91761	0.201291
3206.5	0.919428	0.20142
3206.6	0.922462	0.195403
3206.7	0.924805	0.191935
3206.8	0.927419	0.188378
3206.9	0.928194	0.187223
3207	0.926886	0.186348
3207.1	0.924345	0.189069
3207.2	0.923263	0.190614
3207.3	0.926291	0.185387
3207.4	0.930609	0.176978
3207.5	0.932797	0.17207
3207.6	0.932076	0.176873
3207.7	0.930768	0.183218
3207.8	0.929606	0.188664
3207.9	0.930202	0.188213
3208	0.931124	0.184277
3208.1	0.930376	0.185528
3208.2	0.92968	0.185233
3208.3	0.928407	0.185332
3208.4	0.925635	0.18598
3208.5	0.922366	0.190203
3208.6	0.920807	0.194807
3208.7	0.919514	0.200927
3208.8	0.918169	0.206766
3208.9	0.917593	0.207409
3209	0.917163	0.206556
3209.1	0.91584	0.209438
3209.2	0.914374	0.211617
3209.3	0.914186	0.210143
3209.4	0.912688	0.214568
3209.5	0.912033	0.215776
3209.6	0.912702	0.214724
3209.7	0.915296	0.206685
3209.8	0.917956	0.200086
3209.9	0.920249	0.190614
3210	0.918456	0.192977
3210.1	0.918353	0.197543
3210.2	0.919797	0.200367
3210.3	0.921456	0.200041
3210.4	0.92335	0.196712
3210.5	0.924895	0.197655
3210.6	0.925825	0.196949
3210.7	0.926166	0.194806
3210.8	0.925903	0.195342
3210.9	0.926552	0.194687
3211	0.928805	0.190748
3211.1	0.93217	0.181227
3211.2	0.933909	0.176705
3211.3	0.932932	0.178137
3211.4	0.933345	0.174622
3211.5	0.935046	0.168917
3211.6	0.934234	0.171384
3211.7	0.932376	0.175679
3211.8	0.929675	0.183413
3211.9	0.928401	0.188956
3212	0.929028	0.186782
3212.1	0.928581	0.187866
3212.2	0.927597	0.18875
3212.3	0.926338	0.187742
3212.4	0.923968	0.190189
3212.5	0.920916	0.194176
3212.6	0.919633	0.199266
3212.7	0.919687	0.201385
3212.8	0.919412	0.204561
3212.9	0.919042	0.208091
3213	0.91834	0.208175
3213.1	0.919594	0.201628
3213.2	0.92232	0.19702
3213.3	0.925065	0.193436
3213.4	0.927691	0.188959
3213.5	0.929629	0.183082
3213.6	0.932015	0.174683
3213.7	0.93439	0.169574
3213.8	0.935693	0.167181
3213.9	0.935838	0.163749
3214	0.934418	0.166524
3214.1	0.93105	0.174632
3214.2	0.928572	0.1832
3214.3	0.927418	0.188768
3214.4	0.926933	0.189922
3214.5	0.926568	0.189054
3214.6	0.928037	0.187349
3214.7	0.930705	0.184393
3214.8	0.929789	0.186416
3214.9	0.926832	0.189035
3215	0.922688	0.193026
3215.1	0.917378	0.208045
3215.2	0.914617	0.217426
3215.3	0.91391	0.218719
3215.4	0.914109	0.216416
3215.5	0.915817	0.210648
3215.6	0.91929	0.203491
3215.7	0.922158	0.200539
3215.8	0.924149	0.199529
3215.9	0.926262	0.201217
3216	0.930134	0.193333
3216.1	0.935544	0.179661
3216.2	0.938899	0.17081
3216.3	0.93892	0.170817
3216.4	0.938453	0.169096
3216.5	0.93805	0.166153
3216.6	0.937142	0.169599
3216.7	0.936488	0.172705
3216.8	0.934931	0.176861
3216.9	0.933364	0.182092
3217	0.933445	0.181827
3217.1	0.933838	0.179354
3217.2	0.934832	0.1747
3217.3	0.935394	0.176327
3217.4	0.934096	0.181344
3217.5	0.93249	0.183819
3217.6	0.930164	0.187276
3217.7	0.926971	0.191652
3217.8	0.925319	0.194519
3217.9	0.925541	0.198886
3218	0.926993	0.199643
3218.1	0.929566	0.195419
3218.2	0.933546	0.185364
3218.3	0.938533	0.172432
3218.4	0.941638	0.162532
3218.5	0.941595	0.157892
3218.6	0.938608	0.164139
3218.7	0.934354	0.174103
3218.8	0.931086	0.181833
3218.9	0.929624	0.18515
3219	0.929344	0.18564
3219.1	0.928693	0.186906
3219.2	0.927461	0.187748
3219.3	0.926502	0.18977
3219.4	0.925601	0.193011
3219.5	0.926769	0.192623
3219.6	0.92866	0.188192
3219.7	0.929527	0.184515
3219.8	0.930741	0.181966
3219.9	0.932386	0.181021
3220	0.932073	0.181841
3220.1	0.930222	0.18559
3220.2	0.928008	0.18712
3220.3	0.926042	0.190651
3220.4	0.924452	0.193813
3220.5	0.923308	0.193344
3220.6	0.923102	0.191952
3220.7	0.924059	0.1929
3220.8	0.924568	0.196771
3220.9	0.924929	0.197093
3221	0.926161	0.196842
3221.1	0.927738	0.194774
3221.2	0.931274	0.190324
3221.3	0.937208	0.182186
3221.4	0.946384	0.169768
3221.5	0.957468	0.152696
3221.6	0.967922	0.135012
3221.7	0.976748	0.116897
3221.8	0.98374	0.100847
3221.9	0.988241	0.089104
3222	0.992196	0.0693404
3222.1	0.994685	0.0587416
3222.2	0.996326	0.0471259
3222.3	0.99739	0.0408549
3222.4	0.997825	0.0384885
3222.5	0.998107	0.0351769
3222.6	0.998384	0.0304427
3222.7	0.998658	0.0254641
3222.8	0.998895	0.0215773
3222.9	0.999076	0.0190928
3223	0.999203	0.0175468
3223.1	0.99929	0.0164476
3223.2	0.999352	0.015538
3223.3	0.999399	0.014721
3223.4	0.999436	0.0139655
3223.5	0.999471	0.0132608
3223.6	0.999499	0.0126024
3223.7	0.999525	0.0119867
3223.8	0.999561	0.0114044
3223.9	0.999583	0.0108651
3224	0.999603	0.0103601
3224.1	0.999621	0.0098866
3224.2	0.999639	0.00944249
3224.3	0.999655	0.00902561
3224.4	0.999671	0.00863398
3224.5	0.999685	0.00826574
3224.6	0.999699	0.00791927
3224.7	0.999711	0.00759294
3224.8	0.999948	0.00117774
3224.9	0.99995	0.00112155
3225	0.999953	0.00106933
3225.1	0.999955	0.00102068
3225.2	0.999957	0.000975279
3225.3	0.999958	0.000932878
3225.4	0.99996	0.000893198
3225.5	0.999962	0.000855992
3225.6	0.999963	0.00082107
3225.7	0.999964	0.000788277
3225.8	0.999966	0.000757424
3225.9	0.999967	0.000728358
3226	0.999968	0.000700951
3226.1	0.999969	0.000675042
3226.2	0.999971	0.000650481
3226.3	0.999972	0.000627342
3226.4	0.999973	0.000605387
3226.5	0.999974	0.000584627
3226.6	0.999974	0.000564901
3226.7	0.999992	0.0001362
3226.8	0.999992	0.000133012
3226.9	0.999992	0.000129959
3227	0.999992	0.000126994
3227.1	0.999993	0.00012416
3227.2	0.999993	0.0001214
3227.3	0.999993	0.000118738
3227.4	0.999993	0.000116188
3227.5	0.999993	0.000113697
3227.6	0.999993	0.000111304
3227.7	0.999994	0.000108711
3227.8	0.999994	0.000106474
3227.9	0.999996	8.267e-05
3228	0.999996	8.10257e-05
3228.1	0.999996	7.93841e-05
3228.2	0.999996	7.78292e-05
3228.3	0.999996	7.63088e-05
3228.4	0.999996	7.47977e-05
3228.5	0.999997	7.33824e-05
3228.6	0.999997	7.20227e-05
3228.7	0.999997	7.03527e-05
3228.8	0.999997	6.90669e-05
3228.9	0.999997	6.78131e-05
3229	0.999997	6.65879e-05
3229.1	0.999997	6.54338e-05
3229.2	0.999997	6.42686e-05
3229.3	0.999997	6.31621e-05
3229.4	0.999997	6.20681e-05
3229.5	0.999997	6.10043e-05
3229.6	0.999997	5.99571e-05
3229.7	0.999997	5.8954e-05
3229.8	0.999997	5.79783e-05
3229.9	0.999997	5.70335e-05
3230	0.999998	5.61156e-05
3230.1	0.999998	5.52136e-05
3230.2	0.999998	5.43254e-05
3230.3	0.999998	5.34678e-05
3230.4	0.999998	4.75127e-05
3230.5	0.999998	4.66984e-05
3230.6	0.999998	4.59151e-05
3230.7	0.999998	4.51631e-05
3230.8	0.999999	4.44111e-05
3230.9	0.999999	4.3692e-05
3231	0.999999	4.29712e-05
3231.1	0.999999	4.22815e-05
3231.2	1	2.6729e-06
3231.3	1	2.61087e-06
3231.4	1	2.54564e-06
3231.5	1	2.51461e-06
3231.6	1	2.45255e-06
3231.7	1	2.42153e-06
3231.8	1	2.39052e-06
3231.9	1	2.32851e-06
3232	1	2.29436e-06
3232.1	1	2.26333e-06
3232.2	1	2.19958e-06
3232.3	1	2.16854e-06
3232.4	1	2.13751e-06
3232.5	1	2.10648e-06
3232.6	1	2.07546e-06
3232.7	1	2.04444e-06
3232.8	1	2.01032e-06
3232.9	1	1.97926e-06
3233	1	1.94822e-06
3233.1	1	1.91718e-06
3233.2	1	1.88615e-06
3233.3	1	1.85512e-06
3233.4	1	1.8241e-06
3233.5	1	1.79309e-06
3233.6	1	1.76209e-06
3233.7	1	1.73085e-06
3233.8	1	1.69673e-06
3233.9	1	1.66569e-06
3234	1	1.66569e-06
3234.1	1	1.63466e-06
3234.2	1	1.601e-06
3234.3	1	1.56993e-06
3234.4	1	1.56993e-06
3234.5	1	1.53886e-06
3234.6	1	1.50781e-06
3234.7	1	1.47676e-06
3234.8	1	1.47676e-06
3234.9	1	1.44572e-06
3235	1	1.41437e-06
3235.1	1	1.4113e-06
3235.2	1	1.38019e-06
3235.3	1	1.38019e-06
3235.4	1	1.3491e-06
3235.5	1	1.31801e-06
3235.6	1	1.31801e-06
3235.7	1	1.28693e-06
3235.8	1	1.28693e-06
3235.9	1	1.25585e-06
3236	1	1.25585e-06
3236.1	1	1.22479e-06
3236.2	1	1.28754e-07
3236.3	1	1.28754e-07
3236.4	1	1.28754e-07
3236.5	1	1.28754e-07
3236.6	1	1.24939e-07
3236.7	1	1.24939e-07
3236.8	1	1.24939e-07
3236.9	1	1.24939e-07
3237	1	9.37042e-08
3237.1	1	9.37042e-08
3237.2	1	9.37042e-08
3237.3	1	9.37042e-08
3237.4	1	9.37042e-08
3237.5	1	9.37042e-08
3237.6	1	9.37042e-08
3237.7	1	9.37042e-08
3237.8	1	9.37042e-08
3237.9	1	9.37042e-08
3238	1	9.37042e-08
3238.1	1	9.37042e-08
3238.2	1	9.37042e-08
3238.3	1	9.37042e-08
3238.4	1	9.37042e-08
3238.5	1	9.37042e-08
3238.6	1	9.37042e-08
3238.7	1	9.37042e-08
3238.8	1	9.37042e-08
3238.9	1	9.37042e-08
3239	1	9.37042e-08
3239.1	1	9.37042e-08
3239.2	1	9.37042e-08
3239.3	1	9.37042e-08
3239.4	1	9.37042e-08
3239.5	1	9.37042e-08
3239.6	1	9.37042e-08
3239.7	1	0
3239.8	1	0
3239.9	1	0
3240	1	0
3240.1	1	0
3240.2	1	0
3240.3	1	0
3240.4	1	0
3240.5	1	0
3240.6	1	0
3240.7	1	0
3240.8	1	0
3240.9	1	0
3241	1	0
3241.1	1	0
3241.2	1	0
3241.3	1	0
3241.4	1	0
3241.5	1	0
3241.6	1	0
3241.7	1	0
3241.8	1	0
3241.9	1	0
3242	1	0
3242.1	1	0
3242.2	1	0
3242.3	1	0
3242.4	1	0
3242.5	1	0
3242.6	1	0
3242.7	1	0
3242.8	1	0
3242.9	1	0
3243	1	0
3243.1	1	0
3243.2	1	0
3243.3	1	0
3243.4	1	0
3243.5	1	0
3243.6	1	0
3243.7	1	0
3243.8	1	0
3243.9	1	0
3244	1	0
3244.1	1	0
3244.2	1	0
3244.3	1	0
3244.4	1	0
3244.5	1	0
3244.6	1	0
3244.7	1	0
3244.8	1	0
3244.9	1	0
3245	1	0
3245.1	1	0
3245.2	1	0
3245.3	1	0
3245.4	1	0
3245.5	1	0
3245.6	1	0
3245.7	1	0
3245.8	1	0
3245.9	1	0
3246	1	0
3246.1	1	0
3246.2	1	0
3246.3	1	0
3246.4	1	0
3246.5	1	0
3246.6	1	0
3246.7	1	0
3246.8	1	0
3246.9	1	0
3247	1	0
3247.1	1	0
3247.2	1	0
3247.3	1	0
3247.4	1	0
3247.5	1	0
3247.6	1	0
3247.7	1	0
3247.8	1	0
3247.9	1	0
3248	1	0
3248.1	1	0
3248.2	1	0
3248.3	1	0
3248.4	1	0
3248.5	1	0
3248.6	1	0
3248.7	1	0
3248.8	1	0
3248.9	1	0
3249	1	0
3249.1	1	0
3249.2	1	0
3249.3	1	0
3249.4	1	0
3249.5	1	0
3249.6	1	0
3249.7	1	0
3249.8	1	0
3249.9	1	0
3250	1	0
3250.1	1	0
3250.2	1	0
3250.3	1	0
3250.4	1	0
3250.5	1	0
3250.6	1	0
3250.7	1	0
3250.8	1	0
3250.9	1	0
3251	1	0
3251.1	1	0
3251.2	1	0
3251.3	1	0
3251.4	1	0
3251.5	1	0
3251.6	1	0
3251.7	1	0
3251.8	1	0
3251.9	1	0
3252	1	0
3252.1	1	0
3252.2	1	0
3252.3	1	0
3252.4	1	0
3252.5	1	0
3252.6	1	0
3252.7	1	0
3252.8	1	0
3252.9	1	0
3253	1	0
3253.1	1	0
3253.2	1	0
3253.3	1	0
3253.4	1	0
3253.5	1	0
3253.6	1	0
3253.7	1	0
3253.8	1	0
3253.9	1	0
3254	1	0
3254.1	1	0
3254.2	1	0
3254.3	1	0
3254.4	1	0
3254.5	1	0
3254.6	1	0
3254.7	1	0
3254.8	1	0
3254.9	1	0
3255	1	0
3255.1	1	0
3255.2	1	0
3255.3	1	0
3255.4	1	0
3255.5	1	0
3255.6	1	0
3255.7	1	0
3255.8	1	0
3255.9	1	0
3256	1	0
3256.1	1	0
3256.2	1	0
3256.3	1	0
3256.4	1	0
3256.5	1	0
3256.6	1	0
3256.7	1	0
3256.8	1	0
3256.9	1	0
3257	1	0
3257.1	1	0
3257.2	1	0
3257.3	1	0
3257.4	1	0
3257.5	1	0
3257.6	1	0
3257.7	1	0
3257.8	1	0
3257.9	1	0
3258	1	0
3258.1	1	0
3258.2	1	0
3258.3	1	0
3258.4	1	0
3258.5	1	0
3258.6	1	0
3258.7	1	0
3258.8	1	0
3258.9	1	0
3259	1	0
3259.1	1	0
3259.2	1	0
3259.3	1	0
3259.4	1	0
3259.5	1	0
3259.6	1	0
3259.7	1	0
3259.8	1	0
3259.9	1	0
3260	1	0
3260.1	1	0
3260.2	1	0
3260.3	1	0
3260.4	1	0
3260.5	1	0
3260.6	1	0
3260.7	1	0
3260.8	1	0
3260.9	1	0
3261	1	0
3261.1	1	0
3261.2	1	0
3261.3	1	0
3261.4	1	0
3261.5	1	0
3261.6	1	0
3261.7	1	0
3261.8	1	0
3261.9	1	0
3262	1	0
3262.1	1	0
3262.2	1	0
3262.3	1	0
3262.4	1	0
3262.5	1	0
3262.6	1	0
3262.7	1	0
3262.8	1	0
3262.9	1	0
3263	1	0
3263.1	1	0
3263.2	1	0
3263.3	1	0
3263.4	1	0
3263.5	1	0
3263.6	1	0
3263.7	1	0
3263.8	1	0
3263.9	1	0
3264	1	0
3264.1	1	0
3264.2	1	0
3264.3	1	0
3264.4	1	0
3264.5	1	0
3264.6	1	0
3264.7	1	0
3264.8	1	0
3264.9	1	0
3265	1	0
3265.1	1	0
3265.2	1	0
3265.3	1	0
3265.4	1	0
3265.5	1	0
3265.6	1	0
3265.7	1	0
3265.8	1	0
3265.9	1	0
3266	1	0
3266.1	1	0
3266.2	1	0
3266.3	1	0
3266.4	1	0
3266.5	1	0
3266.6	1	0
3266.7	1	0
3266.8	1	0
3266.9	1	0
3267	1	0
3267.1	1	0
3267.2	1	0
3267.3	1	0
3267.4	1	0
3267.5	1	0
3267.6	1	0
3267.7	1	0
3267.8	1	0
3267.9	1	0
3268	1	0
3268.1	1	0
3268.2	1	0
3268.3	1	0
3268.4	1	0
3268.5	1	0
3268.6	1	0
3268.7	1	0
3268.8	1	0
3268.9	1	0
3269	1	0
3269.1	1	0
3269.2	1	0
3269.3	1	0
3269.4	1	0
3269.5	1	0
3269.6	1	0
3269.7	1	0
3269.8	1	0
3269.9	1	0
3270	1	0
3270.1	1	0
3270.2	1	0
3270.3	1	0
3270.4	1	0
3270.5	1	0
3270.6	1	0
3270.7	1	0
3270.8	1	0
3270.9	1	0
3271	1	0
3271.1	1	0
3271.2	1	0
3271.3	1	0
3271.4	1	0
3271.5	1	0
3271.6	1	0
3271.7	1	0
3271.8	1	0
3271.9	1	0
3272	1	0
3272.1	1	0
3272.2	1	0
3272.3	1	0
3272.4	1	0
3272.5	1	0
3272.6	1	0
3272.7	1	0
3272.8	1	0
3272.9	1	0
3273	1	0
3273.1	1	0
3273.2	1	0
3273.3	1	0
3273.4	1	0
3273.5	1	0
3273.6	1	0
3273.7	1	0
3273.8	1	0
3273.9	1	0
3274	1	0
3274.1	1	0
3274.2	1	0
3274.3	1	0
3274.4	1	0
3274.5	1	0
3274.6	1	0
3274.7	1	0
3274.8	1	0
3274.9	1	0
3275	1	0
3275.1	1	0
3275.2	1	0
3275.3	1	0
3275.4	1	0
3275.5	1	0
3275.6	1	0
3275.7	1	0
3275.8	1	0
3275.9	1	0
3276	1	0
3276.1	1	0
3276.2	1	0
3276.3	1	0
3276.4	1	0
3276.5	1	0
3276.6	1	0
3276.7	1	0
3276.8	1	0
3276.9	1	0
3277	1	0
3277.1	1	0
3277.2	1	0
3277.3	1	0
3277.4	1	0
3277.5	1	0
3277.6	1	0
3277.7	1	0
3277.8	1	0
3277.9	1	0
3278	1	0
3278.1	1	0
3278.2	1	0
3278.3	1	0
3278.4	1	0
3278.5	1	0
3278.6	1	0
3278.7	1	0
3278.8	1	0
3278.9	1	0
3279	1	0
3279.1	1	0
3279.2	1	0
3279.3	1	0
3279.4	1	0
3279.5	1	0
3279.6	1	0
3279.7	1	0
3279.8	1	0
3279.9	1	0
3280	1	0
3280.1	1	0
3280.2	1	0
3280.3	1	0
3280.4	1	0
3280.5	1	0
3280.6	1	0
3280.7	1	0
3280.8	1	0
3280.9	1	0
3281	1	0
3281.1	1	0
3281.2	1	0
3281.3	1	0
3281.4	1	0
3281.5	1	0
3281.6	1	0
3281.7	1	0
3281.8	1	0
3281.9	1	0
3282	1	0
3282.1	1	0
3282.2	1	0
3282.3	1	0
3282.4	1	0
3282.5	1	0
3282.6	1	0
3282.7	1	0
3282.8	1	0
3282.9	1	0
3283	1	0
3283.1	1	0
3283.2	1	0
3283.3	1	0
3283.4	1	0
3283.5	1	0
3283.6	1	0
3283.7	1	0
3283.8	1	0
3283.9	1	0
3284	1	0
3284.1	1	0
3284.2	1	0
3284.3	1	0
3284.4	1	0
3284.5	1	0
3284.6	1	0
3284.7	1	0
3284.8	1	0
3284.9	1	0
3285	1	0
3285.1	1	0
3285.2	1	0
3285.3	1	0
3285.4	1	0
3285.5	1	0
3285.6	1	0
3285.7	1	0
3285.8	1	0
3285.9	1	0
3286	1	0
3286.1	1	0
3286.2	1	0
3286.3	1	0
3286.4	1	0
3286.5	1	0
3286.6	1	0
3286.7	1	0
3286.8	1	0
3286.9	1	0
3287	1	0
3287.1	1	0
3287.2	1	0
3287.3	1	0
3287.4	1	0
3287.5	1	0
3287.6	1	0
3287.7	1	0
3287.8	1	0
3287.9	1	0
3288	1	0
3288.1	1	0
3288.2	1	0
3288.3	1	0
3288.4	1	0
3288.5	1	0
3288.6	1	0
3288.7	1	0
3288.8	1	0
3288.9	1	0
3289	1	0
3289.1	1	0
3289.2	1	0
3289.3	1	0
3289.4	1	0
3289.5	1	0
3289.6	1	0
3289.7	1	0
3289.8	1	0
3289.9	1	0
3290	1	0
3290.1	1	0
3290.2	1	0
3290.3	1	0
3290.4	1	0
3290.5	1	0
3290.6	1	0
3290.7	1	0
3290.8	1	0
3290.9	1	0
3291	1	0
3291.1	1	0
3291.2	1	0
3291.3	1	0
3291.4	1	0
3291.5	1	0
3291.6	1	0
3291.7	1	0
3291.8	1	0
3291.9	1	0
3292	1	0
3292.1	1	0
3292.2	1	0
3292.3	1	0
3292.4	1	0
3292.5	1	0
3292.6	1	0
3292.7	1	0
3292.8	1	0
3292.9	1	0
3293	1	0
3293.1	1	0
3293.2	1	0
3293.3	1	0
3293.4	1	0
3293.5	1	0
3293.6	1	0
3293.7	1	0
3293.8	1	0
3293.9	1	0
3294	1	0
3294.1	1	0
3294.2	1	0
3294.3	1	0
3294.4	1	0
3294.5	1	0
3294.6	1	0
3294.7	1	0
3294.8	1	0
3294.9	1	0
3295	1	0
3295.1	1	0
3295.2	1	0
3295.3	1	0
3295.4	1	0
3295.5	1	0
3295.6	1	0
3295.7	1	0
3295.8	1	0
3295.9	1	0
3296	1	0
3296.1	1	0
3296.2	1	0
3296.3	1	0
3296.4	1	0
3296.5	1	0
3296.6	1	0
3296.7	1	0
3296.8	1	0
3296.9	1	0
3297	1	0
3297.1	1	0
3297.2	1	0
3297.3	1	0
3297.4	1	0
3297.5	1	0
3297.6	1	0
3297.7	1	0
3297.8	1	0
3297.9	1	0
3298	1	0
3298.1	1	0
3298.2	1	0
3298.3	1	0
3298.4	1	0
3298.5	1	0
3298.6	1	0
3298.7	1	0
3298.8	1	0
3298.9	1	0
3299	1	0
3299.1	1	0
3299.2	1	0
3299.3	1	0
3299.4	1	0
3299.5	1	0
3299.6	1	0
3299.7	1	0
3299.8	1	0
3299.9	1	0
3300	1	0
3300.1	1	0
3300.2	1	0
3300.3	1	0
3300.4	1	0
3300.5	1	0
3300.6	1	0
3300.7	1	0
3300.8	1	0
3300.9	1	0
3301	1	0
3301.1	1	0
3301.2	1	0
3301.3	1	0
3301.4	1	0
3301.5	1	0
3301.6	1	0
3301.7	1	0
3301.8	1	0
3301.9	1	0
3302	1	0
3302.1	1	0
3302.2	1	0
3302.3	1	0
3302.4	1	0
3302.5	1	0
3302.6	1	0
3302.7	1	0
3302.8	1	0
3302.9	1	0
3303	1	0
3303.1	1	0
3303.2	1	0
3303.3	1	0
3303.4	1	0
3303.5	1	0
3303.6	1	0
3303.7	1	0
3303.8	1	0
3303.9	1	0
3304	1	0
3304.1	1	0
3304.2	1	0
3304.3	1	0
3304.4	1	0
3304.5	1	0
3304.6	1	0
3304.7	1	0
3304.8	1	0
3304.9	1	0
3305	1	0
3305.1	1	0
3305.2	1	0
3305.3	1	0
3305.4	1	0
3305.5	1	0
3305.6	1	0
3305.7	1	0
3305.8	1	0
3305.9	1	0
3306	1	0
3306.1	1	0
3306.2	1	0
3306.3	1	0
3306.4	1	0
3306.5	1	0
3306.6	1	0
3306.7	1	0
3306.8	1	0
3306.9	1	0
3307	1	0
3307.1	1	0
3307.2	1	0
3307.3	1	0
3307.4	1	0
3307.5	1	0
3307.6	1	0
3307.7	1	0
3307.8	1	0
3307.9	1	0
3308	1	0
3308.1	1	0
3308.2	1	0
3308.3	1	0
3308.4	1	0
3308.5	1	0
3308.6	1	0
3308.7	1	0
3308.8	1	0
3308.9	1	0
3309	1	0
3309.1	1	0
3309.2	1	0
3309.3	1	0
3309.4	1	0
3309.5	1	0
3309.6	1	0
3309.7	1	0
3309.8	1	0
3309.9	1	0
3310	1	0
3310.1	1	0
3310.2	1	0
3310.3	1	0
3310.4	1	0
3310.5	1	0
3310.6	1	0
3310.7	1	0
3310.8	1	0
3310.9	1	0
3311	1	0
3311.1	1	0
3311.2	1	0
3311.3	1	0
3311.4	1	0
3311.5	1	0
3311.6	1	0
3311.7	1	0
3311.8	1	0
3311.9	1	0
3312	1	0
3312.1	1	0
3312.2	1	0
3312.3	1	0
3312.4	1	0
3312.5	1	0
3312.6	1	0
3312.7	1	0
3312.8	1	0
3312.9	1	0
3313	1	0
3313.1	1	0
3313.2	1	0
3313.3	1	0
3313.4	1	0
3313.5	1	0
3313.6	1	0
3313.7	1	0
3313.8	1	0
3313.9	1	0
3314	1	0
3314.1	1	0
3314.2	1	0
3314.3	1	0
3314.4	1	0
3314.5	1	0
3314.6	1	0
3314.7	1	0
3314.8	1	0
3314.9	1	0
3315	1	0
3315.1	1	0
3315.2	1	0
3315.3	1	0
3315.4	1	0
3315.5	1	0
3315.6	1	0
3315.7	1	0
3315.8	1	0
3315.9	1	0
3316	1	0
3316.1	1	0
3316.2	1	0
3316.3	1	0
3316.4	1	0
3316.5	1	0
3316.6	1	0
3316.7	1	0
3316.8	1	0
3316.9	1	0
3317	1	0
3317.1	1	0
3317.2	1	0
3317.3	1	0
3317.4	1	0
3317.5	1	0
3317.6	1	0
3317.7	1	0
3317.8	1	0
3317.9	1	0
3318	1	0
3318.1	1	0
3318.2	1	0
3318.3	1	0
3318.4	1	0
3318.5	1	0
3318.6	1	0
3318.7	1	0
3318.8	1	0
3318.9	1	0
3319	1	0
3319.1	1	0
3319.2	1	0
3319.3	1	0
3319.4	1	0
3319.5	1	0
3319.6	1	0
3319.7	1	0
3319.8	1	0
3319.9	1	0
3320	1	0
3320.1	1	0
3320.2	1	0
3320.3	1	0
3320.4	1	0
3320.5	1	0
3320.6	1	0
3320.7	1	0
3320.8	1	0
3320.9	1	0
3321	1	0
3321.1	1	0
3321.2	1	0
3321.3	1	0
3321.4	1	0
3321.5	1	0
3321.6	1	0
3321.7	1	0
3321.8	1	0
3321.9	1	0
3322	1	0
3322.1	1	0
3322.2	1	0
3322.3	1	0
3322.4	1	0
3322.5	1	0
3322.6	1	0
3322.7	1	0
3322.8	1	0
3322.9	1	0
3323	1	0
3323.1	1	0
3323.2	1	0
3323.3	1	0
3323.4	1	0
3323.5	1	0
3323.6	1	0
3323.7	1	0
3323.8	1	0
3323.9	1	0
3324	1	0
3324.1	1	0
3324.2	1	0
3324.3	1	0
3324.4	1	0
3324.5	1	0
3324.6	1	0
3324.7	1	0
3324.8	1	0
3324.9	1	0
3325	1	0
3325.1	1	0
3325.2	1	0
3325.3	1	0
3325.4	1	0
3325.5	1	0
3325.6	1	0
3325.7	1	0
3325.8	1	0
3325.9	1	0
3326	1	0
3326.1	1	0
3326.2	1	0
3326.3	1	0
3326.4	1	0
3326.5	1	0
3326.6	1	0
3326.7	1	0
3326.8	1	0
3326.9	1	0
3327	1	0
3327.1	1	0
3327.2	1	0
3327.3	1	0
3327.4	1	0
3327.5	1	0
3327.6	1	0
3327.7	1	0
3327.8	1	0
3327.9	1	0
3328	1	0
3328.1	1	0
3328.2	1	0
3328.3	1	0
3328.4	1	0
3328.5	1	0
3328.6	1	0
3328.7	1	0
3328.8	1	0
3328.9	1	0
3329	1	0
3329.1	1	0
3329.2	1	0
3329.3	1	0
3329.4	1	0
3329.5	1	0
3329.6	1	0
3329.7	1	0
3329.8	1	0
3329.9	1	0
3330	1	0
3330.1	1	0
3330.2	1	0
3330.3	1	0
3330.4	1	0
3330.5	1	0
3330.6	1	0
3330.7	1	0
3330.8	1	0
3330.9	1	0
3331	1	0
3331.1	1	0
3331.2	1	0
3331.3	1	0
3331.4	1	0
3331.5	1	0
3331.6	1	0
3331.7	1	0
3331.8	1	0
3331.9	1	0
3332	1	0
3332.1	1	0
3332.2	1	0
3332.3	1	0
3332.4	1	0
3332.5	1	0
3332.6	1	0
3332.7	1	0
3332.8	1	0
3332.9	1	0
3333	1	0
3333.1	1	0
3333.2	1	0
3333.3	1	0
3333.4	1	0
3333.5	1	0
3333.6	1	0
3333.7	1	0
3333.8	1	0
3333.9	1	0
3334	1	0
3334.1	1	0
3334.2	1	0
3334.3	1	0
3334.4	1	0
3334.5	1	0
3334.6	1	0
3334.7	1	0
3334.8	1	0
3334.9	1	0
3335	1	0
3335.1	1	0
3335.2	1	0
3335.3	1	0
3335.4	1	0
3335.5	1	0
3335.6	1	0
3335.7	1	0
3335.8	1	0
3335.9	1	0
3336	1	0
3336.1	1	0
3336.2	1	0
3336.3	1	0
3336.4	1	0
3336.5	1	0
3336.6	1	0
3336.7	1	0
3336.8	1	0
3336.9	1	0
3337	1	0
3337.1	1	0
3337.2	1	0
3337.3	1	0
3337.4	1	0
3337.5	1	0
3337.6	1	0
3337.7	1	0
3337.8	1	0
3337.9	1	0
3338	1	0
3338.1	1	0
3338.2	1	0
3338.3	1	0
3338.4	1	0
3338.5	1	0
3338.6	1	0
3338.7	1	0
3338.8	1	0
3338.9	1	0
3339	1	0
3339.1	1	0
3339.2	1	0
3339.3	1	0
3339.4	1	0
3339.5	1	0
3339.6	1	0
3339.7	1	0
3339.8	1	0
3339.9	1	0
3340	1	0
3340.1	1	0
3340.2	1	0
3340.3	1	0
3340.4	1	0
3340.5	1	0
3340.6	1	0
3340.7	1	0
3340.8	1	0
3340.9	1	0
3341	1	0
3341.1	1	0
3341.2	1	0
3341.3	1	0
3341.4	1	0
3341.5	1	0
3341.6	1	0
3341.7	1	0
3341.8	1	0
3341.9	1	0
3342	1	0
3342.1	1	0
3342.2	1	0
3342.3	1	0
3342.4	1	0
3342.5	1	0
3342.6	1	0
3342.7	1	0
3342.8	1	0
3342.9	1	0
3343	1	0
3343.1	1	0
3343.2	1	0
3343.3	1	0
3343.4	1	0
3343.5	1	0
3343.6	1	0
3343.7	1	0
3343.8	1	0
3343.9	1	0
3344	1	0
3344.1	1	0
3344.2	1	0
3344.3	1	0
3344.4	1	0
3344.5	1	0
3344.6	1	0
3344.7	1	0
3344.8	1	0
3344.9	1	0
3345	1	0
3345.1	1	0
3345.2	1	0
3345.3	1	0
3345.4	1	0
3345.5	1	0
3345.6	1	0
3345.7	1	0
3345.8	1	0
3345.9	1	0
3346	1	0
3346.1	1	0
3346.2	1	0
3346.3	1	0
3346.4	1	0
3346.5	1	0
3346.6	1	0
3346.7	1	0
3346.8	1	0
3346.9	1	0
3347	1	0
3347.1	1	0
3347.2	1	0
3347.3	1	0
3347.4	1	0
3347.5	1	0
3347.6	1	0
3347.7	1	0
3347.8	1	0
3347.9	1	0
3348	1	0
3348.1	1	0
3348.2	1	0
3348.3	1	0
3348.4	1	0
3348.5	1	0
3348.6	1	0
3348.7	1	0
3348.8	1	0
3348.9	1	0
3349	1	0
3349.1	1	0
3349.2	1	0
3349.3	1	0
3349.4	1	0
3349.5	1	0
3349.6	1	0
3349.7	1	0
3349.8	1	0
3349.9	1	0
3350	1	0
3350.1	1	0
3350.2	1	0
3350.3	1	0
3350.4	1	0
3350.5	1	0
3350.6	1	0
3350.7	1	0
3350.8	1	0
3350.9	1	0
3351	1	0
3351.1	1	0
3351.2	1	0
3351.3	1	0
3351.4	1	0
3351.5	1	0
3351.6	1	0
3351.7	1	0
3351.8	1	0
3351.9	1	0
3352	1	0
3352.1	1	0
3352.2	1	0
3352.3	1	0
3352.4	1	0
3352.5	1	0
3352.6	1	0
3352.7	1	0
3352.8	1	0
3352.9	1	0
3353	1	0
3353.1	1	0
3353.2	1	0
3353.3	1	0
3353.4	1	0
3353.5	1	0
3353.6	1	0
3353.7	1	0
3353.8	1	0
3353.9	1	0
3354	1	0
3354.1	1	0
3354.2	1	0
3354.3	1	0
3354.4	1	0
3354.5	1	0
3354.6	1	0
3354.7	1	0
3354.8	1	0
3354.9	1	0
3355	1	0
3355.1	1	0
3355.2	1	0
3355.3	1	0
3355.4	1	0
3355.5	1	0
3355.6	1	0
3355.7	1	0
3355.8	1	0
3355.9	1	0
3356	1	0
3356.1	1	0
3356.2	1	0
3356.3	1	0
3356.4	1	0
3356.5	1	0
3356.6	1	0
3356.7	1	0
3356.8	1	0
3356.9	1	0
3357	1	0
3357.1	1	0
3357.2	1	0
3357.3	1	0
3357.4	1	0
3357.5	1	0
3357.6	1	0
3357.7	1	0
3357.8	1	0
3357.9	1	0
3358	1	0
3358.1	1	0
3358.2	1	0
3358.3	1	0
3358.4	1	0
3358.5	1	0
3358.6	1	0
3358.7	1	0
3358.8	1	0
3358.9	1	0
3359	1	0
3359.1	1	0
3359.2	1	0
3359.3	1	0
3359.4	1	0
3359.5	1	0
3359.6	1	0
3359.7	1	0
3359.8	1	0
3359.9	1	0
3360	1	0
3360.1	1	0
3360.2	1	0
3360.3	1	0
3360.4	1	0
3360.5	1	0
3360.6	1	0
3360.7	1	0
3360.8	1	0
3360.9	1	0
3361	1	0
3361.1	1	0
3361.2	1	0
3361.3	1	0
3361.4	1	0
3361.5	1	0
3361.6	1	0
3361.7	1	0
3361.8	1	0
3361.9	1	0
3362	1	0
3362.1	1	0
3362.2	1	0
3362.3	1	0
3362.4	1	0
3362.5	1	0
3362.6	1	0
3362.7	1	0
3362.8	1	0
3362.9	1	0
3363	1	0
3363.1	1	0
3363.2	1	0
3363.3	1	0
3363.4	1	0
3363.5	1	0
3363.6	1	0
3363.7	1	0
3363.8	1	0
3363.9	1	0
3364	1	0
3364.1	1	0
3364.2	1	0
3364.3	1	0
3364.4	1	0
3364.5	1	0
3364.6	1	0
3364.7	1	0
3364.8	1	0
3364.9	1	0
3365	1	0
3365.1	1	0
3365.2	1	0
3365.3	1	0
3365.4	1	0
3365.5	1	0
3365.6	1	0
3365.7	1	0
3365.8	1	0
3365.9	1	0
3366	1	0
3366.1	1	0
3366.2	1	0
3366.3	1	0
3366.4	1	0
3366.5	1	0
3366.6	1	0
3366.7	1	0
3366.8	1	0
3366.9	1	0
3367	1	0
3367.1	1	0
3367.2	1	0
3367.3	1	0
3367.4	1	0
3367.5	1	0
3367.6	1	0
3367.7	1	0
3367.8	1	0
3367.9	1	0
3368	1	0
3368.1	1	0
3368.2	1	0
3368.3	1	0
3368.4	1	0
3368.5	1	0
3368.6	1	0
3368.7	1	0
3368.8	1	0
3368.9	1	0
3369	1	0
3369.1	1	0
3369.2	1	0
3369.3	1	0
3369.4	1	0
3369.5	1	0
3369.6	1	0
3369.7	1	0
3369.8	1	0
3369.9	1	0
3370	1	0
3370.1	1	0
3370.2	1	0
3370.3	1	0
3370.4	1	0
3370.5	1	0
3370.6	1	0
3370.7	1	0
3370.8	1	0
3370.9	1	0
3371	1	0
3371.1	1	0
3371.2	1	0
3371.3	1	0
3371.4	1	0
3371.5	1	0
3371.6	1	0
3371.7	1	0
3371.8	1	0
3371.9	1	0
3372	1	0
3372.1	1	0
3372.2	1	0
3372.3	1	0
3372.4	1	0
3372.5	1	0
3372.6	1	0
3372.7	1	0
3372.8	1	0
3372.9	1	0
3373	1	0
3373.1	1	0
3373.2	1	0
3373.3	1	0
3373.4	1	0
3373.5	1	0
3373.6	1	0
3373.7	1	0
3373.8	1	0
3373.9	1	0
3374	1	0
3374.1	1	0
3374.2	1	0
3374.3	1	0
3374.4	1	0
3374.5	1	0
3374.6	1	0
3374.7	1	0
3374.8	1	0
3374.9	1	0
3375	1	0
3375.1	1	0
3375.2	1	0
3375.3	1	0
3375.4	1	0
3375.5	1	0
3375.6	1	0
3375.7	1	0
3375.8	1	0
3375.9	1	0
3376	1	0
3376.1	1	0
3376.2	1	0
3376.3	1	0
3376.4	1	0
3376.5	1	0
3376.6	1	0
3376.7	1	0
3376.8	1	0
3376.9	1	0
3377	1	0
3377.1	1	0
3377.2	1	0
3377.3	1	0
3377.4	1	0
3377.5	1	0
3377.6	1	0
3377.7	1	0
3377.8	1	0
3377.9	1	0
3378	1	0
3378.1	1	0
3378.2	1	0
3378.3	1	0
3378.4	1	0
3378.5	1	0
3378.6	1	0
3378.7	1	0
3378.8	1	0
3378.9	1	0
3379	1	0
3379.1	1	0
3379.2	1	0
3379.3	1	0
3379.4	1	0
3379.5	1	0
3379.6	1	0
3379.7	1	0
3379.8	1	0
3379.9	1	0
3380	1	0
3380.1	1	0
3380.2	1	0
3380.3	1	0
3380.4	1	0
3380.5	1	0
3380.6	1	0
3380.7	1	0
3380.8	1	0
3380.9	1	0
3381	1	0
3381.1	1	0
3381.2	1	0
3381.3	1	0
3381.4	1	0
3381.5	1	0
3381.6	1	0
3381.7	1	0
3381.8	1	0
3381.9	1	0
3382	1	0
3382.1	1	0
3382.2	1	0
3382.3	1	0
3382.4	1	0
3382.5	1	0
3382.6	1	0
3382.7	1	0
3382.8	1	0
3382.9	1	0
3383	1	0
3383.1	1	0
3383.2	1	0
3383.3	1	0
3383.4	1	0
3383.5	1	0
3383.6	1	0
3383.7	1	0
3383.8	1	0
3383.9	1	0
3384	1	0
3384.1	1	0
3384.2	1	0
3384.3	1	0
3384.4	1	0
3384.5	1	0
3384.6	1	0
3384.7	1	0
3384.8	1	0
3384.9	1	0
3385	1	0
3385.1	1	0
3385.2	1	0
3385.3	1	0
3385.4	1	0
3385.5	1	0
3385.6	1	0
3385.7	1	0
3385.8	1	0
3385.9	1	0
3386	1	0
3386.1	1	0
3386.2	1	0
3386.3	1	0
3386.4	1	0
3386.5	1	0
3386.6	1	0
3386.7	1	0
3386.8	1	0
3386.9	1	0
3387	1	0
3387.1	1	0
3387.2	1	0
3387.3	1	0
3387.4	1	0
3387.5	1	0
3387.6	1	0
3387.7	1	0
3387.8	1	0
3387.9	1	0
3388	1	0
3388.1	1	0
3388.2	1	0
3388.3	1	0
3388.4	1	0
3388.5	1	0
3388.6	1	0
3388.7	1	0
3388.8	1	0
3388.9	1	0
3389	1	0
3389.1	1	0
3389.2	1	0
3389.3	1	0
3389.4	1	0
3389.5	1	0
3389.6	1	0
3389.7	1	0
3389.8	1	0
3389.9	1	0
3390	1	0
3390.1	1	0
3390.2	1	0
3390.3	1	0
3390.4	1	0
3390.5	1	0
3390.6	1	0
3390.7	1	0
3390.8	1	0
3390.9	1	0
3391	1	0
3391.1	1	0
3391.2	1	0
3391.3	1	0
3391.4	1	0
3391.5	1	0
3391.6	1	0
3391.7	1	0
3391.8	1	0
3391.9	1	0
3392	1	0
3392.1	1	0
3392.2	1	0
3392.3	1	0
3392.4	1	0
3392.5	1	0
3392.6	1	0
3392.7	1	0
3392.8	1	0
3392.9	1	0
3393	1	0
3393.1	1	0
3393.2	1	0
3393.3	1	0
3393.4	1	0
3393.5	1	0
3393.6	1	0
3393.7	1	0
3393.8	1	0
3393.9	1	0
3394	1	0
3394.1	1	0
3394.2	1	0
3394.3	1	0
3394.4	1	0
3394.5	1	0
3394.6	1	0
3394.7	1	0
3394.8	1	0
3394.9	1	0
3395	1	0
3395.1	1	0
3395.2	1	0
3395.3	1	0
3395.4	1	0
3395.5	1	0
3395.6	1	0
3395.7	1	0
3395.8	1	0
3395.9	1	0
3396	1	0
3396.1	1	0
3396.2	1	0
3396.3	1	0
3396.4	1	0
3396.5	1	0
3396.6	1	0
3396.7	1	0
3396.8	1	0
3396.9	1	0
3397	1	0
3397.1	1	0
3397.2	1	0
3397.3	1	0
3397.4	1	0
3397.5	1	0
3397.6	1	0
3397.7	1	0
3397.8	1	0
3397.9	1	0
3398	1	0
3398.1	1	0
3398.2	1	0
3398.3	1	0
3398.4	1	0
3398.5	1	0
3398.6	1	0
3398.7	1	0
3398.8	1	0
3398.9	1	0
3399	1	0
3399.1	1	0
3399.2	1	0
3399.3	1	0
3399.4	1	0
3399.5	1	0
3399.6	1	0
3399.7	1	0
3399.8	1	0
3399.9	1	0
3400	1	0
3400.1	1	0
3400.2	1	0
3400.3	1	0
3400.4	1	0
3400.5	1	0
3400.6	1	0
3400.7	1	0
3400.8	1	0
3400.9	1	0
3401	1	0
3401.1	1	0
3401.2	1	0
3401.3	1	0
3401.4	1	0
3401.5	1	0
3401.6	1	0
3401.7	1	0
3401.8	1	0
3401.9	1	0
3402	1	0
3402.1	1	0
3402.2	1	0
3402.3	1	0
3402.4	1	0
3402.5	1	0
3402.6	1	0
3402.7	1	0
3402.8	1	0
3402.9	1	0
3403	1	0
3403.1	1	0
3403.2	1	0
3403.3	1	0
3403.4	1	0
3403.5	1	0
3403.6	1	0
3403.7	1	0
3403.8	1	0
3403.9	1	0
3404	1	0
3404.1	1	0
3404.2	1	0
3404.3	1	0
3404.4	1	0
3404.5	1	0
3404.6	1	0
3404.7	1	0
3404.8	1	0
3404.9	1	0
3405	1	0
3405.1	1	0
3405.2	1	0
3405.3	1	0
3405.4	1	0
3405.5	1	0
3405.6	1	0
3405.7	1	0
3405.8	1	0
3405.9	1	0
3406	1	0
3406.1	1	0
3406.2	1	0
3406.3	1	0
3406.4	1	0
3406.5	1	0
3406.6	1	0
3406.7	1	0
3406.8	1	0
3406.9	1	0
3407	1	0
3407.1	1	0
3407.2	1	0
3407.3	1	0
3407.4	1	0
3407.5	1	0
3407.6	1	0
3407.7	1	0
3407.8	1	0
3407.9	1	0
3408	1	0
3408.1	1	0
3408.2	1	0
3408.3	1	0
3408.4	1	0
3408.5	1	0
3408.6	1	0
3408.7	1	0
3408.8	1	0
3408.9	1	0
3409	1	0
3409.1	1	0
3409.2	1	0
3409.3	1	0
3409.4	1	0
3409.5	1	0
3409.6	1	0
3409.7	1	0
3409.8	1	0
3409.9	1	0
3410	1	0
3410.1	1	0
3410.2	1	0
3410.3	1	0
3410.4	1	0
3410.5	1	0
3410.6	1	0
3410.7	1	0
3410.8	1	0
3410.9	1	0
3411	1	0
3411.1	1	0
3411.2	1	0
3411.3	1	0
3411.4	1	0
3411.5	1	0
3411.6	1	0
3411.7	1	0
3411.8	1	0
3411.9	1	0
3412	1	0
3412.1	1	0
3412.2	1	0
3412.3	1	0
3412.4	1	0
3412.5	1	0
