3000	0.938531	0.181357
3000.1	0.935788	0.185651
3000.2	0.932658	0.190387
3000.3	0.930117	0.194133
3000.4	0.925033	0.204182
3000.5	0.921667	0.208222
3000.6	0.918855	0.216001
3000.7	0.918194	0.219809
3000.8	0.921187	0.213044
3000.9	0.926697	0.199094
3001	0.931312	0.18668
3001.1	0.931581	0.182578
3001.2	0.928445	0.188189
3001.3	0.923737	0.201156
3001.4	0.920325	0.213774
3001.5	0.920512	0.21419
3001.6	0.924023	0.205296
3001.7	0.925529	0.199545
3001.8	0.924972	0.199365
3001.9	0.925066	0.196239
3002	0.92076	0.204638
3002.1	0.918522	0.213037
3002.2	0.918113	0.216081
3002.3	0.920239	0.213201
3002.4	0.928255	0.19681
3002.5	0.936671	0.185285
3002.6	0.948692	0.163501
3002.7	0.957208	0.146275
3002.8	0.961965	0.133083
3002.9	0.963545	0.12773
3003	0.962883	0.130952
3003.1	0.960057	0.14136
3003.2	0.954127	0.149373
3003.3	0.948324	0.157195
3003.4	0.946842	0.15568
3003.5	0.946675	0.156616
3003.6	0.94699	0.164264
3003.7	0.948331	0.162951
3003.8	0.950779	0.158413
3003.9	0.949452	0.168281
3004	0.947477	0.175506
3004.1	0.942739	0.181966
3004.2	0.935252	0.196005
3004.3	0.925111	0.213745
3004.4	0.920268	0.218936
3004.5	0.923465	0.209849
3004.6	0.926431	0.202268
3004.7	0.928843	0.193564
3004.8	0.93154	0.185652
3004.9	0.935374	0.1808
3005	0.943365	0.172405
3005.1	0.947231	0.165924
3005.2	0.945761	0.169743
3005.3	0.942542	0.176411
3005.4	0.943164	0.16802
3005.5	0.944044	0.164832
3005.6	0.946919	0.158037
3005.7	0.94901	0.159656
3005.8	0.948803	0.167172
3005.9	0.949044	0.157137
3006	0.948945	0.153919
3006.1	0.947136	0.162292
3006.2	0.942783	0.173161
3006.3	0.939347	0.183692
3006.4	0.938228	0.189071
3006.5	0.938091	0.193852
3006.6	0.939919	0.189273
3006.7	0.943095	0.176994
3006.8	0.945664	0.164152
3006.9	0.948246	0.148484
3007	0.946161	0.153263
3007.1	0.947357	0.148347
3007.2	0.947893	0.146594
3007.3	0.947567	0.151912
3007.4	0.946427	0.156019
3007.5	0.945793	0.162038
3007.6	0.94699	0.156602
3007.7	0.950251	0.141939
3007.8	0.948585	0.146908
3007.9	0.945581	0.15677
3008	0.942791	0.165278
3008.1	0.939413	0.169693
3008.2	0.932303	0.184879
3008.3	0.924223	0.204994
3008.4	0.918474	0.217744
3008.5	0.916672	0.218314
3008.6	0.918684	0.219792
3008.7	0.922055	0.216995
3008.8	0.926183	0.20715
3008.9	0.933522	0.187476
3009	0.937005	0.175084
3009.1	0.935812	0.174831
3009.2	0.935034	0.169472
3009.3	0.936199	0.161192
3009.4	0.935229	0.165786
3009.5	0.932977	0.172065
3009.6	0.929142	0.178809
3009.7	0.929496	0.177831
3009.8	0.930292	0.181813
3009.9	0.930559	0.181488
3010	0.932924	0.172461
3010.1	0.936081	0.167737
3010.2	0.937607	0.167317
3010.3	0.938372	0.162956
3010.4	0.941271	0.152788
3010.5	0.945317	0.148297
3010.6	0.948378	0.148676
3010.7	0.949623	0.147055
3010.8	0.949815	0.143651
3010.9	0.948504	0.149927
3011	0.950799	0.140262
3011.1	0.951756	0.137795
3011.2	0.950266	0.143984
3011.3	0.949043	0.150094
3011.4	0.947858	0.153825
3011.5	0.945126	0.161972
3011.6	0.940464	0.178831
3011.7	0.937028	0.185415
3011.8	0.932249	0.187415
3011.9	0.928187	0.191469
3012	0.928923	0.18938
3012.1	0.933246	0.181339
3012.2	0.938168	0.177055
3012.3	0.944203	0.166887
3012.4	0.945966	0.16624
3012.5	0.942307	0.175916
3012.6	0.940771	0.176697
3012.7	0.940254	0.172244
3012.8	0.936971	0.177612
3012.9	0.933506	0.189711
3013	0.931795	0.194249
3013.1	0.929434	0.195983
3013.2	0.928803	0.193686
3013.3	0.930569	0.187603
3013.4	0.933705	0.183216
3013.5	0.937939	0.177499
3013.6	0.938412	0.177657
3013.7	0.934672	0.187676
3013.8	0.934026	0.192225
3013.9	0.933675	0.193719
3014	0.933128	0.191421
3014.1	0.932487	0.191654
3014.2	0.933269	0.193722
3014.3	0.933437	0.195848
3014.4	0.935537	0.189909
3014.5	0.937727	0.181492
3014.6	0.938466	0.177307
3014.7	0.93871	0.177915
3014.8	0.935998	0.181725
3014.9	0.932572	0.189627
3015	0.932309	0.191048
3015.1	0.932461	0.18937
3015.2	0.931408	0.188534
3015.3	0.928208	0.19642
3015.4	0.92797	0.20374
3015.5	0.930839	0.203736
3015.6	0.934745	0.195604
3015.7	0.93335	0.196938
3015.8	0.931485	0.199168
3015.9	0.932667	0.195207
3016	0.936181	0.180883
3016.1	0.938854	0.172527
3016.2	0.941239	0.17223
3016.3	0.943199	0.167587
3016.4	0.947981	0.151141
3016.5	0.951465	0.146362
3016.6	0.954307	0.146061
3016.7	0.955178	0.147402
3016.8	0.954414	0.147421
3016.9	0.958371	0.133779
3017	0.957764	0.136721
3017.1	0.952331	0.149645
3017.2	0.945723	0.167197
3017.3	0.941855	0.177259
3017.4	0.940254	0.173168
3017.5	0.936969	0.179337
3017.6	0.931761	0.19441
3017.7	0.925596	0.205812
3017.8	0.922545	0.213713
3017.9	0.9244	0.211047
3018	0.929703	0.196897
3018.1	0.935168	0.181851
3018.2	0.941808	0.169578
3018.3	0.946596	0.16276
3018.4	0.947898	0.157564
3018.5	0.946965	0.155283
3018.6	0.942843	0.164705
3018.7	0.938621	0.176089
3018.8	0.938304	0.181587
3018.9	0.939795	0.181124
3019	0.940806	0.178862
3019.1	0.940398	0.178081
3019.2	0.938674	0.178279
3019.3	0.936825	0.17513
3019.4	0.935343	0.183258
3019.5	0.935476	0.188153
3019.6	0.935749	0.184266
3019.7	0.936976	0.181012
3019.8	0.938742	0.176918
3019.9	0.940128	0.172936
3020	0.935778	0.186973
3020.1	0.931276	0.20073
3020.2	0.931919	0.198475
3020.3	0.935463	0.186144
3020.4	0.940039	0.173666
3020.5	0.943326	0.162328
3020.6	0.94428	0.157785
3020.7	0.943971	0.156838
3020.8	0.943224	0.165135
3020.9	0.94292	0.171689
3021	0.937583	0.187361
3021.1	0.932148	0.196889
3021.2	0.929141	0.197983
3021.3	0.929307	0.196352
3021.4	0.931526	0.196608
3021.5	0.935657	0.185829
3021.6	0.932938	0.196741
3021.7	0.932549	0.196767
3021.8	0.933028	0.19308
3021.9	0.932436	0.185724
3022	0.929091	0.188042
3022.1	0.924143	0.20225
3022.2	0.923015	0.204727
3022.3	0.923372	0.200033
3022.4	0.923938	0.195096
3022.5	0.923295	0.201104
3022.6	0.922061	0.207484
3022.7	0.922789	0.208012
3022.8	0.923708	0.20963
3022.9	0.925189	0.209772
3023	0.926009	0.209526
3023.1	0.926158	0.20787
3023.2	0.923224	0.212453
3023.3	0.921808	0.210497
3023.4	0.924881	0.195331
3023.5	0.931637	0.183215
3023.6	0.938448	0.176077
3023.7	0.942669	0.175887
3023.8	0.945432	0.16973
3023.9	0.945654	0.170828
3024	0.945397	0.17099
3024.1	0.94505	0.168835
3024.2	0.940141	0.176441
3024.3	0.937599	0.182799
3024.4	0.937509	0.180494
3024.5	0.936618	0.181173
3024.6	0.934055	0.190509
3024.7	0.931259	0.19835
3024.8	0.930201	0.193983
3024.9	0.928589	0.190072
3025	0.934085	0.168728
3025.1	0.939519	0.150443
3025.2	0.940503	0.150639
3025.3	0.93812	0.162759
3025.4	0.935394	0.173216
3025.5	0.93165	0.180309
3025.6	0.929613	0.188042
3025.7	0.930136	0.183915
3025.8	0.929462	0.182177
3025.9	0.928934	0.183854
3026	0.927964	0.183781
3026.1	0.927538	0.184814
3026.2	0.930482	0.175408
3026.3	0.93665	0.163394
3026.4	0.939361	0.169456
3026.5	0.941298	0.173042
3026.6	0.944149	0.169461
3026.7	0.944326	0.178248
3026.8	0.943252	0.184596
3026.9	0.940723	0.186445
3027	0.938936	0.186866
3027.1	0.940962	0.179057
3027.2	0.946264	0.162958
3027.3	0.952398	0.141171
3027.4	0.956905	0.128091
3027.5	0.956832	0.136611
3027.6	0.952473	0.147662
3027.7	0.945891	0.159516
3027.8	0.940492	0.167083
3027.9	0.936981	0.17079
3028	0.935198	0.17254
3028.1	0.935479	0.166979
3028.2	0.936531	0.164569
3028.3	0.936737	0.165754
3028.4	0.936373	0.165039
3028.5	0.934791	0.166274
3028.6	0.932975	0.173319
3028.7	0.933894	0.178344
3028.8	0.936562	0.174647
3028.9	0.938233	0.169867
3029	0.937087	0.178096
3029.1	0.934767	0.187614
3029.2	0.933136	0.193888
3029.3	0.932336	0.198086
3029.4	0.932278	0.19272
3029.5	0.934059	0.183525
3029.6	0.93637	0.177059
3029.7	0.93762	0.170121
3029.8	0.939836	0.16055
3029.9	0.941669	0.159988
3030	0.942711	0.169076
3030.1	0.940153	0.180504
3030.2	0.93464	0.19197
3030.3	0.930376	0.197656
3030.4	0.929645	0.198304
3030.5	0.931296	0.195868
3030.6	0.931754	0.197191
3030.7	0.931981	0.19376
3030.8	0.93211	0.189457
3030.9	0.931132	0.191401
3031	0.931417	0.187404
3031.1	0.933725	0.178718
3031.2	0.935777	0.172127
3031.3	0.935939	0.179283
3031.4	0.93704	0.183863
3031.5	0.939486	0.182332
3031.6	0.944294	0.170815
3031.7	0.949648	0.152897
3031.8	0.954812	0.131385
3031.9	0.95874	0.11734
3032	0.960409	0.109084
3032.1	0.958942	0.114963
3032.2	0.956378	0.12133
3032.3	0.951351	0.140828
3032.4	0.947854	0.159142
3032.5	0.947129	0.165967
3032.6	0.947936	0.166065
3032.7	0.948493	0.170104
3032.8	0.949193	0.166256
3032.9	0.94951	0.153514
3033	0.948205	0.151601
3033.1	0.945462	0.157165
3033.2	0.943344	0.157259
3033.3	0.945309	0.148176
3033.4	0.949398	0.140846
3033.5	0.951906	0.139819
3033.6	0.95493	0.130376
3033.7	0.957071	0.1207
3033.8	0.955564	0.121634
3033.9	0.949861	0.141055
3034	0.943726	0.161638
3034.1	0.938015	0.179374
3034.2	0.933465	0.194939
3034.3	0.933471	0.191134
3034.4	0.937252	0.179748
3034.5	0.940328	0.173425
3034.6	0.940404	0.166756
3034.7	0.937001	0.161951
3034.8	0.931572	0.175009
3034.9	0.92723	0.186413
3035	0.924107	0.189633
3035.1	0.924695	0.186022
3035.2	0.925586	0.182767
3035.3	0.926746	0.190408
3035.4	0.929047	0.197781
3035.5	0.933633	0.192498
3035.6	0.936793	0.187288
3035.7	0.940911	0.176893
3035.8	0.943131	0.170891
3035.9	0.943637	0.17093
3036	0.944698	0.168291
3036.1	0.941953	0.170805
3036.2	0.937991	0.181218
3036.3	0.936835	0.183666
3036.4	0.936713	0.178189
3036.5	0.935094	0.176252
3036.6	0.929698	0.189358
3036.7	0.923584	0.20043
3036.8	0.921079	0.200816
3036.9	0.923206	0.196255
3037	0.927433	0.192571
3037.1	0.933932	0.175871
3037.2	0.940778	0.160843
3037.3	0.943272	0.157704
3037.4	0.943191	0.158497
3037.5	0.941604	0.166829
3037.6	0.938713	0.180348
3037.7	0.937602	0.183342
3037.8	0.936293	0.179035
3037.9	0.934411	0.181491
3038	0.933064	0.182173
3038.1	0.931537	0.181477
3038.2	0.931761	0.180012
3038.3	0.932147	0.175656
3038.4	0.931681	0.17036
3038.5	0.932346	0.160215
3038.6	0.930954	0.168408
3038.7	0.930545	0.183728
3038.8	0.931923	0.185208
3038.9	0.931697	0.18617
3039	0.931897	0.190408
3039.1	0.93214	0.190979
3039.2	0.931337	0.189358
3039.3	0.931383	0.18192
3039.4	0.931595	0.179393
3039.5	0.92895	0.181643
3039.6	0.925343	0.191592
3039.7	0.923405	0.200514
3039.8	0.925302	0.208165
3039.9	0.924906	0.212498
3040	0.92454	0.21264
3040.1	0.925812	0.208507
3040.2	0.926164	0.206089
3040.3	0.93282	0.183352
3040.4	0.939976	0.171263
3040.5	0.945578	0.159689
3040.6	0.947445	0.155278
3040.7	0.947055	0.146945
3040.8	0.942589	0.157391
3040.9	0.938809	0.165082
3041	0.935628	0.177182
3041.1	0.934876	0.19035
3041.2	0.938388	0.184409
3041.3	0.938652	0.179217
3041.4	0.934836	0.180666
3041.5	0.929812	0.181943
3041.6	0.929795	0.17951
3041.7	0.930859	0.18282
3041.8	0.930244	0.18855
3041.9	0.928705	0.189552
3042	0.930279	0.187341
3042.1	0.934455	0.184582
3042.2	0.93937	0.175841
3042.3	0.940347	0.176271
3042.4	0.936351	0.187124
3042.5	0.934782	0.178792
3042.6	0.930704	0.18208
3042.7	0.926382	0.192457
3042.8	0.927184	0.199164
3042.9	0.930073	0.197916
3043	0.932199	0.193772
3043.1	0.932743	0.194842
3043.2	0.931895	0.205206
3043.3	0.932341	0.210533
3043.4	0.932152	0.208249
3043.5	0.931376	0.20262
3043.6	0.929492	0.20777
3043.7	0.927473	0.208956
3043.8	0.933265	0.191149
3043.9	0.94153	0.170112
3044	0.942214	0.171466
3044.1	0.941674	0.180585
3044.2	0.941183	0.185787
3044.3	0.939784	0.186718
3044.4	0.936937	0.190911
3044.5	0.938291	0.189415
3044.6	0.94272	0.183483
3044.7	0.945945	0.177964
3044.8	0.946763	0.176196
3044.9	0.945916	0.180118
3045	0.9456	0.180017
3045.1	0.945131	0.180802
3045.2	0.945472	0.17757
3045.3	0.9454	0.180742
3045.4	0.946647	0.176819
3045.5	0.947467	0.171061
3045.6	0.948821	0.158295
3045.7	0.946685	0.150697
3045.8	0.947819	0.138255
3045.9	0.946856	0.148956
3046	0.943108	0.165082
3046.1	0.940594	0.171177
3046.2	0.940441	0.167262
3046.3	0.940564	0.166358
3046.4	0.942611	0.157674
3046.5	0.948861	0.135087
3046.6	0.955999	0.120354
3046.7	0.964217	0.0931782
3046.8	0.966697	0.0870874
3046.9	0.962573	0.101446
3047	0.955722	0.124076
3047.1	0.950136	0.136682
3047.2	0.946814	0.139768
3047.3	0.943441	0.151401
3047.4	0.93988	0.16429
3047.5	0.937958	0.176212
3047.6	0.939327	0.177094
3047.7	0.942617	0.16948
3047.8	0.947646	0.15517
3047.9	0.952141	0.140003
3048	0.953928	0.125085
3048.1	0.953027	0.126531
3048.2	0.951889	0.132149
3048.3	0.950632	0.138603
3048.4	0.949435	0.142222
3048.5	0.947089	0.145244
3048.6	0.944096	0.154823
3048.7	0.942453	0.157605
3048.8	0.940098	0.157234
3048.9	0.938426	0.164956
3049	0.932746	0.18252
3049.1	0.920749	0.211681
3049.2	0.910562	0.23161
3049.3	0.906652	0.234517
3049.4	0.907649	0.226625
3049.5	0.905148	0.232542
3049.6	0.900881	0.2401
3049.7	0.90233	0.238473
3049.8	0.907522	0.228916
3049.9	0.91506	0.218577
3050	0.92351	0.206633
3050.1	0.928792	0.201304
3050.2	0.929517	0.201914
3050.3	0.928637	0.203859
3050.4	0.931117	0.196055
3050.5	0.932962	0.194662
3050.6	0.932946	0.195267
3050.7	0.935432	0.183974
3050.8	0.938915	0.174118
3050.9	0.941601	0.167631
3051	0.944628	0.161649
3051.1	0.945467	0.16072
3051.2	0.946517	0.157685
3051.3	0.948721	0.150128
3051.4	0.94849	0.153173
3051.5	0.945247	0.165022
3051.6	0.942587	0.169897
3051.7	0.9436	0.160236
3051.8	0.945954	0.151
3051.9	0.949301	0.146472
3052	0.953425	0.138171
3052.1	0.953985	0.135429
3052.2	0.950272	0.146859
3052.3	0.943581	0.161057
3052.4	0.937929	0.175995
3052.5	0.9343	0.185423
3052.6	0.931358	0.194668
3052.7	0.932501	0.187878
3052.8	0.935447	0.176842
3052.9	0.935191	0.175677
3053	0.934436	0.176898
3053.1	0.938913	0.168937
3053.2	0.93816	0.175988
3053.3	0.935721	0.180501
3053.4	0.933847	0.18127
3053.5	0.933976	0.180635
3053.6	0.936175	0.173296
3053.7	0.938382	0.161466
3053.8	0.937425	0.158609
3053.9	0.935767	0.175391
3054	0.937315	0.177189
3054.1	0.939167	0.173827
3054.2	0.940349	0.171466
3054.3	0.942238	0.167027
3054.4	0.943734	0.161007
3054.5	0.944513	0.152184
3054.6	0.942195	0.160196
3054.7	0.938431	0.172652
3054.8	0.939295	0.169493
3054.9	0.941738	0.1647
3055	0.943258	0.164897
3055.1	0.943208	0.166991
3055.2	0.94323	0.165735
3055.3	0.944447	0.158734
3055.4	0.941786	0.171901
3055.5	0.937205	0.182954
3055.6	0.932869	0.194329
3055.7	0.931723	0.197465
3055.8	0.934897	0.192136
3055.9	0.942256	0.176105
3056	0.950697	0.155513
3056.1	0.955165	0.147026
3056.2	0.955824	0.141809
3056.3	0.954748	0.138602
3056.4	0.952781	0.138884
3056.5	0.952546	0.137391
3056.6	0.95116	0.139228
3056.7	0.94757	0.148962
3056.8	0.944144	0.158886
3056.9	0.94108	0.162948
3057	0.937733	0.167191
3057.1	0.935252	0.175736
3057.2	0.934147	0.184301
3057.3	0.933926	0.184444
3057.4	0.933418	0.185389
3057.5	0.932259	0.189712
3057.6	0.927311	0.20243
3057.7	0.920926	0.216569
3057.8	0.917902	0.21441
3057.9	0.917755	0.207998
3058	0.921707	0.202983
3058.1	0.926277	0.200847
3058.2	0.928718	0.197946
3058.3	0.930674	0.189752
3058.4	0.932789	0.175264
3058.5	0.931343	0.178421
3058.6	0.930077	0.185786
3058.7	0.932139	0.181087
3058.8	0.932997	0.174498
3058.9	0.931181	0.176985
3059	0.930985	0.182248
3059.1	0.933957	0.17977
3059.2	0.934971	0.180514
3059.3	0.932526	0.193638
3059.4	0.930158	0.20353
3059.5	0.931531	0.196667
3059.6	0.934586	0.192704
3059.7	0.937328	0.186539
3059.8	0.937204	0.18351
3059.9	0.933829	0.189196
3060	0.9296	0.198388
3060.1	0.926424	0.202273
3060.2	0.922803	0.210339
3060.3	0.922388	0.210672
3060.4	0.926844	0.203425
3060.5	0.932296	0.196273
3060.6	0.933696	0.194801
3060.7	0.937698	0.185825
3060.8	0.943524	0.174161
3060.9	0.946972	0.164952
3061	0.946759	0.165122
3061.1	0.944238	0.169642
3061.2	0.942966	0.173532
3061.3	0.941949	0.171819
3061.4	0.940897	0.166417
3061.5	0.940138	0.162583
3061.6	0.937965	0.163349
3061.7	0.937353	0.162581
3061.8	0.935208	0.173312
3061.9	0.932483	0.181483
3062	0.930598	0.182373
3062.1	0.928782	0.186919
3062.2	0.927503	0.195386
3062.3	0.92934	0.201726
3062.4	0.932781	0.199642
3062.5	0.935367	0.197239
3062.6	0.939291	0.190036
3062.7	0.941202	0.186323
3062.8	0.941771	0.177248
3062.9	0.942629	0.167971
3063	0.942945	0.162549
3063.1	0.942623	0.159548
3063.2	0.940932	0.158073
3063.3	0.939652	0.155182
3063.4	0.939176	0.166151
3063.5	0.939618	0.171146
3063.6	0.940316	0.171601
3063.7	0.941334	0.171005
3063.8	0.94429	0.159575
3063.9	0.948733	0.144485
3064	0.951425	0.133851
3064.1	0.952631	0.131263
3064.2	0.953437	0.132423
3064.3	0.953979	0.129951
3064.4	0.953366	0.128471
3064.5	0.952771	0.127308
3064.6	0.952697	0.132236
3064.7	0.952592	0.141711
3064.8	0.951822	0.14946
3064.9	0.950701	0.151588
3065	0.949188	0.151778
3065.1	0.946751	0.154809
3065.2	0.942089	0.169023
3065.3	0.937401	0.182777
3065.4	0.934291	0.188494
3065.5	0.934819	0.185123
3065.6	0.940649	0.168306
3065.7	0.950476	0.140918
3065.8	0.959241	0.116887
3065.9	0.963864	0.102886
3066	0.964331	0.100074
3066.1	0.962608	0.0993349
3066.2	0.959214	0.109117
3066.3	0.951983	0.131161
3066.4	0.945443	0.152103
3066.5	0.941432	0.169963
3066.6	0.940736	0.177334
3066.7	0.940914	0.180285
3066.8	0.94092	0.179923
3066.9	0.940431	0.175647
3067	0.939851	0.171344
3067.1	0.940644	0.16951
3067.2	0.944024	0.162466
3067.3	0.947826	0.148673
3067.4	0.948561	0.143511
3067.5	0.94426	0.155271
3067.6	0.938194	0.171439
3067.7	0.9341	0.184868
3067.8	0.930428	0.194196
3067.9	0.931397	0.192806
3068	0.935372	0.183522
3068.1	0.936099	0.180458
3068.2	0.931196	0.191965
3068.3	0.925466	0.204125
3068.4	0.92115	0.206711
3068.5	0.915873	0.214136
3068.6	0.912828	0.220656
3068.7	0.914036	0.21541
3068.8	0.916089	0.209184
3068.9	0.91806	0.205141
3069	0.920296	0.199806
3069.1	0.924789	0.190478
3069.2	0.933197	0.174259
3069.3	0.939743	0.162664
3069.4	0.938985	0.166532
3069.5	0.936822	0.170443
3069.6	0.933182	0.187085
3069.7	0.932627	0.196679
3069.8	0.934526	0.196918
3069.9	0.936104	0.19423
3070	0.936827	0.187101
3070.1	0.937539	0.179976
3070.2	0.936481	0.188388
3070.3	0.936272	0.195192
3070.4	0.934683	0.200248
3070.5	0.93265	0.199093
3070.6	0.930381	0.197275
3070.7	0.926052	0.206409
3070.8	0.922939	0.208359
3070.9	0.916832	0.224714
3071	0.914074	0.235775
3071.1	0.916142	0.231298
3071.2	0.9246	0.215968
3071.3	0.932803	0.197953
3071.4	0.934288	0.192105
3071.5	0.931704	0.196451
3071.6	0.927366	0.208319
3071.7	0.925241	0.210291
3071.8	0.925321	0.207555
3071.9	0.926107	0.201958
3072	0.930318	0.191052
3072.1	0.935001	0.182752
3072.2	0.937772	0.175472
3072.3	0.938053	0.17218
3072.4	0.93812	0.167657
3072.5	0.941055	0.160072
3072.6	0.945246	0.155071
3072.7	0.94913	0.145045
3072.8	0.952662	0.133075
3072.9	0.952735	0.134591
3073	0.950776	0.145159
3073.1	0.949527	0.15473
3073.2	0.94995	0.154268
3073.3	0.94978	0.156664
3073.4	0.949415	0.162052
3073.5	0.949779	0.158597
3073.6	0.948777	0.15687
3073.7	0.945654	0.162689
3073.8	0.94251	0.168295
3073.9	0.93837	0.175114
3074	0.935802	0.178182
3074.1	0.931543	0.186093
3074.2	0.927558	0.194698
3074.3	0.924685	0.205702
3074.4	0.923591	0.208843
3074.5	0.925468	0.198944
3074.6	0.923203	0.198418
3074.7	0.921728	0.207938
3074.8	0.924114	0.210068
3074.9	0.926376	0.209068
3075	0.92658	0.208469
3075.1	0.925245	0.209844
3075.2	0.926395	0.203649
3075.3	0.929621	0.193953
3075.4	0.932316	0.182032
3075.5	0.934828	0.17903
3075.6	0.93465	0.186665
3075.7	0.934855	0.187369
3075.8	0.936043	0.185224
3075.9	0.937103	0.183583
3076	0.936598	0.180463
3076.1	0.933145	0.188585
3076.2	0.929275	0.194832
3076.3	0.926143	0.201598
3076.4	0.922263	0.213913
3076.5	0.919709	0.218086
3076.6	0.919791	0.210711
3076.7	0.922284	0.196502
3076.8	0.923685	0.192445
3076.9	0.923347	0.191458
3077	0.920744	0.201036
3077.1	0.917829	0.207233
3077.2	0.914868	0.211998
3077.3	0.916308	0.21124
3077.4	0.921083	0.20186
3077.5	0.928114	0.194873
3077.6	0.935408	0.181243
3077.7	0.941271	0.167504
3077.8	0.943038	0.161236
3077.9	0.943223	0.159411
3078	0.942354	0.166324
3078.1	0.939191	0.171451
3078.2	0.931938	0.183472
3078.3	0.918912	0.212189
3078.4	0.905986	0.23623
3078.5	0.895093	0.250791
3078.6	0.891831	0.252339
3078.7	0.891503	0.251641
3078.8	0.888422	0.258208
3078.9	0.886347	0.257694
3079	0.889143	0.247615
3079.1	0.890243	0.24589
3079.2	0.893906	0.238331
3079.3	0.897382	0.23733
3079.4	0.904323	0.23043
3079.5	0.913273	0.21997
3079.6	0.920546	0.207337
3079.7	0.928371	0.192369
3079.8	0.935755	0.177498
3079.9	0.936598	0.181306
3080	0.937279	0.180126
3080.1	0.938539	0.186942
3080.2	0.94012	0.187043
3080.3	0.937935	0.189055
3080.4	0.934641	0.185812
3080.5	0.933842	0.184222
3080.6	0.935437	0.176761
3080.7	0.937164	0.170425
3080.8	0.937052	0.169855
3080.9	0.936532	0.171853
3081	0.935947	0.169646
3081.1	0.932974	0.176132
3081.2	0.929031	0.18502
3081.3	0.927835	0.191988
3081.4	0.930645	0.188297
3081.5	0.935307	0.178549
3081.6	0.938509	0.173973
3081.7	0.939412	0.175528
3081.8	0.941509	0.165342
3081.9	0.943655	0.161461
3082	0.944341	0.16599
3082.1	0.945071	0.170559
3082.2	0.945028	0.166697
3082.3	0.942337	0.169682
3082.4	0.938889	0.176782
3082.5	0.931946	0.189459
3082.6	0.927845	0.208139
3082.7	0.926768	0.213328
3082.8	0.927098	0.211776
3082.9	0.927222	0.208568
3083	0.92764	0.202986
3083.1	0.928138	0.196396
3083.2	0.929451	0.186947
3083.3	0.93227	0.174922
3083.4	0.934453	0.17049
3083.5	0.936014	0.168163
3083.6	0.933642	0.182466
3083.7	0.932713	0.187916
3083.8	0.935762	0.182092
3083.9	0.939894	0.17431
3084	0.942124	0.170661
3084.1	0.938984	0.178543
3084.2	0.929978	0.20106
3084.3	0.920593	0.221073
3084.4	0.915412	0.230164
3084.5	0.912237	0.236525
3084.6	0.909525	0.23935
3084.7	0.907939	0.238184
3084.8	0.910089	0.233473
3084.9	0.916894	0.224134
3085	0.925982	0.204532
3085.1	0.936601	0.179482
3085.2	0.943391	0.169327
3085.3	0.947741	0.159737
3085.4	0.948881	0.159498
3085.5	0.94973	0.160153
3085.6	0.949795	0.159606
3085.7	0.947481	0.161204
3085.8	0.942491	0.172088
3085.9	0.938206	0.180863
3086	0.931397	0.194553
3086.1	0.924762	0.210863
3086.2	0.919893	0.216004
3086.3	0.919563	0.213377
3086.4	0.92289	0.199125
3086.5	0.923263	0.195731
3086.6	0.921325	0.203239
3086.7	0.92253	0.206879
3086.8	0.926444	0.199226
3086.9	0.929842	0.196956
3087	0.934066	0.188139
3087.1	0.934233	0.186656
3087.2	0.930947	0.192218
3087.3	0.929557	0.200261
3087.4	0.927957	0.208325
3087.5	0.927536	0.208887
3087.6	0.930056	0.20074
3087.7	0.931141	0.1909
3087.8	0.931896	0.17919
3087.9	0.928272	0.183585
3088	0.92253	0.198314
3088.1	0.918649	0.200957
3088.2	0.913516	0.214254
3088.3	0.913929	0.216221
3088.4	0.917227	0.21333
3088.5	0.922559	0.210801
3088.6	0.927475	0.205993
3088.7	0.929181	0.199447
3088.8	0.934528	0.188829
3088.9	0.93716	0.183751
3089	0.93818	0.173767
3089.1	0.937596	0.168972
3089.2	0.936103	0.178
3089.3	0.93711	0.179213
3089.4	0.940878	0.171646
3089.5	0.946541	0.155376
3089.6	0.950132	0.142201
3089.7	0.946252	0.151229
3089.8	0.940796	0.160967
3089.9	0.939082	0.169825
3090	0.942665	0.160106
3090.1	0.948264	0.147333
3090.2	0.949882	0.142442
3090.3	0.948898	0.143864
3090.4	0.946904	0.152582
3090.5	0.945649	0.153595
3090.6	0.944537	0.150137
3090.7	0.942943	0.151353
3090.8	0.941616	0.163434
3090.9	0.940218	0.168631
3091	0.940304	0.17061
3091.1	0.943743	0.166647
3091.2	0.946513	0.160153
3091.3	0.946932	0.158003
3091.4	0.947857	0.150572
3091.5	0.94719	0.157511
3091.6	0.946528	0.164238
3091.7	0.945621	0.167401
3091.8	0.943061	0.171063
3091.9	0.939691	0.17686
3092	0.938366	0.179694
3092.1	0.937787	0.174381
3092.2	0.936601	0.1694
3092.3	0.938285	0.162583
3092.4	0.942128	0.15035
3092.5	0.94423	0.148313
3092.6	0.942506	0.154143
3092.7	0.936964	0.169709
3092.8	0.930562	0.190667
3092.9	0.928524	0.201297
3093	0.930573	0.197631
3093.1	0.934037	0.188917
3093.2	0.937231	0.177147
3093.3	0.935954	0.176538
3093.4	0.931984	0.18679
3093.5	0.928215	0.1966
3093.6	0.924572	0.206456
3093.7	0.923127	0.208391
3093.8	0.926325	0.197483
3093.9	0.928496	0.19332
3094	0.926317	0.203344
3094.1	0.922967	0.21398
3094.2	0.923658	0.213882
3094.3	0.926539	0.210545
3094.4	0.928703	0.206371
3094.5	0.93495	0.193276
3094.6	0.944782	0.173698
3094.7	0.9498	0.162746
3094.8	0.954417	0.142557
3094.9	0.95668	0.127494
3095	0.955049	0.126155
3095.1	0.954104	0.133137
3095.2	0.950181	0.14884
3095.3	0.945996	0.161089
3095.4	0.943139	0.165168
3095.5	0.94168	0.15811
3095.6	0.940473	0.155244
3095.7	0.937009	0.16625
3095.8	0.931491	0.175575
3095.9	0.923895	0.187791
3096	0.91618	0.19967
3096.1	0.910682	0.210381
3096.2	0.908884	0.21346
3096.3	0.908265	0.211065
3096.4	0.906639	0.217119
3096.5	0.908739	0.22167
3096.6	0.914762	0.213154
3096.7	0.921968	0.19875
3096.8	0.925641	0.19398
3096.9	0.92771	0.195441
3097	0.933867	0.185146
3097.1	0.936755	0.183429
3097.2	0.933977	0.188831
3097.3	0.93115	0.184615
3097.4	0.925124	0.190091
3097.5	0.920501	0.197856
3097.6	0.915549	0.211591
3097.7	0.911472	0.222187
3097.8	0.906083	0.233151
3097.9	0.903147	0.232978
3098	0.902409	0.228767
3098.1	0.904229	0.224623
3098.2	0.910159	0.213221
3098.3	0.91727	0.201038
3098.4	0.921645	0.192817
3098.5	0.926862	0.185164
3098.6	0.930865	0.177985
3098.7	0.931665	0.174339
3098.8	0.929752	0.171792
3098.9	0.928763	0.170828
3099	0.928651	0.177542
3099.1	0.930079	0.179387
3099.2	0.931069	0.177794
3099.3	0.928397	0.180728
3099.4	0.926463	0.189894
3099.5	0.927449	0.190422
3099.6	0.928071	0.187795
3099.7	0.928802	0.183139
3099.8	0.930094	0.181142
3099.9	0.931112	0.183729
3100	0.932528	0.187083
3100.1	0.932901	0.192576
3100.2	0.930078	0.199016
3100.3	0.924563	0.20829
3100.4	0.919026	0.222971
3100.5	0.917726	0.229035
3100.6	0.919159	0.226341
3100.7	0.921537	0.219899
3100.8	0.92421	0.209468
3100.9	0.929039	0.193671
3101	0.936187	0.182651
3101.1	0.941419	0.180419
3101.2	0.943976	0.174827
3101.3	0.945723	0.165352
3101.4	0.946871	0.158511
3101.5	0.949094	0.150996
3101.6	0.947949	0.156958
3101.7	0.943568	0.162836
3101.8	0.938495	0.1704
3101.9	0.929267	0.186831
3102	0.921556	0.20262
3102.1	0.916872	0.208725
3102.2	0.913785	0.212776
3102.3	0.915525	0.211106
3102.4	0.921381	0.196498
3102.5	0.922755	0.194051
3102.6	0.921617	0.192481
3102.7	0.916296	0.19943
3102.8	0.91299	0.206915
3102.9	0.914167	0.203585
3103	0.915284	0.20334
3103.1	0.917718	0.201272
3103.2	0.921503	0.196202
3103.3	0.924866	0.193992
3103.4	0.929299	0.184145
3103.5	0.932379	0.177202
3103.6	0.936349	0.160306
3103.7	0.941049	0.144753
3103.8	0.946156	0.125113
3103.9	0.950342	0.118356
3104	0.951226	0.120943
3104.1	0.948273	0.131046
3104.2	0.947172	0.139874
3104.3	0.947611	0.144162
3104.4	0.947797	0.151948
3104.5	0.948809	0.151762
3104.6	0.950326	0.142849
3104.7	0.951671	0.135679
3104.8	0.949918	0.137609
3104.9	0.945725	0.146863
3105	0.946317	0.147853
3105.1	0.94827	0.147499
3105.2	0.949339	0.149085
3105.3	0.949346	0.152948
3105.4	0.947907	0.160052
3105.5	0.946397	0.163475
3105.6	0.94506	0.161768
3105.7	0.943539	0.165516
3105.8	0.946278	0.154652
3105.9	0.949606	0.146162
3106	0.950181	0.14664
3106.1	0.953389	0.138256
3106.2	0.955207	0.132314
3106.3	0.954478	0.129252
3106.4	0.952472	0.136219
3106.5	0.950136	0.146163
3106.6	0.946039	0.154436
3106.7	0.940038	0.162672
3106.8	0.934417	0.171194
3106.9	0.931328	0.177943
3107	0.929336	0.176833
3107.1	0.928267	0.179231
3107.2	0.929885	0.175094
3107.3	0.928655	0.175305
3107.4	0.922862	0.186851
3107.5	0.91659	0.203046
3107.6	0.91469	0.204416
3107.7	0.915553	0.203645
3107.8	0.922661	0.183535
3107.9	0.927247	0.180117
3108	0.927863	0.183164
3108.1	0.926327	0.190089
3108.2	0.929727	0.186139
3108.3	0.936475	0.176882
3108.4	0.942823	0.165004
3108.5	0.949481	0.152377
3108.6	0.950508	0.150259
3108.7	0.948982	0.152507
3108.8	0.951662	0.14757
3108.9	0.953453	0.146237
3109	0.954498	0.142702
3109.1	0.95709	0.125694
3109.2	0.961361	0.10372
3109.3	0.963807	0.102986
3109.4	0.964871	0.102296
3109.5	0.964811	0.104501
3109.6	0.960839	0.112653
3109.7	0.955282	0.127421
3109.8	0.952058	0.135478
3109.9	0.950379	0.144815
3110	0.949741	0.149481
3110.1	0.949551	0.144447
3110.2	0.948471	0.140805
3110.3	0.946898	0.149754
3110.4	0.945627	0.154507
3110.5	0.944107	0.15195
3110.6	0.942956	0.15439
3110.7	0.941975	0.156851
3110.8	0.939329	0.16467
3110.9	0.935444	0.167013
3111	0.931471	0.177613
3111.1	0.93168	0.173885
3111.2	0.932939	0.173317
3111.3	0.934737	0.170022
3111.4	0.933553	0.173868
3111.5	0.928577	0.185906
3111.6	0.921951	0.207082
3111.7	0.918178	0.213221
3111.8	0.913163	0.222735
3111.9	0.911143	0.224951
3112	0.912045	0.217191
3112.1	0.914114	0.212992
3112.2	0.915075	0.211794
3112.3	0.917435	0.203575
3112.4	0.920445	0.191909
3112.5	0.921979	0.183215
3112.6	0.92429	0.180288
3112.7	0.922391	0.185589
3112.8	0.921308	0.191974
3112.9	0.920855	0.20734
3113	0.923737	0.210533
3113.1	0.927099	0.211072
3113.2	0.927862	0.213482
3113.3	0.92612	0.217347
3113.4	0.924676	0.214158
3113.5	0.925758	0.206301
3113.6	0.92822	0.198841
3113.7	0.928442	0.198309
3113.8	0.928373	0.191781
3113.9	0.929769	0.181999
3114	0.925546	0.194316
3114.1	0.921461	0.207848
3114.2	0.921927	0.206094
3114.3	0.921756	0.201597
3114.4	0.922421	0.198514
3114.5	0.926051	0.193614
3114.6	0.927084	0.195575
3114.7	0.926555	0.19491
3114.8	0.925438	0.194895
3114.9	0.923939	0.199176
3115	0.922533	0.201528
3115.1	0.921376	0.195985
3115.2	0.926047	0.175944
3115.3	0.93332	0.160848
3115.4	0.938829	0.153853
3115.5	0.943817	0.142775
3115.6	0.948906	0.13269
3115.7	0.951129	0.137751
3115.8	0.951985	0.142288
3115.9	0.951116	0.150183
3116	0.949019	0.156409
3116.1	0.946185	0.15928
3116.2	0.942545	0.164414
3116.3	0.939876	0.170158
3116.4	0.939752	0.171455
3116.5	0.941957	0.163578
3116.6	0.940622	0.168954
3116.7	0.935467	0.183914
3116.8	0.930243	0.193389
3116.9	0.924809	0.203526
3117	0.923841	0.202111
3117.1	0.925388	0.196004
3117.2	0.926462	0.197949
3117.3	0.928102	0.199859
3117.4	0.929702	0.194342
3117.5	0.928976	0.191357
3117.6	0.926514	0.20024
3117.7	0.924737	0.207715
3117.8	0.922926	0.212817
3117.9	0.92146	0.214577
3118	0.920733	0.21219
3118.1	0.92109	0.215125
3118.2	0.921564	0.21525
3118.3	0.921509	0.2146
3118.4	0.922156	0.208886
3118.5	0.918651	0.207335
3118.6	0.917889	0.210418
3118.7	0.920978	0.21319
3118.8	0.925419	0.204235
3118.9	0.928836	0.198353
3119	0.930154	0.191486
3119.1	0.930787	0.182231
3119.2	0.9308	0.176645
3119.3	0.931913	0.178296
3119.4	0.93522	0.179816
3119.5	0.937219	0.180773
3119.6	0.936614	0.182297
3119.7	0.935189	0.184649
3119.8	0.936661	0.182421
3119.9	0.935259	0.181456
3120	0.929162	0.18876
3120.1	0.919625	0.209002
3120.2	0.915584	0.215134
3120.3	0.913727	0.216628
3120.4	0.913294	0.215665
3120.5	0.913507	0.214657
3120.6	0.915489	0.217977
3120.7	0.918674	0.21465
3120.8	0.92117	0.207809
3120.9	0.92506	0.202351
3121	0.928593	0.191928
3121.1	0.932604	0.187031
3121.2	0.935785	0.187043
3121.3	0.937948	0.181502
3121.4	0.939788	0.175027
3121.5	0.940343	0.172981
3121.6	0.937823	0.179811
3121.7	0.936544	0.183904
3121.8	0.935696	0.191621
3121.9	0.940032	0.181731
3122	0.941856	0.17694
3122.1	0.940798	0.176883
3122.2	0.939917	0.176891
3122.3	0.940035	0.175339
3122.4	0.94173	0.171278
3122.5	0.945944	0.154994
3122.6	0.946978	0.149154
3122.7	0.943977	0.15349
3122.8	0.939667	0.162357
3122.9	0.934191	0.174778
3123	0.928855	0.191917
3123.1	0.923338	0.201433
3123.2	0.91604	0.212194
3123.3	0.906815	0.231848
3123.4	0.89799	0.251665
3123.5	0.893489	0.259681
3123.6	0.895656	0.253746
3123.7	0.901068	0.241138
3123.8	0.907286	0.225121
3123.9	0.911604	0.213792
3124	0.915193	0.204465
3124.1	0.922368	0.185353
3124.2	0.928357	0.176301
3124.3	0.929828	0.180239
3124.4	0.928674	0.189287
3124.5	0.927561	0.19522
3124.6	0.923699	0.20682
3124.7	0.919647	0.221488
3124.8	0.919185	0.22394
3124.9	0.919082	0.223806
3125	0.918275	0.222074
3125.1	0.917051	0.223933
3125.2	0.913574	0.230133
3125.3	0.907561	0.236707
3125.4	0.90451	0.23649
3125.5	0.90437	0.236116
3125.6	0.907017	0.231195
3125.7	0.913801	0.216974
3125.8	0.92436	0.194813
3125.9	0.931081	0.183512
3126	0.933448	0.179104
3126.1	0.933904	0.179102
3126.2	0.934322	0.181461
3126.3	0.93409	0.183668
3126.4	0.932191	0.185405
3126.5	0.927943	0.193587
3126.6	0.923623	0.197996
3126.7	0.92251	0.195807
3126.8	0.922109	0.193412
3126.9	0.917603	0.203301
3127	0.915747	0.204245
3127.1	0.914505	0.205989
3127.2	0.91406	0.203466
3127.3	0.914538	0.200356
3127.4	0.912622	0.20728
3127.5	0.910898	0.215534
3127.6	0.908404	0.224527
3127.7	0.908705	0.22473
3127.8	0.915166	0.209167
3127.9	0.924061	0.196651
3128	0.930079	0.190626
3128.1	0.931376	0.192558
3128.2	0.930659	0.194997
3128.3	0.925563	0.203474
3128.4	0.920076	0.216038
3128.5	0.916773	0.223304
3128.6	0.916744	0.220024
3128.7	0.921761	0.204138
3128.8	0.930598	0.183217
3128.9	0.941397	0.159058
3129	0.950918	0.138309
3129.1	0.954853	0.133517
3129.2	0.954111	0.14031
3129.3	0.949912	0.151707
3129.4	0.94441	0.165002
3129.5	0.939033	0.176463
3129.6	0.931223	0.187774
3129.7	0.923618	0.208007
3129.8	0.919463	0.215166
3129.9	0.915464	0.224137
3130	0.91054	0.233988
3130.1	0.90694	0.240693
3130.2	0.908465	0.232236
3130.3	0.910512	0.222772
3130.4	0.915188	0.209301
3130.5	0.922473	0.195636
3130.6	0.927457	0.197334
3130.7	0.928991	0.201817
3130.8	0.928441	0.202704
3130.9	0.927709	0.19738
3131	0.928426	0.187672
3131.1	0.928021	0.184776
3131.2	0.930026	0.181169
3131.3	0.930132	0.180124
3131.4	0.931424	0.172288
3131.5	0.931221	0.170331
3131.6	0.929286	0.176637
3131.7	0.928581	0.182565
3131.8	0.927421	0.185918
3131.9	0.926052	0.184713
3132	0.925596	0.185466
3132.1	0.926653	0.187184
3132.2	0.928632	0.188484
3132.3	0.930793	0.18957
3132.4	0.934635	0.181183
3132.5	0.936263	0.175981
3132.6	0.933651	0.186708
3132.7	0.931669	0.184079
3132.8	0.929341	0.181435
3132.9	0.928864	0.180618
3133	0.932321	0.173016
3133.1	0.93611	0.168185
3133.2	0.937066	0.167447
3133.3	0.935556	0.166116
3133.4	0.930831	0.174432
3133.5	0.924326	0.193378
3133.6	0.919581	0.205251
3133.7	0.915614	0.216298
3133.8	0.914359	0.220729
3133.9	0.913982	0.222333
3134	0.916026	0.21814
3134.1	0.921796	0.205418
3134.2	0.925101	0.195512
3134.3	0.926314	0.190276
3134.4	0.928846	0.181316
3134.5	0.93458	0.168118
3134.6	0.940451	0.160272
3134.7	0.943549	0.160065
3134.8	0.940862	0.162307
3134.9	0.932436	0.171798
3135	0.922444	0.189876
3135.1	0.91401	0.202383
3135.2	0.906069	0.219769
3135.3	0.905992	0.225902
3135.4	0.911044	0.217845
3135.5	0.916485	0.204858
3135.6	0.919386	0.203039
3135.7	0.922457	0.200358
3135.8	0.921492	0.204984
3135.9	0.920812	0.20631
3136	0.92036	0.20548
3136.1	0.924925	0.195218
3136.2	0.92966	0.189613
3136.3	0.932719	0.182033
3136.4	0.935936	0.175525
3136.5	0.935363	0.178827
3136.6	0.933532	0.183127
3136.7	0.932282	0.186732
3136.8	0.931323	0.183244
3136.9	0.929775	0.175963
3137	0.925995	0.176939
3137.1	0.922452	0.188648
3137.2	0.921222	0.192912
3137.3	0.920805	0.198977
3137.4	0.922225	0.200765
3137.5	0.923132	0.199007
3137.6	0.923129	0.197819
3137.7	0.923818	0.198307
3137.8	0.923366	0.196511
3137.9	0.923179	0.193547
3138	0.927705	0.182921
3138.1	0.931416	0.173907
3138.2	0.932209	0.170816
3138.3	0.931269	0.178736
3138.4	0.930426	0.183209
3138.5	0.929165	0.184369
3138.6	0.929423	0.188546
3138.7	0.930623	0.190875
3138.8	0.929861	0.185979
3138.9	0.927459	0.187966
3139	0.925928	0.192293
3139.1	0.926458	0.191186
3139.2	0.929394	0.188688
3139.3	0.933774	0.180298
3139.4	0.93753	0.172574
3139.5	0.93736	0.169379
3139.6	0.933084	0.175068
3139.7	0.929855	0.184542
3139.8	0.929276	0.186819
3139.9	0.929799	0.183652
3140	0.934289	0.172652
3140.1	0.93806	0.17277
3140.2	0.942343	0.166744
3140.3	0.944965	0.163586
3140.4	0.946983	0.162594
3140.5	0.949091	0.159447
3140.6	0.950311	0.155638
3140.7	0.951394	0.154065
3140.8	0.954462	0.138451
3140.9	0.957342	0.1246
3141	0.955569	0.125282
3141.1	0.952076	0.129069
3141.2	0.947531	0.139398
3141.3	0.942017	0.157725
3141.4	0.939007	0.17205
3141.5	0.938163	0.171329
3141.6	0.9347	0.1737
3141.7	0.932148	0.180166
3141.8	0.929082	0.187508
3141.9	0.926702	0.191589
3142	0.925774	0.197193
3142.1	0.929407	0.18887
3142.2	0.9354	0.174078
3142.3	0.939409	0.169674
3142.4	0.937208	0.175277
3142.5	0.933743	0.183825
3142.6	0.933219	0.184001
3142.7	0.933733	0.185993
3142.8	0.935261	0.181499
3142.9	0.932316	0.190505
3143	0.92529	0.204361
3143.1	0.918136	0.221115
3143.2	0.915836	0.220623
3143.3	0.917069	0.207335
3143.4	0.918515	0.203203
3143.5	0.919904	0.20202
3143.6	0.923515	0.193785
3143.7	0.930013	0.183376
3143.8	0.934165	0.178154
3143.9	0.934638	0.176812
3144	0.93842	0.166105
3144.1	0.941323	0.164361
3144.2	0.939807	0.170543
3144.3	0.937318	0.179668
3144.4	0.93719	0.17613
3144.5	0.936999	0.174345
3144.6	0.938442	0.172224
3144.7	0.940108	0.166111
3144.8	0.943109	0.152719
3144.9	0.944869	0.143873
3145	0.943661	0.147865
3145.1	0.940841	0.163755
3145.2	0.940161	0.170233
3145.3	0.939927	0.171697
3145.4	0.938208	0.17392
3145.5	0.933511	0.186245
3145.6	0.930069	0.193079
3145.7	0.930139	0.191899
3145.8	0.931619	0.189862
3145.9	0.93517	0.184113
3146	0.937915	0.178171
3146.1	0.93964	0.173971
3146.2	0.941522	0.165228
3146.3	0.940873	0.161907
3146.4	0.937252	0.1774
3146.5	0.936404	0.186355
3146.6	0.936067	0.190329
3146.7	0.934191	0.193036
3146.8	0.932297	0.191978
3146.9	0.929848	0.19306
3147	0.926436	0.198107
3147.1	0.922538	0.202893
3147.2	0.916937	0.20852
3147.3	0.91289	0.211339
3147.4	0.909372	0.225691
3147.5	0.908339	0.232154
3147.6	0.907436	0.233352
3147.7	0.908519	0.233768
3147.8	0.908808	0.23363
3147.9	0.908957	0.233624
3148	0.910998	0.227327
3148.1	0.912873	0.224514
3148.2	0.914532	0.222577
3148.3	0.915434	0.218516
3148.4	0.915174	0.213262
3148.5	0.915148	0.213136
3148.6	0.918993	0.202005
3148.7	0.926186	0.193109
3148.8	0.930027	0.192129
3148.9	0.929724	0.194721
3149	0.930166	0.198992
3149.1	0.93277	0.190325
3149.2	0.938186	0.172208
3149.3	0.94046	0.166555
3149.4	0.939327	0.16929
3149.5	0.93626	0.174472
3149.6	0.932205	0.180376
3149.7	0.927582	0.190932
3149.8	0.926241	0.19495
3149.9	0.924825	0.201923
3150	0.923727	0.206707
3150.1	0.92348	0.208057
3150.2	0.92082	0.212984
3150.3	0.919583	0.214744
3150.4	0.923007	0.210051
3150.5	0.926229	0.207734
3150.6	0.926277	0.20742
3150.7	0.923028	0.208513
3150.8	0.918369	0.206287
3150.9	0.914957	0.204925
3151	0.911747	0.206567
3151.1	0.909759	0.209306
3151.2	0.907154	0.220629
3151.3	0.905706	0.232254
3151.4	0.906586	0.232723
3151.5	0.90911	0.226615
3151.6	0.912709	0.220303
3151.7	0.915946	0.210268
3151.8	0.91892	0.203074
3151.9	0.921689	0.193453
3152	0.922131	0.190162
3152.1	0.921984	0.189158
3152.2	0.920341	0.195404
3152.3	0.918487	0.201469
3152.4	0.917513	0.203084
3152.5	0.916131	0.206087
3152.6	0.915171	0.204743
3152.7	0.915434	0.197436
3152.8	0.913979	0.203194
3152.9	0.91228	0.216654
3153	0.913819	0.217971
3153.1	0.916277	0.215773
3153.2	0.916351	0.218893
3153.3	0.91557	0.223773
3153.4	0.917384	0.218606
3153.5	0.921523	0.209367
3153.6	0.931387	0.193905
3153.7	0.936605	0.194762
3153.8	0.937443	0.195351
3153.9	0.938283	0.182816
3154	0.939252	0.177666
3154.1	0.938753	0.175576
3154.2	0.93354	0.188971
3154.3	0.927933	0.199757
3154.4	0.924388	0.205518
3154.5	0.924587	0.205384
3154.6	0.929103	0.193149
3154.7	0.934405	0.180349
3154.8	0.937195	0.170518
3154.9	0.935872	0.171621
3155	0.932678	0.180878
3155.1	0.929269	0.187492
3155.2	0.926075	0.191849
3155.3	0.926845	0.186879
3155.4	0.928392	0.180434
3155.5	0.928339	0.185349
3155.6	0.928834	0.188661
3155.7	0.929331	0.187189
3155.8	0.932654	0.177479
3155.9	0.935802	0.170702
3156	0.937251	0.167491
3156.1	0.937145	0.167136
3156.2	0.933425	0.174885
3156.3	0.926715	0.188209
3156.4	0.921987	0.199966
3156.5	0.919367	0.202542
3156.6	0.918413	0.206725
3156.7	0.920915	0.203844
3156.8	0.925192	0.200227
3156.9	0.932434	0.189996
3157	0.939124	0.182987
3157.1	0.942412	0.180332
3157.2	0.944101	0.173147
3157.3	0.942764	0.169027
3157.4	0.938404	0.176897
3157.5	0.9342	0.188621
3157.6	0.932463	0.194316
3157.7	0.932015	0.193883
3157.8	0.93234	0.186723
3157.9	0.933343	0.179737
3158	0.932941	0.183178
3158.1	0.930792	0.188635
3158.2	0.928731	0.190408
3158.3	0.926689	0.190854
3158.4	0.924259	0.190192
3158.5	0.92301	0.187906
3158.6	0.921493	0.200529
3158.7	0.918809	0.213097
3158.8	0.914716	0.224572
3158.9	0.910622	0.234136
3159	0.909077	0.238157
3159.1	0.90944	0.236006
3159.2	0.908616	0.234979
3159.3	0.910091	0.234258
3159.4	0.91449	0.2253
3159.5	0.92015	0.212941
3159.6	0.92013	0.21103
3159.7	0.919273	0.207005
3159.8	0.919904	0.198297
3159.9	0.919021	0.20128
3160	0.919399	0.200917
3160.1	0.923282	0.189542
3160.2	0.931066	0.172038
3160.3	0.940806	0.158711
3160.4	0.945786	0.158132
3160.5	0.948798	0.161895
3160.6	0.95292	0.161924
3160.7	0.959484	0.152183
3160.8	0.967975	0.135321
3160.9	0.975953	0.121226
3161	0.981309	0.113131
3161.1	0.984759	0.1042
3161.2	0.988294	0.0849791
3161.3	0.992154	0.0606071
3161.4	0.994931	0.0443021
3161.5	0.996644	0.032609
3161.6	0.997761	0.0230052
3161.7	0.998533	0.0153998
3161.8	0.999066	0.00984313
3161.9	0.999422	0.00607057
3162	0.999651	0.00364679
3162.1	0.999791	0.00214801
3162.2	0.999874	0.00124622
3162.3	0.999923	0.000717356
3162.4	0.99995	0.000418199
3162.5	0.999965	0.000259941
3162.6	0.999974	0.000185038
3162.7	0.999979	0.0001531
3162.8	0.999982	0.000138691
3162.9	0.999983	0.000130153
3163	0.999985	0.000123673
3163.1	0.999986	0.000117918
3163.2	0.999986	0.000112653
3163.3	0.999987	0.000107757
3163.4	0.999988	0.000103182
3163.5	0.999988	9.88439e-05
3163.6	0.999989	9.48338e-05
3163.7	0.999989	9.10665e-05
3163.8	0.99999	8.75236e-05
3163.9	0.99999	8.41309e-05
3164	0.999991	8.09671e-05
3164.1	0.999991	7.79824e-05
3164.2	0.999991	7.51435e-05
3164.3	0.999992	7.24881e-05
3164.4	0.999992	6.99789e-05
3164.5	0.999992	6.75107e-05
3164.6	0.999993	6.52737e-05
3164.7	0.999993	6.31308e-05
3164.8	0.999993	6.10284e-05
3164.9	0.999993	5.90744e-05
3165	0.999994	5.72001e-05
3165.1	0.999994	5.54284e-05
3165.2	0.999995	5.28227e-05
3165.3	0.999995	5.11472e-05
3165.4	0.999995	4.964e-05
3165.5	0.999995	4.8181e-05
3165.6	0.999995	4.68484e-05
3165.7	0.999996	4.55155e-05
3165.8	0.999996	4.42323e-05
3165.9	0.999996	4.3036e-05
3166	0.999996	4.18399e-05
3166.1	0.999996	4.07309e-05
3166.2	0.999996	3.96602e-05
3166.3	0.999996	3.86019e-05
3166.4	0.999996	3.76291e-05
3166.5	0.999997	3.66964e-05
3166.6	0.999997	3.57622e-05
3166.7	0.999997	3.48782e-05
3166.8	0.999997	3.4032e-05
3166.9	0.999997	3.31964e-05
3167	0.999997	3.24373e-05
3167.1	0.999997	3.16408e-05
3167.2	0.999997	3.09322e-05
3167.3	0.999997	3.01822e-05
3167.4	0.999997	2.95094e-05
3167.5	0.999997	2.88486e-05
3167.6	0.999997	2.82253e-05
3167.7	0.999997	2.75645e-05
3167.8	0.999997	2.70298e-05
3167.9	0.999998	2.64078e-05
3168	0.999998	2.58338e-05
3168.1	0.999998	2.52997e-05
3168.2	0.999998	2.47751e-05
3168.3	0.999998	2.42404e-05
3168.4	0.999998	2.37535e-05
3168.5	0.999998	2.33063e-05
3168.6	0.999998	2.28206e-05
3168.7	0.999998	2.23347e-05
3168.8	0.999998	2.19362e-05
3168.9	0.999998	2.14884e-05
3169	0.999998	2.10899e-05
3169.1	0.999998	2.06912e-05
3169.2	0.999998	2.02927e-05
3169.3	0.999998	1.98942e-05
3169.4	0.999998	1.95444e-05
3169.5	0.999998	1.9182e-05
3169.6	0.999998	1.88322e-05
3169.7	0.999999	1.15396e-05
3169.8	0.999999	1.13525e-05
3169.9	0.999999	1.1103e-05
3170	0.999999	1.0916e-05
3170.1	1	1.85495e-07
3170.2	1	1.75216e-07
3170.3	1	1.64202e-07
3170.4	1	1.64202e-07
3170.5	1	1.64202e-07
3170.6	1	1.64202e-07
3170.7	1	1.64202e-07
3170.8	1	1.64202e-07
3170.9	1	1.64202e-07
3171	1	1.64202e-07
3171.1	1	1.64202e-07
3171.2	1	1.64202e-07
3171.3	1	1.64202e-07
3171.4	1	1.64202e-07
3171.5	1	1.52294e-07
3171.6	1	1.52294e-07
3171.7	1	8.80424e-08
3171.8	1	6.23778e-08
3171.9	1	6.23778e-08
3172	1	6.23778e-08
3172.1	1	6.23778e-08
3172.2	1	6.23778e-08
3172.3	1	6.23778e-08
3172.4	1	6.23778e-08
3172.5	1	6.23778e-08
3172.6	1	6.23778e-08
3172.7	1	6.23778e-08
3172.8	1	6.23778e-08
3172.9	1	6.23778e-08
3173	1	6.23778e-08
3173.1	1	6.23778e-08
3173.2	1	6.23778e-08
3173.3	1	6.23778e-08
3173.4	1	6.23778e-08
3173.5	1	6.23778e-08
3173.6	1	6.23778e-08
3173.7	1	6.23778e-08
3173.8	1	6.23778e-08
3173.9	1	6.23778e-08
3174	1	6.23778e-08
3174.1	1	6.23778e-08
3174.2	1	0
3174.3	1	0
3174.4	1	0
3174.5	1	0
3174.6	1	0
3174.7	1	0
3174.8	1	0
3174.9	1	0
3175	1	0
3175.1	1	0
3175.2	1	0
3175.3	1	0
3175.4	1	0
3175.5	1	0
3175.6	1	0
3175.7	1	0
3175.8	1	0
3175.9	1	0
3176	1	0
3176.1	1	0
3176.2	1	0
3176.3	1	0
3176.4	1	0
3176.5	1	0
3176.6	1	0
3176.7	1	0
3176.8	1	0
3176.9	1	0
3177	1	0
3177.1	1	0
3177.2	1	0
3177.3	1	0
3177.4	1	0
3177.5	1	0
3177.6	1	0
3177.7	1	0
3177.8	1	0
3177.9	1	0
3178	1	0
3178.1	1	0
3178.2	1	0
3178.3	1	0
3178.4	1	0
3178.5	1	0
3178.6	1	0
3178.7	1	0
3178.8	1	0
3178.9	1	0
3179	1	0
3179.1	1	0
3179.2	1	0
3179.3	1	0
3179.4	1	0
3179.5	1	0
3179.6	1	0
3179.7	1	0
3179.8	1	0
3179.9	1	0
3180	1	0
3180.1	1	0
3180.2	1	0
3180.3	1	0
3180.4	1	0
3180.5	1	0
3180.6	1	0
3180.7	1	0
3180.8	1	0
3180.9	1	0
3181	1	0
3181.1	1	0
3181.2	1	0
3181.3	1	0
3181.4	1	0
3181.5	1	0
3181.6	1	0
3181.7	1	0
3181.8	1	0
3181.9	1	0
3182	1	0
3182.1	1	0
3182.2	1	0
3182.3	1	0
3182.4	1	0
3182.5	1	0
3182.6	1	0
3182.7	1	0
3182.8	1	0
3182.9	1	0
3183	1	0
3183.1	1	0
3183.2	1	0
3183.3	1	0
3183.4	1	0
3183.5	1	0
3183.6	1	0
3183.7	1	0
3183.8	1	0
3183.9	1	0
3184	1	0
3184.1	1	0
3184.2	1	0
3184.3	1	0
3184.4	1	0
3184.5	1	0
3184.6	1	0
3184.7	1	0
3184.8	1	0
3184.9	1	0
3185	1	0
3185.1	1	0
3185.2	1	0
3185.3	1	0
3185.4	1	0
3185.5	1	0
3185.6	1	0
3185.7	1	0
3185.8	1	0
3185.9	1	0
3186	1	0
3186.1	1	0
3186.2	1	0
3186.3	1	0
3186.4	1	0
3186.5	1	0
3186.6	1	0
3186.7	1	0
3186.8	1	0
3186.9	1	0
3187	1	0
3187.1	1	0
3187.2	1	0
3187.3	1	0
3187.4	1	0
3187.5	1	0
3187.6	1	0
3187.7	1	0
3187.8	1	0
3187.9	1	0
3188	1	0
3188.1	1	0
3188.2	1	0
3188.3	1	0
3188.4	1	0
3188.5	1	0
3188.6	1	0
3188.7	1	0
3188.8	1	0
3188.9	1	0
3189	1	0
3189.1	1	0
3189.2	1	0
3189.3	1	0
3189.4	1	0
3189.5	1	0
3189.6	1	0
3189.7	1	0
3189.8	1	0
3189.9	1	0
3190	1	0
3190.1	1	0
3190.2	1	0
3190.3	1	0
3190.4	1	0
3190.5	1	0
3190.6	1	0
3190.7	1	0
3190.8	1	0
3190.9	1	0
3191	1	0
3191.1	1	0
3191.2	1	0
3191.3	1	0
3191.4	1	0
3191.5	1	0
3191.6	1	0
3191.7	1	0
3191.8	1	0
3191.9	1	0
3192	1	0
3192.1	1	0
3192.2	1	0
3192.3	1	0
3192.4	1	0
3192.5	1	0
3192.6	1	0
3192.7	1	0
3192.8	1	0
3192.9	1	0
3193	1	0
3193.1	1	0
3193.2	1	0
3193.3	1	0
3193.4	1	0
3193.5	1	0
3193.6	1	0
3193.7	1	0
3193.8	1	0
3193.9	1	0
3194	1	0
3194.1	1	0
3194.2	1	0
3194.3	1	0
3194.4	1	0
3194.5	1	0
3194.6	1	0
3194.7	1	0
3194.8	1	0
3194.9	1	0
3195	1	0
3195.1	1	0
3195.2	1	0
3195.3	1	0
3195.4	1	0
3195.5	1	0
3195.6	1	0
3195.7	1	0
3195.8	1	0
3195.9	1	0
3196	1	0
3196.1	1	0
3196.2	1	0
3196.3	1	0
3196.4	1	0
3196.5	1	0
3196.6	1	0
3196.7	1	0
3196.8	1	0
3196.9	1	0
3197	1	0
3197.1	1	0
3197.2	1	0
3197.3	1	0
3197.4	1	0
3197.5	1	0
3197.6	1	0
3197.7	1	0
3197.8	1	0
3197.9	1	0
3198	1	0
3198.1	1	0
3198.2	1	0
3198.3	1	0
3198.4	1	0
3198.5	1	0
3198.6	1	0
3198.7	1	0
3198.8	1	0
3198.9	1	0
3199	1	0
3199.1	1	0
3199.2	1	0
3199.3	1	0
3199.4	1	0
3199.5	1	0
3199.6	1	0
3199.7	1	0
3199.8	1	0
3199.9	1	0
3200	1	0
3200.1	1	0
3200.2	1	0
3200.3	1	0
3200.4	1	0
3200.5	1	0
3200.6	1	0
3200.7	1	0
3200.8	1	0
3200.9	1	0
3201	1	0
3201.1	1	0
3201.2	1	0
3201.3	1	0
3201.4	1	0
3201.5	1	0
3201.6	1	0
3201.7	1	0
3201.8	1	0
3201.9	1	0
3202	1	0
3202.1	1	0
3202.2	1	0
3202.3	1	0
3202.4	1	0
3202.5	1	0
3202.6	1	0
3202.7	1	0
3202.8	1	0
3202.9	1	0
3203	1	0
3203.1	1	0
3203.2	1	0
3203.3	1	0
3203.4	1	0
3203.5	1	0
3203.6	1	0
3203.7	1	0
3203.8	1	0
3203.9	1	0
3204	1	0
3204.1	1	0
3204.2	1	0
3204.3	1	0
3204.4	1	0
3204.5	1	0
3204.6	1	0
3204.7	1	0
3204.8	1	0
3204.9	1	0
3205	1	0
3205.1	1	0
3205.2	1	0
3205.3	1	0
3205.4	1	0
3205.5	1	0
3205.6	1	0
3205.7	1	0
3205.8	1	0
3205.9	1	0
3206	1	0
3206.1	1	0
3206.2	1	0
3206.3	1	0
3206.4	1	0
3206.5	1	0
3206.6	1	0
3206.7	1	0
3206.8	1	0
3206.9	1	0
3207	1	0
3207.1	1	0
3207.2	1	0
3207.3	1	0
3207.4	1	0
3207.5	1	0
3207.6	1	0
3207.7	1	0
3207.8	1	0
3207.9	1	0
3208	1	0
3208.1	1	0
3208.2	1	0
3208.3	1	0
3208.4	1	0
3208.5	1	0
3208.6	1	0
3208.7	1	0
3208.8	1	0
3208.9	1	0
3209	1	0
3209.1	1	0
3209.2	1	0
3209.3	1	0
3209.4	1	0
3209.5	1	0
3209.6	1	0
3209.7	1	0
3209.8	1	0
3209.9	1	0
3210	1	0
3210.1	1	0
3210.2	1	0
3210.3	1	0
3210.4	1	0
3210.5	1	0
3210.6	1	0
3210.7	1	0
3210.8	1	0
3210.9	1	0
3211	1	0
3211.1	1	0
3211.2	1	0
3211.3	1	0
3211.4	1	0
3211.5	1	0
3211.6	1	0
3211.7	1	0
3211.8	1	0
3211.9	1	0
3212	1	0
3212.1	1	0
3212.2	1	0
3212.3	1	0
3212.4	1	0
3212.5	1	0
3212.6	1	0
3212.7	1	0
3212.8	1	0
3212.9	1	0
3213	1	0
3213.1	1	0
3213.2	1	0
3213.3	1	0
3213.4	1	0
3213.5	1	0
3213.6	1	0
3213.7	1	0
3213.8	1	0
3213.9	1	0
3214	1	0
3214.1	1	0
3214.2	1	0
3214.3	1	0
3214.4	1	0
3214.5	1	0
3214.6	1	0
3214.7	1	0
3214.8	1	0
3214.9	1	0
3215	1	0
3215.1	1	0
3215.2	1	0
3215.3	1	0
3215.4	1	0
3215.5	1	0
3215.6	1	0
3215.7	1	0
3215.8	1	0
3215.9	1	0
3216	1	0
3216.1	1	0
3216.2	1	0
3216.3	1	0
3216.4	1	0
3216.5	1	0
3216.6	1	0
3216.7	1	0
3216.8	1	0
3216.9	1	0
3217	1	0
3217.1	1	0
3217.2	1	0
3217.3	1	0
3217.4	1	0
3217.5	1	0
3217.6	1	0
3217.7	1	0
3217.8	1	0
3217.9	1	0
3218	1	0
3218.1	1	0
3218.2	1	0
3218.3	1	0
3218.4	1	0
3218.5	1	0
3218.6	1	0
3218.7	1	0
3218.8	1	0
3218.9	1	0
3219	1	0
3219.1	1	0
3219.2	1	0
3219.3	1	0
3219.4	1	0
3219.5	1	0
3219.6	1	0
3219.7	1	0
3219.8	1	0
3219.9	1	0
3220	1	0
3220.1	1	0
3220.2	1	0
3220.3	1	0
3220.4	1	0
3220.5	1	0
3220.6	1	0
3220.7	1	0
3220.8	1	0
3220.9	1	0
3221	1	0
3221.1	1	0
3221.2	1	0
3221.3	1	0
3221.4	1	0
3221.5	1	0
3221.6	1	0
3221.7	1	0
3221.8	1	0
3221.9	1	0
3222	1	0
3222.1	1	0
3222.2	1	0
3222.3	1	0
3222.4	1	0
3222.5	1	0
3222.6	1	0
3222.7	1	0
3222.8	1	0
3222.9	1	0
3223	1	0
3223.1	1	0
3223.2	1	0
3223.3	1	0
3223.4	1	0
3223.5	1	0
3223.6	1	0
3223.7	1	0
3223.8	1	0
3223.9	1	0
3224	1	0
3224.1	1	0
3224.2	1	0
3224.3	1	0
3224.4	1	0
3224.5	1	0
3224.6	1	0
3224.7	1	0
3224.8	1	0
3224.9	1	0
3225	1	0
3225.1	1	0
3225.2	1	0
3225.3	1	0
3225.4	1	0
3225.5	1	0
3225.6	1	0
3225.7	1	0
3225.8	1	0
3225.9	1	0
3226	1	0
3226.1	1	0
3226.2	1	0
3226.3	1	0
3226.4	1	0
3226.5	1	0
3226.6	1	0
3226.7	1	0
3226.8	1	0
3226.9	1	0
3227	1	0
3227.1	1	0
3227.2	1	0
3227.3	1	0
3227.4	1	0
3227.5	1	0
3227.6	1	0
3227.7	1	0
3227.8	1	0
3227.9	1	0
3228	1	0
3228.1	1	0
3228.2	1	0
3228.3	1	0
3228.4	1	0
3228.5	1	0
3228.6	1	0
3228.7	1	0
3228.8	1	0
3228.9	1	0
3229	1	0
3229.1	1	0
3229.2	1	0
3229.3	1	0
3229.4	1	0
3229.5	1	0
3229.6	1	0
3229.7	1	0
3229.8	1	0
3229.9	1	0
3230	1	0
3230.1	1	0
3230.2	1	0
3230.3	1	0
3230.4	1	0
3230.5	1	0
3230.6	1	0
3230.7	1	0
3230.8	1	0
3230.9	1	0
3231	1	0
3231.1	1	0
3231.2	1	0
3231.3	1	0
3231.4	1	0
3231.5	1	0
3231.6	1	0
3231.7	1	0
3231.8	1	0
3231.9	1	0
3232	1	0
3232.1	1	0
3232.2	1	0
3232.3	1	0
3232.4	1	0
3232.5	1	0
3232.6	1	0
3232.7	1	0
3232.8	1	0
3232.9	1	0
3233	1	0
3233.1	1	0
3233.2	1	0
3233.3	1	0
3233.4	1	0
3233.5	1	0
3233.6	1	0
3233.7	1	0
3233.8	1	0
3233.9	1	0
3234	1	0
3234.1	1	0
3234.2	1	0
3234.3	1	0
3234.4	1	0
3234.5	1	0
3234.6	1	0
3234.7	1	0
3234.8	1	0
3234.9	1	0
3235	1	0
3235.1	1	0
3235.2	1	0
3235.3	1	0
3235.4	1	0
3235.5	1	0
3235.6	1	0
3235.7	1	0
3235.8	1	0
3235.9	1	0
3236	1	0
3236.1	1	0
3236.2	1	0
3236.3	1	0
3236.4	1	0
3236.5	1	0
3236.6	1	0
3236.7	1	0
3236.8	1	0
3236.9	1	0
3237	1	0
3237.1	1	0
3237.2	1	0
3237.3	1	0
3237.4	1	0
3237.5	1	0
3237.6	1	0
3237.7	1	0
3237.8	1	0
3237.9	1	0
3238	1	0
3238.1	1	0
3238.2	1	0
3238.3	1	0
3238.4	1	0
3238.5	1	0
3238.6	1	0
3238.7	1	0
3238.8	1	0
3238.9	1	0
3239	1	0
3239.1	1	0
3239.2	1	0
3239.3	1	0
3239.4	1	0
3239.5	1	0
3239.6	1	0
3239.7	1	0
3239.8	1	0
3239.9	1	0
3240	1	0
3240.1	1	0
3240.2	1	0
3240.3	1	0
3240.4	1	0
3240.5	1	0
3240.6	1	0
3240.7	1	0
3240.8	1	0
3240.9	1	0
3241	1	0
3241.1	1	0
3241.2	1	0
3241.3	1	0
3241.4	1	0
3241.5	1	0
3241.6	1	0
3241.7	1	0
3241.8	1	0
3241.9	1	0
3242	1	0
3242.1	1	0
3242.2	1	0
3242.3	1	0
3242.4	1	0
3242.5	1	0
3242.6	1	0
3242.7	1	0
3242.8	1	0
3242.9	1	0
3243	1	0
3243.1	1	0
3243.2	1	0
3243.3	1	0
3243.4	1	0
3243.5	1	0
3243.6	1	0
3243.7	1	0
3243.8	1	0
3243.9	1	0
3244	1	0
3244.1	1	0
3244.2	1	0
3244.3	1	0
3244.4	1	0
3244.5	1	0
3244.6	1	0
3244.7	1	0
3244.8	1	0
3244.9	1	0
3245	1	0
3245.1	1	0
3245.2	1	0
3245.3	1	0
3245.4	1	0
3245.5	1	0
3245.6	1	0
3245.7	1	0
3245.8	1	0
3245.9	1	0
3246	1	0
3246.1	1	0
3246.2	1	0
3246.3	1	0
3246.4	1	0
3246.5	1	0
3246.6	1	0
3246.7	1	0
3246.8	1	0
3246.9	1	0
3247	1	0
3247.1	1	0
3247.2	1	0
3247.3	1	0
3247.4	1	0
3247.5	1	0
3247.6	1	0
3247.7	1	0
3247.8	1	0
3247.9	1	0
3248	1	0
3248.1	1	0
3248.2	1	0
3248.3	1	0
3248.4	1	0
3248.5	1	0
3248.6	1	0
3248.7	1	0
3248.8	1	0
3248.9	1	0
3249	1	0
3249.1	1	0
3249.2	1	0
3249.3	1	0
3249.4	1	0
3249.5	1	0
3249.6	1	0
3249.7	1	0
3249.8	1	0
3249.9	1	0
3250	1	0
3250.1	1	0
3250.2	1	0
3250.3	1	0
3250.4	1	0
3250.5	1	0
3250.6	1	0
3250.7	1	0
3250.8	1	0
3250.9	1	0
3251	1	0
3251.1	1	0
3251.2	1	0
3251.3	1	0
3251.4	1	0
3251.5	1	0
3251.6	1	0
3251.7	1	0
3251.8	1	0
3251.9	1	0
3252	1	0
3252.1	1	0
3252.2	1	0
3252.3	1	0
3252.4	1	0
3252.5	1	0
3252.6	1	0
3252.7	1	0
3252.8	1	0
3252.9	1	0
3253	1	0
3253.1	1	0
3253.2	1	0
3253.3	1	0
3253.4	1	0
3253.5	1	0
3253.6	1	0
3253.7	1	0
3253.8	1	0
3253.9	1	0
3254	1	0
3254.1	1	0
3254.2	1	0
3254.3	1	0
3254.4	1	0
3254.5	1	0
3254.6	1	0
3254.7	1	0
3254.8	1	0
3254.9	1	0
3255	1	0
3255.1	1	0
3255.2	1	0
3255.3	1	0
3255.4	1	0
3255.5	1	0
3255.6	1	0
3255.7	1	0
3255.8	1	0
3255.9	1	0
3256	1	0
3256.1	1	0
3256.2	1	0
3256.3	1	0
3256.4	1	0
3256.5	1	0
3256.6	1	0
3256.7	1	0
3256.8	1	0
3256.9	1	0
3257	1	0
3257.1	1	0
3257.2	1	0
3257.3	1	0
3257.4	1	0
3257.5	1	0
3257.6	1	0
3257.7	1	0
3257.8	1	0
3257.9	1	0
3258	1	0
3258.1	1	0
3258.2	1	0
3258.3	1	0
3258.4	1	0
3258.5	1	0
3258.6	1	0
3258.7	1	0
3258.8	1	0
3258.9	1	0
3259	1	0
3259.1	1	0
3259.2	1	0
3259.3	1	0
3259.4	1	0
3259.5	1	0
3259.6	1	0
3259.7	1	0
3259.8	1	0
3259.9	1	0
3260	1	0
3260.1	1	0
3260.2	1	0
3260.3	1	0
3260.4	1	0
3260.5	1	0
3260.6	1	0
3260.7	1	0
3260.8	1	0
3260.9	1	0
3261	1	0
3261.1	1	0
3261.2	1	0
3261.3	1	0
3261.4	1	0
3261.5	1	0
3261.6	1	0
3261.7	1	0
3261.8	1	0
3261.9	1	0
3262	1	0
3262.1	1	0
3262.2	1	0
3262.3	1	0
3262.4	1	0
3262.5	1	0
3262.6	1	0
3262.7	1	0
3262.8	1	0
3262.9	1	0
3263	1	0
3263.1	1	0
3263.2	1	0
3263.3	1	0
3263.4	1	0
3263.5	1	0
3263.6	1	0
3263.7	1	0
3263.8	1	0
3263.9	1	0
3264	1	0
3264.1	1	0
3264.2	1	0
3264.3	1	0
3264.4	1	0
3264.5	1	0
3264.6	1	0
3264.7	1	0
3264.8	1	0
3264.9	1	0
3265	1	0
3265.1	1	0
3265.2	1	0
3265.3	1	0
3265.4	1	0
3265.5	1	0
3265.6	1	0
3265.7	1	0
3265.8	1	0
3265.9	1	0
3266	1	0
3266.1	1	0
3266.2	1	0
3266.3	1	0
3266.4	1	0
3266.5	1	0
3266.6	1	0
3266.7	1	0
3266.8	1	0
3266.9	1	0
3267	1	0
3267.1	1	0
3267.2	1	0
3267.3	1	0
3267.4	1	0
3267.5	1	0
3267.6	1	0
3267.7	1	0
3267.8	1	0
3267.9	1	0
3268	1	0
3268.1	1	0
3268.2	1	0
3268.3	1	0
3268.4	1	0
3268.5	1	0
3268.6	1	0
3268.7	1	0
3268.8	1	0
3268.9	1	0
3269	1	0
3269.1	1	0
3269.2	1	0
3269.3	1	0
3269.4	1	0
3269.5	1	0
3269.6	1	0
3269.7	1	0
3269.8	1	0
3269.9	1	0
3270	1	0
3270.1	1	0
3270.2	1	0
3270.3	1	0
3270.4	1	0
3270.5	1	0
3270.6	1	0
3270.7	1	0
3270.8	1	0
3270.9	1	0
3271	1	0
3271.1	1	0
3271.2	1	0
3271.3	1	0
3271.4	1	0
3271.5	1	0
3271.6	1	0
3271.7	1	0
3271.8	1	0
3271.9	1	0
3272	1	0
3272.1	1	0
3272.2	1	0
3272.3	1	0
3272.4	1	0
3272.5	1	0
3272.6	1	0
3272.7	1	0
3272.8	1	0
3272.9	1	0
3273	1	0
3273.1	1	0
3273.2	1	0
3273.3	1	0
3273.4	1	0
3273.5	1	0
3273.6	1	0
3273.7	1	0
3273.8	1	0
3273.9	1	0
3274	1	0
3274.1	1	0
3274.2	1	0
3274.3	1	0
3274.4	1	0
3274.5	1	0
3274.6	1	0
3274.7	1	0
3274.8	1	0
3274.9	1	0
3275	1	0
3275.1	1	0
3275.2	1	0
3275.3	1	0
3275.4	1	0
3275.5	1	0
3275.6	1	0
3275.7	1	0
3275.8	1	0
3275.9	1	0
3276	1	0
3276.1	1	0
3276.2	1	0
3276.3	1	0
3276.4	1	0
3276.5	1	0
3276.6	1	0
3276.7	1	0
3276.8	1	0
3276.9	1	0
3277	1	0
3277.1	1	0
3277.2	1	0
3277.3	1	0
3277.4	1	0
3277.5	1	0
3277.6	1	0
3277.7	1	0
3277.8	1	0
3277.9	1	0
3278	1	0
3278.1	1	0
3278.2	1	0
3278.3	1	0
3278.4	1	0
3278.5	1	0
3278.6	1	0
3278.7	1	0
3278.8	1	0
3278.9	1	0
3279	1	0
3279.1	1	0
3279.2	1	0
3279.3	1	0
3279.4	1	0
3279.5	1	0
3279.6	1	0
3279.7	1	0
3279.8	1	0
3279.9	1	0
3280	1	0
3280.1	1	0
3280.2	1	0
3280.3	1	0
3280.4	1	0
3280.5	1	0
3280.6	1	0
3280.7	1	0
3280.8	1	0
3280.9	1	0
3281	1	0
3281.1	1	0
3281.2	1	0
3281.3	1	0
3281.4	1	0
3281.5	1	0
3281.6	1	0
3281.7	1	0
3281.8	1	0
3281.9	1	0
3282	1	0
3282.1	1	0
3282.2	1	0
3282.3	1	0
3282.4	1	0
3282.5	1	0
3282.6	1	0
3282.7	1	0
3282.8	1	0
3282.9	1	0
3283	1	0
3283.1	1	0
3283.2	1	0
3283.3	1	0
3283.4	1	0
3283.5	1	0
3283.6	1	0
3283.7	1	0
3283.8	1	0
3283.9	1	0
3284	1	0
3284.1	1	0
3284.2	1	0
3284.3	1	0
3284.4	1	0
3284.5	1	0
3284.6	1	0
3284.7	1	0
3284.8	1	0
3284.9	1	0
3285	1	0
3285.1	1	0
3285.2	1	0
3285.3	1	0
3285.4	1	0
3285.5	1	0
3285.6	1	0
3285.7	1	0
3285.8	1	0
3285.9	1	0
3286	1	0
3286.1	1	0
3286.2	1	0
3286.3	1	0
3286.4	1	0
3286.5	1	0
3286.6	1	0
3286.7	1	0
3286.8	1	0
3286.9	1	0
3287	1	0
3287.1	1	0
3287.2	1	0
3287.3	1	0
3287.4	1	0
3287.5	1	0
3287.6	1	0
3287.7	1	0
3287.8	1	0
3287.9	1	0
3288	1	0
3288.1	1	0
3288.2	1	0
3288.3	1	0
3288.4	1	0
3288.5	1	0
3288.6	1	0
3288.7	1	0
3288.8	1	0
3288.9	1	0
3289	1	0
3289.1	1	0
3289.2	1	0
3289.3	1	0
3289.4	1	0
3289.5	1	0
3289.6	1	0
3289.7	1	0
3289.8	1	0
3289.9	1	0
3290	1	0
3290.1	1	0
3290.2	1	0
3290.3	1	0
3290.4	1	0
3290.5	1	0
3290.6	1	0
3290.7	1	0
3290.8	1	0
3290.9	1	0
3291	1	0
3291.1	1	0
3291.2	1	0
3291.3	1	0
3291.4	1	0
3291.5	1	0
3291.6	1	0
3291.7	1	0
3291.8	1	0
3291.9	1	0
3292	1	0
3292.1	1	0
3292.2	1	0
3292.3	1	0
3292.4	1	0
3292.5	1	0
3292.6	1	0
3292.7	1	0
3292.8	1	0
3292.9	1	0
3293	1	0
3293.1	1	0
3293.2	1	0
3293.3	1	0
3293.4	1	0
3293.5	1	0
3293.6	1	0
3293.7	1	0
3293.8	1	0
3293.9	1	0
3294	1	0
3294.1	1	0
3294.2	1	0
3294.3	1	0
3294.4	1	0
3294.5	1	0
3294.6	1	0
3294.7	1	0
3294.8	1	0
3294.9	1	0
3295	1	0
3295.1	1	0
3295.2	1	0
3295.3	1	0
3295.4	1	0
3295.5	1	0
3295.6	1	0
3295.7	1	0
3295.8	1	0
3295.9	1	0
3296	1	0
3296.1	1	0
3296.2	1	0
3296.3	1	0
3296.4	1	0
3296.5	1	0
3296.6	1	0
3296.7	1	0
3296.8	1	0
3296.9	1	0
3297	1	0
3297.1	1	0
3297.2	1	0
3297.3	1	0
3297.4	1	0
3297.5	1	0
3297.6	1	0
3297.7	1	0
3297.8	1	0
3297.9	1	0
3298	1	0
3298.1	1	0
3298.2	1	0
3298.3	1	0
3298.4	1	0
3298.5	1	0
3298.6	1	0
3298.7	1	0
3298.8	1	0
3298.9	1	0
3299	1	0
3299.1	1	0
3299.2	1	0
3299.3	1	0
3299.4	1	0
3299.5	1	0
3299.6	1	0
3299.7	1	0
3299.8	1	0
3299.9	1	0
3300	1	0
3300.1	1	0
3300.2	1	0
3300.3	1	0
3300.4	1	0
3300.5	1	0
3300.6	1	0
3300.7	1	0
3300.8	1	0
3300.9	1	0
3301	1	0
3301.1	1	0
3301.2	1	0
3301.3	1	0
3301.4	1	0
3301.5	1	0
3301.6	1	0
3301.7	1	0
3301.8	1	0
3301.9	1	0
3302	1	0
3302.1	1	0
3302.2	1	0
3302.3	1	0
3302.4	1	0
3302.5	1	0
3302.6	1	0
3302.7	1	0
3302.8	1	0
3302.9	1	0
3303	1	0
3303.1	1	0
3303.2	1	0
3303.3	1	0
3303.4	1	0
3303.5	1	0
3303.6	1	0
3303.7	1	0
3303.8	1	0
3303.9	1	0
3304	1	0
3304.1	1	0
3304.2	1	0
3304.3	1	0
3304.4	1	0
3304.5	1	0
3304.6	1	0
3304.7	1	0
3304.8	1	0
3304.9	1	0
3305	1	0
3305.1	1	0
3305.2	1	0
3305.3	1	0
3305.4	1	0
3305.5	1	0
3305.6	1	0
3305.7	1	0
3305.8	1	0
3305.9	1	0
3306	1	0
3306.1	1	0
3306.2	1	0
3306.3	1	0
3306.4	1	0
3306.5	1	0
3306.6	1	0
3306.7	1	0
3306.8	1	0
3306.9	1	0
3307	1	0
3307.1	1	0
3307.2	1	0
3307.3	1	0
3307.4	1	0
3307.5	1	0
3307.6	1	0
3307.7	1	0
3307.8	1	0
3307.9	1	0
3308	1	0
3308.1	1	0
3308.2	1	0
3308.3	1	0
3308.4	1	0
3308.5	1	0
3308.6	1	0
3308.7	1	0
3308.8	1	0
3308.9	1	0
3309	1	0
3309.1	1	0
3309.2	1	0
3309.3	1	0
3309.4	1	0
3309.5	1	0
3309.6	1	0
3309.7	1	0
3309.8	1	0
3309.9	1	0
3310	1	0
3310.1	1	0
3310.2	1	0
3310.3	1	0
3310.4	1	0
3310.5	1	0
3310.6	1	0
3310.7	1	0
3310.8	1	0
3310.9	1	0
3311	1	0
3311.1	1	0
3311.2	1	0
3311.3	1	0
3311.4	1	0
3311.5	1	0
3311.6	1	0
3311.7	1	0
3311.8	1	0
3311.9	1	0
3312	1	0
3312.1	1	0
3312.2	1	0
3312.3	1	0
3312.4	1	0
3312.5	1	0
3312.6	1	0
3312.7	1	0
3312.8	1	0
3312.9	1	0
3313	1	0
3313.1	1	0
3313.2	1	0
3313.3	1	0
3313.4	1	0
3313.5	1	0
3313.6	1	0
3313.7	1	0
3313.8	1	0
3313.9	1	0
3314	1	0
3314.1	1	0
3314.2	1	0
3314.3	1	0
3314.4	1	0
3314.5	1	0
3314.6	1	0
3314.7	1	0
3314.8	1	0
3314.9	1	0
3315	1	0
3315.1	1	0
3315.2	1	0
3315.3	1	0
3315.4	1	0
3315.5	1	0
3315.6	1	0
3315.7	1	0
3315.8	1	0
3315.9	1	0
3316	1	0
3316.1	1	0
3316.2	1	0
3316.3	1	0
3316.4	1	0
3316.5	1	0
3316.6	1	0
3316.7	1	0
3316.8	1	0
3316.9	1	0
3317	1	0
3317.1	1	0
3317.2	1	0
3317.3	1	0
3317.4	1	0
3317.5	1	0
3317.6	1	0
3317.7	1	0
3317.8	1	0
3317.9	1	0
3318	1	0
3318.1	1	0
3318.2	1	0
3318.3	1	0
3318.4	1	0
3318.5	1	0
3318.6	1	0
3318.7	1	0
3318.8	1	0
3318.9	1	0
3319	1	0
3319.1	1	0
3319.2	1	0
3319.3	1	0
3319.4	1	0
3319.5	1	0
3319.6	1	0
3319.7	1	0
3319.8	1	0
3319.9	1	0
3320	1	0
3320.1	1	0
3320.2	1	0
3320.3	1	0
3320.4	1	0
3320.5	1	0
3320.6	1	0
3320.7	1	0
3320.8	1	0
3320.9	1	0
3321	1	0
3321.1	1	0
3321.2	1	0
3321.3	1	0
3321.4	1	0
3321.5	1	0
3321.6	1	0
3321.7	1	0
3321.8	1	0
3321.9	1	0
3322	1	0
3322.1	1	0
3322.2	1	0
3322.3	1	0
3322.4	1	0
3322.5	1	0
3322.6	1	0
3322.7	1	0
3322.8	1	0
3322.9	1	0
3323	1	0
3323.1	1	0
3323.2	1	0
3323.3	1	0
3323.4	1	0
3323.5	1	0
3323.6	1	0
3323.7	1	0
3323.8	1	0
3323.9	1	0
3324	1	0
3324.1	1	0
3324.2	1	0
3324.3	1	0
3324.4	1	0
3324.5	1	0
3324.6	1	0
3324.7	1	0
3324.8	1	0
3324.9	1	0
3325	1	0
3325.1	1	0
3325.2	1	0
3325.3	1	0
3325.4	1	0
3325.5	1	0
3325.6	1	0
3325.7	1	0
3325.8	1	0
3325.9	1	0
3326	1	0
3326.1	1	0
3326.2	1	0
3326.3	1	0
3326.4	1	0
3326.5	1	0
3326.6	1	0
3326.7	1	0
3326.8	1	0
3326.9	1	0
3327	1	0
3327.1	1	0
3327.2	1	0
3327.3	1	0
3327.4	1	0
3327.5	1	0
3327.6	1	0
3327.7	1	0
3327.8	1	0
3327.9	1	0
3328	1	0
3328.1	1	0
3328.2	1	0
3328.3	1	0
3328.4	1	0
3328.5	1	0
3328.6	1	0
3328.7	1	0
3328.8	1	0
3328.9	1	0
3329	1	0
3329.1	1	0
3329.2	1	0
3329.3	1	0
3329.4	1	0
3329.5	1	0
3329.6	1	0
3329.7	1	0
3329.8	1	0
3329.9	1	0
3330	1	0
3330.1	1	0
3330.2	1	0
3330.3	1	0
3330.4	1	0
3330.5	1	0
3330.6	1	0
3330.7	1	0
3330.8	1	0
3330.9	1	0
3331	1	0
3331.1	1	0
3331.2	1	0
3331.3	1	0
3331.4	1	0
3331.5	1	0
3331.6	1	0
3331.7	1	0
3331.8	1	0
3331.9	1	0
3332	1	0
3332.1	1	0
3332.2	1	0
3332.3	1	0
3332.4	1	0
3332.5	1	0
3332.6	1	0
3332.7	1	0
3332.8	1	0
3332.9	1	0
3333	1	0
3333.1	1	0
3333.2	1	0
3333.3	1	0
3333.4	1	0
3333.5	1	0
3333.6	1	0
3333.7	1	0
3333.8	1	0
3333.9	1	0
3334	1	0
3334.1	1	0
3334.2	1	0
3334.3	1	0
3334.4	1	0
3334.5	1	0
3334.6	1	0
3334.7	1	0
3334.8	1	0
3334.9	1	0
3335	1	0
3335.1	1	0
3335.2	1	0
3335.3	1	0
3335.4	1	0
3335.5	1	0
3335.6	1	0
3335.7	1	0
3335.8	1	0
3335.9	1	0
3336	1	0
3336.1	1	0
3336.2	1	0
3336.3	1	0
3336.4	1	0
3336.5	1	0
3336.6	1	0
3336.7	1	0
3336.8	1	0
3336.9	1	0
3337	1	0
3337.1	1	0
3337.2	1	0
3337.3	1	0
3337.4	1	0
3337.5	1	0
3337.6	1	0
3337.7	1	0
3337.8	1	0
3337.9	1	0
3338	1	0
3338.1	1	0
3338.2	1	0
3338.3	1	0
3338.4	1	0
3338.5	1	0
3338.6	1	0
3338.7	1	0
3338.8	1	0
3338.9	1	0
3339	1	0
3339.1	1	0
3339.2	1	0
3339.3	1	0
3339.4	1	0
3339.5	1	0
3339.6	1	0
3339.7	1	0
3339.8	1	0
3339.9	1	0
3340	1	0
3340.1	1	0
3340.2	1	0
3340.3	1	0
3340.4	1	0
3340.5	1	0
3340.6	1	0
3340.7	1	0
3340.8	1	0
3340.9	1	0
3341	1	0
3341.1	1	0
3341.2	1	0
3341.3	1	0
3341.4	1	0
3341.5	1	0
3341.6	1	0
3341.7	1	0
3341.8	1	0
3341.9	1	0
3342	1	0
3342.1	1	0
3342.2	1	0
3342.3	1	0
3342.4	1	0
3342.5	1	0
3342.6	1	0
3342.7	1	0
3342.8	1	0
3342.9	1	0
3343	1	0
3343.1	1	0
3343.2	1	0
3343.3	1	0
3343.4	1	0
3343.5	1	0
3343.6	1	0
3343.7	1	0
3343.8	1	0
3343.9	1	0
3344	1	0
3344.1	1	0
3344.2	1	0
3344.3	1	0
3344.4	1	0
3344.5	1	0
3344.6	1	0
3344.7	1	0
3344.8	1	0
3344.9	1	0
3345	1	0
3345.1	1	0
3345.2	1	0
3345.3	1	0
3345.4	1	0
3345.5	1	0
3345.6	1	0
3345.7	1	0
3345.8	1	0
3345.9	1	0
3346	1	0
3346.1	1	0
3346.2	1	0
3346.3	1	0
3346.4	1	0
3346.5	1	0
3346.6	1	0
3346.7	1	0
3346.8	1	0
3346.9	1	0
3347	1	0
3347.1	1	0
3347.2	1	0
3347.3	1	0
3347.4	1	0
3347.5	1	0
3347.6	1	0
3347.7	1	0
3347.8	1	0
3347.9	1	0
3348	1	0
3348.1	1	0
3348.2	1	0
3348.3	1	0
3348.4	1	0
3348.5	1	0
3348.6	1	0
3348.7	1	0
3348.8	1	0
3348.9	1	0
3349	1	0
3349.1	1	0
3349.2	1	0
3349.3	1	0
3349.4	1	0
3349.5	1	0
3349.6	1	0
3349.7	1	0
3349.8	1	0
3349.9	1	0
3350	1	0
