1.000900e-08 4.810500e-21
1.019500e-08 6.625000e-21
1.040900e-08 8.283000e-21
1.060200e-08 1.054800e-20
1.079900e-08 1.371500e-20
1.100000e-08 2.010000e-20
1.141300e-08 2.986700e-20
1.178700e-08 4.170500e-20
1.208900e-08 1.641300e-19
1.251400e-08 2.124200e-19
1.268800e-08 2.329100e-19
1.280500e-08 2.489900e-19
1.310400e-08 2.819600e-19
1.319400e-08 3.374300e-19
1.340900e-08 3.624000e-19
1.369000e-08 4.711800e-19
1.400800e-08 5.250300e-19
1.430200e-08 1.500300e-18
1.470200e-08 3.847600e-18
1.511400e-08 4.238300e-18
1.550200e-08 4.722700e-18
1.590000e-08 5.286700e-18
1.619500e-08 5.691000e-18
1.661100e-08 6.370700e-18
1.699800e-08 6.937300e-18
1.731400e-08 7.450500e-18
1.771700e-08 8.075800e-18
1.800500e-08 8.574100e-18
1.821300e-08 8.916400e-18
1.859500e-08 9.598200e-18
1.911600e-08 1.052400e-17
1.938200e-08 1.117300e-17
1.978800e-08 1.189000e-17
2.020200e-08 1.271100e-17
2.048300e-08 1.334100e-17
2.100800e-08 1.374600e-17
2.159700e-08 1.563800e-17
2.199800e-08 1.660300e-17
2.230400e-08 1.710800e-17
2.271900e-08 1.816300e-17
2.298200e-08 2.832600e-17
2.340900e-08 4.766400e-17
2.401000e-08 6.197100e-17
2.462600e-08 5.904600e-17
2.519900e-08 6.444500e-17
2.572700e-08 5.372600e-17
2.602500e-08 6.385400e-17
2.638700e-08 6.795000e-17
2.687800e-08 6.857800e-17
2.737700e-08 6.889500e-17
2.788600e-08 6.937300e-17
2.840500e-08 6.985300e-17
2.900000e-08 6.717200e-17
2.960700e-08 6.857800e-17
3.008800e-08 6.763700e-17
3.078900e-08 6.937300e-17
3.179700e-08 7.164500e-17
3.276400e-08 7.197600e-17
3.383700e-08 7.164500e-17
3.478500e-08 7.098800e-17
3.567700e-08 7.082500e-17
3.659200e-08 7.164500e-17
3.753100e-08 7.082500e-17
3.849400e-08 6.763700e-17
3.948100e-08 6.985300e-17
4.049400e-08 7.050000e-17
4.143700e-08 6.953200e-17
4.220800e-08 6.763700e-17
4.299200e-08 6.655600e-17
4.409500e-08 6.640300e-17
4.512200e-08 6.504100e-17
4.596100e-08 6.312300e-17
4.703200e-08 6.211400e-17
4.801700e-08 6.197100e-17
4.902200e-08 5.918200e-17
5.004800e-08 6.000500e-17
5.062800e-08 5.756900e-17
5.121400e-08 6.154400e-17
5.204600e-08 6.042100e-17
5.301400e-08 5.823500e-17
5.400000e-08 5.485100e-17
5.500400e-08 5.335700e-17
5.602600e-08 5.497800e-17
5.693700e-08 5.587100e-17
5.799500e-08 5.409900e-17
5.893700e-08 5.360300e-17
6.003300e-08 4.979500e-17
6.100900e-08 4.337000e-17
6.200000e-08 5.072100e-17
6.300700e-08 4.877400e-17
6.403100e-08 4.922500e-17
6.507200e-08 4.766400e-17
6.582500e-08 4.551800e-17
6.643400e-08 4.679400e-17
6.751400e-08 4.668600e-17
6.845300e-08 4.317100e-17
6.956500e-08 4.479100e-17
7.053300e-08 4.066200e-17
7.167900e-08 4.347000e-17
7.267600e-08 4.277500e-17
7.351800e-08 4.218800e-17
7.454000e-08 4.085000e-17
7.557700e-08 3.992000e-17
7.645200e-08 3.533400e-17
7.751600e-08 3.856400e-17
7.841400e-08 3.624000e-17
7.950400e-08 3.682900e-17
8.042500e-08 3.666000e-17
8.154400e-08 3.607300e-17
8.248800e-08 3.566100e-17
8.344300e-08 3.134600e-17
8.440900e-08 3.405600e-17
8.558400e-08 3.320400e-17
8.657500e-08 3.312700e-17
8.757700e-08 3.274800e-17
8.859100e-08 3.229900e-17
8.941100e-08 3.178200e-17
9.044600e-08 3.091600e-17
9.149400e-08 3.305100e-17
9.255300e-08 6.042100e-17
9.341000e-08 9.251000e-17
9.449100e-08 1.309700e-16
9.558500e-08 1.637500e-16
9.647000e-08 1.683400e-16
9.758700e-08 6.225700e-17
9.849000e-08 1.285800e-16
9.940100e-08 1.374600e-16
1.005520e-07 1.932800e-16
1.014820e-07 1.955200e-16
1.024210e-07 1.091900e-16
1.036070e-07 1.462800e-16
1.045660e-07 2.472800e-16
1.055340e-07 2.405400e-16
1.065100e-07 1.858600e-16
1.074960e-07 2.188700e-16
1.084900e-07 1.683400e-16
1.094940e-07 2.291900e-16
1.105070e-07 2.188700e-16
1.115300e-07 2.066300e-16
1.125620e-07 1.812100e-16
1.136030e-07 2.356100e-16
1.143910e-07 2.148800e-16
1.154490e-07 2.276100e-16
1.165170e-07 2.286600e-16
1.175960e-07 1.514200e-16
1.184110e-07 2.193800e-16
1.195060e-07 1.524700e-16
1.206120e-07 1.125100e-16
1.214480e-07 9.124100e-17
1.225720e-07 1.618800e-16
1.234220e-07 2.334500e-16
1.245640e-07 2.513000e-16
1.254270e-07 2.356100e-16
1.265880e-07 2.047300e-16
1.274650e-07 2.643600e-16
1.286440e-07 2.768100e-16
1.295360e-07 2.080600e-16
1.304340e-07 2.056800e-16
1.316410e-07 2.649600e-16
1.325530e-07 2.513000e-16
1.334720e-07 2.158700e-16
1.343970e-07 2.655800e-16
1.356410e-07 2.559700e-16
1.365810e-07 2.239700e-16
1.375280e-07 2.350600e-16
1.384810e-07 2.350600e-16
1.394410e-07 1.964200e-16
1.404080e-07 2.010000e-16
1.413810e-07 2.129100e-16
1.423610e-07 2.198800e-16
1.433480e-07 2.183700e-16
1.443410e-07 2.307700e-16
1.446740e-07 2.345200e-16
1.453420e-07 2.250000e-16
1.463490e-07 2.047300e-16
1.473640e-07 2.056800e-16
1.483850e-07 2.109500e-16
1.494140e-07 2.138900e-16
1.504500e-07 1.991500e-16
1.511440e-07 1.742600e-16
1.518420e-07 1.884500e-16
1.525430e-07 1.808000e-16
1.536000e-07 1.528200e-16
1.546650e-07 1.664100e-16
1.553790e-07 1.578300e-16
1.564560e-07 1.622500e-16
1.575400e-07 1.730600e-16
1.586320e-07 1.833100e-16
1.593640e-07 1.858600e-16
1.604690e-07 1.824700e-16
1.615810e-07 1.833100e-16
1.623270e-07 1.718700e-16
1.634520e-07 1.845800e-16
1.645850e-07 1.867200e-16
1.653450e-07 1.718700e-16
1.664910e-07 1.880100e-16
1.672600e-07 1.633800e-16
1.676450e-07 1.910700e-16
1.684190e-07 2.005300e-16
1.695860e-07 1.867200e-16
1.703690e-07 1.787300e-16
1.715500e-07 1.683400e-16
1.723420e-07 1.675700e-16
1.735370e-07 1.812100e-16
1.743380e-07 1.766800e-16
1.755460e-07 1.910700e-16
1.763560e-07 1.722600e-16
1.775790e-07 1.762700e-16
1.783980e-07 1.803800e-16
1.796350e-07 1.973300e-16
1.804640e-07 1.941700e-16
1.812970e-07 1.762700e-16
1.825540e-07 1.812100e-16
1.833960e-07 1.730600e-16
1.846680e-07 1.556600e-16
1.855200e-07 1.578300e-16
1.863760e-07 1.660300e-16
1.876680e-07 1.808000e-16
1.885350e-07 1.656500e-16
1.894050e-07 1.618800e-16
1.907180e-07 1.710800e-16
1.915980e-07 1.637500e-16
1.924820e-07 1.585600e-16
1.933710e-07 1.571000e-16
1.947110e-07 1.750600e-16
1.956100e-07 1.641300e-16
1.965130e-07 1.845800e-16
1.974200e-07 1.867200e-16
1.983310e-07 1.812100e-16
1.997060e-07 1.766800e-16
2.006280e-07 1.808000e-16
2.015540e-07 1.742600e-16
2.024840e-07 1.779000e-16
2.034190e-07 1.754600e-16
2.043580e-07 1.862900e-16
2.053010e-07 1.750600e-16
2.067240e-07 1.738600e-16
2.072010e-07 1.915100e-16
2.076780e-07 2.239700e-16
2.086370e-07 2.542100e-16
2.096000e-07 2.361500e-16
2.105670e-07 2.313100e-16
2.115390e-07 2.416500e-16
2.125160e-07 2.329100e-16
2.134970e-07 2.138900e-16
2.144820e-07 2.433300e-16
2.154720e-07 2.513000e-16
2.164670e-07 2.307700e-16
2.174660e-07 2.318400e-16
2.184700e-07 2.542100e-16
2.194780e-07 2.589300e-16
2.204910e-07 2.507200e-16
2.215090e-07 2.129100e-16
2.225310e-07 2.219200e-16
2.235580e-07 2.686500e-16
2.245900e-07 2.547900e-16
2.256270e-07 2.153700e-16
2.266680e-07 2.129100e-16
2.277150e-07 2.319400e-16
2.282400e-07 2.719700e-16
2.292930e-07 2.397800e-16
2.303510e-07 2.667500e-16
2.314150e-07 2.341000e-16
2.324830e-07 1.760800e-16
2.335560e-07 1.832300e-16
2.346340e-07 1.525100e-16
2.357170e-07 2.165800e-16
2.362600e-07 1.584000e-16
2.373510e-07 1.828400e-16
2.384460e-07 1.394300e-16
2.395470e-07 1.605700e-16
2.406530e-07 1.566700e-16
2.417640e-07 1.735000e-16
2.423210e-07 2.395800e-16
2.434390e-07 2.397500e-16
2.445630e-07 2.729400e-16
2.456920e-07 2.846900e-16
2.462580e-07 2.561700e-16
2.473950e-07 2.365100e-16
2.485370e-07 1.901800e-16
2.496840e-07 2.006700e-16
2.502600e-07 2.796700e-16
2.514150e-07 1.648000e-16
2.519940e-07 1.514000e-16
2.525750e-07 1.553400e-16
2.537410e-07 1.988800e-16
2.543260e-07 2.073800e-16
2.555000e-07 3.192100e-16
2.566790e-07 2.520000e-16
2.572710e-07 3.044900e-16
2.584590e-07 2.779000e-16
2.596520e-07 2.554000e-16
2.602500e-07 2.298200e-16
2.614510e-07 2.146400e-16
2.626580e-07 2.723000e-16
2.632640e-07 4.151600e-16
2.644790e-07 5.527700e-16
2.657000e-07 7.343100e-16
2.663120e-07 4.688600e-16
2.675410e-07 5.375000e-16
2.687760e-07 6.007800e-16
2.693960e-07 4.752100e-16
2.706390e-07 5.757400e-16
2.712630e-07 4.359100e-16
2.725150e-07 3.738800e-16
2.737730e-07 4.477900e-16
2.744040e-07 2.662300e-16
2.756710e-07 3.338800e-16
2.763060e-07 4.166500e-16
2.775820e-07 4.509300e-16
2.782220e-07 3.064000e-16
2.795060e-07 1.643000e-16
2.807960e-07 1.918600e-16
2.814430e-07 4.170200e-16
2.827420e-07 5.881800e-16
2.833940e-07 5.830200e-16
2.847020e-07 4.819900e-16
2.853590e-07 3.237600e-16
2.866760e-07 6.420500e-16
2.873370e-07 7.938700e-16
2.886630e-07 7.163200e-16
2.893280e-07 8.208900e-16
2.913340e-07 1.093500e-15
2.926790e-07 9.664700e-16
2.947070e-07 9.135500e-16
2.967500e-07 9.937600e-16
2.988070e-07 1.006500e-15
3.008780e-07 1.040800e-15
3.029640e-07 1.088800e-15
3.050640e-07 1.123300e-15
3.071790e-07 1.210800e-15
3.093080e-07 1.232100e-15
3.107360e-07 1.364600e-15
3.128890e-07 1.295900e-15
3.150580e-07 1.300600e-15
3.172420e-07 1.398700e-15
3.187070e-07 1.213700e-15
3.209160e-07 1.360500e-15
3.231400e-07 1.141000e-15
3.246320e-07 1.547700e-15
3.268820e-07 1.787600e-15
3.291480e-07 1.745300e-15
3.306670e-07 1.695400e-15
3.321930e-07 1.700900e-15
3.329590e-07 1.904900e-15
3.337270e-07 1.766400e-15
3.344960e-07 1.787600e-15
3.352670e-07 1.631100e-15
3.360400e-07 1.856500e-15
3.368150e-07 1.848800e-15
3.375910e-07 1.482800e-15
3.383690e-07 1.486900e-15
3.391490e-07 1.859900e-15
3.399310e-07 1.935100e-15
3.407150e-07 1.853100e-15
3.415000e-07 1.795200e-15
3.422870e-07 2.076400e-15
3.430760e-07 1.921000e-15
3.438670e-07 1.953100e-15
3.446600e-07 1.361200e-15
3.454550e-07 1.914900e-15
3.462510e-07 1.582500e-15
3.470490e-07 1.838900e-15
3.478490e-07 1.474900e-15
3.486510e-07 1.729700e-15
3.494550e-07 1.611300e-15
3.502600e-07 2.006300e-15
3.510680e-07 1.984300e-15
3.518770e-07 1.785700e-15
3.526880e-07 1.655800e-15
3.535010e-07 1.973500e-15
3.543160e-07 2.215300e-15
3.551330e-07 2.176000e-15
3.559520e-07 2.083800e-15
3.567720e-07 1.954700e-15
3.575950e-07 1.672200e-15
3.584190e-07 1.356800e-15
3.592450e-07 1.620700e-15
3.600730e-07 2.253900e-15
3.609030e-07 1.837100e-15
3.617350e-07 2.034000e-15
3.625690e-07 2.111400e-15
3.630580e-07 2.136300e-15
3.633290e-07 2.961100e-15
3.636010e-07 3.030600e-15
3.638720e-07 1.514700e-15
3.641440e-07 2.300700e-15
3.644150e-07 2.235000e-15
3.646860e-07 1.627900e-15
3.649580e-07 1.639600e-15
3.652290e-07 1.453700e-15
3.655010e-07 1.228100e-15
3.657720e-07 2.334900e-15
3.660440e-07 2.226900e-15
3.663150e-07 3.199600e-15
3.665870e-07 2.511200e-15
3.668580e-07 2.515500e-15
3.671300e-07 2.448200e-15
3.674010e-07 2.430600e-15
3.676730e-07 2.622400e-15
3.679440e-07 1.077600e-15
3.682160e-07 1.715500e-15
3.684870e-07 1.693600e-15
3.687590e-07 1.650400e-15
3.690300e-07 1.934600e-15
3.693010e-07 2.440800e-15
3.695730e-07 2.356000e-15
3.698440e-07 3.442900e-15
3.701160e-07 2.779700e-15
3.703870e-07 2.114100e-15
3.706590e-07 1.329200e-15
3.709300e-07 2.358600e-15
3.712020e-07 2.264900e-15
3.714730e-07 2.637600e-15
3.717450e-07 2.569000e-15
3.720160e-07 2.923000e-15
3.722880e-07 1.452100e-15
3.725590e-07 2.144600e-15
3.728310e-07 2.783900e-15
3.731020e-07 3.671400e-15
3.733740e-07 2.451000e-15
3.736450e-07 1.505200e-15
3.739160e-07 2.134000e-15
3.741880e-07 2.511200e-15
3.744590e-07 1.455500e-15
3.747310e-07 7.281400e-16
3.750020e-07 6.272300e-16
3.752740e-07 2.003600e-15
3.755450e-07 1.311300e-15
3.758170e-07 1.070000e-15
3.760880e-07 2.497900e-15
3.763600e-07 2.649800e-15
3.766310e-07 1.855400e-15
3.769030e-07 1.250000e-15
3.771740e-07 1.760100e-15
3.774460e-07 1.844100e-15
3.777170e-07 2.856800e-15
3.779890e-07 3.326800e-15
3.782600e-07 3.930400e-15
3.785310e-07 2.646900e-15
3.788030e-07 1.813500e-15
3.790740e-07 1.829400e-15
3.793460e-07 1.978800e-15
3.796170e-07 2.392200e-15
3.798890e-07 2.276200e-15
3.801600e-07 1.580400e-15
3.804320e-07 2.360300e-15
3.807030e-07 2.249100e-15
3.809750e-07 2.501200e-15
3.812460e-07 2.390200e-15
3.815180e-07 2.746200e-15
3.817890e-07 2.813500e-15
3.820610e-07 2.459200e-15
3.823320e-07 2.408000e-15
3.826040e-07 2.043900e-15
3.828750e-07 1.998100e-15
3.831460e-07 1.714600e-15
3.834180e-07 1.815000e-15
3.836890e-07 1.858700e-15
3.839610e-07 1.802200e-15
3.842320e-07 1.677200e-15
3.845040e-07 2.574900e-15
3.847750e-07 3.014600e-15
3.850470e-07 2.547100e-15
3.853180e-07 2.775400e-15
3.855900e-07 3.154900e-15
3.858610e-07 2.401100e-15
3.861330e-07 2.689600e-15
3.864040e-07 3.231900e-15
3.866760e-07 2.926400e-15
3.869470e-07 3.446700e-15
3.872190e-07 3.041900e-15
3.874900e-07 2.699600e-15
3.877610e-07 2.700700e-15
3.880330e-07 2.486100e-15
3.883040e-07 2.222900e-15
3.885760e-07 2.449300e-15
3.888470e-07 2.162700e-15
3.891190e-07 2.033800e-15
3.893900e-07 2.585300e-15
3.896620e-07 2.364300e-15
3.899330e-07 2.398100e-15
3.902050e-07 3.363800e-15
3.904760e-07 2.807800e-15
3.907480e-07 3.449200e-15
3.910190e-07 3.386400e-15
3.912910e-07 3.912200e-15
3.915620e-07 3.003100e-15
3.918340e-07 2.799200e-15
3.921050e-07 3.343000e-15
3.923760e-07 2.633700e-15
3.926480e-07 2.353200e-15
3.929190e-07 2.985800e-15
3.931910e-07 2.102700e-15
3.934620e-07 9.635600e-16
3.937340e-07 1.969400e-15
3.940050e-07 1.599600e-15
3.942770e-07 2.318800e-15
3.945480e-07 3.113200e-15
3.948200e-07 3.120500e-15
3.950910e-07 2.652000e-15
3.953630e-07 2.942400e-15
3.956340e-07 3.126300e-15
3.959060e-07 3.041600e-15
3.961770e-07 2.799300e-15
3.964490e-07 2.572000e-15
3.967200e-07 1.698400e-15
3.969920e-07 1.351000e-15
3.972630e-07 1.040700e-15
3.975340e-07 1.429500e-15
3.978060e-07 2.689500e-15
3.980770e-07 2.799400e-15
3.983490e-07 3.356600e-15
3.986200e-07 3.473900e-15
3.988920e-07 2.587500e-15
3.991630e-07 3.294100e-15
3.994350e-07 3.236700e-15
3.997060e-07 3.735900e-15
3.999780e-07 3.794700e-15
4.002490e-07 3.571300e-15
4.005210e-07 3.792500e-15
4.007920e-07 3.471000e-15
4.010640e-07 4.074400e-15
4.013350e-07 4.280400e-15
4.016070e-07 4.927000e-15
4.018780e-07 4.167700e-15
4.021490e-07 3.932700e-15
4.024210e-07 4.321700e-15
4.026920e-07 4.094900e-15
4.029640e-07 3.922600e-15
4.032350e-07 3.666400e-15
4.035070e-07 3.810400e-15
4.037780e-07 3.722100e-15
4.040500e-07 3.044300e-15
4.043210e-07 4.062600e-15
4.045930e-07 3.894200e-15
4.048640e-07 4.306700e-15
4.051360e-07 3.653600e-15
4.054070e-07 4.553900e-15
4.056790e-07 3.397600e-15
4.059500e-07 3.345300e-15
4.062220e-07 3.425400e-15
4.064930e-07 4.044300e-15
4.067640e-07 3.774600e-15
4.070360e-07 3.384600e-15
4.073070e-07 3.314400e-15
4.075790e-07 2.831200e-15
4.078500e-07 3.992900e-15
4.081220e-07 3.428600e-15
4.083930e-07 3.863800e-15
4.086650e-07 3.073700e-15
4.089360e-07 3.646200e-15
4.092080e-07 3.928100e-15
4.094790e-07 3.619000e-15
4.097510e-07 3.158900e-15
4.100220e-07 3.662500e-15
4.102940e-07 3.009400e-15
4.105650e-07 2.815300e-15
4.108370e-07 2.831600e-15
4.111080e-07 3.328300e-15
4.113790e-07 3.878100e-15
4.116510e-07 3.947000e-15
4.119220e-07 3.600800e-15
4.121940e-07 3.726800e-15
4.124650e-07 4.063600e-15
4.127370e-07 4.018300e-15
4.130080e-07 4.162300e-15
4.132800e-07 4.030500e-15
4.135510e-07 3.630800e-15
4.138230e-07 4.391200e-15
4.140940e-07 3.998300e-15
4.143660e-07 3.572000e-15
4.146370e-07 3.914800e-15
4.149090e-07 3.741000e-15
4.151800e-07 3.071800e-15
4.154520e-07 3.699300e-15
4.157230e-07 4.150200e-15
4.159940e-07 4.193800e-15
4.162660e-07 3.138500e-15
4.165370e-07 4.038200e-15
4.168090e-07 3.644900e-15
4.170800e-07 3.593300e-15
4.173520e-07 2.919400e-15
4.176230e-07 3.518300e-15
4.178950e-07 4.153500e-15
4.181660e-07 3.800100e-15
4.184380e-07 3.964800e-15
4.187090e-07 3.786600e-15
4.189810e-07 3.968700e-15
4.192520e-07 3.648500e-15
4.195240e-07 3.939500e-15
4.197950e-07 3.576400e-15
4.200670e-07 3.495200e-15
4.203380e-07 3.916400e-15
4.206090e-07 4.080200e-15
4.208810e-07 3.972600e-15
4.211520e-07 3.879700e-15
4.214240e-07 3.758800e-15
4.216950e-07 4.058600e-15
4.219670e-07 3.981600e-15
4.222380e-07 4.122200e-15
4.225100e-07 4.131400e-15
4.227810e-07 4.128800e-15
4.230530e-07 3.702200e-15
4.233240e-07 4.132800e-15
4.235960e-07 4.048200e-15
4.238670e-07 4.288200e-15
4.241390e-07 4.140700e-15
4.244100e-07 4.199100e-15
4.246820e-07 4.436300e-15
4.249530e-07 4.419600e-15
4.252250e-07 4.070800e-15
4.254960e-07 4.140600e-15
4.257670e-07 4.077800e-15
4.260390e-07 3.978700e-15
4.263100e-07 3.691900e-15
4.265820e-07 3.953300e-15
4.268530e-07 3.954100e-15
4.271250e-07 3.325000e-15
4.273960e-07 4.179000e-15
4.276680e-07 4.052900e-15
4.279390e-07 3.985800e-15
4.282110e-07 4.058100e-15
4.284820e-07 4.265500e-15
4.287540e-07 4.203400e-15
4.290250e-07 3.884600e-15
4.292970e-07 3.996000e-15
4.295680e-07 3.562300e-15
4.298400e-07 3.913300e-15
4.301110e-07 3.495500e-15
4.303820e-07 3.449400e-15
4.306540e-07 3.911800e-15
4.309250e-07 3.778300e-15
4.311970e-07 3.293000e-15
4.314680e-07 3.465900e-15
4.317400e-07 3.824600e-15
4.320110e-07 4.029300e-15
4.322830e-07 4.092100e-15
4.325540e-07 4.459300e-15
4.328260e-07 3.896000e-15
4.330970e-07 4.145900e-15
4.333690e-07 4.094600e-15
4.336400e-07 4.269500e-15
4.339120e-07 4.014100e-15
4.341830e-07 3.992900e-15
4.344550e-07 3.905500e-15
4.347260e-07 3.972200e-15
4.349970e-07 3.900000e-15
4.352690e-07 3.825000e-15
4.355400e-07 3.989000e-15
4.358120e-07 4.347000e-15
4.360830e-07 4.525200e-15
4.363550e-07 4.337500e-15
4.366260e-07 4.439400e-15
4.368980e-07 4.149700e-15
4.371690e-07 4.280700e-15
4.374410e-07 4.368400e-15
4.377120e-07 4.609500e-15
4.379840e-07 4.525200e-15
4.382550e-07 4.063300e-15
4.385270e-07 3.946800e-15
4.387980e-07 4.119900e-15
4.390700e-07 4.083500e-15
4.393410e-07 4.137000e-15
4.396120e-07 4.720400e-15
4.398840e-07 4.638500e-15
4.401550e-07 4.360500e-15
4.404270e-07 4.411600e-15
4.406980e-07 4.322200e-15
4.409700e-07 4.429200e-15
4.412410e-07 4.986700e-15
4.415130e-07 4.416600e-15
4.417840e-07 4.653100e-15
4.420560e-07 4.524700e-15
4.423270e-07 4.700500e-15
4.425990e-07 4.533600e-15
4.428700e-07 4.695300e-15
4.431420e-07 4.560300e-15
4.434130e-07 4.010900e-15
4.436850e-07 4.629600e-15
4.439560e-07 4.936600e-15
4.442270e-07 4.786000e-15
4.444990e-07 4.497600e-15
4.447700e-07 4.285500e-15
4.450420e-07 4.263500e-15
4.453130e-07 4.434900e-15
4.455850e-07 4.608400e-15
4.458560e-07 4.865600e-15
4.461280e-07 4.234200e-15
4.463990e-07 4.519400e-15
4.466710e-07 4.569600e-15
4.469420e-07 4.663600e-15
4.472140e-07 4.714000e-15
4.474850e-07 5.100000e-15
4.477570e-07 5.608400e-15
4.480280e-07 5.309800e-15
4.483000e-07 4.719400e-15
4.485710e-07 4.660300e-15
4.488420e-07 4.805900e-15
4.491140e-07 4.576400e-15
4.493850e-07 4.415300e-15
4.496570e-07 5.085100e-15
4.499280e-07 5.194800e-15
4.502000e-07 4.773500e-15
4.504710e-07 4.810800e-15
4.507430e-07 4.775000e-15
4.510140e-07 4.866800e-15
4.512860e-07 4.626800e-15
4.515570e-07 4.833300e-15
4.518290e-07 4.948900e-15
4.521000e-07 4.981700e-15
4.523720e-07 5.243800e-15
4.526430e-07 4.828000e-15
4.529150e-07 4.827300e-15
4.531860e-07 4.675000e-15
4.534580e-07 4.660600e-15
4.537290e-07 4.658800e-15
4.540000e-07 5.005000e-15
4.542720e-07 4.848300e-15
4.545430e-07 4.861800e-15
4.548150e-07 4.688700e-15
4.550860e-07 5.063500e-15
4.553580e-07 4.424400e-15
4.556290e-07 4.774800e-15
4.559010e-07 5.075600e-15
4.561720e-07 5.193000e-15
4.564440e-07 4.828900e-15
4.567150e-07 4.647000e-15
4.569870e-07 5.191900e-15
4.572580e-07 4.909400e-15
4.575300e-07 5.148800e-15
4.578010e-07 4.988900e-15
4.580730e-07 5.461700e-15
4.583440e-07 4.868600e-15
4.586150e-07 5.135500e-15
4.588870e-07 5.131700e-15
4.591580e-07 4.885600e-15
4.594300e-07 5.320600e-15
4.597010e-07 5.487400e-15
4.599730e-07 5.275100e-15
4.602440e-07 4.265900e-15
4.605160e-07 5.086200e-15
4.607870e-07 4.558000e-15
4.610590e-07 5.116500e-15
4.613300e-07 5.317400e-15
4.616020e-07 5.453400e-15
4.618730e-07 4.863600e-15
4.621450e-07 5.541500e-15
4.624160e-07 5.448800e-15
4.626880e-07 4.792100e-15
4.629590e-07 5.571400e-15
4.632300e-07 5.559800e-15
4.635020e-07 5.307600e-15
4.637730e-07 5.236500e-15
4.640450e-07 5.082200e-15
4.643160e-07 5.897100e-15
4.645880e-07 4.789300e-15
4.648590e-07 4.832200e-15
4.651310e-07 5.191200e-15
4.654020e-07 5.164000e-15
4.656740e-07 5.483400e-15
4.659450e-07 5.186900e-15
4.662170e-07 4.945800e-15
4.664880e-07 5.037500e-15
4.667600e-07 5.125900e-15
4.670310e-07 5.121200e-15
4.673030e-07 5.032000e-15
4.675740e-07 4.689000e-15
4.678450e-07 5.153600e-15
4.681170e-07 5.152800e-15
4.683880e-07 5.402300e-15
4.686600e-07 4.987000e-15
4.689310e-07 5.289000e-15
4.692030e-07 5.164600e-15
4.694740e-07 4.973100e-15
4.697460e-07 4.971500e-15
4.700170e-07 5.079700e-15
4.702890e-07 5.005500e-15
4.705600e-07 5.168900e-15
4.708320e-07 5.143300e-15
4.711030e-07 5.146600e-15
4.713750e-07 4.816900e-15
4.716460e-07 5.095600e-15
4.719180e-07 5.507000e-15
4.721890e-07 5.778100e-15
4.724600e-07 5.293200e-15
4.727320e-07 5.343400e-15
4.730030e-07 5.635300e-15
4.732750e-07 5.166300e-15
4.735460e-07 4.677500e-15
4.738180e-07 5.469900e-15
4.740890e-07 5.579500e-15
4.743610e-07 5.353100e-15
4.746320e-07 5.727600e-15
4.749040e-07 4.960400e-15
4.751750e-07 5.141500e-15
4.754470e-07 5.543600e-15
4.757180e-07 5.128900e-15
4.759900e-07 5.793500e-15
4.762610e-07 5.154600e-15
4.765330e-07 4.962900e-15
4.768040e-07 5.257800e-15
4.770750e-07 5.494100e-15
4.773470e-07 5.155800e-15
4.776180e-07 5.335400e-15
4.778900e-07 5.472000e-15
4.781610e-07 5.525600e-15
4.784330e-07 5.293100e-15
4.787040e-07 5.430900e-15
4.789760e-07 5.544000e-15
4.792470e-07 5.188600e-15
4.795190e-07 5.388600e-15
4.797900e-07 5.511500e-15
4.800620e-07 5.583800e-15
4.803330e-07 5.080200e-15
4.806050e-07 5.422900e-15
4.808760e-07 5.521900e-15
4.811480e-07 5.523200e-15
4.814190e-07 5.563700e-15
4.816910e-07 5.407000e-15
4.819620e-07 5.405200e-15
4.822330e-07 5.740800e-15
4.825050e-07 5.543600e-15
4.827760e-07 5.589500e-15
4.830480e-07 5.551400e-15
4.833190e-07 5.252300e-15
4.835910e-07 5.617500e-15
4.838620e-07 5.203700e-15
4.841340e-07 5.327600e-15
4.844050e-07 5.406600e-15
4.846770e-07 5.206100e-15
4.849480e-07 5.310900e-15
4.852200e-07 5.065800e-15
4.854910e-07 4.567100e-15
4.857630e-07 4.938400e-15
4.860340e-07 4.676800e-15
4.863060e-07 4.529600e-15
4.865770e-07 4.036500e-15
4.868480e-07 4.554800e-15
4.871200e-07 4.605300e-15
4.873910e-07 4.684800e-15
4.876630e-07 4.527400e-15
4.879340e-07 4.709100e-15
4.882060e-07 4.894200e-15
4.884770e-07 5.188500e-15
4.887490e-07 4.980800e-15
4.890200e-07 4.883400e-15
4.892920e-07 5.068800e-15
4.895630e-07 5.323200e-15
4.898350e-07 5.356200e-15
4.901060e-07 5.387000e-15
4.903780e-07 5.569800e-15
4.906490e-07 5.242100e-15
4.909210e-07 5.275300e-15
4.911920e-07 4.981800e-15
4.914630e-07 4.932300e-15
4.917350e-07 5.355100e-15
4.920060e-07 5.049100e-15
4.922780e-07 4.830800e-15
4.925490e-07 5.069600e-15
4.928210e-07 5.159200e-15
4.930920e-07 5.419600e-15
4.933640e-07 4.768300e-15
4.936350e-07 5.177000e-15
4.939070e-07 5.466400e-15
4.941780e-07 5.260200e-15
4.944500e-07 5.599800e-15
4.947210e-07 5.502800e-15
4.949930e-07 5.677200e-15
4.952640e-07 5.129300e-15
4.955360e-07 5.573800e-15
4.958070e-07 5.934200e-15
4.960780e-07 7.331700e-15
4.963500e-07 7.863900e-15
4.966210e-07 6.847500e-15
4.968930e-07 5.630500e-15
4.971640e-07 5.571900e-15
4.974360e-07 5.605900e-15
4.977070e-07 5.498900e-15
4.979790e-07 5.378800e-15
4.982500e-07 5.311200e-15
4.985220e-07 5.165500e-15
4.987930e-07 5.391900e-15
4.990650e-07 5.378000e-15
4.993360e-07 5.157700e-15
4.996080e-07 5.217000e-15
4.998790e-07 5.115300e-15
5.001510e-07 5.451800e-15
5.004220e-07 5.166700e-15
5.006930e-07 5.224800e-15
5.009650e-07 5.309200e-15
5.012360e-07 5.339600e-15
5.015080e-07 5.273800e-15
5.017790e-07 4.926700e-15
5.020510e-07 4.933500e-15
5.023220e-07 5.209300e-15
5.025940e-07 5.114200e-15
5.028650e-07 5.229700e-15
5.031370e-07 5.278000e-15
5.034080e-07 5.146800e-15
5.036800e-07 5.120800e-15
5.039510e-07 5.183200e-15
5.042230e-07 5.067500e-15
5.044940e-07 5.331500e-15
5.047660e-07 5.110700e-15
5.050370e-07 5.096700e-15
5.053080e-07 4.968000e-15
5.055800e-07 5.126500e-15
5.058510e-07 5.827000e-15
5.061230e-07 5.852700e-15
5.063940e-07 5.865200e-15
5.066660e-07 5.726000e-15
5.069370e-07 5.310200e-15
5.072090e-07 5.167100e-15
5.074800e-07 5.229400e-15
5.077520e-07 5.243700e-15
5.080230e-07 5.434100e-15
5.082950e-07 5.398400e-15
5.085660e-07 5.134300e-15
5.088380e-07 5.124500e-15
5.091090e-07 5.340200e-15
5.093810e-07 5.633500e-15
5.096520e-07 5.295200e-15
5.099240e-07 5.615700e-15
5.101950e-07 5.918600e-15
5.104660e-07 5.899500e-15
5.107380e-07 5.633200e-15
5.110090e-07 5.706100e-15
5.112810e-07 5.567700e-15
5.115520e-07 5.508800e-15
5.118240e-07 5.447600e-15
5.120950e-07 5.440000e-15
5.123670e-07 5.401000e-15
5.126380e-07 5.107400e-15
5.129100e-07 5.150900e-15
5.131810e-07 4.895400e-15
5.134530e-07 5.129000e-15
5.137240e-07 5.212700e-15
5.139960e-07 5.195900e-15
5.142670e-07 5.192300e-15
5.145390e-07 5.183100e-15
5.148100e-07 4.870100e-15
5.150810e-07 5.151800e-15
5.153530e-07 5.057900e-15
5.156240e-07 5.267100e-15
5.158960e-07 5.329000e-15
5.161670e-07 5.212300e-15
5.164390e-07 5.156700e-15
5.167100e-07 4.711900e-15
5.169820e-07 4.575300e-15
5.172530e-07 4.300200e-15
5.175250e-07 4.237300e-15
5.177960e-07 4.847700e-15
5.180680e-07 5.055100e-15
5.183390e-07 4.683400e-15
5.186110e-07 4.573600e-15
5.188820e-07 4.596800e-15
5.191540e-07 4.927700e-15
5.194250e-07 5.439000e-15
5.196960e-07 5.198700e-15
5.199680e-07 5.163700e-15
5.202390e-07 5.214100e-15
5.205110e-07 5.085500e-15
5.207820e-07 5.091900e-15
5.210540e-07 5.173300e-15
5.213250e-07 4.852900e-15
5.215970e-07 4.963300e-15
5.218680e-07 5.080800e-15
5.221400e-07 5.180400e-15
5.224110e-07 5.383100e-15
5.226830e-07 5.286400e-15
5.229540e-07 5.179800e-15
5.232260e-07 5.127900e-15
5.234970e-07 5.058800e-15
5.237690e-07 5.422800e-15
5.240400e-07 5.564300e-15
5.243110e-07 5.505500e-15
5.245830e-07 6.099600e-15
5.248540e-07 6.080200e-15
5.251260e-07 5.603400e-15
5.253970e-07 5.365400e-15
5.256690e-07 5.832600e-15
5.259400e-07 5.670600e-15
5.262120e-07 5.682700e-15
5.264830e-07 5.471100e-15
5.267550e-07 5.381300e-15
5.270260e-07 5.434500e-15
5.272980e-07 5.751400e-15
5.275690e-07 5.879300e-15
5.278410e-07 6.150800e-15
5.281120e-07 5.921400e-15
5.283840e-07 5.823400e-15
5.286550e-07 5.634700e-15
5.289260e-07 5.903400e-15
5.291980e-07 5.981300e-15
5.294690e-07 5.900400e-15
5.297410e-07 5.774800e-15
5.300120e-07 5.537800e-15
5.302840e-07 5.497000e-15
5.305550e-07 5.667400e-15
5.308270e-07 5.938500e-15
5.310980e-07 6.238800e-15
5.313700e-07 5.882000e-15
5.316410e-07 5.872600e-15
5.319130e-07 5.327900e-15
5.321840e-07 5.508200e-15
5.324560e-07 5.597200e-15
5.327270e-07 5.101100e-15
5.329990e-07 5.527500e-15
5.332700e-07 5.516200e-15
5.335410e-07 5.208200e-15
5.338130e-07 5.515300e-15
5.340840e-07 5.558800e-15
5.343560e-07 5.191000e-15
5.346270e-07 5.394100e-15
5.348990e-07 5.764000e-15
5.351700e-07 5.564100e-15
5.354420e-07 5.336800e-15
5.357130e-07 5.720300e-15
5.359850e-07 5.974900e-15
5.362560e-07 5.566600e-15
5.365280e-07 5.720100e-15
5.367990e-07 5.670700e-15
5.370710e-07 5.542900e-15
5.373420e-07 5.684100e-15
5.376140e-07 6.081800e-15
5.378850e-07 6.172500e-15
5.381570e-07 5.549800e-15
5.384280e-07 5.375500e-15
5.386990e-07 5.429800e-15
5.389710e-07 5.537100e-15
5.392420e-07 5.824300e-15
5.395140e-07 5.657300e-15
5.397850e-07 5.490500e-15
5.400570e-07 5.532000e-15
5.403280e-07 5.604900e-15
5.406000e-07 5.627300e-15
5.408710e-07 5.368200e-15
5.411430e-07 5.579200e-15
5.414140e-07 5.588600e-15
5.416860e-07 5.541100e-15
5.419570e-07 6.063800e-15
5.422290e-07 6.089000e-15
5.425000e-07 5.900900e-15
5.427720e-07 5.486700e-15
5.430430e-07 5.999000e-15
5.433140e-07 5.905600e-15
5.435860e-07 5.305700e-15
5.438570e-07 6.007600e-15
5.441290e-07 5.948300e-15
5.444000e-07 5.763400e-15
5.446720e-07 5.872100e-15
5.449430e-07 5.876800e-15
5.452150e-07 5.864700e-15
5.454860e-07 5.916000e-15
5.457580e-07 5.977300e-15
5.460290e-07 5.687400e-15
5.463010e-07 6.237300e-15
5.465720e-07 6.064600e-15
5.468440e-07 6.216900e-15
5.471150e-07 6.187400e-15
5.473870e-07 5.810700e-15
5.476580e-07 5.634400e-15
5.479290e-07 5.849400e-15
5.482010e-07 5.277200e-15
5.484720e-07 5.459200e-15
5.487440e-07 5.468300e-15
5.490150e-07 5.734800e-15
5.492870e-07 5.712900e-15
5.495580e-07 5.403900e-15
5.498300e-07 5.279100e-15
5.501010e-07 5.611900e-15
5.503730e-07 6.067100e-15
5.506440e-07 5.249800e-15
5.509160e-07 5.229800e-15
5.511870e-07 6.077400e-15
5.514590e-07 5.596100e-15
5.517300e-07 5.483400e-15
5.520020e-07 5.803400e-15
5.522730e-07 5.469900e-15
5.525440e-07 5.830200e-15
5.528160e-07 5.680200e-15
5.530870e-07 5.494200e-15
5.533590e-07 5.735900e-15
5.536300e-07 6.143000e-15
5.539020e-07 6.002600e-15
5.541730e-07 5.889700e-15
5.544450e-07 6.014700e-15
5.547160e-07 5.916700e-15
5.549880e-07 5.851700e-15
5.552590e-07 6.000400e-15
5.555310e-07 6.307400e-15
5.558020e-07 6.070100e-15
5.560740e-07 5.788600e-15
5.563450e-07 6.186000e-15
5.566170e-07 5.624000e-15
5.568880e-07 5.559100e-15
5.571590e-07 6.093800e-15
5.574310e-07 5.620400e-15
5.577020e-07 6.024400e-15
5.579740e-07 5.911600e-15
5.582450e-07 5.615000e-15
5.585170e-07 5.600700e-15
5.587880e-07 5.620600e-15
5.590600e-07 5.373100e-15
5.593310e-07 5.505100e-15
5.596030e-07 5.971100e-15
5.598740e-07 5.117300e-15
5.601460e-07 5.586000e-15
5.604170e-07 5.540900e-15
5.606890e-07 5.865200e-15
5.609600e-07 5.548200e-15
5.612320e-07 6.319600e-15
5.615030e-07 5.704000e-15
5.617740e-07 6.285300e-15
5.620460e-07 5.549300e-15
5.623170e-07 5.823700e-15
5.625890e-07 5.611300e-15
5.628600e-07 5.666300e-15
5.631320e-07 5.869600e-15
5.634030e-07 5.524000e-15
5.636750e-07 5.804200e-15
5.639460e-07 5.439300e-15
5.642180e-07 5.928700e-15
5.644890e-07 5.770500e-15
5.647610e-07 5.896200e-15
5.650320e-07 6.087200e-15
5.653040e-07 5.595600e-15
5.655750e-07 6.246900e-15
5.658470e-07 6.093700e-15
5.661180e-07 5.912100e-15
5.663900e-07 5.487800e-15
5.666610e-07 6.006100e-15
5.669320e-07 6.137600e-15
5.672040e-07 5.769100e-15
5.674750e-07 5.510600e-15
5.677470e-07 6.184900e-15
5.680180e-07 6.655800e-15
5.682900e-07 6.248000e-15
5.685610e-07 5.791700e-15
5.688330e-07 5.805600e-15
5.691040e-07 5.631900e-15
5.693760e-07 5.527500e-15
5.696470e-07 5.977100e-15
5.699190e-07 6.063500e-15
5.701900e-07 5.608300e-15
5.704620e-07 5.371400e-15
5.707330e-07 5.397400e-15
5.710050e-07 5.294700e-15
5.712760e-07 5.172600e-15
5.715470e-07 5.696200e-15
5.718190e-07 6.115100e-15
5.720900e-07 6.123800e-15
5.723620e-07 5.821900e-15
5.726330e-07 6.012200e-15
5.729050e-07 5.962900e-15
5.731760e-07 6.200000e-15
5.734480e-07 5.973800e-15
5.737190e-07 5.911100e-15
5.739910e-07 5.947700e-15
5.742620e-07 5.700300e-15
5.745340e-07 6.184800e-15
5.748050e-07 6.138900e-15
5.750770e-07 6.255000e-15
5.753480e-07 6.244100e-15
5.756200e-07 6.134100e-15
5.758910e-07 6.234000e-15
5.761620e-07 6.335800e-15
5.764340e-07 6.548900e-15
5.767050e-07 6.384100e-15
5.769770e-07 6.294200e-15
5.772480e-07 6.001300e-15
5.775200e-07 6.116000e-15
5.777910e-07 5.996400e-15
5.780630e-07 5.880100e-15
5.783340e-07 6.039500e-15
5.786060e-07 5.590700e-15
5.788770e-07 5.508200e-15
5.791490e-07 6.013800e-15
5.794200e-07 5.717100e-15
5.796920e-07 5.940900e-15
5.799630e-07 6.677900e-15
5.802350e-07 5.919100e-15
5.805060e-07 6.322200e-15
5.807770e-07 6.307700e-15
5.810490e-07 6.196800e-15
5.813200e-07 6.293500e-15
5.815920e-07 5.526000e-15
5.818630e-07 6.044800e-15
5.821350e-07 5.647000e-15
5.824060e-07 6.327800e-15
5.826780e-07 6.410800e-15
5.829490e-07 6.182000e-15
5.832210e-07 6.088900e-15
5.834920e-07 6.204000e-15
5.837640e-07 6.265600e-15
5.840350e-07 6.019200e-15
5.843070e-07 6.755800e-15
5.845780e-07 7.096800e-15
5.848500e-07 6.984200e-15
5.851210e-07 6.267200e-15
5.853920e-07 6.083700e-15
5.856640e-07 5.745100e-15
5.859350e-07 5.714600e-15
5.862070e-07 6.154900e-15
5.864780e-07 6.106900e-15
5.867500e-07 5.958700e-15
5.870210e-07 5.791000e-15
5.872930e-07 5.829100e-15
5.875640e-07 6.007600e-15
5.878360e-07 5.903200e-15
5.881070e-07 5.968200e-15
5.883790e-07 5.694100e-15
5.886500e-07 5.369800e-15
5.889220e-07 5.181000e-15
5.891930e-07 4.817600e-15
5.894650e-07 4.399700e-15
5.897360e-07 4.902400e-15
5.900070e-07 5.152700e-15
5.902790e-07 5.205700e-15
5.905500e-07 5.355400e-15
5.908220e-07 5.892000e-15
5.910930e-07 6.060500e-15
5.913650e-07 5.985900e-15
5.916360e-07 6.094300e-15
5.919080e-07 5.689700e-15
5.921790e-07 5.705200e-15
5.924510e-07 5.878600e-15
5.927220e-07 5.550600e-15
5.929940e-07 5.526900e-15
5.932650e-07 5.825400e-15
5.935370e-07 5.791100e-15
5.938080e-07 5.892000e-15
5.940800e-07 5.354200e-15
5.943510e-07 5.577900e-15
5.946230e-07 5.911300e-15
5.948940e-07 5.559800e-15
5.951650e-07 5.861900e-15
5.954370e-07 6.041300e-15
5.957080e-07 5.640600e-15
5.959800e-07 5.891300e-15
5.962510e-07 6.315100e-15
5.965230e-07 5.958500e-15
5.967940e-07 6.003800e-15
5.970660e-07 6.119600e-15
5.973370e-07 5.885800e-15
5.976090e-07 5.787400e-15
5.978800e-07 5.884700e-15
5.981520e-07 5.970700e-15
5.984230e-07 5.948300e-15
5.986950e-07 5.828600e-15
5.989660e-07 5.934300e-15
5.992380e-07 5.641900e-15
5.995090e-07 5.457200e-15
5.997800e-07 5.844600e-15
6.000520e-07 6.310200e-15
6.003230e-07 6.081400e-15
6.005950e-07 5.852700e-15
6.008660e-07 6.224700e-15
6.011380e-07 6.116300e-15
6.014090e-07 5.994500e-15
6.016810e-07 6.009800e-15
6.019520e-07 5.709800e-15
6.022240e-07 5.608800e-15
6.024950e-07 6.245600e-15
6.027670e-07 5.787000e-15
6.030380e-07 6.039700e-15
6.033100e-07 6.030800e-15
6.035810e-07 5.842900e-15
6.038530e-07 5.930300e-15
6.041240e-07 6.293200e-15
6.043950e-07 5.894200e-15
6.046670e-07 6.050000e-15
6.049380e-07 6.255600e-15
6.052100e-07 5.920600e-15
6.054810e-07 5.929200e-15
6.057530e-07 5.836200e-15
6.060240e-07 5.775800e-15
6.062960e-07 5.916200e-15
6.065670e-07 6.103700e-15
6.068390e-07 6.037100e-15
6.071100e-07 6.033100e-15
6.073820e-07 6.281800e-15
6.076530e-07 6.195500e-15
6.079250e-07 5.929000e-15
6.081960e-07 6.104100e-15
6.084680e-07 6.099500e-15
6.087390e-07 5.891900e-15
6.090100e-07 6.012200e-15
6.092820e-07 5.942200e-15
6.095530e-07 6.157200e-15
6.098250e-07 5.781300e-15
6.100960e-07 6.001900e-15
6.103680e-07 6.095200e-15
6.106390e-07 5.555600e-15
6.109110e-07 5.875300e-15
6.111820e-07 5.828600e-15
6.114540e-07 6.070900e-15
6.117250e-07 6.187600e-15
6.119970e-07 6.381600e-15
6.122680e-07 5.921200e-15
6.125400e-07 5.911100e-15
6.128110e-07 6.215400e-15
6.130830e-07 6.215200e-15
6.133540e-07 6.281600e-15
6.136250e-07 6.074200e-15
6.138970e-07 5.806200e-15
6.141680e-07 5.906600e-15
6.144400e-07 5.899600e-15
6.147110e-07 6.524700e-15
6.149830e-07 6.219300e-15
6.152540e-07 6.106900e-15
6.155260e-07 5.920000e-15
6.157970e-07 6.056200e-15
6.160690e-07 5.379900e-15
6.163400e-07 5.386700e-15
6.166120e-07 5.651500e-15
6.168830e-07 5.433200e-15
6.171550e-07 5.503900e-15
6.174260e-07 5.340400e-15
6.176980e-07 5.920700e-15
6.179690e-07 5.894900e-15
6.182400e-07 5.744200e-15
6.185120e-07 6.041800e-15
6.187830e-07 5.812900e-15
6.190550e-07 5.852700e-15
6.193260e-07 6.163200e-15
6.195980e-07 5.682800e-15
6.198690e-07 6.109600e-15
6.201410e-07 5.553300e-15
6.204120e-07 5.665500e-15
6.206840e-07 6.009400e-15
6.209550e-07 5.507500e-15
6.212270e-07 5.798900e-15
6.214980e-07 6.170500e-15
6.217700e-07 5.965400e-15
6.220410e-07 5.475700e-15
6.223130e-07 5.979500e-15
6.225840e-07 5.937700e-15
6.228560e-07 5.283900e-15
6.231270e-07 5.699900e-15
6.233980e-07 5.804300e-15
6.236700e-07 5.550400e-15
6.239410e-07 5.495500e-15
6.242130e-07 5.708700e-15
6.244840e-07 5.744000e-15
6.247560e-07 5.608700e-15
6.250270e-07 5.426800e-15
6.252990e-07 5.529900e-15
6.255700e-07 5.651000e-15
6.258420e-07 5.548100e-15
6.261130e-07 5.609400e-15
6.263850e-07 5.729000e-15
6.266560e-07 5.205400e-15
6.269280e-07 5.563400e-15
6.271990e-07 5.489000e-15
6.274710e-07 6.378800e-15
6.277420e-07 6.036600e-15
6.280130e-07 6.042700e-15
6.282850e-07 5.606700e-15
6.285560e-07 5.562900e-15
6.288280e-07 5.638700e-15
6.290990e-07 5.539100e-15
6.293710e-07 5.486600e-15
6.296420e-07 6.391400e-15
6.299140e-07 6.116100e-15
6.301850e-07 6.394600e-15
6.304570e-07 5.835000e-15
6.307280e-07 5.972600e-15
6.310000e-07 6.200400e-15
6.312710e-07 6.203900e-15
6.315430e-07 5.938000e-15
6.318140e-07 5.821400e-15
6.320860e-07 5.832100e-15
6.323570e-07 5.425500e-15
6.326280e-07 5.956700e-15
6.329000e-07 6.104800e-15
6.331710e-07 6.104800e-15
6.334430e-07 5.950400e-15
6.337140e-07 5.903200e-15
6.339860e-07 5.842100e-15
6.342570e-07 5.925900e-15
6.345290e-07 5.915200e-15
6.348000e-07 5.909200e-15
6.350720e-07 5.961900e-15
6.353430e-07 6.052400e-15
6.356150e-07 5.878800e-15
6.358860e-07 5.708200e-15
6.361580e-07 5.880200e-15
6.364290e-07 6.011900e-15
6.367010e-07 6.020100e-15
6.369720e-07 5.817700e-15
6.372430e-07 5.706800e-15
6.375150e-07 5.877900e-15
6.377860e-07 6.206100e-15
6.380580e-07 6.402300e-15
6.383290e-07 6.394900e-15
6.386010e-07 5.900800e-15
6.388720e-07 5.835300e-15
6.391440e-07 5.715900e-15
6.394150e-07 5.664800e-15
6.396870e-07 5.955100e-15
6.399580e-07 5.727300e-15
6.402300e-07 5.706400e-15
6.405010e-07 5.856300e-15
6.407730e-07 6.087300e-15
6.410440e-07 6.154300e-15
6.413160e-07 6.514100e-15
6.415870e-07 6.810900e-15
6.418580e-07 6.003300e-15
6.421300e-07 5.931500e-15
6.424010e-07 5.796100e-15
6.426730e-07 5.812100e-15
6.429440e-07 5.774700e-15
6.432160e-07 5.809600e-15
6.434870e-07 6.085100e-15
6.437590e-07 5.998400e-15
6.440300e-07 6.118200e-15
6.443020e-07 5.803500e-15
6.445730e-07 5.989600e-15
6.448450e-07 5.633400e-15
6.451160e-07 5.272700e-15
6.453880e-07 5.568700e-15
6.456590e-07 5.058900e-15
6.459310e-07 6.107800e-15
6.462020e-07 5.687500e-15
6.464730e-07 5.855900e-15
6.467450e-07 5.607300e-15
6.470160e-07 6.221800e-15
6.472880e-07 4.813100e-15
6.475590e-07 5.447800e-15
6.478310e-07 5.523400e-15
6.481020e-07 5.919000e-15
6.483740e-07 5.841500e-15
6.486450e-07 5.411100e-15
6.489170e-07 5.796600e-15
6.491880e-07 5.883100e-15
6.494600e-07 5.090400e-15
6.497310e-07 5.049100e-15
6.500030e-07 5.369700e-15
6.502740e-07 5.347000e-15
6.505460e-07 5.570200e-15
6.508170e-07 6.047300e-15
6.510890e-07 6.009300e-15
6.513600e-07 6.031100e-15
6.516310e-07 5.856400e-15
6.519030e-07 5.993000e-15
6.521740e-07 5.716300e-15
6.524460e-07 5.612800e-15
6.527170e-07 5.980900e-15
6.529890e-07 5.963300e-15
6.532600e-07 5.978500e-15
6.535320e-07 6.024200e-15
6.538030e-07 5.910400e-15
6.540750e-07 6.490500e-15
6.543460e-07 6.365700e-15
6.546180e-07 6.694800e-15
6.548890e-07 6.936800e-15
6.551610e-07 7.015900e-15
6.554320e-07 6.088000e-15
6.557040e-07 6.563200e-15
6.559750e-07 7.655400e-15
6.562460e-07 9.130700e-15
6.565180e-07 9.544500e-15
6.567890e-07 8.532500e-15
6.570610e-07 7.093900e-15
6.573320e-07 6.105000e-15
6.576040e-07 5.756000e-15
6.578750e-07 6.518400e-15
6.581470e-07 7.318500e-15
6.584180e-07 8.383600e-15
6.586900e-07 8.701400e-15
6.589610e-07 7.567100e-15
6.592330e-07 6.511600e-15
6.595040e-07 6.076300e-15
6.597760e-07 6.104900e-15
6.600470e-07 5.916000e-15
6.603190e-07 5.780100e-15
6.605900e-07 5.752500e-15
6.608610e-07 5.560300e-15
6.611330e-07 5.999100e-15
6.614040e-07 6.133000e-15
6.616760e-07 6.007200e-15
6.619470e-07 6.041100e-15
6.622190e-07 6.253800e-15
6.624900e-07 6.050100e-15
6.627620e-07 5.994200e-15
6.630330e-07 5.929600e-15
6.633050e-07 5.832500e-15
6.635760e-07 5.935200e-15
6.638480e-07 5.971000e-15
6.641190e-07 5.951200e-15
6.643910e-07 5.794500e-15
6.646620e-07 5.847700e-15
6.649340e-07 6.001200e-15
6.652050e-07 5.763600e-15
6.654760e-07 6.176200e-15
6.657480e-07 5.424400e-15
6.660190e-07 5.840200e-15
6.662910e-07 5.975700e-15
6.665620e-07 5.540600e-15
6.668340e-07 6.102300e-15
6.671050e-07 5.499600e-15
6.673770e-07 5.618500e-15
6.676480e-07 6.024000e-15
6.679200e-07 5.658200e-15
6.681910e-07 5.517800e-15
6.684630e-07 5.889600e-15
6.687340e-07 6.202700e-15
6.690060e-07 5.966800e-15
6.692770e-07 6.204500e-15
6.695490e-07 6.008300e-15
6.698200e-07 5.846200e-15
6.700910e-07 5.769200e-15
6.703630e-07 6.276100e-15
6.706340e-07 6.061800e-15
6.709060e-07 5.908600e-15
6.711770e-07 6.216000e-15
6.714490e-07 6.327600e-15
6.717200e-07 6.530900e-15
6.719920e-07 6.733100e-15
6.722630e-07 6.219400e-15
6.725350e-07 5.847100e-15
6.728060e-07 6.221000e-15
6.730780e-07 6.294900e-15
6.733490e-07 6.569800e-15
6.736210e-07 5.972100e-15
6.738920e-07 5.662200e-15
6.741640e-07 6.112700e-15
6.751360e-07 5.612500e-15
6.766920e-07 5.770000e-15
6.782520e-07 5.810300e-15
6.798150e-07 5.652200e-15
6.813830e-07 5.691700e-15
6.829530e-07 5.771100e-15
6.845280e-07 5.653000e-15
6.861060e-07 5.614400e-15
6.876870e-07 5.614700e-15
6.892730e-07 5.461900e-15
6.908620e-07 5.615200e-15
6.924540e-07 5.615500e-15
6.940500e-07 5.826500e-15
6.956500e-07 5.935100e-15
6.972540e-07 5.908100e-15
6.988610e-07 5.814000e-15
7.004720e-07 5.881600e-15
7.020870e-07 5.854800e-15
7.037050e-07 5.909300e-15
7.053280e-07 6.145500e-15
7.069540e-07 5.579300e-15
7.085830e-07 5.815700e-15
7.102170e-07 5.390400e-15
7.118540e-07 5.353600e-15
7.134950e-07 5.207900e-15
7.151400e-07 5.329500e-15
7.167890e-07 5.379100e-15
7.184410e-07 5.330100e-15
7.200970e-07 5.209000e-15
7.217570e-07 5.454800e-15
7.234210e-07 5.633800e-15
7.250880e-07 5.505800e-15
7.267600e-07 5.531500e-15
7.284350e-07 5.634600e-15
7.301140e-07 5.544800e-15
7.317970e-07 5.713600e-15
7.334850e-07 5.793400e-15
7.351750e-07 5.833800e-15
7.368700e-07 5.820700e-15
7.385690e-07 6.180100e-15
7.402710e-07 6.053700e-15
7.419780e-07 5.984700e-15
7.436890e-07 6.110400e-15
7.454030e-07 5.944100e-15
7.471210e-07 5.917100e-15
7.488440e-07 6.097300e-15
7.505700e-07 6.125700e-15
7.523000e-07 6.197000e-15
7.540340e-07 6.140500e-15
7.557720e-07 6.169200e-15
7.575150e-07 6.141100e-15
7.592610e-07 6.113300e-15
7.610110e-07 6.002000e-15
7.627650e-07 5.798500e-15
7.645240e-07 5.866000e-15
7.662860e-07 5.907000e-15
7.680530e-07 5.693600e-15
7.698230e-07 5.707100e-15
7.715980e-07 5.668100e-15
7.733770e-07 5.616400e-15
7.751590e-07 5.590900e-15
7.769460e-07 5.617000e-15
7.787370e-07 5.540300e-15
7.805320e-07 5.527800e-15
7.823320e-07 5.788700e-15
7.841350e-07 5.477700e-15
7.859430e-07 5.644500e-15
7.877550e-07 5.710200e-15
7.895710e-07 5.776600e-15
7.913910e-07 5.671500e-15
7.932150e-07 5.555500e-15
7.950440e-07 5.441800e-15
7.968770e-07 5.633400e-15
7.987130e-07 5.633700e-15
8.005540e-07 5.556700e-15
8.024000e-07 5.845800e-15
8.042500e-07 5.913800e-15
8.061040e-07 5.873400e-15
8.079620e-07 5.635300e-15
8.098250e-07 5.753600e-15
8.116910e-07 5.807200e-15
8.135620e-07 5.861300e-15
8.154380e-07 5.754600e-15
8.173180e-07 5.445500e-15
8.192020e-07 5.383500e-15
8.210910e-07 5.650500e-15
8.229830e-07 5.612000e-15
8.248800e-07 5.931200e-15
8.267820e-07 5.809900e-15
8.286880e-07 5.717300e-15
8.305980e-07 5.652200e-15
8.325130e-07 5.744400e-15
8.344320e-07 5.536900e-15
8.363560e-07 5.705500e-15
8.382830e-07 5.666500e-15
8.402160e-07 5.772200e-15
8.421530e-07 5.512800e-15
8.440940e-07 5.746400e-15
8.460400e-07 5.538900e-15
8.479910e-07 5.413100e-15
8.499450e-07 5.629500e-15
8.519050e-07 5.552600e-15
8.538690e-07 5.464200e-15
8.558370e-07 5.158800e-15
8.578100e-07 5.528100e-15
8.597870e-07 5.541200e-15
8.617690e-07 5.516000e-15
8.637560e-07 5.554600e-15
8.657470e-07 5.304900e-15
8.677430e-07 5.172600e-15
8.697430e-07 4.917400e-15
8.717480e-07 5.442000e-15
8.737580e-07 5.429800e-15
8.757720e-07 5.430200e-15
8.777900e-07 5.493400e-15
8.798140e-07 5.493700e-15
8.818420e-07 5.246800e-15
8.838750e-07 5.519700e-15
8.859130e-07 5.507400e-15
8.879550e-07 5.247800e-15
8.900020e-07 5.308800e-15
8.920540e-07 5.297000e-15
8.941100e-07 5.248700e-15
8.961710e-07 5.261200e-15
8.982370e-07 5.013100e-15
9.003080e-07 4.865600e-15
9.023830e-07 4.899600e-15
9.044630e-07 5.535900e-15
9.065480e-07 5.639200e-15
9.086380e-07 5.448100e-15
9.107330e-07 5.373700e-15
9.128320e-07 4.745700e-15
9.149370e-07 5.132500e-15
9.170460e-07 5.288800e-15
9.191600e-07 5.204600e-15
9.212790e-07 5.265200e-15
9.234020e-07 5.005400e-15
9.255310e-07 5.017300e-15
9.276650e-07 5.514400e-15
9.298030e-07 4.960500e-15
9.319460e-07 5.389600e-15
9.340950e-07 5.414800e-15
9.362480e-07 5.304100e-15
9.384060e-07 5.415500e-15
9.405700e-07 5.317000e-15
9.427380e-07 5.491600e-15
9.449110e-07 5.404100e-15
9.470900e-07 5.568700e-15
9.492730e-07 5.581900e-15
9.514610e-07 5.417600e-15
9.536540e-07 5.480700e-15
9.558530e-07 5.344000e-15
9.580560e-07 5.456300e-15
9.602650e-07 5.469200e-15
9.624790e-07 5.507500e-15
9.646970e-07 5.394900e-15
9.669210e-07 5.395300e-15
9.691500e-07 5.496000e-15
9.713840e-07 5.371200e-15
9.736230e-07 5.297900e-15
9.758680e-07 5.298200e-15
9.781170e-07 5.335300e-15
9.803720e-07 5.434900e-15
9.826320e-07 5.373000e-15
9.848980e-07 5.423100e-15
9.871680e-07 5.386200e-15
9.894430e-07 5.386500e-15
9.917240e-07 5.313000e-15
9.940100e-07 5.387300e-15
9.963020e-07 5.437500e-15
9.985990e-07 5.425400e-15
1.003208e-06 5.489000e-15
1.007838e-06 5.414400e-15
1.012491e-06 5.579700e-15
1.017164e-06 5.542100e-15
1.021859e-06 5.645900e-15
1.026576e-06 5.712100e-15
1.028943e-06 5.712500e-15
1.050488e-06 5.496800e-15
1.070017e-06 5.178300e-15
1.089911e-06 5.142700e-15
1.110174e-06 4.766400e-15
1.130814e-06 4.799400e-15
1.149188e-06 4.877400e-15
1.170552e-06 4.766400e-15
1.189572e-06 4.427800e-15
1.208901e-06 4.479100e-15
1.231377e-06 4.458500e-15
1.251386e-06 4.277500e-15
1.268794e-06 4.199400e-15
1.289410e-06 4.132300e-15
1.310362e-06 4.066200e-15
1.328591e-06 3.901100e-15
1.350178e-06 3.777400e-15
1.368961e-06 3.708400e-15
1.391205e-06 3.525200e-15
1.410559e-06 3.305100e-15
1.430180e-06 3.267300e-15
1.450076e-06 3.320400e-15
1.470249e-06 3.185600e-15
1.490702e-06 3.267300e-15
1.511440e-06 3.320400e-15
1.528942e-06 3.421300e-15
1.550212e-06 3.389900e-15
1.571778e-06 3.320400e-15
1.589977e-06 3.192900e-15
1.608388e-06 3.192900e-15
1.630763e-06 3.185600e-15
1.649647e-06 3.170900e-15
1.668750e-06 3.185600e-15
1.688071e-06 3.192900e-15
1.711555e-06 3.149100e-15
1.731374e-06 3.035200e-15
1.751423e-06 2.912000e-15
1.771704e-06 2.742800e-15
1.788096e-06 2.589300e-15
1.808802e-06 2.427700e-15
1.829747e-06 2.356100e-15
1.850933e-06 2.260400e-15
1.868060e-06 2.138900e-15
1.889692e-06 2.090200e-15
1.911574e-06 2.075800e-15
1.929260e-06 2.023900e-15
1.951601e-06 1.950700e-15
1.969660e-06 1.871500e-15
1.987883e-06 1.812100e-15
2.010902e-06 1.791400e-15
2.029510e-06 1.742600e-15
2.048287e-06 1.738600e-15
2.072006e-06 1.714700e-15
2.091179e-06 1.691200e-15
2.110527e-06 1.679500e-15
2.130056e-06 1.656500e-15
2.149764e-06 1.637500e-15
2.169657e-06 1.592900e-15
2.189733e-06 1.567400e-15
2.209993e-06 1.524700e-15
2.230443e-06 1.486600e-15
2.251079e-06 1.456100e-15
2.271909e-06 1.416500e-15
2.287656e-06 1.268800e-15
2.308825e-06 1.249300e-15
2.330189e-06 1.091300e-15
2.351748e-06 1.021500e-15
2.368051e-06 1.033800e-15
2.389961e-06 9.478300e-16
2.412076e-06 9.036800e-16
2.428795e-06 8.774600e-16
2.451269e-06 8.007900e-16
2.468259e-06 7.722100e-16
2.491099e-06 6.486800e-16
2.508368e-06 6.357000e-16
2.524613e-06 6.141400e-16
2.534168e-06 6.041100e-16
2.543714e-06 5.957600e-16
2.553270e-06 6.321000e-16
2.562826e-06 6.414400e-16
2.572372e-06 6.323500e-16
2.581928e-06 6.347000e-16
2.591473e-06 6.604900e-16
2.601029e-06 6.386000e-16
2.610585e-06 6.401800e-16
2.620131e-06 6.468900e-16
2.629687e-06 6.185900e-16
2.639242e-06 6.100500e-16
2.648788e-06 6.073800e-16
2.658344e-06 5.975300e-16
2.667890e-06 5.968200e-16
2.677446e-06 5.895700e-16
2.687002e-06 5.892800e-16
2.696548e-06 5.916300e-16
2.706103e-06 5.981000e-16
2.715659e-06 5.681700e-16
2.725205e-06 5.636200e-16
2.734761e-06 5.628700e-16
2.744307e-06 5.498300e-16
2.753863e-06 5.370600e-16
2.763418e-06 5.310900e-16
2.772964e-06 5.347800e-16
2.782520e-06 5.391000e-16
2.792076e-06 5.199800e-16
2.801622e-06 5.308400e-16
2.811177e-06 5.337000e-16
2.820723e-06 5.155700e-16
2.830279e-06 5.101600e-16
2.839835e-06 5.077100e-16
2.849381e-06 4.902500e-16
2.858937e-06 4.843300e-16
2.868493e-06 4.642300e-16
2.878038e-06 4.629600e-16
2.887594e-06 4.599800e-16
2.897140e-06 4.554200e-16
2.906696e-06 4.580200e-16
2.916252e-06 4.371600e-16
2.925798e-06 4.344200e-16
2.935353e-06 4.313700e-16
2.944909e-06 4.161700e-16
2.954455e-06 4.229100e-16
2.964011e-06 4.070400e-16
2.973557e-06 4.073600e-16
2.983112e-06 4.127700e-16
2.992668e-06 4.047100e-16
3.002214e-06 4.113000e-16
3.011770e-06 3.912700e-16
3.021326e-06 3.840900e-16
3.030872e-06 3.952900e-16
3.040427e-06 3.876100e-16
3.049974e-06 3.978800e-16
3.059529e-06 3.793500e-16
3.069085e-06 3.922600e-16
3.078631e-06 3.769500e-16
3.088187e-06 3.771600e-16
3.097742e-06 3.606500e-16
3.107288e-06 3.721000e-16
3.116844e-06 3.887800e-16
3.126390e-06 3.891500e-16
3.135946e-06 3.743000e-16
3.145501e-06 3.969500e-16
3.155047e-06 3.790100e-16
3.164603e-06 3.659400e-16
3.174159e-06 3.540400e-16
3.183705e-06 3.512700e-16
3.193261e-06 3.684300e-16
3.202807e-06 3.785900e-16
3.212363e-06 3.759500e-16
3.221918e-06 3.961900e-16
3.231464e-06 4.113000e-16
3.241020e-06 4.499900e-16
3.250576e-06 4.438500e-16
3.260122e-06 4.804300e-16
3.269678e-06 5.110800e-16
3.279223e-06 5.021000e-16
3.288779e-06 4.976000e-16
3.298335e-06 5.211500e-16
3.307881e-06 5.129100e-16
3.317436e-06 4.767300e-16
3.326992e-06 4.377200e-16
3.336538e-06 4.295600e-16
3.346094e-06 4.148500e-16
3.355640e-06 3.868500e-16
3.365196e-06 3.718600e-16
3.374752e-06 3.635400e-16
3.384297e-06 3.610200e-16
3.393853e-06 3.557900e-16
3.403409e-06 3.631200e-16
3.412955e-06 3.563100e-16
3.422511e-06 3.445800e-16
3.432057e-06 3.475800e-16
3.441612e-06 3.689900e-16
3.451168e-06 3.598400e-16
3.460714e-06 3.276900e-16
3.470270e-06 3.304300e-16
3.479826e-06 3.175700e-16
3.489372e-06 3.193200e-16
3.498928e-06 3.171500e-16
3.508473e-06 3.132800e-16
3.518029e-06 3.000400e-16
3.527585e-06 3.075300e-16
3.537131e-06 3.007700e-16
3.546686e-06 3.102800e-16
3.556242e-06 2.806900e-16
3.565788e-06 2.991300e-16
3.575344e-06 3.003400e-16
3.584890e-06 2.909600e-16
3.594446e-06 2.916200e-16
3.604002e-06 2.978300e-16
3.613547e-06 2.790600e-16
3.623103e-06 2.774500e-16
3.632659e-06 2.889500e-16
3.642205e-06 2.766200e-16
3.651761e-06 2.802100e-16
3.661307e-06 2.707900e-16
3.670863e-06 2.612200e-16
3.680418e-06 2.655400e-16
3.689964e-06 2.605900e-16
3.699520e-06 2.571300e-16
3.709076e-06 2.648300e-16
3.718621e-06 2.617500e-16
3.728177e-06 2.575500e-16
3.737723e-06 2.657900e-16
3.747279e-06 2.360400e-16
3.756835e-06 2.598100e-16
3.766381e-06 2.348000e-16
3.775937e-06 2.452600e-16
3.785492e-06 2.554600e-16
3.795038e-06 2.582800e-16
3.804594e-06 2.628700e-16
3.814140e-06 2.489600e-16
3.823696e-06 2.521500e-16
3.833252e-06 2.464500e-16
3.842797e-06 2.475200e-16
3.852353e-06 2.321900e-16
3.861909e-06 2.372000e-16
3.871455e-06 2.302000e-16
3.881011e-06 2.361800e-16
3.890557e-06 2.303100e-16
3.900112e-06 2.351600e-16
3.909668e-06 2.296300e-16
3.919214e-06 2.339900e-16
3.928770e-06 2.254200e-16
3.938326e-06 2.252400e-16
3.947872e-06 2.095000e-16
3.957428e-06 2.256600e-16
3.966973e-06 2.137000e-16
3.976529e-06 2.232600e-16
3.986085e-06 2.118000e-16
3.995631e-06 2.172200e-16
4.005187e-06 2.084900e-16
4.014742e-06 2.150200e-16
4.024288e-06 2.153000e-16
4.033844e-06 2.310100e-16
4.043390e-06 2.337600e-16
4.052946e-06 2.306600e-16
4.062502e-06 2.344300e-16
4.072048e-06 2.217500e-16
4.081603e-06 2.103100e-16
4.091159e-06 1.996800e-16
4.100705e-06 1.927000e-16
4.110261e-06 1.859900e-16
4.119806e-06 1.793000e-16
4.129363e-06 1.883800e-16
4.138918e-06 1.862700e-16
4.148464e-06 1.967400e-16
4.158020e-06 1.825600e-16
4.167575e-06 1.864800e-16
4.177122e-06 1.784700e-16
4.186677e-06 1.892100e-16
4.196223e-06 1.875900e-16
4.205779e-06 1.826100e-16
4.215335e-06 1.866600e-16
4.224881e-06 1.806400e-16
4.234437e-06 1.761300e-16
4.243992e-06 1.699100e-16
4.253538e-06 1.692300e-16
4.263094e-06 1.635900e-16
4.272640e-06 1.621200e-16
4.282196e-06 1.651700e-16
4.291751e-06 1.600100e-16
4.301298e-06 1.580900e-16
4.310853e-06 1.560600e-16
4.320409e-06 1.591500e-16
4.329955e-06 1.577400e-16
4.339511e-06 1.584500e-16
4.349057e-06 1.436300e-16
4.358612e-06 1.548600e-16
4.368168e-06 1.411900e-16
4.377714e-06 1.579600e-16
4.387270e-06 1.382600e-16
4.396826e-06 1.360600e-16
4.406372e-06 1.401000e-16
4.415927e-06 1.301100e-16
4.425473e-06 1.342100e-16
4.435029e-06 1.339600e-16
4.444585e-06 1.205900e-16
4.454131e-06 1.276700e-16
4.463686e-06 1.175800e-16
4.473243e-06 1.351600e-16
4.482788e-06 1.303300e-16
4.492344e-06 1.265800e-16
4.501890e-06 1.255200e-16
4.511446e-06 1.306300e-16
4.521001e-06 1.213100e-16
4.530547e-06 1.121300e-16
4.540104e-06 1.217500e-16
4.549659e-06 1.285300e-16
4.559205e-06 1.105400e-16
4.568761e-06 1.120100e-16
4.578307e-06 1.049600e-16
4.587862e-06 1.020300e-16
4.597418e-06 1.026800e-16
4.606964e-06 1.112700e-16
4.616520e-06 1.084700e-16
4.626076e-06 1.195800e-16
4.635622e-06 1.235700e-16
4.645177e-06 1.114300e-16
4.654723e-06 1.272200e-16
4.664279e-06 1.213200e-16
4.673835e-06 1.408700e-16
4.683381e-06 1.495200e-16
4.692937e-06 1.295700e-16
4.702492e-06 1.380800e-16
4.712038e-06 1.251800e-16
4.721594e-06 1.294800e-16
4.731140e-06 1.100900e-16
4.740696e-06 1.029800e-16
4.750251e-06 1.248300e-16
4.759797e-06 1.207500e-16
4.769353e-06 1.067700e-16
4.778909e-06 1.245800e-16
4.788455e-06 1.139900e-16
4.798011e-06 1.187800e-16
4.807557e-06 1.245300e-16
4.817112e-06 1.226600e-16
4.826668e-06 1.105200e-16
4.836214e-06 1.161400e-16
4.845770e-06 1.080700e-16
4.855325e-06 1.121100e-16
4.864872e-06 1.226000e-16
4.874427e-06 1.024700e-16
4.883973e-06 1.119300e-16
4.890927e-06 1.173000e-16
4.913501e-06 1.159600e-16
4.924827e-06 1.154300e-16
4.947557e-06 1.145600e-16
4.970398e-06 1.144000e-16
4.993338e-06 1.134600e-16
5.004848e-06 1.128700e-16
5.027948e-06 1.124600e-16
5.051160e-06 1.115400e-16
5.074473e-06 1.113900e-16
5.086170e-06 1.110600e-16
5.097894e-06 1.109800e-16
5.109651e-06 1.106600e-16
5.121429e-06 1.103300e-16
5.133234e-06 1.102600e-16
5.145067e-06 1.099300e-16
5.156926e-06 1.096100e-16
5.168813e-06 1.097900e-16
5.180728e-06 1.094600e-16
5.192675e-06 1.093900e-16
5.204645e-06 1.090700e-16
5.216642e-06 1.090000e-16
5.228667e-06 1.086800e-16
5.240719e-06 1.086100e-16
5.252799e-06 1.087900e-16
5.264913e-06 1.089700e-16
5.277049e-06 1.089000e-16
5.289213e-06 1.085700e-16
5.301405e-06 1.085100e-16
5.313625e-06 1.084400e-16
5.325874e-06 1.083700e-16
5.338150e-06 1.085500e-16
5.350461e-06 1.084800e-16
5.362794e-06 1.086600e-16
5.375156e-06 1.085900e-16
5.387546e-06 1.087700e-16
5.399964e-06 1.089500e-16
5.412412e-06 1.091300e-16
5.424888e-06 1.090600e-16
5.437399e-06 1.090000e-16
5.449932e-06 1.094300e-16
5.462495e-06 1.093600e-16
5.475086e-06 1.095400e-16
5.487706e-06 1.097300e-16
5.500356e-06 1.099100e-16
5.513041e-06 1.103500e-16
5.525749e-06 1.107900e-16
5.538486e-06 1.112300e-16
5.551253e-06 1.114200e-16
5.564049e-06 1.118600e-16
5.576874e-06 1.123100e-16
5.589729e-06 1.127600e-16
5.602620e-06 1.134700e-16
5.615535e-06 1.139300e-16
5.628479e-06 1.143800e-16
5.641453e-06 1.151000e-16
5.654457e-06 1.161000e-16
5.667490e-06 1.168300e-16
5.680561e-06 1.178400e-16
5.693655e-06 1.185800e-16
5.706779e-06 1.196100e-16
5.719934e-06 1.209200e-16
5.733119e-06 1.219600e-16
5.746334e-06 1.233000e-16
5.759580e-06 1.246500e-16
5.772862e-06 1.263100e-16
5.786169e-06 1.282900e-16
5.799506e-06 1.299900e-16
5.812875e-06 1.320300e-16
5.826274e-06 1.344000e-16
5.839704e-06 1.365000e-16
5.853165e-06 1.392800e-16
5.866663e-06 1.417800e-16
5.880186e-06 1.450000e-16
5.893740e-06 1.486300e-16
5.909647e-06 1.409000e-16
5.940234e-06 1.176000e-16
5.970822e-06 1.798600e-16
6.001410e-06 1.929000e-16
6.031997e-06 2.125200e-16
6.062586e-06 2.768700e-16
6.093173e-06 2.970600e-16
6.123760e-06 2.753900e-16
6.154348e-06 4.748100e-16
6.184936e-06 6.521300e-16
6.215524e-06 6.911800e-16
6.246111e-06 6.023900e-16
6.276699e-06 4.881500e-16
6.307288e-06 4.342500e-16
6.337875e-06 3.762600e-16
6.368462e-06 3.035000e-16
6.399051e-06 2.564300e-16
6.429638e-06 2.104600e-16
6.460225e-06 1.754700e-16
6.490814e-06 1.887300e-16
6.521401e-06 1.858500e-16
6.551989e-06 2.183500e-16
6.582578e-06 2.178900e-16
6.613164e-06 2.486400e-16
6.643752e-06 2.051900e-16
6.674340e-06 2.243500e-16
6.704928e-06 2.575300e-16
6.735516e-06 2.427600e-16
6.766104e-06 2.269500e-16
6.796691e-06 2.331800e-16
6.827280e-06 2.163700e-16
6.857866e-06 2.325200e-16
6.888455e-06 3.421600e-16
6.919042e-06 3.303700e-16
6.949630e-06 2.969800e-16
6.980218e-06 4.156700e-16
7.010806e-06 3.794200e-16
7.041393e-06 3.016400e-16
7.071981e-06 3.330000e-16
7.102568e-06 3.908200e-16
7.133157e-06 3.557600e-16
7.163744e-06 3.750800e-16
7.194332e-06 3.336000e-16
7.224921e-06 4.190900e-16
7.255508e-06 3.530100e-16
7.286095e-06 3.738200e-16
7.316683e-06 4.098800e-16
7.347271e-06 4.397700e-16
7.377858e-06 4.064100e-16
7.408446e-06 3.957000e-16
7.437032e-06 4.949500e-16
7.439034e-06 4.722300e-16
7.469623e-06 5.788300e-16
7.498328e-06 6.417800e-16
7.500209e-06 5.797100e-16
7.559626e-06 7.614900e-16
7.620923e-06 7.755400e-16
7.682221e-06 6.995100e-16
7.743518e-06 7.283000e-16
7.804816e-06 7.553300e-16
7.866113e-06 6.861100e-16
7.927410e-06 5.985400e-16
7.988709e-06 5.189400e-16
8.050006e-06 4.544900e-16
8.111303e-06 3.922700e-16
8.172600e-06 3.293100e-16
8.233897e-06 3.416700e-16
8.295196e-06 3.250400e-16
8.356493e-06 2.976400e-16
8.417790e-06 3.085300e-16
8.479087e-06 3.164500e-16
8.540386e-06 3.314300e-16
8.601682e-06 3.156900e-16
8.662980e-06 2.687100e-16
8.724277e-06 2.157900e-16
8.785574e-06 1.646500e-16
8.846871e-06 1.245900e-16
8.908169e-06 1.025700e-16
8.969466e-06 7.881800e-17
9.030765e-06 8.223300e-17
9.092062e-06 7.156000e-17
9.153359e-06 7.144300e-17
9.214657e-06 8.759500e-17
9.275954e-06 6.258400e-17
9.337251e-06 6.274300e-17
9.398548e-06 6.114500e-17
9.459846e-06 5.962100e-17
9.521143e-06 6.467900e-17
9.582440e-06 5.495900e-17
9.643739e-06 7.565300e-17
9.705036e-06 7.709200e-17
9.766333e-06 4.109000e-17
9.827631e-06 4.164000e-17
9.888924e-06 5.057700e-17
9.950227e-06 3.666800e-17
1.001152e-05 4.596600e-17
1.007282e-05 4.509200e-17
1.013412e-05 3.845500e-17
1.019542e-05 4.168800e-17
1.025671e-05 4.618400e-17
1.031801e-05 4.427700e-17
1.037931e-05 4.673000e-17
1.044060e-05 4.217200e-17
1.050191e-05 5.133800e-17
1.056320e-05 7.112400e-17
1.062449e-05 6.471900e-17
1.068579e-05 6.833900e-17
1.074709e-05 6.650400e-17
1.080839e-05 7.856800e-17
1.086969e-05 7.854600e-17
1.093099e-05 8.048200e-17
1.099228e-05 9.413000e-17
1.105358e-05 1.127900e-16
1.111488e-05 1.527800e-16
1.117617e-05 2.539900e-16
1.123747e-05 3.350600e-16
1.129877e-05 2.995700e-16
1.136007e-05 2.429500e-16
1.142136e-05 1.850800e-16
1.148266e-05 1.602000e-16
1.154396e-05 1.606000e-16
1.160525e-05 1.333700e-16
1.166656e-05 1.273900e-16
1.172785e-05 1.247400e-16
1.178915e-05 1.238900e-16
1.185045e-05 1.404200e-16
1.191174e-05 1.358700e-16
1.197304e-05 1.395400e-16
1.203434e-05 1.491600e-16
1.209564e-05 1.426000e-16
1.215693e-05 1.443800e-16
1.221823e-05 1.568500e-16
1.227953e-05 1.810100e-16
1.234082e-05 1.728200e-16
1.240212e-05 1.768900e-16
1.246342e-05 1.819100e-16
1.252472e-05 2.021100e-16
1.258601e-05 2.056000e-16
1.264731e-05 2.140500e-16
1.270861e-05 2.334700e-16
1.276990e-05 2.872000e-16
1.283121e-05 3.284100e-16
1.289250e-05 2.051900e-16
1.295379e-05 1.608100e-16
1.301510e-05 1.580600e-16
1.307639e-05 1.384000e-16
1.313769e-05 1.421500e-16
1.319899e-05 1.437700e-16
1.326029e-05 1.424600e-16
1.332158e-05 1.418000e-16
1.338288e-05 1.365000e-16
1.344418e-05 1.437000e-16
1.350547e-05 1.429900e-16
1.356678e-05 1.357400e-16
1.362807e-05 1.311200e-16
1.368937e-05 1.260100e-16
1.375066e-05 1.250300e-16
1.381196e-05 1.324700e-16
1.387326e-05 1.268200e-16
1.393455e-05 1.323400e-16
1.399586e-05 1.258000e-16
1.405715e-05 1.207300e-16
1.411845e-05 1.256800e-16
1.417975e-05 1.342000e-16
1.424104e-05 1.235600e-16
1.430235e-05 1.210000e-16
1.435509e-05 1.217800e-16
1.444560e-05 1.123500e-16
1.453612e-05 1.150300e-16
1.462664e-05 1.115000e-16
1.471715e-05 1.122600e-16
1.480766e-05 9.671600e-17
1.489819e-05 1.035400e-16
1.498870e-05 9.425900e-17
1.507921e-05 1.035100e-16
1.516974e-05 9.121000e-17
1.526025e-05 9.020200e-17
1.535076e-05 8.578500e-17
1.544128e-05 8.575100e-17
1.553180e-05 9.572500e-17
1.562232e-05 9.099500e-17
1.571283e-05 9.556200e-17
1.580335e-05 8.413500e-17
1.589387e-05 7.966200e-17
1.598438e-05 8.251200e-17
1.607490e-05 8.096200e-17
1.616542e-05 8.189200e-17
1.625593e-05 8.262000e-17
1.634644e-05 1.004800e-16
1.643697e-05 1.070400e-16
1.652748e-05 9.481600e-17
1.661799e-05 8.716400e-17
1.670851e-05 9.415400e-17
1.679903e-05 8.560400e-17
1.688954e-05 8.417700e-17
1.698006e-05 1.245900e-16
1.707058e-05 1.394100e-16
1.716109e-05 9.018800e-17
1.725161e-05 8.563300e-17
1.734213e-05 8.960100e-17
1.743264e-05 8.774500e-17
1.752316e-05 9.293300e-17
1.761367e-05 7.719300e-17
1.770419e-05 7.762300e-17
1.779471e-05 7.086900e-17
1.788522e-05 7.609200e-17
1.797574e-05 7.487100e-17
1.806626e-05 7.483100e-17
1.815677e-05 8.442400e-17
1.824729e-05 7.361900e-17
1.833781e-05 7.248600e-17
1.842832e-05 7.128600e-17
1.851883e-05 7.662100e-17
1.860936e-05 7.924600e-17
1.869987e-05 1.029300e-16
1.879038e-05 9.095100e-17
1.888091e-05 1.009700e-16
1.897142e-05 7.892200e-17
1.906193e-05 8.365800e-17
1.915245e-05 8.928000e-17
1.924297e-05 8.976500e-17
1.933348e-05 8.242200e-17
1.942400e-05 9.589400e-17
1.951452e-05 9.407500e-17
1.960503e-05 9.765000e-17
1.969555e-05 8.635400e-17
1.978606e-05 9.233800e-17
1.987659e-05 1.011300e-16
1.996710e-05 1.179300e-16
2.005761e-05 1.136300e-16
2.014814e-05 1.149900e-16
2.029147e-05 1.278500e-16
2.046472e-05 1.427600e-16
2.063806e-05 1.405400e-16
2.081151e-05 1.418500e-16
2.098504e-05 1.543700e-16
2.115867e-05 1.598500e-16
2.133239e-05 1.612700e-16
2.150620e-05 1.736400e-16
2.168011e-05 2.025400e-16
2.185412e-05 1.881600e-16
2.202821e-05 1.802800e-16
2.220241e-05 1.991500e-16
2.237670e-05 2.142000e-16
2.255108e-05 2.124500e-16
2.272556e-05 2.095800e-16
2.290013e-05 2.190800e-16
2.307480e-05 2.340100e-16
2.324957e-05 2.481500e-16
2.342443e-05 2.462200e-16
2.359939e-05 2.590200e-16
2.377444e-05 2.773900e-16
2.394959e-05 3.168000e-16
2.412484e-05 3.001800e-16
2.430018e-05 3.041500e-16
2.447562e-05 3.257300e-16
2.465116e-05 3.436900e-16
2.482679e-05 3.581200e-16
2.500252e-05 3.712500e-16
2.517835e-05 3.787500e-16
2.535428e-05 3.956100e-16
2.553030e-05 4.629700e-16
2.570642e-05 4.252400e-16
2.588264e-05 4.502900e-16
2.605896e-05 4.484300e-16
2.623538e-05 4.568000e-16
2.641189e-05 4.781300e-16
2.658851e-05 4.866500e-16
2.676522e-05 5.046300e-16
2.694203e-05 5.181200e-16
2.711894e-05 5.261300e-16
2.729596e-05 5.336100e-16
2.747307e-05 5.480100e-16
2.765027e-05 5.795300e-16
2.782759e-05 5.440500e-16
2.800500e-05 6.103600e-16
2.818251e-05 6.273400e-16
2.836012e-05 6.329800e-16
2.853783e-05 6.572800e-16
2.871565e-05 6.732100e-16
2.889356e-05 7.041500e-16
2.907157e-05 7.974300e-16
2.924969e-05 7.548600e-16
2.942791e-05 7.471600e-16
2.960623e-05 7.591700e-16
2.978465e-05 7.637900e-16
2.996317e-05 8.114600e-16
3.014180e-05 8.346700e-16
3.032052e-05 8.265800e-16
3.049935e-05 8.323300e-16
3.067828e-05 8.615300e-16
3.085733e-05 8.501900e-16
3.103647e-05 8.499900e-16
3.121571e-05 8.808700e-16
3.139505e-05 9.183700e-16
3.157450e-05 9.163600e-16
3.175405e-05 9.217600e-16
3.193371e-05 9.620800e-16
3.211347e-05 9.147200e-16
3.229334e-05 9.715000e-16
3.247331e-05 9.525100e-16
3.265338e-05 9.510100e-16
3.283356e-05 9.753700e-16
3.301384e-05 9.620400e-16
3.319424e-05 1.071900e-15
3.337473e-05 1.032900e-15
3.355533e-05 1.108800e-15
3.373603e-05 1.067300e-15
3.391685e-05 1.003400e-15
3.409778e-05 1.056400e-15
3.427879e-05 1.123600e-15
3.445993e-05 1.126400e-15
