1.020100e-08 9.657900e-29
1.039100e-08 1.512000e-28
1.060800e-08 2.405500e-28
1.080500e-08 3.880300e-28
1.100600e-08 7.071700e-28
1.139300e-08 1.562700e-27
1.179400e-08 3.149200e-27
1.209600e-08 1.704800e-26
1.249200e-08 3.090400e-26
1.269500e-08 3.987200e-26
1.281300e-08 4.607500e-26
1.311100e-08 6.560900e-26
1.320200e-08 8.468500e-26
1.338600e-08 1.053200e-25
1.369800e-08 1.705900e-25
1.398400e-08 2.330600e-25
1.431000e-08 7.996900e-25
1.471100e-08 2.411200e-24
1.508800e-08 3.424500e-24
1.551100e-08 4.829200e-24
1.590900e-08 6.779400e-24
1.620500e-08 8.584000e-24
1.658200e-08 1.180400e-23
1.700800e-08 1.575100e-23
1.728400e-08 1.958100e-23
1.768700e-08 2.565400e-23
1.801500e-08 3.115900e-23
1.818200e-08 3.534200e-23
1.860600e-08 4.524500e-23
1.908300e-08 6.091800e-23
1.939300e-08 7.281300e-23
1.979900e-08 9.047100e-23
2.021400e-08 1.124100e-22
2.049500e-08 1.316200e-22
2.102100e-08 1.612100e-22
2.161000e-08 2.240700e-22
2.201100e-08 2.702000e-22
2.231700e-08 3.056000e-22
2.268000e-08 3.660300e-22
2.299600e-08 5.649000e-22
2.342300e-08 9.467200e-22
2.402400e-08 1.416400e-21
2.458400e-08 1.596600e-21
2.521400e-08 2.028100e-21
2.568300e-08 1.964600e-21
2.598000e-08 2.464600e-21
2.640200e-08 2.870900e-21
2.689300e-08 3.259500e-21
2.739300e-08 3.666600e-21
2.790300e-08 4.105600e-21
2.842100e-08 4.618000e-21
2.901600e-08 5.028100e-21
2.962400e-08 5.785400e-21
3.010500e-08 6.273000e-21
3.080700e-08 7.298500e-21
3.181600e-08 8.921500e-21
3.278300e-08 1.058600e-20
3.377900e-08 1.232900e-20
3.480500e-08 1.416100e-20
3.569800e-08 1.616200e-20
3.661400e-08 1.870000e-20
3.746700e-08 2.081100e-20
3.851600e-08 2.245900e-20
3.950400e-08 2.640000e-20
4.051800e-08 3.011300e-20
4.136600e-08 3.275000e-20
4.223200e-08 3.464300e-20
4.301700e-08 3.699800e-20
4.412100e-08 4.151000e-20
4.514900e-08 4.479800e-20
4.598800e-08 4.706600e-20
4.695100e-08 5.080700e-20
4.804500e-08 5.570400e-20
4.905100e-08 5.767800e-20
4.996300e-08 6.416700e-20
5.065800e-08 7.079600e-20
5.124400e-08 1.506300e-19
5.195700e-08 1.665600e-19
5.304500e-08 1.868600e-19
5.403100e-08 1.917100e-19
5.503600e-08 2.935900e-19
5.605900e-08 3.722200e-19
5.697000e-08 4.561000e-19
5.802900e-08 4.571300e-19
5.897200e-08 6.226300e-19
6.006800e-08 7.032700e-19
6.104400e-08 8.917400e-19
6.203600e-08 1.069800e-18
6.304400e-08 1.239800e-18
6.406900e-08 1.298300e-18
6.496000e-08 1.590900e-18
6.586400e-08 1.814900e-18
6.647300e-08 1.970900e-18
6.755300e-08 2.044300e-18
6.849300e-08 2.131500e-18
6.944600e-08 2.984000e-18
7.057400e-08 2.996200e-18
7.155600e-08 3.737800e-18
7.255100e-08 4.060900e-18
7.356100e-08 4.371200e-18
7.458400e-08 5.242600e-18
7.544800e-08 5.858800e-18
7.649700e-08 6.496600e-18
7.756100e-08 7.354100e-18
7.845900e-08 8.235700e-18
7.955100e-08 8.881300e-18
8.047200e-08 9.585000e-18
8.159100e-08 1.024000e-17
8.253600e-08 1.170400e-17
8.349200e-08 9.602200e-18
8.445900e-08 1.301300e-17
8.543700e-08 1.375100e-17
8.642600e-08 1.532100e-17
8.742700e-08 1.698900e-17
8.843900e-08 1.918900e-17
8.946300e-08 2.079200e-17
9.049900e-08 2.097500e-17
9.154700e-08 3.609800e-17
9.239400e-08 2.955900e-16
9.346400e-08 6.767100e-16
9.454600e-08 1.361700e-15
9.542100e-08 2.052100e-15
9.652600e-08 2.217300e-15
9.741900e-08 3.111000e-16
9.854700e-08 1.719700e-15
9.945900e-08 2.015900e-15
1.006110e-07 3.303300e-15
1.015420e-07 3.318200e-15
1.024810e-07 1.448200e-15
1.034300e-07 2.191500e-15
1.043870e-07 4.749300e-15
1.055950e-07 4.730900e-15
1.065720e-07 3.546200e-15
1.075590e-07 4.462300e-15
1.085540e-07 3.352100e-15
1.095580e-07 4.887100e-15
1.105720e-07 4.761700e-15
1.115950e-07 4.523100e-15
1.126280e-07 4.046500e-15
1.134080e-07 5.562900e-15
1.144580e-07 5.022200e-15
1.155170e-07 5.539300e-15
1.165860e-07 5.767400e-15
1.173940e-07 3.802800e-15
1.184800e-07 5.722400e-15
1.195760e-07 3.572900e-15
1.204050e-07 2.388200e-15
1.215190e-07 1.834200e-15
1.223620e-07 3.967000e-15
1.234940e-07 6.497900e-15
1.246360e-07 7.261900e-15
1.255000e-07 6.854600e-15
1.263700e-07 5.739800e-15
1.275400e-07 7.944800e-15
1.284240e-07 8.490700e-15
1.296120e-07 6.267000e-15
1.305100e-07 6.221100e-15
1.314150e-07 8.349400e-15
1.326310e-07 7.973800e-15
1.335500e-07 6.814000e-15
1.344760e-07 8.691800e-15
1.354080e-07 8.429300e-15
1.363470e-07 7.352700e-15
1.376080e-07 7.893800e-15
1.385620e-07 8.033200e-15
1.395230e-07 6.989700e-15
1.404900e-07 7.311500e-15
1.414640e-07 7.422100e-15
1.424440e-07 7.798600e-15
1.434320e-07 7.735400e-15
1.440940e-07 8.294300e-15
1.447590e-07 8.492900e-15
1.454270e-07 8.209700e-15
1.464350e-07 7.476600e-15
1.474500e-07 7.517200e-15
1.484720e-07 7.751300e-15
1.495010e-07 7.973800e-15
1.505380e-07 7.463100e-15
1.512320e-07 6.487500e-15
1.515810e-07 7.114500e-15
1.526320e-07 6.797400e-15
1.533360e-07 5.787000e-15
1.543990e-07 6.600700e-15
1.554690e-07 6.204400e-15
1.565470e-07 6.306200e-15
1.576320e-07 6.757800e-15
1.583600e-07 7.224600e-15
1.594580e-07 7.375500e-15
1.605630e-07 7.273300e-15
1.616760e-07 7.355900e-15
1.624220e-07 6.895300e-15
1.635480e-07 7.437000e-15
1.646820e-07 7.554400e-15
1.654420e-07 6.935000e-15
1.665880e-07 7.669800e-15
1.673570e-07 6.692500e-15
1.677430e-07 7.629200e-15
1.685170e-07 8.095700e-15
1.696860e-07 7.548900e-15
1.704690e-07 7.204600e-15
1.716500e-07 6.701400e-15
1.724430e-07 6.681100e-15
1.736380e-07 7.183400e-15
1.744400e-07 7.013900e-15
1.756490e-07 7.557200e-15
1.764590e-07 6.853900e-15
1.776830e-07 7.002700e-15
1.785030e-07 7.174500e-15
1.793270e-07 7.732000e-15
1.805700e-07 7.700300e-15
1.814030e-07 6.949500e-15
1.826610e-07 7.162700e-15
1.835040e-07 6.830700e-15
1.843510e-07 6.220600e-15
1.856290e-07 6.149400e-15
1.864850e-07 6.355300e-15
1.873460e-07 7.069900e-15
1.886450e-07 6.372100e-15
1.895160e-07 6.060300e-15
1.903900e-07 6.511600e-15
1.917100e-07 6.157700e-15
1.925950e-07 6.074900e-15
1.934840e-07 6.362500e-15
1.943770e-07 6.526700e-15
1.957240e-07 6.028900e-15
1.966280e-07 6.702400e-15
1.975350e-07 6.921400e-15
1.984470e-07 6.458400e-15
1.993630e-07 6.237800e-15
2.002830e-07 6.484800e-15
2.016720e-07 6.153800e-15
2.026030e-07 6.545400e-15
2.035380e-07 6.063100e-15
2.044770e-07 6.330200e-15
2.054210e-07 6.013200e-15
2.063690e-07 6.022300e-15
2.073220e-07 6.447400e-15
2.078000e-07 5.993500e-15
2.082790e-07 6.265700e-15
2.097220e-07 5.844900e-15
2.106900e-07 5.905700e-15
2.116630e-07 5.939100e-15
2.126400e-07 6.027500e-15
2.136210e-07 5.552800e-15
2.146080e-07 5.647400e-15
2.155980e-07 5.876800e-15
2.165930e-07 5.680600e-15
2.175930e-07 5.592500e-15
2.185970e-07 5.404700e-15
2.196060e-07 5.661000e-15
2.206200e-07 5.482400e-15
2.216380e-07 5.200000e-15
2.226610e-07 4.965800e-15
2.236890e-07 5.258200e-15
2.247220e-07 5.007400e-15
2.257590e-07 4.830100e-15
2.262790e-07 5.001800e-15
2.273240e-07 5.145900e-15
2.283730e-07 5.282000e-15
2.294270e-07 5.013500e-15
2.304860e-07 4.983000e-15
2.315500e-07 4.762500e-15
2.326190e-07 3.649000e-15
2.336930e-07 4.482500e-15
2.342310e-07 4.422800e-15
2.353120e-07 4.721100e-15
2.363990e-07 4.409600e-15
2.374900e-07 4.526300e-15
2.385860e-07 4.276600e-15
2.396870e-07 4.596800e-15
2.402400e-07 4.391700e-15
2.413490e-07 4.518400e-15
2.424630e-07 4.724400e-15
2.435820e-07 4.536300e-15
2.447060e-07 4.820200e-15
2.452700e-07 4.745100e-15
2.464020e-07 4.749000e-15
2.475400e-07 4.602200e-15
2.486820e-07 4.812000e-15
2.492560e-07 4.534300e-15
2.504060e-07 4.976000e-15
2.515620e-07 4.552400e-15
2.527230e-07 4.524900e-15
2.533060e-07 4.579300e-15
2.544750e-07 4.468600e-15
2.556490e-07 4.737400e-15
2.562390e-07 4.685200e-15
2.574220e-07 4.955600e-15
2.586100e-07 4.914400e-15
2.592060e-07 4.894000e-15
2.604020e-07 4.742800e-15
2.616040e-07 4.725200e-15
2.622070e-07 4.882100e-15
2.634180e-07 4.931600e-15
2.646340e-07 5.240400e-15
2.652440e-07 5.242700e-15
2.664680e-07 4.897100e-15
2.676980e-07 5.108900e-15
2.683150e-07 5.052700e-15
2.695530e-07 4.930700e-15
2.707980e-07 5.015300e-15
2.714220e-07 4.869600e-15
2.726750e-07 4.907700e-15
2.733030e-07 5.129500e-15
2.745650e-07 4.618100e-15
2.751980e-07 4.652300e-15
2.764680e-07 4.775900e-15
2.777440e-07 4.982600e-15
2.783840e-07 4.905100e-15
2.796690e-07 4.140500e-15
2.803140e-07 4.438600e-15
2.816080e-07 5.030900e-15
2.822570e-07 5.103200e-15
2.835600e-07 4.878100e-15
2.842140e-07 4.824500e-15
2.855260e-07 4.817800e-15
2.861840e-07 5.035600e-15
2.875050e-07 4.959800e-15
2.888320e-07 4.998800e-15
2.894970e-07 4.921200e-15
2.908340e-07 5.181800e-15
2.928500e-07 5.071000e-15
2.948800e-07 5.031700e-15
2.969240e-07 5.085500e-15
2.989820e-07 5.092900e-15
3.010540e-07 5.135600e-15
3.031410e-07 5.143100e-15
3.052420e-07 5.103400e-15
3.066510e-07 5.084900e-15
3.087770e-07 5.104100e-15
3.109170e-07 5.041500e-15
3.130730e-07 5.025800e-15
3.152430e-07 5.045000e-15
3.166980e-07 5.003700e-15
3.188930e-07 4.863500e-15
3.211030e-07 4.961400e-15
3.233290e-07 4.889500e-15
3.248220e-07 4.939800e-15
3.270730e-07 4.970200e-15
3.293400e-07 4.955000e-15
3.308600e-07 4.960100e-15
3.323880e-07 4.999600e-15
3.331540e-07 4.979200e-15
3.339220e-07 4.812700e-15
3.346920e-07 4.984400e-15
3.354630e-07 4.795600e-15
3.362360e-07 4.842500e-15
3.370120e-07 4.734700e-15
3.377890e-07 4.748100e-15
3.385670e-07 4.917500e-15
3.393480e-07 4.988600e-15
3.401300e-07 5.084000e-15
3.409140e-07 4.791100e-15
3.417000e-07 4.927900e-15
3.424880e-07 4.987600e-15
3.432770e-07 5.048000e-15
3.440680e-07 5.015900e-15
3.448620e-07 4.859400e-15
3.456570e-07 4.738800e-15
3.464530e-07 4.715700e-15
3.472520e-07 4.824300e-15
3.480530e-07 4.789800e-15
3.488550e-07 4.844000e-15
3.496590e-07 4.865100e-15
3.504650e-07 4.753000e-15
3.512730e-07 4.729900e-15
3.520830e-07 4.805500e-15
3.528950e-07 4.771100e-15
3.537080e-07 4.858500e-15
3.545230e-07 4.902100e-15
3.553410e-07 4.923400e-15
3.561600e-07 4.922100e-15
3.569810e-07 4.786600e-15
3.578040e-07 4.601600e-15
3.586290e-07 4.558200e-15
3.594550e-07 4.599100e-15
3.602840e-07 4.726700e-15
3.611150e-07 4.703600e-15
3.619470e-07 4.778700e-15
3.627810e-07 4.922600e-15
3.636170e-07 4.798100e-15
3.636960e-07 4.617900e-15
3.639630e-07 5.455900e-15
3.642290e-07 4.421200e-15
3.644960e-07 3.902100e-15
3.647630e-07 3.969400e-15
3.650290e-07 3.632100e-15
3.652960e-07 5.463700e-15
3.655630e-07 4.410900e-15
3.658300e-07 5.999800e-15
3.660960e-07 6.185400e-15
3.663630e-07 3.885900e-15
3.666300e-07 5.004500e-15
3.668960e-07 4.416300e-15
3.671630e-07 4.629100e-15
3.674300e-07 3.701400e-15
3.676960e-07 4.130500e-15
3.679630e-07 4.466600e-15
3.682300e-07 5.106800e-15
3.684960e-07 5.674400e-15
3.687630e-07 3.885000e-15
3.690300e-07 3.627600e-15
3.692960e-07 3.113100e-15
3.695630e-07 4.271600e-15
3.698300e-07 4.794300e-15
3.700960e-07 4.202800e-15
3.703630e-07 3.455000e-15
3.706300e-07 4.631500e-15
3.708960e-07 4.215500e-15
3.711630e-07 5.923400e-15
3.714300e-07 4.096600e-15
3.716960e-07 4.540700e-15
3.719630e-07 5.625400e-15
3.722300e-07 7.786400e-15
3.724960e-07 9.618700e-15
3.727630e-07 1.495800e-14
3.730300e-07 1.792500e-14
3.732960e-07 1.723100e-14
3.735630e-07 1.204600e-14
3.738300e-07 8.100500e-15
3.740960e-07 6.472500e-15
3.743630e-07 5.715700e-15
3.746300e-07 5.212400e-15
3.748960e-07 5.716100e-15
3.751630e-07 5.019500e-15
3.754300e-07 3.973500e-15
3.756960e-07 5.230600e-15
3.759630e-07 4.872200e-15
3.762300e-07 5.253300e-15
3.764960e-07 5.174400e-15
3.767630e-07 4.919600e-15
3.770300e-07 5.843800e-15
3.772960e-07 5.166200e-15
3.775630e-07 5.805000e-15
3.778300e-07 7.006700e-15
3.780960e-07 6.524300e-15
3.783630e-07 6.261200e-15
3.786300e-07 7.710400e-15
3.788960e-07 7.129500e-15
3.791630e-07 7.360300e-15
3.794300e-07 6.988300e-15
3.796960e-07 6.388200e-15
3.799630e-07 5.559700e-15
3.802300e-07 5.564100e-15
3.804960e-07 5.589500e-15
3.807630e-07 6.419700e-15
3.810300e-07 5.954700e-15
3.812960e-07 6.574600e-15
3.815630e-07 6.460900e-15
3.818300e-07 6.060200e-15
3.820970e-07 6.463900e-15
3.823630e-07 7.058800e-15
3.826300e-07 6.838800e-15
3.828970e-07 6.716400e-15
3.831630e-07 5.431800e-15
3.834300e-07 5.560300e-15
3.836970e-07 5.295400e-15
3.839630e-07 4.434400e-15
3.842300e-07 4.571100e-15
3.844970e-07 6.061800e-15
3.847630e-07 6.585400e-15
3.850300e-07 6.119400e-15
3.852970e-07 6.164800e-15
3.855630e-07 6.865700e-15
3.858300e-07 7.199500e-15
3.860970e-07 6.784300e-15
3.863630e-07 7.653400e-15
3.866300e-07 7.613400e-15
3.868970e-07 7.767700e-15
3.871630e-07 7.345400e-15
3.874300e-07 7.133100e-15
3.876970e-07 6.784200e-15
3.879630e-07 6.242600e-15
3.882300e-07 7.418500e-15
3.884970e-07 6.783900e-15
3.887630e-07 6.785800e-15
3.890300e-07 5.269800e-15
3.892970e-07 5.496700e-15
3.895630e-07 5.758200e-15
3.898300e-07 6.068700e-15
3.900970e-07 6.075800e-15
3.903630e-07 6.882500e-15
3.906300e-07 7.528800e-15
3.908970e-07 7.968600e-15
3.911630e-07 6.734300e-15
3.914300e-07 7.201500e-15
3.916970e-07 8.892900e-15
3.919630e-07 7.359400e-15
3.922300e-07 7.790600e-15
3.924970e-07 7.394800e-15
3.927630e-07 8.496800e-15
3.930300e-07 7.432100e-15
3.932970e-07 6.242500e-15
3.935630e-07 6.858400e-15
3.938300e-07 7.008700e-15
3.940970e-07 6.890400e-15
3.943630e-07 7.203800e-15
3.946300e-07 7.119000e-15
3.948970e-07 7.878900e-15
3.951630e-07 7.606100e-15
3.954300e-07 7.015100e-15
3.956970e-07 6.510000e-15
3.959630e-07 6.751000e-15
3.962300e-07 6.203800e-15
3.964970e-07 6.588400e-15
3.967630e-07 5.626000e-15
3.970300e-07 6.062900e-15
3.972970e-07 4.526600e-15
3.975630e-07 5.286900e-15
3.978300e-07 5.543300e-15
3.980970e-07 6.310600e-15
3.983640e-07 6.841900e-15
3.986300e-07 6.747400e-15
3.988970e-07 6.607600e-15
3.991640e-07 7.507300e-15
3.994300e-07 7.611300e-15
3.996970e-07 8.010000e-15
3.999640e-07 7.023400e-15
4.002300e-07 8.137500e-15
4.004970e-07 7.872200e-15
4.007640e-07 6.756400e-15
4.010300e-07 7.034900e-15
4.012970e-07 7.202800e-15
4.015640e-07 7.095300e-15
4.018300e-07 8.122300e-15
4.020970e-07 8.048100e-15
4.023640e-07 7.720800e-15
4.026300e-07 8.277700e-15
4.028970e-07 8.502200e-15
4.031640e-07 7.737600e-15
4.034300e-07 7.667500e-15
4.036970e-07 7.877600e-15
4.039640e-07 7.729700e-15
4.042300e-07 8.091600e-15
4.044970e-07 7.483700e-15
4.047640e-07 8.042600e-15
4.050300e-07 7.325000e-15
4.052970e-07 6.949600e-15
4.055640e-07 7.310100e-15
4.058300e-07 7.523700e-15
4.060970e-07 8.540300e-15
4.063640e-07 7.427800e-15
4.066300e-07 7.491100e-15
4.068970e-07 7.833600e-15
4.071640e-07 8.281000e-15
4.074300e-07 7.746400e-15
4.076970e-07 8.221100e-15
4.079640e-07 7.361200e-15
4.082300e-07 7.501900e-15
4.084970e-07 7.737900e-15
4.087640e-07 7.761400e-15
4.090300e-07 7.806200e-15
4.092970e-07 6.798700e-15
4.095640e-07 7.735800e-15
4.098300e-07 6.776600e-15
4.100970e-07 6.812000e-15
4.103640e-07 6.459300e-15
4.106300e-07 5.881200e-15
4.108970e-07 6.501200e-15
4.111640e-07 5.721800e-15
4.114300e-07 7.019100e-15
4.116970e-07 7.302300e-15
4.119640e-07 7.209100e-15
4.122300e-07 7.678800e-15
4.124970e-07 7.910800e-15
4.127640e-07 7.828600e-15
4.130300e-07 7.208600e-15
4.132970e-07 6.695000e-15
4.135640e-07 7.357700e-15
4.138300e-07 8.202600e-15
4.140970e-07 8.015600e-15
4.143640e-07 7.293600e-15
4.146310e-07 7.601900e-15
4.148970e-07 7.066700e-15
4.151640e-07 6.864200e-15
4.154310e-07 6.931500e-15
4.156970e-07 7.223000e-15
4.159640e-07 7.345100e-15
4.162310e-07 7.925100e-15
4.164970e-07 8.107600e-15
4.167640e-07 7.758100e-15
4.170310e-07 7.212400e-15
4.172970e-07 6.855200e-15
4.175640e-07 7.501100e-15
4.178310e-07 7.153400e-15
4.180970e-07 7.266300e-15
4.183640e-07 7.529400e-15
4.186310e-07 7.648400e-15
4.188970e-07 7.174500e-15
4.191640e-07 7.504800e-15
4.194310e-07 7.439000e-15
4.196970e-07 7.881300e-15
4.199640e-07 7.763700e-15
4.202310e-07 7.800800e-15
4.204970e-07 7.415100e-15
4.207640e-07 7.461100e-15
4.210310e-07 8.101700e-15
4.212970e-07 7.553600e-15
4.215640e-07 6.623100e-15
4.218310e-07 7.230400e-15
4.220970e-07 7.372500e-15
4.223640e-07 7.656000e-15
4.226310e-07 7.505700e-15
4.228970e-07 7.150000e-15
4.231640e-07 7.582900e-15
4.234310e-07 7.857500e-15
4.236970e-07 7.474100e-15
4.239640e-07 7.490000e-15
4.242310e-07 7.231600e-15
4.244970e-07 7.575900e-15
4.247640e-07 7.856100e-15
4.250310e-07 7.907400e-15
4.252970e-07 7.997600e-15
4.255640e-07 7.484600e-15
4.258310e-07 7.029600e-15
4.260970e-07 7.394100e-15
4.263640e-07 7.282300e-15
4.266310e-07 7.187900e-15
4.268970e-07 7.527700e-15
4.271640e-07 7.426700e-15
4.274310e-07 7.523000e-15
4.276970e-07 7.415000e-15
4.279640e-07 7.719500e-15
4.282310e-07 7.612700e-15
4.284970e-07 7.649700e-15
4.287640e-07 8.082100e-15
4.290310e-07 7.544000e-15
4.292970e-07 7.108400e-15
4.295640e-07 6.712600e-15
4.298310e-07 7.588100e-15
4.300970e-07 7.299900e-15
4.303640e-07 7.015300e-15
4.306310e-07 6.651800e-15
4.308980e-07 6.455300e-15
4.311640e-07 6.945100e-15
4.314310e-07 6.770300e-15
4.316980e-07 7.026300e-15
4.319640e-07 7.257200e-15
4.322310e-07 7.629500e-15
4.324980e-07 7.563100e-15
4.327640e-07 7.232400e-15
4.330310e-07 6.819200e-15
4.332980e-07 6.317900e-15
4.335640e-07 6.739200e-15
4.338310e-07 6.783500e-15
4.340980e-07 6.707000e-15
4.343640e-07 7.418900e-15
4.346310e-07 7.229900e-15
4.348980e-07 7.263700e-15
4.351640e-07 7.353300e-15
4.354310e-07 6.702900e-15
4.356980e-07 6.347200e-15
4.359640e-07 7.163300e-15
4.362310e-07 7.497400e-15
4.364980e-07 7.881900e-15
4.367640e-07 7.586800e-15
4.370310e-07 7.307400e-15
4.372980e-07 7.943700e-15
4.375640e-07 7.528100e-15
4.378310e-07 7.762000e-15
4.380980e-07 7.725100e-15
4.383640e-07 6.996200e-15
4.386310e-07 6.549900e-15
4.388980e-07 7.165200e-15
4.391640e-07 7.559300e-15
4.394310e-07 7.271000e-15
4.396980e-07 7.146800e-15
4.399640e-07 6.884400e-15
4.402310e-07 7.026800e-15
4.404980e-07 7.472900e-15
4.407640e-07 7.357200e-15
4.410310e-07 7.500300e-15
4.412980e-07 7.407800e-15
4.415640e-07 7.408500e-15
4.418310e-07 6.730400e-15
4.420980e-07 7.600200e-15
4.423640e-07 7.457600e-15
4.426310e-07 7.056600e-15
4.428980e-07 7.541400e-15
4.431640e-07 7.860600e-15
4.434310e-07 7.624800e-15
4.436980e-07 7.733800e-15
4.439640e-07 8.470000e-15
4.442310e-07 7.737500e-15
4.444980e-07 7.253900e-15
4.447640e-07 7.624400e-15
4.450310e-07 7.359500e-15
4.452980e-07 7.396300e-15
4.455640e-07 7.407800e-15
4.458310e-07 7.525600e-15
4.460980e-07 7.177400e-15
4.463640e-07 6.784500e-15
4.466310e-07 7.369200e-15
4.468980e-07 7.637400e-15
4.471650e-07 6.946400e-15
4.474310e-07 7.298600e-15
4.476980e-07 7.551200e-15
4.479650e-07 7.678200e-15
4.482310e-07 7.419600e-15
4.484980e-07 7.449200e-15
4.487650e-07 7.709500e-15
4.490310e-07 8.437800e-15
4.492980e-07 7.627400e-15
4.495650e-07 7.235300e-15
4.498310e-07 7.282100e-15
4.500980e-07 7.187300e-15
4.503650e-07 7.895900e-15
4.506310e-07 8.339300e-15
4.508980e-07 7.966200e-15
4.511650e-07 8.045400e-15
4.514310e-07 7.978700e-15
4.516980e-07 8.168700e-15
4.519650e-07 7.657600e-15
4.522310e-07 7.216900e-15
4.524980e-07 7.649500e-15
4.527650e-07 8.182800e-15
4.530310e-07 8.104900e-15
4.532980e-07 7.190100e-15
4.535650e-07 7.469900e-15
4.538310e-07 7.337900e-15
4.540980e-07 7.634700e-15
4.543650e-07 7.681200e-15
4.546310e-07 7.795900e-15
4.548980e-07 7.384700e-15
4.551650e-07 7.547500e-15
4.554310e-07 6.932500e-15
4.556980e-07 7.348100e-15
4.559650e-07 8.094500e-15
4.562310e-07 7.255900e-15
4.564980e-07 6.839300e-15
4.567650e-07 7.017500e-15
4.570310e-07 6.993400e-15
4.572980e-07 7.966100e-15
4.575650e-07 7.272400e-15
4.578310e-07 7.310000e-15
4.580980e-07 7.005800e-15
4.583650e-07 7.583600e-15
4.586310e-07 7.608000e-15
4.588980e-07 7.399700e-15
4.591650e-07 7.181500e-15
4.594310e-07 7.525600e-15
4.596980e-07 8.147700e-15
4.599650e-07 7.743400e-15
4.602310e-07 7.747600e-15
4.604980e-07 7.505900e-15
4.607650e-07 7.768200e-15
4.610310e-07 8.295300e-15
4.612980e-07 7.264500e-15
4.615650e-07 8.115900e-15
4.618310e-07 8.100800e-15
4.620980e-07 7.570300e-15
4.623650e-07 8.124000e-15
4.626310e-07 7.771700e-15
4.628980e-07 7.775600e-15
4.631650e-07 8.118500e-15
4.634320e-07 7.244500e-15
4.636980e-07 7.473600e-15
4.639650e-07 7.853000e-15
4.642320e-07 7.759700e-15
4.644980e-07 7.437300e-15
4.647650e-07 7.554300e-15
4.650320e-07 7.478100e-15
4.652980e-07 7.053300e-15
4.655650e-07 7.612000e-15
4.658320e-07 7.573500e-15
4.660980e-07 7.720700e-15
4.663650e-07 7.763600e-15
4.666320e-07 7.456100e-15
4.668980e-07 7.713400e-15
4.671650e-07 7.312900e-15
4.674320e-07 7.124100e-15
4.676980e-07 7.433600e-15
4.679650e-07 7.104300e-15
4.682320e-07 7.876100e-15
4.684980e-07 7.479600e-15
4.687650e-07 7.757800e-15
4.690320e-07 7.357100e-15
4.692980e-07 7.339400e-15
4.695650e-07 7.288900e-15
4.698320e-07 7.238800e-15
4.700980e-07 7.343400e-15
4.703650e-07 7.409800e-15
4.706320e-07 7.173700e-15
4.708980e-07 7.016100e-15
4.711650e-07 7.706200e-15
4.714320e-07 6.924700e-15
4.716980e-07 7.806100e-15
4.719650e-07 7.596100e-15
4.722320e-07 6.960400e-15
4.724980e-07 7.245900e-15
4.727650e-07 7.423800e-15
4.730320e-07 7.473700e-15
4.732980e-07 7.140800e-15
4.735650e-07 6.541900e-15
4.738320e-07 7.099600e-15
4.740980e-07 7.595900e-15
4.743650e-07 6.414400e-15
4.746320e-07 7.161700e-15
4.748980e-07 7.322800e-15
4.751650e-07 6.658600e-15
4.754320e-07 7.076900e-15
4.756980e-07 6.909900e-15
4.759650e-07 7.584900e-15
4.762320e-07 7.298300e-15
4.764980e-07 6.820300e-15
4.767650e-07 7.106200e-15
4.770320e-07 6.525500e-15
4.772980e-07 7.424500e-15
4.775650e-07 7.397800e-15
4.778320e-07 7.237800e-15
4.780980e-07 7.068300e-15
4.783650e-07 7.032600e-15
4.786320e-07 7.235400e-15
4.788980e-07 7.254700e-15
4.791650e-07 7.456300e-15
4.794320e-07 7.299500e-15
4.796980e-07 7.239800e-15
4.799650e-07 7.624100e-15
4.802320e-07 8.052900e-15
4.804990e-07 7.013900e-15
4.807650e-07 7.213400e-15
4.810320e-07 7.054400e-15
4.812990e-07 6.925800e-15
4.815650e-07 7.152600e-15
4.818320e-07 7.176500e-15
4.820990e-07 7.506500e-15
4.823650e-07 8.011700e-15
4.826320e-07 7.181900e-15
4.828990e-07 6.828100e-15
4.831650e-07 6.523400e-15
4.834320e-07 6.094500e-15
4.836990e-07 7.360000e-15
4.839650e-07 7.191900e-15
4.842320e-07 6.126100e-15
4.844990e-07 6.660200e-15
4.847650e-07 6.753900e-15
4.850320e-07 6.486300e-15
4.852990e-07 6.545900e-15
4.855650e-07 6.473100e-15
4.858320e-07 7.589700e-15
4.860990e-07 9.004800e-15
4.863650e-07 1.053800e-14
4.866320e-07 1.044700e-14
4.868990e-07 9.517300e-15
4.871650e-07 7.401300e-15
4.874320e-07 6.815400e-15
4.876990e-07 5.849400e-15
4.879650e-07 6.526000e-15
4.882320e-07 6.494200e-15
4.884990e-07 6.303400e-15
4.887650e-07 6.044000e-15
4.890320e-07 6.513100e-15
4.892990e-07 6.714300e-15
4.895650e-07 6.930500e-15
4.898320e-07 6.749800e-15
4.900990e-07 6.907300e-15
4.903650e-07 6.760300e-15
4.906320e-07 7.190500e-15
4.908990e-07 6.692900e-15
4.911650e-07 6.920400e-15
4.914320e-07 7.342200e-15
4.916990e-07 6.867000e-15
4.919650e-07 6.162600e-15
4.922320e-07 6.956500e-15
4.924990e-07 6.307000e-15
4.927650e-07 6.626000e-15
4.930320e-07 6.910500e-15
4.932990e-07 7.709300e-15
4.935650e-07 7.109500e-15
4.938320e-07 7.251000e-15
4.940990e-07 7.037800e-15
4.943650e-07 7.015000e-15
4.946320e-07 6.752200e-15
4.948990e-07 7.681300e-15
4.951650e-07 7.012500e-15
4.954320e-07 6.735800e-15
4.956990e-07 7.328600e-15
4.959650e-07 8.161800e-15
4.962320e-07 8.482200e-15
4.964990e-07 7.832700e-15
4.967660e-07 8.023700e-15
4.970320e-07 7.498100e-15
4.972990e-07 6.759400e-15
4.975660e-07 7.431500e-15
4.978320e-07 7.437900e-15
4.980990e-07 7.115100e-15
4.983660e-07 7.010200e-15
4.986320e-07 6.778700e-15
4.988990e-07 6.712400e-15
4.991660e-07 6.617100e-15
4.994320e-07 6.957800e-15
4.996990e-07 7.097200e-15
4.999660e-07 6.573500e-15
5.002320e-07 6.938900e-15
5.004990e-07 9.013000e-15
5.007660e-07 1.111200e-14
5.010320e-07 1.176800e-14
5.012990e-07 1.108100e-14
5.015660e-07 9.106700e-15
5.018320e-07 7.559000e-15
5.020990e-07 7.172200e-15
5.023660e-07 6.879000e-15
5.026320e-07 6.472400e-15
5.028990e-07 6.261000e-15
5.031660e-07 7.031600e-15
5.034320e-07 7.181900e-15
5.036990e-07 6.770000e-15
5.039660e-07 6.400300e-15
5.042320e-07 6.995400e-15
5.044990e-07 6.473000e-15
5.047660e-07 6.433200e-15
5.050320e-07 6.891300e-15
5.052990e-07 6.818500e-15
5.055660e-07 6.706600e-15
5.058320e-07 6.816500e-15
5.060990e-07 6.430400e-15
5.063660e-07 7.131400e-15
5.066320e-07 6.431000e-15
5.068990e-07 6.425800e-15
5.071660e-07 6.695000e-15
5.074320e-07 6.210700e-15
5.076990e-07 6.280200e-15
5.079660e-07 6.999200e-15
5.082320e-07 6.526000e-15
5.084990e-07 6.087800e-15
5.087660e-07 6.604200e-15
5.090320e-07 6.977300e-15
5.092990e-07 6.819900e-15
5.095660e-07 7.638800e-15
5.098320e-07 7.249600e-15
5.100990e-07 7.113300e-15
5.103660e-07 6.380000e-15
5.106320e-07 6.562700e-15
5.108990e-07 6.392000e-15
5.111660e-07 6.695900e-15
5.114320e-07 6.645000e-15
5.116990e-07 6.489600e-15
5.119660e-07 6.733300e-15
5.122320e-07 6.700400e-15
5.124990e-07 6.636100e-15
5.127660e-07 6.334500e-15
5.130330e-07 6.767000e-15
5.132990e-07 6.392400e-15
5.135660e-07 6.178500e-15
5.138330e-07 6.270100e-15
5.140990e-07 6.466100e-15
5.143660e-07 6.661600e-15
5.146330e-07 6.446700e-15
5.148990e-07 7.275300e-15
5.151660e-07 6.410000e-15
5.154330e-07 6.919600e-15
5.156990e-07 6.377900e-15
5.159660e-07 6.448300e-15
5.162330e-07 6.381400e-15
5.164990e-07 6.913900e-15
5.167660e-07 6.269600e-15
5.170330e-07 6.257100e-15
5.172990e-07 6.450800e-15
5.175660e-07 6.750500e-15
5.178330e-07 6.182300e-15
5.180990e-07 6.531800e-15
5.183660e-07 6.168300e-15
5.186330e-07 5.696900e-15
5.188990e-07 5.786300e-15
5.191660e-07 6.393400e-15
5.194330e-07 6.842500e-15
5.196990e-07 6.632600e-15
5.199660e-07 6.944900e-15
5.202330e-07 6.701100e-15
5.204990e-07 6.759400e-15
5.207660e-07 6.389200e-15
5.210330e-07 6.464700e-15
5.212990e-07 6.725400e-15
5.215660e-07 6.543700e-15
5.218330e-07 5.763100e-15
5.220990e-07 6.670700e-15
5.223660e-07 6.315600e-15
5.226330e-07 6.286100e-15
5.228990e-07 6.632800e-15
5.231660e-07 6.426500e-15
5.234330e-07 6.901700e-15
5.236990e-07 6.622900e-15
5.239660e-07 6.115100e-15
5.242330e-07 6.786800e-15
5.244990e-07 6.735600e-15
5.247660e-07 7.074100e-15
5.250330e-07 5.832800e-15
5.252990e-07 5.875200e-15
5.255660e-07 6.309000e-15
5.258330e-07 6.384900e-15
5.260990e-07 6.738200e-15
5.263660e-07 6.393400e-15
5.266330e-07 6.579500e-15
5.268990e-07 6.363700e-15
5.271660e-07 6.166100e-15
5.274330e-07 6.320300e-15
5.276990e-07 6.601100e-15
5.279660e-07 6.564400e-15
5.282330e-07 6.485100e-15
5.284990e-07 6.061700e-15
5.287660e-07 6.557300e-15
5.290330e-07 6.559400e-15
5.293000e-07 6.461600e-15
5.295660e-07 6.950000e-15
5.298330e-07 6.702900e-15
5.301000e-07 6.538500e-15
5.303660e-07 6.043500e-15
5.306330e-07 6.836200e-15
5.309000e-07 6.657400e-15
5.311660e-07 6.723200e-15
5.314330e-07 6.740700e-15
5.317000e-07 6.435500e-15
5.319660e-07 6.360400e-15
5.322330e-07 6.569400e-15
5.325000e-07 6.873400e-15
5.327660e-07 6.140400e-15
5.330330e-07 6.090600e-15
5.333000e-07 6.089400e-15
5.335660e-07 6.770200e-15
5.338330e-07 6.195300e-15
5.341000e-07 6.399000e-15
5.343660e-07 6.950900e-15
5.346330e-07 6.581700e-15
5.349000e-07 6.203900e-15
5.351660e-07 6.150700e-15
5.354330e-07 6.919700e-15
5.357000e-07 6.507200e-15
5.359660e-07 6.334100e-15
5.362330e-07 7.231900e-15
5.365000e-07 6.985700e-15
5.367660e-07 6.373300e-15
5.370330e-07 6.350300e-15
5.373000e-07 6.542300e-15
5.375660e-07 6.198200e-15
5.378330e-07 6.730200e-15
5.381000e-07 7.038000e-15
5.383660e-07 6.262400e-15
5.386330e-07 7.064600e-15
5.389000e-07 6.407000e-15
5.391660e-07 6.434800e-15
5.394330e-07 7.172800e-15
5.397000e-07 6.810900e-15
5.399660e-07 6.004400e-15
5.402330e-07 6.188100e-15
5.405000e-07 5.972500e-15
5.407660e-07 6.451500e-15
5.410330e-07 6.071500e-15
5.413000e-07 6.738900e-15
5.415660e-07 5.446700e-15
5.418330e-07 5.855200e-15
5.421000e-07 6.200600e-15
5.423660e-07 6.633300e-15
5.426330e-07 6.882600e-15
5.429000e-07 6.063800e-15
5.431660e-07 6.775300e-15
5.434330e-07 6.292800e-15
5.437000e-07 6.579900e-15
5.439660e-07 6.469400e-15
5.442330e-07 6.085600e-15
5.445000e-07 6.493100e-15
5.447660e-07 6.315000e-15
5.450330e-07 6.303800e-15
5.453000e-07 6.765000e-15
5.455670e-07 6.309500e-15
5.458330e-07 6.477500e-15
5.461000e-07 6.446500e-15
5.463670e-07 6.344500e-15
5.466330e-07 5.619100e-15
5.469000e-07 6.313800e-15
5.471670e-07 6.521200e-15
5.474330e-07 6.037700e-15
5.477000e-07 6.539300e-15
5.479670e-07 6.324700e-15
5.482330e-07 6.190700e-15
5.485000e-07 6.771200e-15
5.487670e-07 6.057400e-15
5.490330e-07 6.461000e-15
5.493000e-07 6.480100e-15
5.495670e-07 6.408600e-15
5.498330e-07 6.441700e-15
5.501000e-07 6.553900e-15
5.503670e-07 6.482400e-15
5.506330e-07 6.248300e-15
5.509000e-07 5.713700e-15
5.511670e-07 6.519100e-15
5.514330e-07 7.165700e-15
5.517000e-07 6.971800e-15
5.519670e-07 5.897500e-15
5.522330e-07 6.340400e-15
5.525000e-07 6.258200e-15
5.527670e-07 6.179000e-15
5.530330e-07 5.878100e-15
5.533000e-07 6.381000e-15
5.535670e-07 6.484200e-15
5.538330e-07 7.205100e-15
5.541000e-07 6.066600e-15
5.543670e-07 6.762600e-15
5.546330e-07 6.142000e-15
5.549000e-07 6.349400e-15
5.551670e-07 6.583100e-15
5.554330e-07 6.756900e-15
5.557000e-07 6.817900e-15
5.559670e-07 6.473900e-15
5.562330e-07 5.840900e-15
5.565000e-07 7.001600e-15
5.567670e-07 6.396400e-15
5.570330e-07 6.242000e-15
5.573000e-07 6.710000e-15
5.575670e-07 6.209500e-15
5.578330e-07 6.654900e-15
5.581000e-07 6.306100e-15
5.583670e-07 6.342000e-15
5.586330e-07 6.848500e-15
5.589000e-07 6.678200e-15
5.591670e-07 6.272900e-15
5.594330e-07 6.043200e-15
5.597000e-07 5.991500e-15
5.599670e-07 6.559500e-15
5.602330e-07 6.144000e-15
5.605000e-07 5.856200e-15
5.607670e-07 6.494300e-15
5.610330e-07 6.536400e-15
5.613000e-07 5.794200e-15
5.615670e-07 6.193100e-15
5.618340e-07 6.558900e-15
5.621000e-07 6.111700e-15
5.623670e-07 6.416600e-15
5.626340e-07 6.534100e-15
5.629000e-07 6.442400e-15
5.631670e-07 6.141700e-15
5.634340e-07 6.746300e-15
5.637000e-07 6.889800e-15
5.639670e-07 6.506500e-15
5.642340e-07 6.256100e-15
5.645000e-07 6.006700e-15
5.647670e-07 5.960500e-15
5.650340e-07 6.229700e-15
5.653000e-07 6.172000e-15
5.655670e-07 5.790800e-15
5.658340e-07 6.082900e-15
5.661000e-07 6.278200e-15
5.663670e-07 6.313400e-15
5.666340e-07 6.150900e-15
5.669000e-07 6.207200e-15
5.671670e-07 6.282800e-15
5.674340e-07 6.302300e-15
5.677000e-07 6.473700e-15
5.679670e-07 6.267600e-15
5.682340e-07 6.211100e-15
5.685000e-07 6.130100e-15
5.687670e-07 6.020200e-15
5.690340e-07 5.935800e-15
5.693000e-07 6.354600e-15
5.695670e-07 6.727700e-15
5.698340e-07 6.729700e-15
5.701000e-07 6.056000e-15
5.703670e-07 5.895400e-15
5.706340e-07 5.956000e-15
5.709000e-07 5.490800e-15
5.711670e-07 5.655300e-15
5.714340e-07 6.176900e-15
5.717000e-07 6.302400e-15
5.719670e-07 6.450400e-15
5.722340e-07 6.559500e-15
5.725000e-07 5.666700e-15
5.727670e-07 6.344400e-15
5.730340e-07 7.443500e-15
5.733000e-07 6.772400e-15
5.735670e-07 6.141100e-15
5.738340e-07 6.476100e-15
5.741000e-07 5.957700e-15
5.743670e-07 6.282600e-15
5.746340e-07 6.387400e-15
5.749000e-07 6.032800e-15
5.751670e-07 6.643600e-15
5.754340e-07 6.357000e-15
5.757000e-07 6.008900e-15
5.759670e-07 6.398000e-15
5.762340e-07 5.850600e-15
5.765000e-07 5.832200e-15
5.767670e-07 6.658200e-15
5.770340e-07 6.944600e-15
5.773000e-07 6.892500e-15
5.775670e-07 6.284500e-15
5.778340e-07 6.746000e-15
5.781010e-07 6.126900e-15
5.783670e-07 5.699500e-15
5.786340e-07 5.856700e-15
5.789010e-07 6.663000e-15
5.791670e-07 5.876800e-15
5.794340e-07 6.338900e-15
5.797010e-07 5.726500e-15
5.799670e-07 6.179100e-15
5.802340e-07 6.014700e-15
5.805010e-07 6.602400e-15
5.807670e-07 6.658200e-15
5.810340e-07 6.126000e-15
5.813010e-07 7.063000e-15
5.815670e-07 5.966500e-15
5.818340e-07 6.396500e-15
5.821010e-07 5.802500e-15
5.823670e-07 5.772700e-15
5.826340e-07 6.709700e-15
5.829010e-07 6.524400e-15
5.831670e-07 6.125400e-15
5.834340e-07 6.431800e-15
5.837010e-07 6.215800e-15
5.839670e-07 6.206300e-15
5.842340e-07 6.083400e-15
5.845010e-07 6.214900e-15
5.847670e-07 5.882000e-15
5.850340e-07 5.510100e-15
5.853010e-07 6.064000e-15
5.855670e-07 5.374000e-15
5.858340e-07 5.687000e-15
5.861010e-07 6.270600e-15
5.863670e-07 6.304000e-15
5.866340e-07 6.000800e-15
5.869010e-07 5.786500e-15
5.871670e-07 6.644100e-15
5.874340e-07 6.725300e-15
5.877010e-07 6.807200e-15
5.879670e-07 6.994900e-15
5.882340e-07 7.049800e-15
5.885010e-07 5.486500e-15
5.887670e-07 5.687700e-15
5.890340e-07 5.652300e-15
5.893010e-07 6.310500e-15
5.895670e-07 6.044800e-15
5.898340e-07 5.447400e-15
5.901010e-07 5.325400e-15
5.903670e-07 5.692900e-15
5.906340e-07 6.000700e-15
5.909010e-07 6.608800e-15
5.911670e-07 6.250600e-15
5.914340e-07 5.941500e-15
5.917010e-07 6.342900e-15
5.919670e-07 5.753000e-15
5.922340e-07 6.384800e-15
5.925010e-07 5.865900e-15
5.927670e-07 5.855400e-15
5.930340e-07 6.543600e-15
5.933010e-07 6.240500e-15
5.935670e-07 5.767400e-15
5.938340e-07 5.495000e-15
5.941010e-07 5.383000e-15
5.943680e-07 6.156600e-15
5.946340e-07 6.559000e-15
5.949010e-07 6.006300e-15
5.951680e-07 5.605900e-15
5.954340e-07 5.512600e-15
5.957010e-07 5.762900e-15
5.959680e-07 6.069900e-15
5.962340e-07 6.126600e-15
5.965010e-07 5.809100e-15
5.967680e-07 6.129700e-15
5.970340e-07 6.374300e-15
5.973010e-07 5.687200e-15
5.975680e-07 5.376500e-15
5.978340e-07 5.750600e-15
5.981010e-07 6.064800e-15
5.983680e-07 6.959700e-15
5.986340e-07 6.288700e-15
5.989010e-07 6.045300e-15
5.991680e-07 6.002100e-15
5.994340e-07 5.954700e-15
5.997010e-07 5.582400e-15
5.999680e-07 6.021500e-15
6.002340e-07 6.056400e-15
6.005010e-07 6.090100e-15
6.007680e-07 6.243600e-15
6.010340e-07 6.115500e-15
6.013010e-07 5.867500e-15
6.015680e-07 6.081900e-15
6.018340e-07 5.842100e-15
6.021010e-07 6.354200e-15
6.023680e-07 6.279800e-15
6.026340e-07 5.844500e-15
6.029010e-07 5.949300e-15
6.031680e-07 6.434100e-15
6.034340e-07 6.314900e-15
6.037010e-07 5.810200e-15
6.039680e-07 6.105900e-15
6.042340e-07 6.079900e-15
6.045010e-07 6.109100e-15
6.047680e-07 6.145600e-15
6.050340e-07 5.537500e-15
6.053010e-07 5.681700e-15
6.055680e-07 5.647300e-15
6.058340e-07 6.303400e-15
6.061010e-07 6.259000e-15
6.063680e-07 6.149800e-15
6.066340e-07 6.148600e-15
6.069010e-07 6.486300e-15
6.071680e-07 6.179900e-15
6.074340e-07 6.416400e-15
6.077010e-07 5.952300e-15
6.079680e-07 5.687100e-15
6.082340e-07 6.112200e-15
6.085010e-07 5.975100e-15
6.087680e-07 5.961500e-15
6.090340e-07 6.166900e-15
6.093010e-07 5.909400e-15
6.095680e-07 5.727100e-15
6.098340e-07 5.798100e-15
6.101010e-07 5.865600e-15
6.103680e-07 6.268700e-15
6.106340e-07 6.409500e-15
6.109010e-07 5.808000e-15
6.111680e-07 5.406600e-15
6.114350e-07 5.817500e-15
6.117010e-07 5.361300e-15
6.119680e-07 6.612700e-15
6.122350e-07 5.794400e-15
6.125010e-07 6.461600e-15
6.127680e-07 6.227000e-15
6.130350e-07 5.685900e-15
6.133010e-07 5.521800e-15
6.135680e-07 6.115200e-15
6.138350e-07 5.513000e-15
6.141010e-07 6.461600e-15
6.143680e-07 5.604400e-15
6.146350e-07 6.095700e-15
6.149010e-07 6.191400e-15
6.151680e-07 5.828600e-15
6.154350e-07 5.787200e-15
6.157010e-07 5.818200e-15
6.159680e-07 5.495600e-15
6.162350e-07 5.733200e-15
6.165010e-07 5.980100e-15
6.167680e-07 5.341300e-15
6.170350e-07 5.970000e-15
6.173010e-07 4.986300e-15
6.175680e-07 5.532700e-15
6.178350e-07 5.549500e-15
6.181010e-07 5.860600e-15
6.183680e-07 5.833600e-15
6.186350e-07 5.748800e-15
6.189010e-07 5.923600e-15
6.191680e-07 5.664600e-15
6.194350e-07 5.510300e-15
6.197010e-07 5.768700e-15
6.199680e-07 5.127700e-15
6.202350e-07 5.399800e-15
6.205010e-07 5.547800e-15
6.207680e-07 5.976000e-15
6.210350e-07 5.474500e-15
6.213010e-07 5.888400e-15
6.215680e-07 5.940500e-15
6.218350e-07 5.425900e-15
6.221010e-07 5.298800e-15
6.223680e-07 5.807900e-15
6.226350e-07 5.940300e-15
6.229010e-07 5.226500e-15
6.231680e-07 4.834800e-15
6.234350e-07 5.335500e-15
6.237010e-07 5.316900e-15
6.239680e-07 6.035700e-15
6.242350e-07 5.889100e-15
6.245010e-07 5.824000e-15
6.247680e-07 5.929900e-15
6.250350e-07 6.009800e-15
6.253010e-07 5.850000e-15
6.255680e-07 5.612900e-15
6.258350e-07 5.763200e-15
6.261010e-07 5.728800e-15
6.263680e-07 5.772700e-15
6.266350e-07 5.345600e-15
6.269010e-07 5.509200e-15
6.271680e-07 5.807400e-15
6.274350e-07 5.857600e-15
6.277020e-07 5.670900e-15
6.279680e-07 5.284200e-15
6.282350e-07 5.177500e-15
6.285020e-07 5.072100e-15
6.287680e-07 5.245000e-15
6.290350e-07 5.504600e-15
6.293020e-07 6.032800e-15
6.295680e-07 6.731400e-15
6.298350e-07 6.554100e-15
6.301020e-07 6.632700e-15
6.303680e-07 7.555300e-15
6.306350e-07 7.168700e-15
6.309020e-07 6.096800e-15
6.311680e-07 5.759700e-15
6.314350e-07 5.671700e-15
6.317020e-07 5.510000e-15
6.319680e-07 5.601500e-15
6.322350e-07 5.762700e-15
6.325020e-07 5.730300e-15
6.327680e-07 5.476200e-15
6.330350e-07 5.476000e-15
6.333020e-07 5.876600e-15
6.335680e-07 5.263400e-15
6.338350e-07 5.606200e-15
6.341020e-07 5.924500e-15
6.343680e-07 5.362900e-15
6.346350e-07 5.211500e-15
6.349020e-07 5.751100e-15
6.351680e-07 5.077500e-15
6.354350e-07 5.690900e-15
6.357020e-07 4.688000e-15
6.359680e-07 5.736000e-15
6.362350e-07 4.812600e-15
6.365020e-07 6.309800e-15
6.367680e-07 5.704900e-15
6.370350e-07 5.490600e-15
6.373020e-07 5.543900e-15
6.375680e-07 6.375500e-15
6.378350e-07 5.285000e-15
6.381020e-07 5.715200e-15
6.383680e-07 5.342800e-15
6.386350e-07 5.366400e-15
6.389020e-07 5.833100e-15
6.391680e-07 4.631600e-15
6.394350e-07 4.872900e-15
6.397020e-07 5.430600e-15
6.399680e-07 5.109900e-15
6.402350e-07 5.491000e-15
6.405020e-07 5.767100e-15
6.407680e-07 5.400100e-15
6.410350e-07 5.022300e-15
6.413020e-07 5.083300e-15
6.415680e-07 4.741000e-15
6.418350e-07 5.198200e-15
6.421020e-07 5.162600e-15
6.423680e-07 5.455700e-15
6.426350e-07 5.864600e-15
6.429020e-07 5.829200e-15
6.431680e-07 4.910600e-15
6.434350e-07 6.267300e-15
6.437020e-07 5.783100e-15
6.439690e-07 5.798500e-15
6.442350e-07 5.544200e-15
6.445020e-07 5.402400e-15
6.447690e-07 5.612000e-15
6.450350e-07 5.768000e-15
6.453020e-07 5.245700e-15
6.455690e-07 5.767700e-15
6.458350e-07 5.905400e-15
6.461020e-07 5.434900e-15
6.463690e-07 5.438000e-15
6.466350e-07 5.605100e-15
6.469020e-07 6.079800e-15
6.471690e-07 5.734900e-15
6.474350e-07 6.277300e-15
6.477020e-07 6.215200e-15
6.479690e-07 5.918500e-15
6.482350e-07 6.007600e-15
6.485020e-07 6.248000e-15
6.487690e-07 5.730200e-15
6.490350e-07 5.300900e-15
6.493020e-07 5.324500e-15
6.495690e-07 6.018200e-15
6.498350e-07 5.345300e-15
6.501020e-07 5.041100e-15
6.503690e-07 5.599200e-15
6.506350e-07 4.706900e-15
6.509020e-07 5.320900e-15
6.511690e-07 5.630600e-15
6.514350e-07 5.501800e-15
6.517020e-07 6.057000e-15
6.519690e-07 6.107600e-15
6.522350e-07 5.628900e-15
6.525020e-07 5.213300e-15
6.527690e-07 5.499300e-15
6.530350e-07 5.436400e-15
6.533020e-07 5.929200e-15
6.535690e-07 5.801100e-15
6.538350e-07 5.673400e-15
6.541020e-07 6.054200e-15
6.543690e-07 6.963800e-15
6.546350e-07 7.250800e-15
6.549020e-07 8.315600e-15
6.551690e-07 9.462800e-15
6.554350e-07 9.909200e-15
6.557020e-07 1.004400e-14
6.559690e-07 1.399300e-14
6.562350e-07 2.344700e-14
6.565020e-07 3.308100e-14
6.567690e-07 3.219900e-14
6.570350e-07 2.423500e-14
6.573020e-07 1.323500e-14
6.575690e-07 9.136300e-15
6.578350e-07 8.698900e-15
6.581020e-07 1.025900e-14
6.583690e-07 1.411600e-14
6.586350e-07 1.668600e-14
6.589020e-07 1.485200e-14
6.591690e-07 1.076100e-14
6.594350e-07 7.563300e-15
6.597020e-07 6.191000e-15
6.599690e-07 6.382300e-15
6.602360e-07 5.288200e-15
6.605020e-07 6.269600e-15
6.607690e-07 5.404100e-15
6.610360e-07 5.304000e-15
6.613020e-07 5.445500e-15
6.615690e-07 6.021900e-15
6.618360e-07 6.195400e-15
6.621020e-07 6.820500e-15
6.632010e-07 5.425400e-15
6.647290e-07 5.473300e-15
6.662620e-07 5.421000e-15
6.677980e-07 5.443800e-15
6.693370e-07 5.354500e-15
6.708800e-07 5.352300e-15
6.724270e-07 5.156600e-15
6.739770e-07 5.311100e-15
6.755300e-07 5.188100e-15
6.770880e-07 5.294500e-15
6.786490e-07 5.365900e-15
6.802130e-07 5.205500e-15
6.817810e-07 5.275700e-15
6.833530e-07 5.285700e-15
6.849280e-07 5.163200e-15
6.865070e-07 5.125500e-15
6.880900e-07 5.135100e-15
6.896760e-07 5.180400e-15
6.912650e-07 5.166300e-15
6.928590e-07 5.116800e-15
6.944560e-07 5.257900e-15
6.960570e-07 5.171600e-15
6.976620e-07 5.338700e-15
6.992700e-07 5.324200e-15
7.008820e-07 5.212700e-15
7.024970e-07 5.162700e-15
7.041170e-07 5.317200e-15
7.057400e-07 5.388900e-15
7.073670e-07 4.912500e-15
7.089980e-07 5.106400e-15
7.106320e-07 4.965100e-15
7.122700e-07 4.962900e-15
7.139130e-07 4.726500e-15
7.155580e-07 4.779100e-15
7.172080e-07 4.766000e-15
7.188610e-07 4.698500e-15
7.205180e-07 4.739900e-15
7.221790e-07 4.904300e-15
7.238440e-07 4.924700e-15
7.255130e-07 5.037100e-15
7.271850e-07 4.908900e-15
7.288610e-07 4.906700e-15
7.305420e-07 5.076800e-15
7.322260e-07 5.098000e-15
7.339130e-07 5.095600e-15
7.356060e-07 5.176100e-15
7.373010e-07 5.114500e-15
7.390010e-07 5.159400e-15
7.407040e-07 5.133300e-15
7.424120e-07 5.048900e-15
7.441230e-07 5.199900e-15
7.458380e-07 5.209500e-15
7.475580e-07 5.219100e-15
7.492810e-07 5.228600e-15
7.510080e-07 5.226200e-15
7.527400e-07 5.284200e-15
7.544750e-07 5.245400e-15
7.562140e-07 5.194800e-15
7.579570e-07 5.109300e-15
7.597050e-07 5.060100e-15
7.614560e-07 4.976800e-15
7.632110e-07 5.008900e-15
7.649710e-07 4.949200e-15
7.667340e-07 4.845300e-15
7.685020e-07 4.809700e-15
7.702740e-07 4.763300e-15
7.720490e-07 4.717300e-15
7.738290e-07 4.791600e-15
7.756130e-07 4.563200e-15
7.774010e-07 4.699600e-15
7.791930e-07 4.718900e-15
7.809890e-07 4.727500e-15
7.827890e-07 4.835200e-15
7.845940e-07 4.766500e-15
7.864020e-07 4.819300e-15
7.882150e-07 4.761800e-15
7.900320e-07 4.770400e-15
7.918530e-07 4.648700e-15
7.936790e-07 4.657100e-15
7.955090e-07 4.548800e-15
7.973420e-07 4.695500e-15
7.991800e-07 4.780400e-15
8.010230e-07 4.701500e-15
8.028690e-07 4.808600e-15
8.047200e-07 4.884200e-15
8.065750e-07 4.870500e-15
8.084350e-07 4.724500e-15
8.102980e-07 4.603900e-15
8.121660e-07 4.752300e-15
8.140380e-07 4.684700e-15
8.159150e-07 4.671500e-15
8.177960e-07 4.583800e-15
8.196810e-07 4.497800e-15
8.215710e-07 4.718200e-15
8.234640e-07 4.411100e-15
8.253630e-07 4.811900e-15
8.272650e-07 4.798300e-15
8.291720e-07 4.632900e-15
8.310840e-07 4.598600e-15
8.330000e-07 4.460600e-15
8.349200e-07 4.593700e-15
8.368450e-07 4.655100e-15
8.387740e-07 4.567700e-15
8.407070e-07 4.544300e-15
8.426450e-07 4.583800e-15
8.445880e-07 4.305200e-15
8.465350e-07 4.454100e-15
8.484860e-07 4.555300e-15
8.504430e-07 4.219700e-15
8.524030e-07 4.315600e-15
8.543680e-07 4.393500e-15
8.563380e-07 4.452100e-15
8.583110e-07 4.522000e-15
8.602900e-07 4.306100e-15
8.622730e-07 4.393900e-15
8.642610e-07 4.545700e-15
8.662530e-07 4.298900e-15
8.682500e-07 4.112600e-15
8.702520e-07 4.373900e-15
8.722580e-07 4.483600e-15
8.742680e-07 4.450200e-15
8.762840e-07 4.131800e-15
8.783040e-07 4.384200e-15
8.803290e-07 4.525200e-15
8.823580e-07 4.596100e-15
8.843920e-07 4.499300e-15
8.864310e-07 4.294300e-15
8.884740e-07 4.146100e-15
8.905230e-07 4.399400e-15
8.925750e-07 4.437500e-15
8.946330e-07 4.486300e-15
8.966950e-07 4.401800e-15
8.987620e-07 4.289200e-15
9.008340e-07 4.131700e-15
9.029110e-07 3.952500e-15
9.049920e-07 4.535400e-15
9.070780e-07 4.298900e-15
9.091690e-07 4.346100e-15
9.112660e-07 4.454900e-15
9.133660e-07 4.514200e-15
9.154710e-07 4.278800e-15
9.175820e-07 4.256600e-15
9.196970e-07 4.323100e-15
9.218170e-07 4.088200e-15
9.239430e-07 3.726300e-15
9.260720e-07 4.226800e-15
9.282070e-07 4.362600e-15
9.303470e-07 4.135000e-15
9.324920e-07 4.287600e-15
9.346410e-07 4.284900e-15
9.367950e-07 4.223500e-15
9.389550e-07 4.260000e-15
9.411200e-07 4.179600e-15
9.432890e-07 4.284200e-15
9.454640e-07 4.232500e-15
9.476430e-07 4.288700e-15
9.498280e-07 4.276200e-15
9.520180e-07 4.176200e-15
9.542120e-07 3.886000e-15
9.564120e-07 4.123200e-15
9.586160e-07 4.245800e-15
9.608260e-07 4.213900e-15
9.630410e-07 4.230600e-15
9.652610e-07 4.198800e-15
9.674870e-07 4.186400e-15
9.697170e-07 4.222400e-15
9.719520e-07 4.171400e-15
9.741920e-07 4.121000e-15
9.764380e-07 4.137300e-15
9.786900e-07 4.096700e-15
9.809460e-07 4.160600e-15
9.832070e-07 4.119700e-15
9.854730e-07 4.136000e-15
9.877450e-07 4.114300e-15
9.900220e-07 4.102100e-15
9.923050e-07 4.118300e-15
9.945920e-07 4.115600e-15
9.968850e-07 4.112800e-15
9.991830e-07 4.091200e-15
1.001486e-06 4.032400e-15
1.008428e-06 3.950700e-15
1.013083e-06 4.093400e-15
1.017759e-06 4.069000e-15
1.022456e-06 4.091600e-15
1.027176e-06 4.104800e-15
1.029544e-06 4.092500e-15
1.051102e-06 3.962400e-15
1.070644e-06 3.810300e-15
1.090549e-06 3.613800e-15
1.110823e-06 3.443200e-15
1.128872e-06 3.427400e-15
1.149859e-06 3.451100e-15
1.171237e-06 3.395900e-15
1.190269e-06 3.273100e-15
1.209609e-06 3.250600e-15
1.229264e-06 3.220800e-15
1.249237e-06 3.133000e-15
1.269536e-06 3.068700e-15
1.290164e-06 3.019700e-15
1.311127e-06 2.985100e-15
1.329367e-06 2.903800e-15
1.350968e-06 2.850800e-15
1.369762e-06 2.805200e-15
1.388817e-06 2.709900e-15
1.411383e-06 2.576100e-15
1.431018e-06 2.523200e-15
1.450925e-06 2.534900e-15
1.471110e-06 2.471500e-15
1.491574e-06 2.511700e-15
1.508846e-06 2.529100e-15
1.529836e-06 2.570200e-15
1.551118e-06 2.576100e-15
1.569080e-06 2.505900e-15
1.590908e-06 2.398600e-15
1.609328e-06 2.387600e-15
1.631717e-06 2.387600e-15
1.650611e-06 2.365700e-15
1.669725e-06 2.376600e-15
1.689060e-06 2.365700e-15
1.708617e-06 2.354800e-15
1.728402e-06 2.285400e-15
1.748417e-06 2.233400e-15
1.768663e-06 2.157500e-15
1.789141e-06 2.089100e-15
1.809859e-06 1.995100e-15
1.830817e-06 1.949700e-15
1.852017e-06 1.892200e-15
1.869152e-06 1.811200e-15
1.890797e-06 1.774000e-15
1.908293e-06 1.757800e-15
1.930388e-06 1.713800e-15
1.948251e-06 1.655600e-15
1.970811e-06 1.606800e-15
1.989045e-06 1.566600e-15
2.012078e-06 1.545100e-15
2.030696e-06 1.503000e-15
2.049485e-06 1.489200e-15
2.068449e-06 1.458700e-15
2.092401e-06 1.435400e-15
2.111761e-06 1.415700e-15
2.131302e-06 1.389800e-15
2.151023e-06 1.367600e-15
2.170925e-06 1.327300e-15
2.191013e-06 1.312100e-15
2.211285e-06 1.282200e-15
2.231747e-06 1.251900e-15
2.252398e-06 1.212600e-15
2.268009e-06 1.172900e-15
2.288996e-06 1.049900e-15
2.310174e-06 1.032600e-15
2.331551e-06 9.047800e-16
2.347711e-06 8.407200e-16
2.369436e-06 8.433300e-16
2.391361e-06 7.747700e-16
2.407936e-06 7.395000e-16
2.430217e-06 7.241100e-16
2.452702e-06 6.721800e-16
2.469705e-06 6.544400e-16
2.470111e-06 6.058500e-16
2.479498e-06 5.965100e-16
2.488885e-06 5.629200e-16
2.498262e-06 5.656400e-16
2.507649e-06 5.647800e-16
2.517036e-06 5.641700e-16
2.526413e-06 5.804100e-16
2.535800e-06 5.830400e-16
2.545177e-06 6.082600e-16
2.554564e-06 5.874500e-16
2.563951e-06 6.308500e-16
2.573328e-06 6.026200e-16
2.582714e-06 5.946800e-16
2.592101e-06 5.986900e-16
2.601478e-06 6.367600e-16
2.610865e-06 6.436200e-16
2.620242e-06 6.260000e-16
2.629629e-06 5.924300e-16
2.639016e-06 5.579600e-16
2.648393e-06 5.029300e-16
2.657780e-06 5.062700e-16
2.667167e-06 5.472000e-16
2.676544e-06 5.099300e-16
2.685931e-06 5.295600e-16
2.695308e-06 5.488900e-16
2.704695e-06 5.318600e-16
2.714082e-06 6.312400e-16
2.723459e-06 5.462000e-16
2.732846e-06 5.429900e-16
2.742233e-06 5.094900e-16
2.751610e-06 5.454000e-16
2.760997e-06 5.165400e-16
2.770374e-06 5.229400e-16
2.779761e-06 5.104400e-16
2.789148e-06 4.943200e-16
2.798525e-06 4.105600e-16
2.807912e-06 4.966200e-16
2.817299e-06 4.643900e-16
2.826676e-06 4.753900e-16
2.836062e-06 4.600800e-16
2.845440e-06 4.366200e-16
2.854827e-06 4.145900e-16
2.864213e-06 4.288700e-16
2.873591e-06 4.072100e-16
2.882978e-06 4.234000e-16
2.892364e-06 4.192000e-16
2.901742e-06 4.108700e-16
2.911128e-06 4.014000e-16
2.920505e-06 3.889100e-16
2.929892e-06 3.508100e-16
2.939279e-06 3.896200e-16
2.948656e-06 3.595700e-16
2.958043e-06 3.806700e-16
2.967430e-06 3.915500e-16
2.976807e-06 3.994500e-16
2.986194e-06 3.649600e-16
2.995571e-06 3.844000e-16
3.004958e-06 3.598100e-16
3.014345e-06 3.559200e-16
3.023722e-06 3.640300e-16
3.033109e-06 3.588800e-16
3.042496e-06 3.541600e-16
3.051873e-06 3.610900e-16
3.061260e-06 3.158900e-16
3.070637e-06 3.317100e-16
3.080024e-06 3.268000e-16
3.089411e-06 3.759900e-16
3.098788e-06 3.478000e-16
3.108175e-06 3.570800e-16
3.117562e-06 3.236500e-16
3.126939e-06 3.209500e-16
3.136326e-06 3.689200e-16
3.145703e-06 3.721300e-16
3.155090e-06 3.590900e-16
3.164477e-06 3.704200e-16
3.173854e-06 3.613000e-16
3.183241e-06 3.827700e-16
3.192628e-06 4.042600e-16
3.202005e-06 3.781700e-16
3.211392e-06 4.264300e-16
3.220769e-06 4.600200e-16
3.230156e-06 5.216900e-16
3.239542e-06 5.277300e-16
3.248920e-06 6.391300e-16
3.258307e-06 7.344800e-16
3.267693e-06 8.392900e-16
3.277071e-06 9.187800e-16
3.286457e-06 8.921400e-16
3.295835e-06 8.354500e-16
3.305221e-06 7.351700e-16
3.314608e-06 6.426700e-16
3.323985e-06 5.405800e-16
3.333372e-06 4.916100e-16
3.342759e-06 4.720000e-16
3.352136e-06 4.866100e-16
3.361523e-06 4.329000e-16
3.370900e-06 4.749300e-16
3.380287e-06 4.500800e-16
3.389674e-06 4.791100e-16
3.399051e-06 4.785000e-16
3.408438e-06 4.828200e-16
3.417825e-06 4.390200e-16
3.427202e-06 4.121000e-16
3.436589e-06 4.185500e-16
3.445966e-06 4.383700e-16
3.455353e-06 4.029600e-16
3.464740e-06 4.048700e-16
3.474117e-06 4.032700e-16
3.483504e-06 4.093200e-16
3.492890e-06 4.017700e-16
3.502268e-06 4.000800e-16
3.511654e-06 4.040800e-16
3.521032e-06 4.050800e-16
3.530418e-06 3.826800e-16
3.539805e-06 3.526700e-16
3.549183e-06 3.859000e-16
3.558569e-06 3.879400e-16
3.567956e-06 3.909900e-16
3.577333e-06 4.124200e-16
3.586720e-06 3.786500e-16
3.596097e-06 3.583300e-16
3.605484e-06 3.671200e-16
3.614871e-06 3.514700e-16
3.624248e-06 3.543100e-16
3.633635e-06 3.646200e-16
3.643022e-06 3.653500e-16
3.652399e-06 3.518000e-16
3.661786e-06 3.599800e-16
3.671163e-06 3.440900e-16
3.680550e-06 3.602300e-16
3.689937e-06 3.639900e-16
3.699314e-06 3.730100e-16
3.708701e-06 3.709000e-16
3.718088e-06 3.726200e-16
3.727465e-06 4.107700e-16
3.736852e-06 3.963900e-16
3.746229e-06 3.814500e-16
3.755616e-06 3.732700e-16
3.765003e-06 3.629500e-16
3.774380e-06 3.777900e-16
3.783767e-06 3.670200e-16
3.793153e-06 3.625500e-16
3.802531e-06 3.572200e-16
3.811917e-06 3.485900e-16
3.821295e-06 3.674800e-16
3.830682e-06 3.739900e-16
3.840068e-06 3.575600e-16
3.849446e-06 3.593700e-16
3.858833e-06 3.426500e-16
3.868219e-06 3.603100e-16
3.877596e-06 3.651000e-16
3.886983e-06 3.625500e-16
3.896361e-06 3.437100e-16
3.905747e-06 3.476900e-16
3.915134e-06 3.774500e-16
3.924511e-06 3.893500e-16
3.933898e-06 3.732500e-16
3.943285e-06 3.726800e-16
3.952662e-06 3.810500e-16
3.962049e-06 3.329300e-16
3.971426e-06 3.476600e-16
3.980813e-06 3.475200e-16
3.990200e-06 3.628800e-16
3.999577e-06 3.612100e-16
4.008964e-06 3.616400e-16
4.018351e-06 3.984200e-16
4.027728e-06 4.492500e-16
4.037115e-06 5.084100e-16
4.046492e-06 4.946700e-16
4.055879e-06 4.379900e-16
4.065266e-06 4.231200e-16
4.074643e-06 3.645000e-16
4.084030e-06 3.514200e-16
4.093417e-06 3.529800e-16
4.102794e-06 3.564200e-16
4.112181e-06 3.561500e-16
4.121558e-06 3.784800e-16
4.130945e-06 3.441700e-16
4.140332e-06 3.718300e-16
4.149709e-06 3.422400e-16
4.159096e-06 3.585400e-16
4.168482e-06 3.447600e-16
4.177860e-06 3.426800e-16
4.187246e-06 3.414600e-16
4.196624e-06 3.768000e-16
4.206010e-06 3.241900e-16
4.215398e-06 3.295700e-16
4.224774e-06 3.238400e-16
4.234162e-06 3.149000e-16
4.243548e-06 2.812100e-16
4.252925e-06 2.749100e-16
4.262312e-06 2.814000e-16
4.271689e-06 2.869000e-16
4.281077e-06 3.153800e-16
4.290463e-06 3.531900e-16
4.299841e-06 3.571600e-16
4.309227e-06 3.684500e-16
4.318614e-06 3.613600e-16
4.327991e-06 3.564000e-16
4.337378e-06 3.561900e-16
4.346755e-06 3.682800e-16
4.356142e-06 3.651700e-16
4.365529e-06 3.633500e-16
4.374906e-06 3.765400e-16
4.384293e-06 3.725500e-16
4.393680e-06 3.802000e-16
4.403057e-06 3.565500e-16
4.412444e-06 3.544900e-16
4.421821e-06 3.640200e-16
4.431208e-06 3.338600e-16
4.440595e-06 3.607500e-16
4.449972e-06 3.450100e-16
4.459359e-06 3.487700e-16
4.468746e-06 3.452500e-16
4.478123e-06 3.362200e-16
4.487509e-06 3.289900e-16
4.496887e-06 3.217900e-16
4.506274e-06 3.278000e-16
4.515661e-06 3.078200e-16
4.525038e-06 3.247800e-16
4.534425e-06 3.236200e-16
4.543811e-06 3.093700e-16
4.553189e-06 3.181500e-16
4.562575e-06 2.862900e-16
4.571952e-06 2.890900e-16
4.581340e-06 2.868100e-16
4.590726e-06 3.066800e-16
4.600104e-06 2.826600e-16
4.609490e-06 3.144600e-16
4.618877e-06 3.449800e-16
4.628254e-06 3.686500e-16
4.637641e-06 3.302900e-16
4.647018e-06 3.411500e-16
4.656405e-06 3.447800e-16
4.665792e-06 3.388400e-16
4.675169e-06 3.417800e-16
4.684556e-06 3.427400e-16
4.693943e-06 3.198700e-16
4.703320e-06 3.631000e-16
4.712707e-06 3.189800e-16
4.722084e-06 3.378100e-16
4.731471e-06 3.145100e-16
4.740858e-06 3.436700e-16
4.750235e-06 2.992700e-16
4.759622e-06 3.285900e-16
4.769009e-06 3.367400e-16
4.778386e-06 3.393800e-16
4.787773e-06 3.500100e-16
4.797247e-06 3.285800e-16
4.845219e-06 3.463200e-16
4.893672e-06 3.642300e-16
4.942608e-06 3.823300e-16
4.992034e-06 4.006100e-16
5.041955e-06 4.190700e-16
5.059255e-06 4.254700e-16
5.088579e-06 4.326300e-16
5.117903e-06 4.519900e-16
5.147227e-06 4.467400e-16
5.176552e-06 4.482400e-16
5.205886e-06 5.131000e-16
5.235210e-06 5.830600e-16
5.264534e-06 5.370600e-16
5.293858e-06 5.252600e-16
5.323182e-06 5.355500e-16
5.352516e-06 5.387800e-16
5.381841e-06 4.655600e-16
5.411165e-06 4.756600e-16
5.440489e-06 4.817500e-16
5.469813e-06 4.948900e-16
5.499147e-06 5.270700e-16
5.528471e-06 5.194400e-16
5.557795e-06 5.280700e-16
5.587120e-06 5.458400e-16
5.616444e-06 6.063900e-16
5.645778e-06 6.342600e-16
5.675102e-06 6.319900e-16
5.704426e-06 6.421300e-16
5.733750e-06 6.279100e-16
5.763075e-06 5.968000e-16
5.792409e-06 5.566300e-16
5.821733e-06 5.492000e-16
5.851057e-06 5.509800e-16
5.880382e-06 5.490300e-16
5.909706e-06 5.340800e-16
5.939040e-06 5.239300e-16
5.968364e-06 5.522500e-16
5.997688e-06 6.364800e-16
6.027013e-06 6.726400e-16
6.056337e-06 6.688000e-16
6.085671e-06 7.137900e-16
6.114995e-06 8.073200e-16
6.144319e-06 1.015700e-15
6.173643e-06 1.447800e-15
6.202967e-06 1.693700e-15
6.232302e-06 1.666100e-15
6.261626e-06 1.451700e-15
6.290950e-06 1.256400e-15
6.320274e-06 1.083000e-15
6.349599e-06 9.820600e-16
6.378932e-06 9.051100e-16
6.408256e-06 8.469000e-16
6.437580e-06 8.064800e-16
6.466905e-06 7.554900e-16
6.496229e-06 7.290000e-16
6.525563e-06 7.206900e-16
6.554887e-06 7.067900e-16
6.584212e-06 7.400200e-16
6.613535e-06 7.377200e-16
6.642860e-06 7.496400e-16
6.672194e-06 7.527300e-16
6.701518e-06 7.313200e-16
6.730842e-06 7.315400e-16
6.760167e-06 7.079600e-16
6.789491e-06 6.765300e-16
6.818825e-06 6.668700e-16
6.848149e-06 6.611300e-16
6.877473e-06 7.149800e-16
6.906797e-06 7.869000e-16
6.936122e-06 8.216500e-16
6.965455e-06 9.900400e-16
6.994780e-06 1.053500e-15
7.024104e-06 9.256100e-16
7.053428e-06 8.917500e-16
7.082753e-06 9.151800e-16
7.112086e-06 9.101300e-16
7.141411e-06 9.010500e-16
7.170735e-06 9.146500e-16
7.200059e-06 9.325600e-16
7.229384e-06 9.290200e-16
7.258718e-06 9.717000e-16
7.288042e-06 9.942000e-16
7.317366e-06 1.080200e-15
7.346690e-06 1.118000e-15
7.405339e-06 1.228900e-15
7.463997e-06 1.435300e-15
7.522645e-06 1.620400e-15
7.581294e-06 1.825900e-15
7.639952e-06 1.868300e-15
7.698601e-06 1.789700e-15
7.757259e-06 1.730900e-15
7.815907e-06 1.668200e-15
7.874556e-06 1.584900e-15
7.933213e-06 1.435100e-15
7.991862e-06 1.260700e-15
8.050511e-06 1.110500e-15
8.109168e-06 1.001600e-15
8.167817e-06 9.251500e-16
8.226465e-06 8.789700e-16
8.285124e-06 8.508200e-16
8.343772e-06 8.315100e-16
8.402431e-06 7.944200e-16
8.461079e-06 7.890500e-16
8.519728e-06 7.876900e-16
8.578386e-06 8.010900e-16
8.637034e-06 7.509800e-16
8.695683e-06 6.338600e-16
8.754340e-06 5.253800e-16
8.812989e-06 4.253100e-16
8.871637e-06 3.479800e-16
8.930295e-06 3.070300e-16
8.988944e-06 3.005800e-16
9.047602e-06 2.582100e-16
9.106251e-06 2.154500e-16
9.164900e-06 1.970600e-16
9.223557e-06 1.938400e-16
9.282206e-06 1.826600e-16
9.340855e-06 1.673300e-16
9.399513e-06 1.608100e-16
9.458161e-06 1.580400e-16
9.516809e-06 1.520600e-16
9.575468e-06 1.536300e-16
9.634117e-06 1.658600e-16
9.692775e-06 1.571000e-16
9.751423e-06 1.341700e-16
9.810072e-06 1.269800e-16
9.868730e-06 1.243700e-16
9.927378e-06 1.233400e-16
9.986027e-06 1.271600e-16
1.004468e-05 1.336300e-16
1.010333e-05 1.369600e-16
1.016198e-05 1.349400e-16
1.022064e-05 1.352300e-16
1.027929e-05 1.361600e-16
1.033795e-05 1.370600e-16
1.039659e-05 1.445200e-16
1.045524e-05 1.604400e-16
1.051390e-05 1.818500e-16
1.057255e-05 1.861400e-16
1.063120e-05 1.801500e-16
1.068986e-05 1.783100e-16
1.074851e-05 1.802100e-16
1.080715e-05 1.821400e-16
1.086581e-05 1.863300e-16
1.092446e-05 2.013700e-16
1.098312e-05 2.385200e-16
1.104177e-05 2.693000e-16
1.110041e-05 3.159300e-16
1.115907e-05 4.653900e-16
1.121772e-05 6.703700e-16
1.127637e-05 6.658000e-16
1.133503e-05 5.833600e-16
1.139368e-05 4.959500e-16
1.145233e-05 4.379100e-16
1.151098e-05 3.996900e-16
1.156963e-05 3.826600e-16
1.162829e-05 3.695400e-16
1.168694e-05 3.687700e-16
1.174559e-05 3.749400e-16
1.180425e-05 3.833200e-16
1.186289e-05 4.029300e-16
1.192154e-05 4.209000e-16
1.198020e-05 4.404500e-16
1.203885e-05 4.561400e-16
1.209750e-05 4.631100e-16
1.215616e-05 4.763800e-16
1.221480e-05 5.031800e-16
1.227346e-05 5.325400e-16
1.233211e-05 5.507500e-16
1.239076e-05 5.648800e-16
1.244942e-05 5.900900e-16
1.250806e-05 6.257300e-16
1.256671e-05 6.625000e-16
1.262537e-05 6.937400e-16
1.268402e-05 7.192500e-16
1.274267e-05 8.542100e-16
1.280133e-05 1.064600e-15
1.285998e-05 9.780500e-16
1.291862e-05 6.185700e-16
1.297728e-05 5.697000e-16
1.303593e-05 5.509500e-16
1.309459e-05 5.518300e-16
1.315324e-05 5.524200e-16
1.321189e-05 5.426300e-16
1.327054e-05 5.454300e-16
1.332919e-05 5.435600e-16
1.338784e-05 5.381300e-16
1.344650e-05 5.366100e-16
1.350515e-05 5.424300e-16
1.356380e-05 5.489500e-16
1.362245e-05 5.312200e-16
1.368110e-05 5.253700e-16
1.373976e-05 5.146800e-16
1.379841e-05 5.094400e-16
1.385706e-05 5.000400e-16
1.391572e-05 4.741000e-16
1.397436e-05 4.588900e-16
1.403301e-05 4.477500e-16
1.413596e-05 5.088000e-16
1.421807e-05 5.110500e-16
1.430019e-05 5.072300e-16
1.438230e-05 5.019300e-16
1.446441e-05 4.975400e-16
1.454653e-05 4.841700e-16
1.462864e-05 4.911200e-16
1.471075e-05 4.913800e-16
1.479286e-05 4.901500e-16
1.487498e-05 4.778200e-16
1.495709e-05 4.705300e-16
1.503920e-05 4.639700e-16
1.512132e-05 4.550800e-16
1.520342e-05 4.416400e-16
1.528554e-05 4.366300e-16
1.536765e-05 4.396500e-16
1.544976e-05 4.399700e-16
1.553188e-05 5.346500e-16
1.561399e-05 5.067900e-16
1.569611e-05 4.324700e-16
1.577821e-05 4.227700e-16
1.586033e-05 4.172300e-16
1.594244e-05 4.071200e-16
1.602455e-05 4.022500e-16
1.610666e-05 4.023500e-16
1.618878e-05 4.039100e-16
1.627089e-05 4.155900e-16
1.635300e-05 4.426800e-16
1.643512e-05 4.644400e-16
1.651722e-05 4.536600e-16
1.659934e-05 4.452000e-16
1.668145e-05 4.427000e-16
1.676356e-05 4.480700e-16
1.684568e-05 4.530800e-16
1.692779e-05 4.650000e-16
1.700991e-05 4.917300e-16
1.709201e-05 4.873700e-16
1.717413e-05 4.666600e-16
1.725624e-05 4.573800e-16
1.733835e-05 4.527600e-16
1.742047e-05 4.585200e-16
1.750258e-05 4.488500e-16
1.758469e-05 4.343800e-16
1.766680e-05 4.342400e-16
1.774892e-05 4.276600e-16
1.783103e-05 4.319300e-16
1.791314e-05 4.252200e-16
1.799526e-05 4.110800e-16
1.807736e-05 4.092000e-16
1.815948e-05 4.045300e-16
1.824159e-05 3.992400e-16
1.832371e-05 4.019900e-16
1.840581e-05 4.018300e-16
1.848793e-05 3.998400e-16
1.857004e-05 4.050300e-16
1.865215e-05 4.413600e-16
1.873427e-05 5.439700e-16
1.881638e-05 4.507000e-16
1.889849e-05 4.113600e-16
1.898061e-05 4.339600e-16
1.906272e-05 4.258700e-16
1.914483e-05 4.339100e-16
1.922694e-05 4.368600e-16
1.930906e-05 4.436800e-16
1.939116e-05 4.472100e-16
1.947328e-05 4.502200e-16
1.955540e-05 4.583400e-16
1.963751e-05 4.604000e-16
1.971962e-05 4.638500e-16
1.980173e-05 4.780200e-16
1.996595e-05 4.683600e-16
2.013018e-05 4.885900e-16
2.029441e-05 4.983000e-16
2.045863e-05 5.089100e-16
2.062286e-05 5.226200e-16
2.078708e-05 5.308800e-16
2.095131e-05 5.363900e-16
2.111553e-05 5.431400e-16
2.127975e-05 5.468700e-16
2.144399e-05 5.548500e-16
2.160821e-05 5.684800e-16
2.177243e-05 5.739900e-16
2.193666e-05 5.872900e-16
2.210088e-05 5.875200e-16
2.226511e-05 5.908600e-16
2.242933e-05 5.959200e-16
2.259356e-05 6.046300e-16
2.275779e-05 6.112000e-16
2.292201e-05 6.207200e-16
2.308623e-05 6.272400e-16
2.325046e-05 6.312900e-16
2.341468e-05 6.370600e-16
2.357891e-05 6.519400e-16
2.374314e-05 6.596400e-16
2.390736e-05 6.763900e-16
2.407159e-05 6.853100e-16
2.423581e-05 7.054600e-16
2.440003e-05 7.200800e-16
2.456426e-05 7.225900e-16
2.472849e-05 7.287900e-16
2.489271e-05 7.496500e-16
2.505694e-05 7.606600e-16
2.522116e-05 7.685600e-16
2.538539e-05 7.670900e-16
2.554961e-05 7.791200e-16
2.571383e-05 7.954100e-16
2.587806e-05 8.156500e-16
2.604229e-05 8.227100e-16
2.620651e-05 8.255500e-16
2.637074e-05 8.359000e-16
2.653496e-05 8.450200e-16
2.669919e-05 8.438400e-16
2.686341e-05 8.401100e-16
2.702763e-05 8.550600e-16
2.719187e-05 8.653400e-16
2.735609e-05 8.749200e-16
2.752032e-05 8.753200e-16
2.768454e-05 8.832700e-16
2.784876e-05 8.954000e-16
2.801299e-05 9.034700e-16
2.817721e-05 9.157300e-16
2.834143e-05 9.180400e-16
2.850567e-05 9.240300e-16
2.866989e-05 9.301800e-16
2.883412e-05 9.384600e-16
2.899834e-05 9.460200e-16
2.916256e-05 9.481400e-16
2.932679e-05 9.536200e-16
2.949102e-05 9.635500e-16
2.965524e-05 9.694600e-16
2.981947e-05 9.838600e-16
2.998369e-05 9.867300e-16
3.014792e-05 9.828800e-16
3.031214e-05 9.842300e-16
3.047636e-05 9.874300e-16
3.064059e-05 1.010900e-15
3.080482e-05 1.000900e-15
3.096904e-05 1.002400e-15
3.113327e-05 1.006000e-15
3.129749e-05 1.024400e-15
3.146172e-05 1.031600e-15
3.162594e-05 1.032300e-15
3.179017e-05 1.027400e-15
3.195440e-05 1.026000e-15
3.211862e-05 1.041800e-15
3.228284e-05 1.065600e-15
3.244707e-05 1.093300e-15
3.261129e-05 1.066000e-15
3.277552e-05 1.107500e-15
3.293974e-05 1.157900e-15
3.310397e-05 1.087600e-15
3.326820e-05 1.109400e-15
3.343242e-05 1.132100e-15
3.359664e-05 1.152400e-15
3.376087e-05 1.134400e-15
3.392509e-05 1.122700e-15
