1.000500e-08 1.297000e-23
1.019100e-08 1.815300e-23
1.040500e-08 2.317100e-23
1.059800e-08 3.040500e-23
1.079500e-08 4.035900e-23
1.099600e-08 6.367100e-23
1.140900e-08 1.011400e-22
1.181000e-08 1.509900e-22
1.211300e-08 5.175400e-22
1.250900e-08 7.412100e-22
1.271300e-08 8.688400e-22
1.280100e-08 9.504800e-22
1.309900e-08 1.180200e-21
1.319000e-08 1.399400e-21
1.340400e-08 1.603000e-21
1.368500e-08 2.167400e-21
1.400300e-08 2.636000e-21
1.429700e-08 6.038700e-21
1.469700e-08 1.345700e-20
1.510900e-08 1.663200e-20
1.549700e-08 2.065100e-20
1.589400e-08 2.546500e-20
1.619000e-08 2.957600e-20
1.660500e-08 3.621900e-20
1.699200e-08 4.344500e-20
1.730800e-08 4.976700e-20
1.771100e-08 5.887700e-20
1.799800e-08 6.667200e-20
1.820700e-08 7.243400e-20
1.858800e-08 8.451700e-20
1.910900e-08 1.018500e-19
1.941900e-08 1.142700e-19
1.978000e-08 1.312000e-19
2.019500e-08 1.506400e-19
2.052300e-08 1.663200e-19
2.100100e-08 1.874700e-19
2.158900e-08 2.333100e-19
2.199000e-08 2.629900e-19
2.229600e-08 2.837500e-19
2.271100e-08 3.183800e-19
2.297400e-08 5.057600e-19
2.340100e-08 8.850000e-19
2.400100e-08 1.188300e-18
2.461700e-08 1.244300e-18
2.519000e-08 1.425400e-18
2.571800e-08 1.291000e-18
2.601600e-08 1.545000e-18
2.637800e-08 1.698000e-18
2.693000e-08 1.806900e-18
2.743100e-08 1.909600e-18
2.787600e-08 2.013500e-18
2.839500e-08 2.132800e-18
2.898900e-08 2.167400e-18
2.959600e-08 2.343900e-18
3.007700e-08 2.409600e-18
3.077800e-08 2.599800e-18
3.178600e-08 2.883600e-18
3.282700e-08 3.111300e-18
3.382500e-08 3.318500e-18
3.477200e-08 3.515100e-18
3.566400e-08 3.714900e-18
3.657900e-08 3.935000e-18
3.751800e-08 4.101500e-18
3.848000e-08 4.158600e-18
3.946700e-08 4.466200e-18
4.047900e-08 4.676700e-18
4.142200e-08 4.818800e-18
4.219200e-08 4.908400e-18
4.297700e-08 4.999700e-18
4.407900e-08 5.199300e-18
4.510600e-08 5.308100e-18
4.605100e-08 5.382000e-18
4.701500e-08 5.494700e-18
4.799900e-08 5.635600e-18
4.900400e-08 5.661600e-18
5.003100e-08 5.820300e-18
5.061000e-08 5.860600e-18
5.119600e-08 6.337900e-18
5.202800e-08 6.411200e-18
5.299500e-08 6.455700e-18
5.398000e-08 6.381800e-18
5.498400e-08 6.575700e-18
5.600600e-08 6.901500e-18
5.704700e-08 7.127600e-18
5.797400e-08 7.078500e-18
5.905200e-08 7.361100e-18
6.001200e-08 7.310400e-18
6.098700e-08 7.029800e-18
6.197800e-08 7.924000e-18
6.298500e-08 8.015700e-18
6.400800e-08 8.164700e-18
6.504800e-08 8.412800e-18
6.580100e-08 8.490700e-18
6.656300e-08 8.748700e-18
6.748900e-08 8.850000e-18
6.842800e-08 8.708500e-18
6.954000e-08 9.548700e-18
7.050700e-08 9.267100e-18
7.165300e-08 1.013800e-17
7.265000e-08 1.032600e-17
7.349100e-08 1.051800e-17
7.451300e-08 1.103900e-17
7.555000e-08 1.137500e-17
7.642500e-08 1.134900e-17
7.748800e-08 1.224500e-17
7.856600e-08 1.267500e-17
7.947600e-08 1.309000e-17
8.058100e-08 1.345700e-17
8.151500e-08 1.377000e-17
8.245800e-08 1.458600e-17
8.341300e-08 1.300000e-17
8.457400e-08 1.513400e-17
8.555300e-08 1.548600e-17
8.654400e-08 1.629100e-17
8.754600e-08 1.709800e-17
8.855900e-08 1.811100e-17
8.958500e-08 1.883400e-17
9.041400e-08 1.900800e-17
9.146100e-08 2.753900e-17
9.252000e-08 1.559300e-16
9.359100e-08 3.395800e-16
9.445700e-08 6.575700e-16
9.555100e-08 9.288400e-16
9.643500e-08 1.091300e-15
9.755200e-08 2.027400e-16
9.845400e-08 1.018500e-15
9.959400e-08 1.051800e-15
1.005160e-07 1.458600e-15
1.014460e-07 1.377000e-15
1.023850e-07 5.740400e-16
1.035700e-07 1.006800e-15
1.045290e-07 1.874700e-15
1.054960e-07 1.861800e-15
1.064720e-07 1.523900e-15
1.074570e-07 1.798600e-15
1.084510e-07 1.465400e-15
1.094550e-07 1.892100e-15
1.104680e-07 1.832100e-15
1.114900e-07 1.786200e-15
1.125210e-07 1.629100e-15
1.135630e-07 2.013500e-15
1.146130e-07 1.844800e-15
1.154080e-07 1.958600e-15
1.164760e-07 2.036800e-15
1.175530e-07 1.472100e-15
1.183680e-07 1.981300e-15
1.194630e-07 1.405900e-15
1.205690e-07 1.042200e-15
1.214050e-07 6.250900e-16
1.225280e-07 1.336400e-15
1.233770e-07 2.008800e-15
1.245190e-07 2.228100e-15
1.253820e-07 2.157500e-15
1.265420e-07 1.879100e-15
1.274190e-07 2.387500e-15
1.285980e-07 2.500000e-15
1.294900e-07 2.046200e-15
1.303870e-07 2.027400e-15
1.315940e-07 2.477100e-15
1.325060e-07 2.387500e-15
1.334240e-07 2.152500e-15
1.343490e-07 2.511600e-15
1.355920e-07 2.443100e-15
1.365320e-07 2.223000e-15
1.374790e-07 2.327800e-15
1.384320e-07 2.360200e-15
1.393910e-07 2.089000e-15
1.403570e-07 2.177400e-15
1.416560e-07 2.223000e-15
1.426380e-07 2.274800e-15
1.436270e-07 2.264300e-15
1.442900e-07 2.382000e-15
1.446220e-07 2.415100e-15
1.456250e-07 2.365600e-15
1.466340e-07 2.207700e-15
1.476510e-07 2.202600e-15
1.483320e-07 2.233300e-15
1.493600e-07 2.269600e-15
1.503960e-07 2.167400e-15
1.510900e-07 1.958600e-15
1.517870e-07 2.084200e-15
1.524880e-07 2.032100e-15
1.535450e-07 1.806900e-15
1.546090e-07 1.972200e-15
1.553230e-07 1.870400e-15
1.563990e-07 1.900800e-15
1.574830e-07 2.027400e-15
1.585750e-07 2.113200e-15
1.596740e-07 2.167400e-15
1.604110e-07 2.118100e-15
1.615230e-07 2.123000e-15
1.626430e-07 2.022700e-15
1.633940e-07 2.142600e-15
1.645260e-07 2.177400e-15
1.656670e-07 2.013500e-15
1.664310e-07 2.207700e-15
1.672000e-07 1.985800e-15
1.675850e-07 2.264300e-15
1.683580e-07 2.349300e-15
1.695260e-07 2.207700e-15
1.703080e-07 2.137700e-15
1.714880e-07 2.079400e-15
1.726770e-07 2.079400e-15
1.734740e-07 2.223000e-15
1.746770e-07 2.167400e-15
1.754830e-07 2.327800e-15
1.766990e-07 2.113200e-15
1.775150e-07 2.207700e-15
1.783340e-07 2.238400e-15
1.795710e-07 2.420700e-15
1.803990e-07 2.376500e-15
1.816500e-07 2.248800e-15
1.824880e-07 2.274800e-15
1.833310e-07 2.187500e-15
1.846010e-07 2.008800e-15
1.854540e-07 2.060400e-15
1.863090e-07 2.152500e-15
1.876010e-07 2.274800e-15
1.884670e-07 2.142600e-15
1.893370e-07 2.103500e-15
1.906490e-07 2.187500e-15
1.915290e-07 2.147500e-15
1.924130e-07 2.089000e-15
1.933010e-07 2.041500e-15
1.946410e-07 2.274800e-15
1.955400e-07 2.167400e-15
1.968950e-07 2.371100e-15
1.978040e-07 2.404000e-15
1.982600e-07 2.317100e-15
1.996340e-07 2.264300e-15
2.005560e-07 2.280000e-15
2.014810e-07 2.228100e-15
2.024110e-07 2.264300e-15
2.033460e-07 2.253900e-15
2.042840e-07 2.360200e-15
2.057000e-07 2.264300e-15
2.066500e-07 2.253900e-15
2.076040e-07 2.443100e-15
2.085620e-07 2.558200e-15
2.095250e-07 2.426300e-15
2.104920e-07 2.393000e-15
2.114630e-07 2.443100e-15
2.124390e-07 2.460000e-15
2.134200e-07 2.259100e-15
2.144050e-07 2.409600e-15
2.153950e-07 2.471400e-15
2.163890e-07 2.360200e-15
2.173880e-07 2.349300e-15
2.183910e-07 2.398500e-15
2.193990e-07 2.517300e-15
2.204120e-07 2.437500e-15
2.214290e-07 2.259100e-15
2.224510e-07 2.233300e-15
2.234780e-07 2.482800e-15
2.245100e-07 2.360700e-15
2.255460e-07 2.202000e-15
2.265870e-07 2.231500e-15
2.276330e-07 2.335400e-15
2.286840e-07 2.478200e-15
2.297390e-07 2.306300e-15
2.302690e-07 2.395000e-15
2.313320e-07 2.275600e-15
2.323990e-07 1.806600e-15
2.334720e-07 2.030800e-15
2.345500e-07 1.855400e-15
2.356320e-07 2.214300e-15
2.367200e-07 1.888100e-15
2.372660e-07 2.048500e-15
2.383610e-07 1.754800e-15
2.394610e-07 1.927600e-15
2.405660e-07 1.869900e-15
2.416770e-07 1.952600e-15
2.422340e-07 2.254400e-15
2.433520e-07 2.192000e-15
2.444750e-07 2.369400e-15
2.456040e-07 2.368400e-15
2.467370e-07 2.324100e-15
2.473060e-07 2.196200e-15
2.484480e-07 2.150200e-15
2.495950e-07 2.081100e-15
2.507470e-07 2.472400e-15
2.513250e-07 1.974900e-15
2.519040e-07 1.922900e-15
2.524850e-07 1.880900e-15
2.536500e-07 2.005300e-15
2.542350e-07 2.021100e-15
2.554080e-07 2.351900e-15
2.565870e-07 2.199200e-15
2.577720e-07 2.416000e-15
2.583660e-07 2.357800e-15
2.595580e-07 2.292700e-15
2.607560e-07 2.173600e-15
2.613580e-07 2.097000e-15
2.625640e-07 2.357500e-15
2.637760e-07 2.662500e-15
2.643840e-07 3.124000e-15
2.656040e-07 3.432100e-15
2.662170e-07 2.844400e-15
2.674450e-07 3.075000e-15
2.686800e-07 3.189300e-15
2.692990e-07 2.838700e-15
2.705420e-07 3.076000e-15
2.717910e-07 2.728000e-15
2.724180e-07 2.662400e-15
2.736750e-07 2.911600e-15
2.743060e-07 2.241600e-15
2.755720e-07 2.457200e-15
2.762070e-07 2.703100e-15
2.774820e-07 2.895600e-15
2.787630e-07 2.435600e-15
2.794060e-07 1.659800e-15
2.806950e-07 1.840400e-15
2.813420e-07 2.833700e-15
2.826410e-07 3.297900e-15
2.832930e-07 3.196500e-15
2.846000e-07 2.961800e-15
2.852560e-07 2.582300e-15
2.865730e-07 3.318100e-15
2.872340e-07 3.542700e-15
2.885590e-07 3.453200e-15
2.892240e-07 3.578200e-15
2.912290e-07 4.236500e-15
2.932480e-07 3.966000e-15
2.952810e-07 3.861000e-15
2.973270e-07 4.027700e-15
2.987000e-07 4.092200e-15
3.007700e-07 4.191100e-15
3.028550e-07 4.272600e-15
3.049540e-07 4.386000e-15
3.070680e-07 4.544100e-15
3.091970e-07 4.600800e-15
3.113400e-07 4.799800e-15
3.127770e-07 4.657400e-15
3.149450e-07 4.726600e-15
3.171280e-07 4.919800e-15
3.193270e-07 4.543100e-15
3.208000e-07 4.867400e-15
3.230240e-07 4.463900e-15
3.252630e-07 5.249700e-15
3.267650e-07 5.742300e-15
3.290300e-07 5.708400e-15
3.313100e-07 5.648800e-15
3.320740e-07 5.475600e-15
3.328400e-07 5.806500e-15
3.336070e-07 6.031100e-15
3.343760e-07 5.570300e-15
3.351470e-07 5.589300e-15
3.359190e-07 6.009500e-15
3.366940e-07 5.732200e-15
3.374700e-07 4.806300e-15
3.382480e-07 5.227500e-15
3.390280e-07 5.926200e-15
3.398090e-07 5.838000e-15
3.405920e-07 5.817700e-15
3.413780e-07 5.810800e-15
3.421650e-07 6.176200e-15
3.429530e-07 6.000800e-15
3.437440e-07 6.091100e-15
3.445360e-07 4.843800e-15
3.453310e-07 6.392600e-15
3.461270e-07 5.548400e-15
3.469250e-07 5.829800e-15
3.477240e-07 5.396900e-15
3.485260e-07 5.870000e-15
3.493290e-07 5.573600e-15
3.501350e-07 5.842900e-15
3.509420e-07 6.111100e-15
3.517510e-07 5.605500e-15
3.525620e-07 5.795700e-15
3.533740e-07 6.421000e-15
3.541890e-07 6.746800e-15
3.550060e-07 6.817000e-15
3.558240e-07 6.428200e-15
3.566440e-07 6.661800e-15
3.574660e-07 5.483900e-15
3.579640e-07 6.036300e-15
3.582320e-07 6.364900e-15
3.585010e-07 5.996100e-15
3.587690e-07 5.845900e-15
3.590370e-07 4.913500e-15
3.593060e-07 6.064800e-15
3.595740e-07 7.352000e-15
3.598420e-07 7.236400e-15
3.601100e-07 7.708500e-15
3.603790e-07 7.042500e-15
3.606470e-07 7.666700e-15
3.609150e-07 5.809300e-15
3.611830e-07 6.180500e-15
3.614520e-07 6.768600e-15
3.617200e-07 6.711000e-15
3.619880e-07 6.328000e-15
3.622560e-07 5.916200e-15
3.625250e-07 5.954700e-15
3.627930e-07 4.428500e-15
3.630610e-07 5.178700e-15
3.633300e-07 5.302600e-15
3.635980e-07 5.432800e-15
3.638660e-07 5.830700e-15
3.641340e-07 6.080000e-15
3.644030e-07 6.010300e-15
3.646710e-07 6.675800e-15
3.649390e-07 6.736400e-15
3.652070e-07 6.131500e-15
3.654760e-07 6.281400e-15
3.657440e-07 6.670500e-15
3.660120e-07 8.020000e-15
3.662800e-07 5.709300e-15
3.665490e-07 5.335900e-15
3.668170e-07 7.479800e-15
3.670850e-07 8.785100e-15
3.673540e-07 9.244300e-15
3.676220e-07 8.213500e-15
3.678900e-07 6.970100e-15
3.681580e-07 8.857800e-15
3.684270e-07 8.004800e-15
3.686950e-07 6.171200e-15
3.689630e-07 7.760300e-15
3.692310e-07 5.438400e-15
3.695000e-07 4.962700e-15
3.697680e-07 5.821500e-15
3.700360e-07 5.155500e-15
3.703040e-07 5.366900e-15
3.705730e-07 6.869900e-15
3.708410e-07 5.780500e-15
3.711090e-07 5.575800e-15
3.713780e-07 6.723800e-15
3.716460e-07 8.007000e-15
3.719140e-07 8.502700e-15
3.721820e-07 1.241400e-14
3.724510e-07 1.622200e-14
3.727190e-07 1.749400e-14
3.729870e-07 1.379300e-14
3.732550e-07 1.098500e-14
3.735240e-07 9.826800e-15
3.737920e-07 7.975700e-15
3.740600e-07 7.385100e-15
3.743280e-07 7.337100e-15
3.745970e-07 7.415300e-15
3.748650e-07 6.360200e-15
3.751330e-07 6.870500e-15
3.754020e-07 6.843100e-15
3.756700e-07 8.878200e-15
3.759380e-07 7.787300e-15
3.762060e-07 6.677200e-15
3.764750e-07 7.984200e-15
3.767430e-07 6.690800e-15
3.770110e-07 6.448600e-15
3.772790e-07 7.525300e-15
3.775480e-07 7.226000e-15
3.778160e-07 8.401000e-15
3.780840e-07 8.735000e-15
3.783520e-07 9.826600e-15
3.786210e-07 8.065000e-15
3.788890e-07 7.593100e-15
3.791570e-07 6.237500e-15
3.794260e-07 6.318300e-15
3.796940e-07 7.399700e-15
3.799620e-07 7.104100e-15
3.802300e-07 7.704900e-15
3.804990e-07 7.603200e-15
3.807670e-07 8.784100e-15
3.810350e-07 8.437800e-15
3.813030e-07 9.863800e-15
3.815720e-07 9.114400e-15
3.818400e-07 8.606500e-15
3.821080e-07 7.442000e-15
3.823760e-07 8.390300e-15
3.826450e-07 7.051100e-15
3.829130e-07 7.577200e-15
3.831810e-07 5.017000e-15
3.834500e-07 6.277200e-15
3.837180e-07 6.672600e-15
3.839860e-07 7.720200e-15
3.842540e-07 7.267900e-15
3.845230e-07 9.349200e-15
3.847910e-07 9.231600e-15
3.850590e-07 8.114100e-15
3.853270e-07 8.697900e-15
3.855960e-07 7.448900e-15
3.858640e-07 1.028000e-14
3.861320e-07 9.680800e-15
3.864010e-07 1.014100e-14
3.866690e-07 9.474900e-15
3.869370e-07 9.333900e-15
3.872050e-07 9.263500e-15
3.874740e-07 9.792400e-15
3.877420e-07 8.776800e-15
3.880100e-07 8.843700e-15
3.882780e-07 7.729400e-15
3.885470e-07 8.512500e-15
3.888150e-07 8.313600e-15
3.890830e-07 6.952900e-15
3.893510e-07 7.739200e-15
3.896200e-07 8.699300e-15
3.898880e-07 6.702700e-15
3.901560e-07 9.241400e-15
3.904250e-07 9.021300e-15
3.906930e-07 1.002400e-14
3.909610e-07 9.454400e-15
3.912290e-07 1.195500e-14
3.914980e-07 1.017400e-14
3.917660e-07 9.657700e-15
3.920340e-07 9.024400e-15
3.923020e-07 9.449800e-15
3.925710e-07 8.912500e-15
3.928390e-07 7.945800e-15
3.931070e-07 7.796100e-15
3.933750e-07 7.708100e-15
3.936440e-07 6.183000e-15
3.939120e-07 7.902800e-15
3.941800e-07 8.803100e-15
3.944490e-07 9.611900e-15
3.947170e-07 1.013800e-14
3.949850e-07 9.794000e-15
3.952530e-07 1.061100e-14
3.955220e-07 1.039400e-14
3.957900e-07 9.278300e-15
3.960580e-07 7.247700e-15
3.963260e-07 7.397100e-15
3.965950e-07 7.143300e-15
3.968630e-07 5.836300e-15
3.971310e-07 7.365900e-15
3.973990e-07 6.777800e-15
3.976680e-07 8.811600e-15
3.979360e-07 8.707300e-15
3.982040e-07 9.827500e-15
3.984730e-07 1.051700e-14
3.987410e-07 1.033100e-14
3.990090e-07 1.019300e-14
3.992770e-07 1.124800e-14
3.995460e-07 1.017700e-14
3.998140e-07 1.109600e-14
4.000820e-07 1.092400e-14
4.003500e-07 1.076500e-14
4.006190e-07 1.123400e-14
4.008870e-07 1.184600e-14
4.011550e-07 1.067300e-14
4.014230e-07 1.046800e-14
4.016920e-07 1.162300e-14
4.019600e-07 1.233200e-14
4.022280e-07 1.122600e-14
4.024970e-07 1.153000e-14
4.027650e-07 1.096700e-14
4.030330e-07 9.895000e-15
4.033010e-07 9.790200e-15
4.035700e-07 1.012400e-14
4.038380e-07 1.084500e-14
4.041060e-07 1.212300e-14
4.043740e-07 1.138000e-14
4.046430e-07 1.000400e-14
4.049110e-07 1.048600e-14
4.051790e-07 1.098800e-14
4.054470e-07 1.157600e-14
4.057160e-07 1.020900e-14
4.059840e-07 9.045200e-15
4.062520e-07 1.074400e-14
4.065210e-07 1.071300e-14
4.067890e-07 9.692700e-15
4.070570e-07 1.147300e-14
4.073250e-07 1.188900e-14
4.075940e-07 1.005300e-14
4.078620e-07 1.053300e-14
4.081300e-07 9.823800e-15
4.083980e-07 1.088300e-14
4.086670e-07 1.032500e-14
4.089350e-07 9.666000e-15
4.092030e-07 1.010600e-14
4.094710e-07 1.030600e-14
4.097400e-07 9.355900e-15
4.100080e-07 9.281500e-15
4.102760e-07 9.216100e-15
4.105450e-07 9.649500e-15
4.108130e-07 1.024500e-14
4.110810e-07 1.026300e-14
4.113490e-07 1.029300e-14
4.116180e-07 1.028000e-14
4.118860e-07 1.066400e-14
4.121540e-07 1.064100e-14
4.124220e-07 1.138700e-14
4.126910e-07 1.081900e-14
4.129590e-07 1.066400e-14
4.132270e-07 1.059600e-14
4.134960e-07 1.081100e-14
4.137640e-07 1.149800e-14
4.140320e-07 1.177700e-14
4.143000e-07 1.057300e-14
4.145690e-07 1.000300e-14
4.148370e-07 1.040300e-14
4.151050e-07 1.040600e-14
4.153730e-07 1.058100e-14
4.156420e-07 1.053500e-14
4.159100e-07 1.027200e-14
4.161780e-07 1.138300e-14
4.164460e-07 1.096400e-14
4.167150e-07 1.089600e-14
4.169830e-07 1.119300e-14
4.172510e-07 1.105800e-14
4.175200e-07 1.011900e-14
4.177880e-07 1.018900e-14
4.180560e-07 1.073800e-14
4.183240e-07 1.111900e-14
4.185930e-07 1.112800e-14
4.188610e-07 1.106100e-14
4.191290e-07 1.089400e-14
4.193970e-07 1.067600e-14
4.196660e-07 1.147200e-14
4.199340e-07 1.136400e-14
4.202020e-07 1.105800e-14
4.204700e-07 1.107300e-14
4.207390e-07 1.118900e-14
4.210070e-07 1.179100e-14
4.212750e-07 1.204000e-14
4.215440e-07 1.181700e-14
4.218120e-07 1.150500e-14
4.220800e-07 1.127100e-14
4.223480e-07 1.105500e-14
4.226170e-07 1.125800e-14
4.228850e-07 1.134000e-14
4.231530e-07 1.127200e-14
4.234210e-07 1.179500e-14
4.236900e-07 1.161800e-14
4.239580e-07 1.218100e-14
4.242260e-07 1.186200e-14
4.244940e-07 1.108300e-14
4.247630e-07 1.141300e-14
4.250310e-07 1.156900e-14
4.252990e-07 1.090700e-14
4.255680e-07 1.165200e-14
4.258360e-07 1.136900e-14
4.261040e-07 1.096600e-14
4.263720e-07 1.146900e-14
4.266410e-07 1.211600e-14
4.269090e-07 1.226000e-14
4.271770e-07 1.185600e-14
4.274450e-07 1.101600e-14
4.277140e-07 1.135800e-14
4.279820e-07 1.208900e-14
4.282500e-07 1.213500e-14
4.285180e-07 1.216900e-14
4.287870e-07 1.099000e-14
4.290550e-07 1.067300e-14
4.293230e-07 1.049900e-14
4.295920e-07 1.040500e-14
4.298600e-07 1.072400e-14
4.301280e-07 9.867700e-15
4.303960e-07 9.739800e-15
4.306650e-07 9.964700e-15
4.309330e-07 9.980100e-15
4.312010e-07 1.095800e-14
4.314690e-07 1.123800e-14
4.317380e-07 1.071300e-14
4.320060e-07 1.075500e-14
4.322740e-07 1.071300e-14
4.325420e-07 1.027600e-14
4.328110e-07 1.093900e-14
4.330790e-07 1.021800e-14
4.333470e-07 1.054000e-14
4.336160e-07 1.118300e-14
4.338840e-07 1.186800e-14
4.341520e-07 1.126700e-14
4.344200e-07 1.092400e-14
4.346890e-07 9.628700e-15
4.349570e-07 1.023900e-14
4.352250e-07 9.727900e-15
4.354930e-07 1.097700e-14
4.357620e-07 1.175800e-14
4.360300e-07 1.127800e-14
4.362980e-07 1.133900e-14
4.365660e-07 1.110200e-14
4.368350e-07 1.205600e-14
4.371030e-07 1.205500e-14
4.373710e-07 1.145100e-14
4.376400e-07 1.097000e-14
4.379080e-07 1.162800e-14
4.381760e-07 1.218500e-14
4.384440e-07 1.106700e-14
4.387130e-07 1.117900e-14
4.389810e-07 1.203100e-14
4.392490e-07 1.162100e-14
4.395170e-07 1.120000e-14
4.397860e-07 1.110400e-14
4.400540e-07 1.188600e-14
4.403220e-07 1.148500e-14
4.405900e-07 1.105100e-14
4.408590e-07 1.196800e-14
4.411270e-07 1.270500e-14
4.413950e-07 1.164300e-14
4.416640e-07 1.159300e-14
4.419320e-07 1.114900e-14
4.422000e-07 1.188900e-14
4.424680e-07 1.213900e-14
4.427370e-07 1.141400e-14
4.430050e-07 1.178500e-14
4.432730e-07 1.263500e-14
4.435410e-07 1.100000e-14
4.438100e-07 1.185500e-14
4.440780e-07 1.166100e-14
4.443460e-07 1.169600e-14
4.446150e-07 1.208600e-14
4.448830e-07 1.238500e-14
4.451510e-07 1.235900e-14
4.454190e-07 1.319600e-14
4.456880e-07 1.109700e-14
4.459560e-07 1.171000e-14
4.462240e-07 1.193900e-14
4.464920e-07 1.169200e-14
4.467610e-07 1.201900e-14
4.470290e-07 1.184200e-14
4.472970e-07 1.103300e-14
4.475650e-07 1.238600e-14
4.478340e-07 1.305900e-14
4.481020e-07 1.266800e-14
4.483700e-07 1.203900e-14
4.486390e-07 1.164900e-14
4.489070e-07 1.270300e-14
4.491750e-07 1.292900e-14
4.494430e-07 1.198100e-14
4.497120e-07 1.213600e-14
4.499800e-07 1.306000e-14
4.502480e-07 1.300500e-14
4.505160e-07 1.269800e-14
4.507850e-07 1.260500e-14
4.510530e-07 1.353400e-14
4.513210e-07 1.281300e-14
4.515890e-07 1.376500e-14
4.518580e-07 1.336900e-14
4.521260e-07 1.315300e-14
4.523940e-07 1.293700e-14
4.526630e-07 1.273400e-14
4.529310e-07 1.186000e-14
4.531990e-07 1.216500e-14
4.534670e-07 1.190300e-14
4.537360e-07 1.226000e-14
4.540040e-07 1.278500e-14
4.542720e-07 1.319200e-14
4.545400e-07 1.244300e-14
4.548090e-07 1.301300e-14
4.550770e-07 1.363800e-14
4.553450e-07 1.278700e-14
4.556130e-07 1.222800e-14
4.558820e-07 1.286800e-14
4.561500e-07 1.293700e-14
4.564180e-07 1.347000e-14
4.566870e-07 1.319500e-14
4.569550e-07 1.295700e-14
4.572230e-07 1.372600e-14
4.574910e-07 1.325300e-14
4.577600e-07 1.279300e-14
4.580280e-07 1.355500e-14
4.582960e-07 1.276700e-14
4.585640e-07 1.217100e-14
4.588330e-07 1.256600e-14
4.591010e-07 1.359100e-14
4.593690e-07 1.273000e-14
4.596370e-07 1.281100e-14
4.599060e-07 1.209900e-14
4.601740e-07 1.317400e-14
4.604420e-07 1.347900e-14
4.607110e-07 1.283000e-14
4.609790e-07 1.327100e-14
4.612470e-07 1.326100e-14
4.615150e-07 1.225900e-14
4.617840e-07 1.283500e-14
4.620520e-07 1.276100e-14
4.623200e-07 1.332100e-14
4.625880e-07 1.289700e-14
4.628570e-07 1.287400e-14
4.631250e-07 1.297800e-14
4.633930e-07 1.316500e-14
4.636610e-07 1.200900e-14
4.639300e-07 1.230900e-14
4.641980e-07 1.273200e-14
4.644660e-07 1.264700e-14
4.647350e-07 1.264000e-14
4.650030e-07 1.266000e-14
4.652710e-07 1.236000e-14
4.655390e-07 1.232300e-14
4.658080e-07 1.298300e-14
4.660760e-07 1.359500e-14
4.663440e-07 1.273700e-14
4.666120e-07 1.244500e-14
4.668810e-07 1.208500e-14
4.671490e-07 1.267800e-14
4.674170e-07 1.195400e-14
4.676850e-07 1.179400e-14
4.679540e-07 1.258300e-14
4.682220e-07 1.333200e-14
4.684900e-07 1.355300e-14
4.687590e-07 1.341800e-14
4.690270e-07 1.343900e-14
4.692950e-07 1.297700e-14
4.695630e-07 1.250900e-14
4.698320e-07 1.352400e-14
4.701000e-07 1.357600e-14
4.703680e-07 1.262000e-14
4.706360e-07 1.330500e-14
4.709050e-07 1.296700e-14
4.711730e-07 1.282000e-14
4.714410e-07 1.305000e-14
4.717100e-07 1.279200e-14
4.719780e-07 1.296300e-14
4.722460e-07 1.290700e-14
4.725140e-07 1.359400e-14
4.727830e-07 1.309900e-14
4.730510e-07 1.303800e-14
4.733190e-07 1.320000e-14
4.735870e-07 1.277900e-14
4.738560e-07 1.286600e-14
4.741240e-07 1.304100e-14
4.743920e-07 1.332000e-14
4.746600e-07 1.373900e-14
4.749290e-07 1.417400e-14
4.751970e-07 1.253800e-14
4.754650e-07 1.239000e-14
4.757340e-07 1.272000e-14
4.760020e-07 1.301500e-14
4.762700e-07 1.350700e-14
4.765380e-07 1.343000e-14
4.768070e-07 1.304700e-14
4.770750e-07 1.326600e-14
4.773430e-07 1.354100e-14
4.776110e-07 1.312900e-14
4.778800e-07 1.288600e-14
4.781480e-07 1.298600e-14
4.784160e-07 1.363000e-14
4.786840e-07 1.356500e-14
4.789530e-07 1.274500e-14
4.792210e-07 1.286500e-14
4.794890e-07 1.314600e-14
4.797580e-07 1.358200e-14
4.800260e-07 1.401000e-14
4.802940e-07 1.407600e-14
4.805620e-07 1.436900e-14
4.808310e-07 1.358700e-14
4.810990e-07 1.293400e-14
4.813670e-07 1.292000e-14
4.816350e-07 1.245600e-14
4.819040e-07 1.240000e-14
4.821720e-07 1.319700e-14
4.824400e-07 1.309000e-14
4.827080e-07 1.275700e-14
4.829770e-07 1.290200e-14
4.832450e-07 1.233900e-14
4.835130e-07 1.267300e-14
4.837820e-07 1.317200e-14
4.840500e-07 1.299200e-14
4.843180e-07 1.323600e-14
4.845860e-07 1.300700e-14
4.848550e-07 1.225700e-14
4.851230e-07 1.240400e-14
4.853910e-07 1.260000e-14
4.856590e-07 1.428500e-14
4.859280e-07 1.706900e-14
4.861960e-07 1.731500e-14
4.864640e-07 1.474500e-14
4.867320e-07 1.265000e-14
4.870010e-07 1.150000e-14
4.872690e-07 1.128000e-14
4.875370e-07 1.068500e-14
4.878060e-07 1.214000e-14
4.880740e-07 1.174700e-14
4.883420e-07 1.215100e-14
4.886100e-07 1.182900e-14
4.888790e-07 1.143600e-14
4.891470e-07 1.190900e-14
4.894150e-07 1.268500e-14
4.896830e-07 1.275000e-14
4.899520e-07 1.296700e-14
4.902200e-07 1.241200e-14
4.904880e-07 1.222700e-14
4.907560e-07 1.241500e-14
4.910250e-07 1.242300e-14
4.912930e-07 1.252200e-14
4.915610e-07 1.206100e-14
4.918300e-07 1.231300e-14
4.920980e-07 1.227200e-14
4.923660e-07 1.204100e-14
4.926340e-07 1.278700e-14
4.929030e-07 1.291600e-14
4.931710e-07 1.317700e-14
4.934390e-07 1.222400e-14
4.937070e-07 1.232900e-14
4.939760e-07 1.201900e-14
4.942440e-07 1.300200e-14
4.945120e-07 1.278800e-14
4.947800e-07 1.305600e-14
4.950490e-07 1.268900e-14
4.953170e-07 1.328500e-14
4.955850e-07 1.376200e-14
4.958540e-07 1.324000e-14
4.961220e-07 1.275100e-14
4.963900e-07 1.297500e-14
4.966580e-07 1.311600e-14
4.969270e-07 1.223300e-14
4.971950e-07 1.275900e-14
4.974630e-07 1.316300e-14
4.977310e-07 1.274700e-14
4.980000e-07 1.268900e-14
4.982680e-07 1.298600e-14
4.985360e-07 1.288800e-14
4.988050e-07 1.293500e-14
4.990730e-07 1.211800e-14
4.993410e-07 1.231000e-14
4.996090e-07 1.322400e-14
4.998780e-07 1.376100e-14
5.001460e-07 1.375200e-14
5.004140e-07 1.425900e-14
5.006820e-07 1.519900e-14
5.009510e-07 1.426600e-14
5.012190e-07 1.294000e-14
5.014870e-07 1.153900e-14
5.017550e-07 1.181700e-14
5.020240e-07 1.194300e-14
5.022920e-07 1.198900e-14
5.025600e-07 1.237400e-14
5.028290e-07 1.210300e-14
5.030970e-07 1.160000e-14
5.033650e-07 1.167100e-14
5.036330e-07 1.176400e-14
5.039020e-07 1.229200e-14
5.041700e-07 1.236500e-14
5.044380e-07 1.212800e-14
5.047060e-07 1.201900e-14
5.049750e-07 1.190500e-14
5.052430e-07 1.191000e-14
5.055110e-07 1.241400e-14
5.057790e-07 1.230200e-14
5.060480e-07 1.259300e-14
5.063160e-07 1.253300e-14
5.065840e-07 1.217400e-14
5.068530e-07 1.269100e-14
5.071210e-07 1.281100e-14
5.073890e-07 1.230700e-14
5.076570e-07 1.191400e-14
5.079260e-07 1.203100e-14
5.081940e-07 1.224400e-14
5.084620e-07 1.262500e-14
5.087300e-07 1.346900e-14
5.089990e-07 1.294400e-14
5.092670e-07 1.223300e-14
5.095350e-07 1.265600e-14
5.098030e-07 1.305600e-14
5.100720e-07 1.288000e-14
5.103400e-07 1.285100e-14
5.106080e-07 1.273600e-14
5.108770e-07 1.281800e-14
5.111450e-07 1.247900e-14
5.114130e-07 1.248200e-14
5.116810e-07 1.261400e-14
5.119500e-07 1.270700e-14
5.122180e-07 1.187800e-14
5.124860e-07 1.171100e-14
5.127540e-07 1.229900e-14
5.130230e-07 1.242700e-14
5.132910e-07 1.238100e-14
5.135590e-07 1.183200e-14
5.138270e-07 1.197600e-14
5.140960e-07 1.210900e-14
5.143640e-07 1.218800e-14
5.146320e-07 1.223600e-14
5.149010e-07 1.267400e-14
5.151690e-07 1.272900e-14
5.154370e-07 1.240800e-14
5.157050e-07 1.230000e-14
5.159740e-07 1.246300e-14
5.162420e-07 1.200100e-14
5.165100e-07 1.116800e-14
5.167780e-07 1.062600e-14
5.170470e-07 1.080600e-14
5.173150e-07 1.188900e-14
5.175830e-07 1.222800e-14
5.178510e-07 1.216000e-14
5.181200e-07 1.217800e-14
5.183880e-07 1.203100e-14
5.186560e-07 1.229400e-14
5.189250e-07 1.273500e-14
5.191930e-07 1.305800e-14
5.194610e-07 1.265600e-14
5.197290e-07 1.296400e-14
5.199980e-07 1.346600e-14
5.202660e-07 1.334800e-14
5.205340e-07 1.242500e-14
5.208020e-07 1.178600e-14
5.210710e-07 1.201700e-14
5.213390e-07 1.267100e-14
5.216070e-07 1.305400e-14
5.218750e-07 1.284800e-14
5.221440e-07 1.298800e-14
5.224120e-07 1.245600e-14
5.226800e-07 1.259600e-14
5.229490e-07 1.281300e-14
5.232170e-07 1.272500e-14
5.234850e-07 1.298600e-14
5.237530e-07 1.294100e-14
5.240220e-07 1.305600e-14
5.242900e-07 1.311100e-14
5.245580e-07 1.355500e-14
5.248260e-07 1.296100e-14
5.250950e-07 1.220800e-14
5.253630e-07 1.272400e-14
5.256310e-07 1.313500e-14
5.258990e-07 1.275600e-14
5.261680e-07 1.246500e-14
5.264360e-07 1.194000e-14
5.267040e-07 1.172200e-14
5.269730e-07 1.222900e-14
5.272410e-07 1.249800e-14
5.275090e-07 1.256100e-14
5.277770e-07 1.275700e-14
5.280460e-07 1.310800e-14
5.283140e-07 1.355500e-14
5.285820e-07 1.437100e-14
5.288500e-07 1.430500e-14
5.291190e-07 1.370500e-14
5.293870e-07 1.306800e-14
5.296550e-07 1.324800e-14
5.299240e-07 1.333100e-14
5.301920e-07 1.341600e-14
5.304600e-07 1.351800e-14
5.307280e-07 1.307200e-14
5.309970e-07 1.312800e-14
5.312650e-07 1.322000e-14
5.315330e-07 1.324600e-14
5.318010e-07 1.252200e-14
5.320700e-07 1.247800e-14
5.323380e-07 1.276800e-14
5.326060e-07 1.288700e-14
5.328740e-07 1.251800e-14
5.331430e-07 1.249400e-14
5.334110e-07 1.273100e-14
5.336790e-07 1.304400e-14
5.339480e-07 1.313100e-14
5.342160e-07 1.275400e-14
5.344840e-07 1.309600e-14
5.347520e-07 1.305400e-14
5.350210e-07 1.321800e-14
5.352890e-07 1.386500e-14
5.355570e-07 1.383500e-14
5.358250e-07 1.397500e-14
5.360940e-07 1.378500e-14
5.363620e-07 1.322700e-14
5.366300e-07 1.285100e-14
5.368980e-07 1.315700e-14
5.371670e-07 1.303900e-14
5.374350e-07 1.333300e-14
5.377030e-07 1.358600e-14
5.379720e-07 1.323300e-14
5.382400e-07 1.334600e-14
5.385080e-07 1.355500e-14
5.387760e-07 1.312200e-14
5.390450e-07 1.240400e-14
5.393130e-07 1.256400e-14
5.395810e-07 1.283500e-14
5.398490e-07 1.322700e-14
5.401180e-07 1.290400e-14
5.403860e-07 1.255900e-14
5.406540e-07 1.346200e-14
5.409220e-07 1.315000e-14
5.411910e-07 1.335900e-14
5.414590e-07 1.382600e-14
5.417270e-07 1.256900e-14
5.419960e-07 1.321800e-14
5.422640e-07 1.360200e-14
5.425320e-07 1.316700e-14
5.428000e-07 1.366000e-14
5.430690e-07 1.287500e-14
5.433370e-07 1.218400e-14
5.436050e-07 1.289000e-14
5.438730e-07 1.198200e-14
5.441420e-07 1.331400e-14
5.444100e-07 1.375300e-14
5.446780e-07 1.230200e-14
5.449460e-07 1.246700e-14
5.452150e-07 1.344100e-14
5.454830e-07 1.251600e-14
5.457510e-07 1.318600e-14
5.460200e-07 1.273700e-14
5.462880e-07 1.405600e-14
5.465560e-07 1.352400e-14
5.468240e-07 1.287600e-14
5.470930e-07 1.326300e-14
5.473610e-07 1.261600e-14
5.476290e-07 1.290600e-14
5.478970e-07 1.309500e-14
5.481660e-07 1.319600e-14
5.484340e-07 1.330900e-14
5.487020e-07 1.337000e-14
5.489700e-07 1.278300e-14
5.492390e-07 1.347700e-14
5.495070e-07 1.358400e-14
5.497750e-07 1.357300e-14
5.500440e-07 1.306800e-14
5.503120e-07 1.299700e-14
5.505800e-07 1.290800e-14
5.508480e-07 1.306000e-14
5.511170e-07 1.292700e-14
5.513850e-07 1.365000e-14
5.516530e-07 1.320100e-14
5.519210e-07 1.329000e-14
5.521900e-07 1.273700e-14
5.524580e-07 1.232200e-14
5.527260e-07 1.322500e-14
5.529940e-07 1.368400e-14
5.532630e-07 1.307600e-14
5.535310e-07 1.334800e-14
5.537990e-07 1.380900e-14
5.540680e-07 1.427100e-14
5.543360e-07 1.326500e-14
5.546040e-07 1.292400e-14
5.548720e-07 1.221600e-14
5.551410e-07 1.453400e-14
5.554090e-07 1.414600e-14
5.556770e-07 1.340300e-14
5.559450e-07 1.262200e-14
5.562140e-07 1.376200e-14
5.564820e-07 1.317300e-14
5.567500e-07 1.365800e-14
5.570190e-07 1.407400e-14
5.572870e-07 1.281100e-14
5.575550e-07 1.366100e-14
5.578230e-07 1.368100e-14
5.580920e-07 1.419000e-14
5.583600e-07 1.312000e-14
5.586280e-07 1.422000e-14
5.588960e-07 1.517300e-14
5.591650e-07 1.357400e-14
5.594330e-07 1.338300e-14
5.597010e-07 1.226300e-14
5.599690e-07 1.305400e-14
5.602380e-07 1.310900e-14
5.605060e-07 1.319600e-14
5.607740e-07 1.362300e-14
5.610430e-07 1.322000e-14
5.613110e-07 1.318300e-14
5.615790e-07 1.314500e-14
5.618470e-07 1.313800e-14
5.621160e-07 1.387700e-14
5.623840e-07 1.325900e-14
5.626520e-07 1.274600e-14
5.629200e-07 1.296800e-14
5.631890e-07 1.277500e-14
5.634570e-07 1.271500e-14
5.637250e-07 1.333100e-14
5.639930e-07 1.442300e-14
5.642620e-07 1.342100e-14
5.645300e-07 1.323100e-14
5.647980e-07 1.430900e-14
5.650670e-07 1.432900e-14
5.653350e-07 1.360000e-14
5.656030e-07 1.288000e-14
5.658710e-07 1.260900e-14
5.661400e-07 1.255700e-14
5.664080e-07 1.343200e-14
5.666760e-07 1.347800e-14
5.669440e-07 1.314200e-14
5.672130e-07 1.311000e-14
5.674810e-07 1.324600e-14
5.677490e-07 1.377000e-14
5.680170e-07 1.265000e-14
5.682860e-07 1.376600e-14
5.685540e-07 1.346100e-14
5.688220e-07 1.284100e-14
5.690910e-07 1.320300e-14
5.693590e-07 1.336700e-14
5.696270e-07 1.477600e-14
5.698950e-07 1.317800e-14
5.701640e-07 1.289400e-14
5.704320e-07 1.372300e-14
5.707000e-07 1.281000e-14
5.709680e-07 1.240900e-14
5.712370e-07 1.307400e-14
5.715050e-07 1.361100e-14
5.717730e-07 1.381900e-14
5.720410e-07 1.367700e-14
5.723100e-07 1.300000e-14
5.725780e-07 1.410600e-14
5.728460e-07 1.290400e-14
5.731150e-07 1.463200e-14
5.733830e-07 1.335000e-14
5.736510e-07 1.428500e-14
5.739190e-07 1.351900e-14
5.741880e-07 1.366200e-14
5.744560e-07 1.350700e-14
5.747240e-07 1.328000e-14
5.749920e-07 1.314700e-14
5.752610e-07 1.410900e-14
5.755290e-07 1.303400e-14
5.757970e-07 1.313600e-14
5.760650e-07 1.315600e-14
5.763340e-07 1.403300e-14
5.766020e-07 1.391600e-14
5.768700e-07 1.320500e-14
5.771390e-07 1.378900e-14
5.774070e-07 1.328800e-14
5.776750e-07 1.304200e-14
5.779430e-07 1.292600e-14
5.782120e-07 1.325400e-14
5.784800e-07 1.253000e-14
5.787480e-07 1.278700e-14
5.790160e-07 1.288300e-14
5.792850e-07 1.324200e-14
5.795530e-07 1.203000e-14
5.798210e-07 1.320200e-14
5.800890e-07 1.351800e-14
5.803580e-07 1.338600e-14
5.806260e-07 1.366800e-14
5.808940e-07 1.403400e-14
5.811630e-07 1.364500e-14
5.814310e-07 1.398500e-14
5.816990e-07 1.434900e-14
5.819670e-07 1.424300e-14
5.822360e-07 1.389000e-14
5.825040e-07 1.395300e-14
5.827720e-07 1.341500e-14
5.830400e-07 1.303100e-14
5.833090e-07 1.357500e-14
5.835770e-07 1.359900e-14
5.838450e-07 1.325500e-14
5.841140e-07 1.269500e-14
5.843820e-07 1.368500e-14
5.846500e-07 1.356600e-14
5.849180e-07 1.322300e-14
5.851870e-07 1.387600e-14
5.854550e-07 1.313100e-14
5.857230e-07 1.339700e-14
5.859910e-07 1.308500e-14
5.862600e-07 1.299400e-14
5.865280e-07 1.347500e-14
5.867960e-07 1.301100e-14
5.870640e-07 1.378600e-14
5.873330e-07 1.419200e-14
5.876010e-07 1.457200e-14
5.878690e-07 1.402700e-14
5.881380e-07 1.314200e-14
5.884060e-07 1.252900e-14
5.886740e-07 1.240200e-14
5.889420e-07 1.210800e-14
5.892110e-07 1.198100e-14
5.894790e-07 1.195800e-14
5.897470e-07 1.178100e-14
5.900150e-07 1.189900e-14
5.902840e-07 1.323400e-14
5.905520e-07 1.326300e-14
5.908200e-07 1.368400e-14
5.910880e-07 1.362500e-14
5.913570e-07 1.387800e-14
5.916250e-07 1.311100e-14
5.918930e-07 1.412300e-14
5.921620e-07 1.398900e-14
5.924300e-07 1.308200e-14
5.926980e-07 1.380800e-14
5.929660e-07 1.324000e-14
5.932350e-07 1.331500e-14
5.935030e-07 1.291500e-14
5.937710e-07 1.376000e-14
5.940390e-07 1.227300e-14
5.943080e-07 1.311400e-14
5.945760e-07 1.382800e-14
5.948440e-07 1.381300e-14
5.951120e-07 1.265100e-14
5.953810e-07 1.347800e-14
5.956490e-07 1.396800e-14
5.959170e-07 1.370600e-14
5.961860e-07 1.342400e-14
5.964540e-07 1.255100e-14
5.967220e-07 1.287800e-14
5.969900e-07 1.322600e-14
5.972590e-07 1.317900e-14
5.975270e-07 1.370900e-14
5.977950e-07 1.376600e-14
5.980630e-07 1.401700e-14
5.983320e-07 1.279600e-14
5.986000e-07 1.355500e-14
5.988680e-07 1.307800e-14
5.991360e-07 1.375100e-14
5.994050e-07 1.397400e-14
5.996730e-07 1.338300e-14
5.999410e-07 1.428000e-14
6.002100e-07 1.333700e-14
6.004780e-07 1.357200e-14
6.007460e-07 1.402100e-14
6.010140e-07 1.353600e-14
6.012830e-07 1.314400e-14
6.015510e-07 1.350200e-14
6.018190e-07 1.308500e-14
6.020870e-07 1.227400e-14
6.023560e-07 1.275700e-14
6.026240e-07 1.298800e-14
6.028920e-07 1.328500e-14
6.031600e-07 1.273700e-14
6.034290e-07 1.330100e-14
6.036970e-07 1.317600e-14
6.039650e-07 1.384400e-14
6.042340e-07 1.354200e-14
6.045020e-07 1.442500e-14
6.047700e-07 1.331300e-14
6.050380e-07 1.371200e-14
6.053070e-07 1.403500e-14
6.055750e-07 1.334300e-14
6.058430e-07 1.384800e-14
6.061110e-07 1.396500e-14
6.063800e-07 1.422900e-14
6.066480e-07 1.400100e-14
6.069160e-07 1.350600e-14
6.071840e-07 1.351300e-14
6.074530e-07 1.362900e-14
6.077210e-07 1.344900e-14
6.079890e-07 1.379400e-14
6.082580e-07 1.422100e-14
6.085260e-07 1.294900e-14
6.087940e-07 1.240600e-14
6.090620e-07 1.316000e-14
6.093310e-07 1.358500e-14
6.095990e-07 1.310900e-14
6.098670e-07 1.361200e-14
6.101350e-07 1.390900e-14
6.104040e-07 1.336400e-14
6.106720e-07 1.350700e-14
6.109400e-07 1.369800e-14
6.112080e-07 1.348700e-14
6.114770e-07 1.295200e-14
6.117450e-07 1.307700e-14
6.120130e-07 1.394800e-14
6.122820e-07 1.340300e-14
6.125500e-07 1.379800e-14
6.128180e-07 1.313600e-14
6.130860e-07 1.371500e-14
6.133550e-07 1.237200e-14
6.136230e-07 1.388200e-14
6.138910e-07 1.344700e-14
6.141590e-07 1.280600e-14
6.144280e-07 1.271100e-14
6.146960e-07 1.347100e-14
6.149640e-07 1.321500e-14
6.152330e-07 1.404300e-14
6.155010e-07 1.255600e-14
6.157690e-07 1.317800e-14
6.160370e-07 1.226900e-14
6.163060e-07 1.245400e-14
6.165740e-07 1.207000e-14
6.168420e-07 1.264700e-14
6.171100e-07 1.270900e-14
6.173790e-07 1.253200e-14
6.176470e-07 1.323100e-14
6.179150e-07 1.274900e-14
6.181830e-07 1.362600e-14
6.184520e-07 1.220700e-14
6.187200e-07 1.355500e-14
6.189880e-07 1.271900e-14
6.192570e-07 1.290800e-14
6.195250e-07 1.329100e-14
6.197930e-07 1.298300e-14
6.200610e-07 1.339100e-14
6.203300e-07 1.230200e-14
6.205980e-07 1.388400e-14
6.208660e-07 1.310600e-14
6.211340e-07 1.414100e-14
6.214030e-07 1.366400e-14
6.216710e-07 1.337200e-14
6.219390e-07 1.280600e-14
6.222070e-07 1.236000e-14
6.224760e-07 1.313900e-14
6.227440e-07 1.424000e-14
6.230120e-07 1.273300e-14
6.232810e-07 1.279000e-14
6.235490e-07 1.267500e-14
6.238170e-07 1.258600e-14
6.240850e-07 1.233600e-14
6.243540e-07 1.236400e-14
6.246220e-07 1.292100e-14
6.248900e-07 1.208600e-14
6.251580e-07 1.281400e-14
6.254270e-07 1.385400e-14
6.256950e-07 1.115000e-14
6.259630e-07 1.336000e-14
6.262310e-07 1.275600e-14
6.265000e-07 1.231700e-14
6.267680e-07 1.280300e-14
6.270360e-07 1.349700e-14
6.273050e-07 1.339700e-14
6.275730e-07 1.345800e-14
6.278410e-07 1.343400e-14
6.281090e-07 1.343200e-14
6.283780e-07 1.304100e-14
6.286460e-07 1.452200e-14
6.289140e-07 1.374000e-14
6.291820e-07 1.423700e-14
6.294510e-07 1.362200e-14
6.297190e-07 1.393800e-14
6.299870e-07 1.431600e-14
6.302550e-07 1.467700e-14
6.305240e-07 1.383800e-14
6.307920e-07 1.340500e-14
6.310600e-07 1.244500e-14
6.313290e-07 1.196600e-14
6.315970e-07 1.265100e-14
6.318650e-07 1.193900e-14
6.321330e-07 1.274200e-14
6.324020e-07 1.303100e-14
6.326700e-07 1.355500e-14
6.329380e-07 1.284800e-14
6.332060e-07 1.295300e-14
6.334750e-07 1.314500e-14
6.337430e-07 1.353500e-14
6.340110e-07 1.307600e-14
6.342790e-07 1.249000e-14
6.345480e-07 1.215500e-14
6.348160e-07 1.273800e-14
6.350840e-07 1.270200e-14
6.353530e-07 1.290900e-14
6.356210e-07 1.310900e-14
6.358890e-07 1.313400e-14
6.361570e-07 1.354700e-14
6.364260e-07 1.331600e-14
6.366940e-07 1.333100e-14
6.369620e-07 1.384900e-14
6.372300e-07 1.331100e-14
6.374990e-07 1.205900e-14
6.377670e-07 1.235600e-14
6.380350e-07 1.286900e-14
6.383030e-07 1.305500e-14
6.385720e-07 1.245700e-14
6.388400e-07 1.362300e-14
6.391080e-07 1.376000e-14
6.393770e-07 1.309600e-14
6.396450e-07 1.311300e-14
6.399130e-07 1.287900e-14
6.401810e-07 1.377700e-14
6.404500e-07 1.370200e-14
6.407180e-07 1.319200e-14
6.409860e-07 1.321400e-14
6.412540e-07 1.362900e-14
6.415230e-07 1.265200e-14
6.417910e-07 1.342800e-14
6.420590e-07 1.301000e-14
6.423280e-07 1.363200e-14
6.425960e-07 1.303400e-14
6.428640e-07 1.406400e-14
6.431320e-07 1.380600e-14
6.434010e-07 1.217100e-14
6.436690e-07 1.345800e-14
6.439370e-07 1.431300e-14
6.442050e-07 1.387300e-14
6.444740e-07 1.257000e-14
6.447420e-07 1.184600e-14
6.450100e-07 1.285900e-14
6.452780e-07 1.348200e-14
6.455470e-07 1.366000e-14
6.458150e-07 1.298900e-14
6.460830e-07 1.283800e-14
6.463520e-07 1.294000e-14
6.466200e-07 1.334300e-14
6.468880e-07 1.434700e-14
6.471560e-07 1.374500e-14
6.474250e-07 1.387800e-14
6.476930e-07 1.318200e-14
6.479610e-07 1.342200e-14
6.482290e-07 1.342100e-14
6.484980e-07 1.381800e-14
6.487660e-07 1.305700e-14
6.490340e-07 1.276200e-14
6.493020e-07 1.257500e-14
6.495710e-07 1.261600e-14
6.498390e-07 1.268000e-14
6.501070e-07 1.334200e-14
6.503760e-07 1.249600e-14
6.506440e-07 1.346500e-14
6.509120e-07 1.322400e-14
6.511800e-07 1.375700e-14
6.514490e-07 1.340700e-14
6.517170e-07 1.304800e-14
6.519850e-07 1.307500e-14
6.522530e-07 1.389400e-14
6.525220e-07 1.337600e-14
6.527900e-07 1.327800e-14
6.530580e-07 1.323300e-14
6.533260e-07 1.305300e-14
6.535950e-07 1.281300e-14
6.538630e-07 1.435200e-14
6.541310e-07 1.607600e-14
6.544000e-07 1.755700e-14
6.546680e-07 1.918300e-14
6.549360e-07 1.874200e-14
6.552040e-07 1.952600e-14
6.554730e-07 2.532700e-14
6.557410e-07 3.452800e-14
6.560090e-07 4.560700e-14
6.562770e-07 4.924500e-14
6.565460e-07 4.222700e-14
6.568140e-07 2.856800e-14
6.570820e-07 1.945800e-14
6.573500e-07 1.801300e-14
6.576190e-07 2.000400e-14
6.578870e-07 2.573700e-14
6.581550e-07 2.954800e-14
6.584240e-07 2.945000e-14
6.586920e-07 2.470200e-14
6.589600e-07 1.879600e-14
6.592280e-07 1.497900e-14
6.594970e-07 1.412400e-14
6.597650e-07 1.296100e-14
6.600330e-07 1.315100e-14
6.603010e-07 1.254500e-14
6.605700e-07 1.381500e-14
6.608380e-07 1.393500e-14
6.611060e-07 1.327700e-14
6.613740e-07 1.354300e-14
6.616430e-07 1.369800e-14
6.619110e-07 1.320400e-14
6.621790e-07 1.276800e-14
6.624480e-07 1.357200e-14
6.627160e-07 1.343300e-14
6.629840e-07 1.232800e-14
6.632520e-07 1.227900e-14
6.635210e-07 1.248200e-14
6.637890e-07 1.294500e-14
6.640570e-07 1.346400e-14
6.643250e-07 1.314200e-14
6.645940e-07 1.306700e-14
6.648620e-07 1.254400e-14
6.651300e-07 1.222200e-14
6.653980e-07 1.226800e-14
6.656670e-07 1.416600e-14
6.659350e-07 1.416100e-14
6.662030e-07 1.441500e-14
6.671680e-07 1.291800e-14
6.687060e-07 1.303600e-14
6.702470e-07 1.303400e-14
6.717920e-07 1.309200e-14
6.733410e-07 1.300000e-14
6.748930e-07 1.293800e-14
6.764490e-07 1.317700e-14
6.780080e-07 1.314500e-14
6.795710e-07 1.308200e-14
6.811380e-07 1.305000e-14
6.827080e-07 1.304800e-14
6.842820e-07 1.319700e-14
6.858590e-07 1.292500e-14
6.874400e-07 1.292300e-14
6.890250e-07 1.259700e-14
6.906130e-07 1.285900e-14
6.922060e-07 1.288700e-14
6.938010e-07 1.312400e-14
6.954000e-07 1.306200e-14
6.970040e-07 1.321100e-14
6.986100e-07 1.249900e-14
7.002210e-07 1.317700e-14
7.018350e-07 1.308400e-14
7.034530e-07 1.302200e-14
7.050740e-07 1.350800e-14
7.067000e-07 1.269200e-14
7.083290e-07 1.298600e-14
7.099620e-07 1.242800e-14
7.115980e-07 1.248300e-14
7.132390e-07 1.242400e-14
7.148830e-07 1.245000e-14
7.165310e-07 1.250600e-14
7.181830e-07 1.227600e-14
7.198390e-07 1.188400e-14
7.214980e-07 1.174600e-14
7.231610e-07 1.249800e-14
7.248280e-07 1.246700e-14
7.264990e-07 1.293300e-14
7.281740e-07 1.252000e-14
7.298530e-07 1.198200e-14
7.315350e-07 1.257400e-14
7.332210e-07 1.268800e-14
7.349120e-07 1.331500e-14
7.366060e-07 1.297900e-14
7.383040e-07 1.315800e-14
7.400060e-07 1.303500e-14
7.417120e-07 1.279500e-14
7.434210e-07 1.339600e-14
7.451350e-07 1.302800e-14
7.468530e-07 1.290700e-14
7.485750e-07 1.329700e-14
7.503000e-07 1.281400e-14
7.520300e-07 1.314000e-14
7.537630e-07 1.325900e-14
7.555010e-07 1.334900e-14
7.572430e-07 1.328500e-14
7.589880e-07 1.334400e-14
7.607380e-07 1.286000e-14
7.624910e-07 1.279800e-14
7.642490e-07 1.285500e-14
7.660110e-07 1.258900e-14
7.677770e-07 1.169300e-14
7.695470e-07 1.246900e-14
7.713210e-07 1.238100e-14
7.730990e-07 1.237900e-14
7.748810e-07 1.249200e-14
7.766670e-07 1.231800e-14
7.784580e-07 1.225900e-14
7.802520e-07 1.239900e-14
7.820510e-07 1.254000e-14
7.838540e-07 1.216800e-14
7.856610e-07 1.250700e-14
7.874720e-07 1.262100e-14
7.892870e-07 1.250300e-14
7.911060e-07 1.235700e-14
7.929300e-07 1.215800e-14
7.947580e-07 1.193400e-14
7.965900e-07 1.209700e-14
7.984270e-07 1.237700e-14
8.002670e-07 1.206500e-14
8.021120e-07 1.240100e-14
8.039610e-07 1.260000e-14
8.058150e-07 1.239600e-14
8.076720e-07 1.228000e-14
8.095340e-07 1.244900e-14
8.114000e-07 1.244700e-14
8.132710e-07 1.267600e-14
8.151450e-07 1.232800e-14
8.170250e-07 1.166300e-14
8.189080e-07 1.193200e-14
8.207960e-07 1.160500e-14
8.226880e-07 1.246100e-14
8.245840e-07 1.251700e-14
8.264850e-07 1.211700e-14
8.283900e-07 1.183900e-14
8.303000e-07 1.197400e-14
8.322140e-07 1.225100e-14
8.341320e-07 1.177800e-14
8.360560e-07 1.238800e-14
8.379830e-07 1.224400e-14
8.399140e-07 1.182600e-14
8.418510e-07 1.235200e-14
8.437910e-07 1.235000e-14
8.457360e-07 1.176500e-14
8.476860e-07 1.123300e-14
8.496400e-07 1.203400e-14
8.515990e-07 1.197600e-14
8.535620e-07 1.167400e-14
8.555300e-07 1.028400e-14
8.575020e-07 1.196900e-14
8.594780e-07 1.180300e-14
8.614600e-07 1.169200e-14
8.634460e-07 1.190700e-14
8.654360e-07 1.176900e-14
8.674310e-07 9.741700e-15
8.694310e-07 1.149600e-14
8.714350e-07 1.165400e-14
8.734440e-07 1.189500e-14
8.754580e-07 1.167600e-14
8.774760e-07 1.151300e-14
8.794980e-07 1.188800e-14
8.815260e-07 1.037600e-14
8.835580e-07 1.155900e-14
8.855950e-07 1.163700e-14
8.876360e-07 1.070900e-14
8.896830e-07 1.134200e-14
8.917330e-07 1.149700e-14
8.937890e-07 1.118100e-14
8.958500e-07 1.117900e-14
8.979150e-07 1.104900e-14
8.999840e-07 9.643300e-15
9.020590e-07 1.033100e-14
9.041390e-07 1.156200e-14
9.062230e-07 1.188400e-14
9.083120e-07 1.116500e-14
9.104060e-07 1.126600e-14
9.125040e-07 1.144700e-14
9.146080e-07 1.034200e-14
9.167170e-07 1.067800e-14
9.188300e-07 1.107700e-14
9.209480e-07 1.133200e-14
9.230710e-07 1.130400e-14
9.251990e-07 1.099300e-14
9.273310e-07 1.122100e-14
9.294690e-07 1.103900e-14
9.316120e-07 1.129400e-14
9.337590e-07 1.131800e-14
9.359120e-07 1.128900e-14
9.380700e-07 1.113200e-14
9.402320e-07 1.105300e-14
9.423990e-07 1.128200e-14
9.445720e-07 1.115000e-14
9.467490e-07 1.130300e-14
9.489320e-07 1.127500e-14
9.511200e-07 1.109200e-14
9.533120e-07 1.108900e-14
9.555090e-07 1.073500e-14
9.577120e-07 1.103400e-14
9.599200e-07 1.118500e-14
9.621330e-07 1.110500e-14
9.643510e-07 1.100100e-14
9.665740e-07 1.097300e-14
9.688020e-07 1.104700e-14
9.710350e-07 1.091800e-14
9.732740e-07 1.084000e-14
9.755170e-07 1.078800e-14
9.777660e-07 1.081000e-14
9.800200e-07 1.070900e-14
9.822790e-07 1.078100e-14
9.845440e-07 1.080300e-14
9.868140e-07 1.072600e-14
9.890880e-07 1.069900e-14
9.913680e-07 1.062300e-14
9.936530e-07 1.066900e-14
9.959440e-07 1.066700e-14
9.982410e-07 1.061600e-14
1.002848e-06 1.053800e-14
1.007477e-06 1.036400e-14
1.012127e-06 1.050400e-14
1.016799e-06 1.037800e-14
1.021492e-06 1.039700e-14
1.028572e-06 1.036600e-14
1.030944e-06 1.031600e-14
1.050111e-06 9.975700e-15
1.069634e-06 9.592700e-15
1.089519e-06 9.224500e-15
1.109776e-06 8.911300e-15
1.130408e-06 8.688500e-15
1.148775e-06 8.589000e-15
1.170133e-06 8.335700e-15
1.189146e-06 8.071300e-15
1.211253e-06 7.887500e-15
1.230934e-06 7.743600e-15
1.250935e-06 7.549900e-15
1.271261e-06 7.361100e-15
1.288946e-06 7.193500e-15
1.309890e-06 7.062200e-15
1.331175e-06 6.869800e-15
1.349692e-06 6.744400e-15
1.368469e-06 6.621300e-15
1.390704e-06 6.426000e-15
1.410051e-06 6.193600e-15
1.429667e-06 6.108600e-15
1.449556e-06 6.122700e-15
1.469721e-06 5.942100e-15
1.490167e-06 5.969600e-15
1.510898e-06 5.969600e-15
1.528394e-06 6.038700e-15
1.549656e-06 5.983300e-15
1.571212e-06 5.887700e-15
1.589406e-06 5.714000e-15
1.611517e-06 5.727200e-15
1.630178e-06 5.700900e-15
1.649055e-06 5.596800e-15
1.668149e-06 5.532800e-15
1.691355e-06 5.419300e-15
1.710941e-06 5.308100e-15
1.730753e-06 5.092600e-15
1.750795e-06 4.965300e-15
1.771066e-06 4.785700e-15
1.791575e-06 4.633900e-15
1.808153e-06 4.435500e-15
1.829089e-06 4.324600e-15
1.850269e-06 4.206700e-15
1.871695e-06 4.035900e-15
1.889014e-06 3.935000e-15
1.910886e-06 3.854300e-15
1.928568e-06 3.732000e-15
1.950901e-06 3.588700e-15
1.968951e-06 3.490900e-15
1.991751e-06 3.388000e-15
2.010181e-06 3.333800e-15
2.028780e-06 3.220600e-15
2.052272e-06 3.176500e-15
2.071263e-06 3.097000e-15
2.090426e-06 3.026500e-15
2.109770e-06 2.964400e-15
2.129292e-06 2.903600e-15
2.148993e-06 2.837500e-15
2.168878e-06 2.747500e-15
2.188945e-06 2.703600e-15
2.209200e-06 2.629900e-15
2.229642e-06 2.558200e-15
2.250272e-06 2.492300e-15
2.271094e-06 2.406000e-15
2.292107e-06 2.157400e-15
2.307996e-06 2.126100e-15
2.329350e-06 1.862300e-15
2.350905e-06 1.747600e-15
2.372658e-06 1.748700e-15
2.389104e-06 1.603700e-15
2.411211e-06 1.539000e-15
2.427923e-06 1.511900e-15
2.450389e-06 1.401100e-15
2.467374e-06 1.369600e-15
2.489579e-06 9.943200e-16
2.499012e-06 1.023900e-15
2.508455e-06 1.062500e-15
2.517898e-06 9.973500e-16
2.527332e-06 1.116600e-15
2.536775e-06 1.126400e-15
2.546208e-06 1.121500e-15
2.555651e-06 1.138800e-15
2.565094e-06 1.173800e-15
2.574527e-06 1.161300e-15
2.583970e-06 1.192900e-15
2.593413e-06 1.175300e-15
2.602846e-06 1.134000e-15
2.612289e-06 1.144500e-15
2.621723e-06 1.114500e-15
2.631166e-06 1.121100e-15
2.640609e-06 1.120100e-15
2.650042e-06 1.092000e-15
2.659485e-06 1.087400e-15
2.668928e-06 1.075200e-15
2.678361e-06 1.057500e-15
2.687804e-06 1.096100e-15
2.697238e-06 1.069400e-15
2.706680e-06 1.097300e-15
2.716123e-06 1.075900e-15
2.725557e-06 1.041300e-15
2.735000e-06 1.024000e-15
2.744443e-06 1.020400e-15
2.753876e-06 9.913600e-16
2.763319e-06 1.018100e-15
2.772752e-06 9.711600e-16
2.782195e-06 9.723000e-16
2.791638e-06 9.739900e-16
2.801072e-06 9.765500e-16
2.810515e-06 9.453300e-16
2.819957e-06 9.162900e-16
2.829391e-06 8.951400e-16
2.838834e-06 8.765300e-16
2.848267e-06 8.863500e-16
2.857710e-06 8.749400e-16
2.867153e-06 8.895900e-16
2.876586e-06 8.776100e-16
2.886029e-06 8.450200e-16
2.895472e-06 8.324900e-16
2.904906e-06 7.862300e-16
2.914348e-06 7.943500e-16
2.923782e-06 7.871500e-16
2.933225e-06 7.801700e-16
2.942668e-06 7.607100e-16
2.952101e-06 7.596300e-16
2.961544e-06 7.714000e-16
2.970987e-06 7.680000e-16
2.980420e-06 7.396100e-16
2.989863e-06 7.238700e-16
2.999297e-06 7.571200e-16
3.008740e-06 7.266400e-16
3.018183e-06 7.440800e-16
3.027616e-06 7.751900e-16
3.037059e-06 7.232300e-16
3.046502e-06 7.131100e-16
3.055935e-06 7.059200e-16
3.065378e-06 7.012200e-16
3.074811e-06 6.913600e-16
3.084254e-06 7.145500e-16
3.093698e-06 7.145600e-16
3.103131e-06 7.207800e-16
3.112574e-06 6.913500e-16
3.122017e-06 6.646300e-16
3.131450e-06 6.985700e-16
3.140893e-06 6.995300e-16
3.150326e-06 6.737000e-16
3.159769e-06 7.185700e-16
3.169212e-06 6.934600e-16
3.178645e-06 7.724700e-16
3.188089e-06 7.522300e-16
3.197532e-06 7.952600e-16
3.206965e-06 7.939000e-16
3.216408e-06 8.227300e-16
3.225841e-06 8.519000e-16
3.235284e-06 8.846600e-16
3.244727e-06 9.721500e-16
3.254160e-06 1.013000e-15
3.263603e-06 1.036600e-15
3.273046e-06 1.020100e-15
3.282480e-06 1.058800e-15
3.291923e-06 1.057900e-15
3.301356e-06 9.464500e-16
3.310799e-06 9.209000e-16
3.320242e-06 8.804400e-16
3.329675e-06 8.456500e-16
3.339118e-06 8.054400e-16
3.348561e-06 7.333300e-16
3.357994e-06 7.106700e-16
3.367437e-06 7.596100e-16
3.376871e-06 7.360000e-16
3.386314e-06 7.677100e-16
3.395757e-06 7.367100e-16
3.405190e-06 6.921000e-16
3.414633e-06 6.550700e-16
3.424076e-06 6.685400e-16
3.433509e-06 6.692800e-16
3.442952e-06 6.374400e-16
3.452386e-06 6.139900e-16
3.461829e-06 5.893300e-16
3.471271e-06 6.148600e-16
3.480705e-06 6.090400e-16
3.490148e-06 5.855500e-16
3.499591e-06 5.556000e-16
3.509024e-06 5.837800e-16
3.518467e-06 5.760000e-16
3.527901e-06 5.678700e-16
3.537343e-06 5.317300e-16
3.546786e-06 5.640900e-16
3.556219e-06 5.386200e-16
3.565663e-06 5.631200e-16
3.575106e-06 5.658000e-16
3.584539e-06 5.274000e-16
3.593982e-06 5.208800e-16
3.603415e-06 5.150400e-16
3.612858e-06 5.060500e-16
3.622301e-06 4.872500e-16
3.631734e-06 4.953700e-16
3.641177e-06 4.877900e-16
3.650620e-06 4.594700e-16
3.660054e-06 5.031500e-16
3.669496e-06 4.762300e-16
3.678930e-06 4.662300e-16
3.688373e-06 4.764900e-16
3.697816e-06 4.870600e-16
3.707249e-06 4.559400e-16
3.716692e-06 4.820700e-16
3.726135e-06 4.685800e-16
3.735568e-06 4.788500e-16
3.745011e-06 4.830300e-16
3.754445e-06 4.877500e-16
3.763888e-06 4.589500e-16
3.773331e-06 4.692700e-16
3.782764e-06 4.596700e-16
3.792207e-06 4.425800e-16
3.801650e-06 4.467100e-16
3.811083e-06 4.224800e-16
3.820526e-06 4.278100e-16
3.829960e-06 3.944800e-16
3.839403e-06 4.434900e-16
3.848846e-06 4.363800e-16
3.858279e-06 4.291200e-16
3.867722e-06 4.345400e-16
3.877165e-06 4.400500e-16
3.886598e-06 4.371500e-16
3.896041e-06 4.288200e-16
3.905474e-06 4.301200e-16
3.914917e-06 4.147900e-16
3.924360e-06 4.435500e-16
3.933794e-06 4.115500e-16
3.943237e-06 4.363900e-16
3.952679e-06 4.101600e-16
3.962113e-06 4.347000e-16
3.971556e-06 4.179600e-16
3.980989e-06 4.323300e-16
3.990432e-06 4.167900e-16
3.999875e-06 3.903400e-16
4.009308e-06 3.908200e-16
4.018751e-06 4.278800e-16
4.028195e-06 4.399600e-16
4.037627e-06 4.480300e-16
4.047071e-06 3.975000e-16
4.056504e-06 4.311400e-16
4.065947e-06 3.849300e-16
4.075390e-06 3.843000e-16
4.084823e-06 3.967900e-16
4.094266e-06 3.761100e-16
4.103709e-06 3.585900e-16
4.113142e-06 3.710200e-16
4.122585e-06 3.438300e-16
4.132019e-06 3.627700e-16
4.141462e-06 3.692600e-16
4.150905e-06 3.553100e-16
4.160338e-06 3.545400e-16
4.169781e-06 3.498400e-16
4.179224e-06 3.618800e-16
4.188657e-06 3.362700e-16
4.198100e-06 3.405300e-16
4.207534e-06 3.449800e-16
4.216977e-06 3.263500e-16
4.226419e-06 3.168900e-16
4.235853e-06 3.345100e-16
4.245296e-06 3.107300e-16
4.254739e-06 3.148200e-16
4.264172e-06 3.166500e-16
4.273615e-06 3.306000e-16
4.283049e-06 3.208200e-16
4.292491e-06 3.341500e-16
4.301934e-06 3.232000e-16
4.311368e-06 3.196000e-16
4.320810e-06 3.121600e-16
4.330254e-06 3.039400e-16
4.339687e-06 3.136100e-16
4.349130e-06 3.061700e-16
4.358563e-06 2.948900e-16
4.368006e-06 3.033200e-16
4.377449e-06 2.934600e-16
4.386882e-06 2.970400e-16
4.396326e-06 2.930500e-16
4.405768e-06 2.622100e-16
4.415202e-06 2.661400e-16
4.424645e-06 2.692500e-16
4.434078e-06 2.614500e-16
4.443521e-06 2.442700e-16
4.452964e-06 2.563700e-16
4.462397e-06 2.540200e-16
4.471841e-06 2.521000e-16
4.481283e-06 2.459200e-16
4.490716e-06 2.592100e-16
4.500159e-06 2.460700e-16
4.509593e-06 2.457000e-16
4.519036e-06 2.441500e-16
4.528479e-06 2.507500e-16
4.537912e-06 2.415100e-16
4.547355e-06 2.300700e-16
4.556789e-06 2.315300e-16
4.566231e-06 2.456800e-16
4.575674e-06 2.252000e-16
4.585108e-06 2.355400e-16
4.594550e-06 2.532800e-16
4.603994e-06 2.275200e-16
4.613427e-06 2.454700e-16
4.622870e-06 2.177800e-16
4.632313e-06 1.899800e-16
4.641746e-06 2.380600e-16
4.651189e-06 2.195300e-16
4.660622e-06 2.534300e-16
4.670065e-06 2.691900e-16
4.679508e-06 2.584700e-16
4.688942e-06 3.065500e-16
4.698385e-06 2.713800e-16
4.707828e-06 2.446000e-16
4.717261e-06 2.765300e-16
4.726704e-06 2.470500e-16
4.736137e-06 2.680000e-16
4.745580e-06 2.197500e-16
4.755023e-06 2.300800e-16
4.764456e-06 2.267900e-16
4.773900e-06 2.094800e-16
4.783342e-06 2.526300e-16
4.792776e-06 2.500700e-16
4.802219e-06 2.178000e-16
4.811652e-06 2.082800e-16
4.821095e-06 1.971600e-16
4.830635e-06 1.940700e-16
4.878942e-06 1.876100e-16
4.927731e-06 1.810900e-16
4.977009e-06 1.745000e-16
5.026779e-06 1.678400e-16
5.077047e-06 1.611200e-16
5.089518e-06 1.594500e-16
5.119018e-06 1.897700e-16
5.148518e-06 1.477500e-16
5.178017e-06 1.931800e-16
5.207517e-06 2.224000e-16
5.237027e-06 2.690400e-16
5.266526e-06 2.835700e-16
5.296025e-06 2.167000e-16
5.325525e-06 2.136000e-16
5.355025e-06 2.295700e-16
5.384534e-06 1.979800e-16
5.414034e-06 1.996600e-16
5.443534e-06 1.913100e-16
5.473034e-06 2.107200e-16
5.502533e-06 2.156500e-16
5.532042e-06 2.290100e-16
5.561542e-06 2.223800e-16
5.591041e-06 2.425200e-16
5.620541e-06 3.099800e-16
5.650041e-06 3.063000e-16
5.679551e-06 3.077400e-16
5.709050e-06 3.475300e-16
5.738550e-06 3.429300e-16
5.768049e-06 3.026800e-16
5.797549e-06 2.981800e-16
5.827058e-06 2.925300e-16
5.856558e-06 2.869100e-16
5.886058e-06 2.828500e-16
5.915558e-06 3.094500e-16
5.945057e-06 3.181200e-16
5.974566e-06 3.478100e-16
6.004066e-06 4.062800e-16
6.033565e-06 4.448700e-16
6.063065e-06 4.686600e-16
6.092565e-06 4.951100e-16
6.122075e-06 6.335500e-16
6.151574e-06 8.460600e-16
6.181074e-06 1.241400e-15
6.210573e-06 1.467800e-15
6.240073e-06 1.367800e-15
6.269582e-06 1.175200e-15
6.299082e-06 9.552800e-16
6.328582e-06 8.232300e-16
6.358081e-06 7.048500e-16
6.387581e-06 6.179700e-16
6.417090e-06 5.654500e-16
6.446590e-06 5.048800e-16
6.476089e-06 4.717800e-16
6.505589e-06 4.466900e-16
6.535089e-06 4.298500e-16
6.564598e-06 4.439200e-16
6.594098e-06 4.427500e-16
6.623598e-06 4.537500e-16
6.653097e-06 4.654200e-16
6.682597e-06 4.460200e-16
6.712106e-06 4.439600e-16
6.741606e-06 4.387900e-16
6.771105e-06 4.402000e-16
6.800606e-06 4.436400e-16
6.830105e-06 4.401900e-16
6.859615e-06 4.556400e-16
6.889114e-06 4.972700e-16
6.918614e-06 5.324100e-16
6.948113e-06 5.727700e-16
6.977613e-06 6.924200e-16
7.007122e-06 6.990600e-16
7.036622e-06 6.040900e-16
7.066122e-06 5.785300e-16
7.095621e-06 6.128100e-16
7.125121e-06 6.167200e-16
7.154630e-06 6.302100e-16
7.184130e-06 6.544900e-16
7.213630e-06 6.408000e-16
7.243129e-06 6.451400e-16
7.272629e-06 7.710900e-16
7.302138e-06 7.650800e-16
7.331638e-06 8.258200e-16
7.361137e-06 8.640100e-16
7.390637e-06 9.064300e-16
7.449636e-06 1.210000e-15
7.508645e-06 1.416900e-15
7.567644e-06 1.645500e-15
7.626644e-06 1.728700e-15
7.685653e-06 1.651100e-15
7.744653e-06 1.566100e-15
7.803662e-06 1.527500e-15
7.862661e-06 1.436500e-15
7.921660e-06 1.257600e-15
7.980669e-06 1.096300e-15
8.039668e-06 9.703300e-16
8.098668e-06 8.429600e-16
8.157676e-06 7.634100e-16
8.216676e-06 7.152000e-16
8.275675e-06 7.248600e-16
8.334685e-06 7.123800e-16
8.393684e-06 6.966200e-16
8.452693e-06 7.165700e-16
8.511692e-06 7.626400e-16
8.570692e-06 7.707300e-16
8.629701e-06 7.347000e-16
8.688700e-06 6.387400e-16
8.747700e-06 5.081400e-16
8.806708e-06 4.054200e-16
8.865707e-06 3.391700e-16
8.924706e-06 2.879400e-16
8.983715e-06 2.590500e-16
9.042715e-06 2.340000e-16
9.101724e-06 2.158200e-16
9.160723e-06 1.883100e-16
9.219723e-06 1.815700e-16
9.278731e-06 1.673300e-16
9.337731e-06 1.785800e-16
9.396730e-06 1.533100e-16
9.455739e-06 1.524900e-16
9.514738e-06 1.451800e-16
9.573737e-06 1.521800e-16
9.632747e-06 1.651100e-16
9.691747e-06 1.526100e-16
9.750756e-06 1.445500e-16
9.809755e-06 1.323500e-16
9.868754e-06 1.196600e-16
9.927763e-06 1.275100e-16
9.986762e-06 1.325000e-16
1.004576e-05 1.359400e-16
1.010477e-05 1.393800e-16
1.016377e-05 1.259400e-16
1.022277e-05 1.170800e-16
1.028178e-05 1.243800e-16
1.034078e-05 1.384000e-16
1.039979e-05 1.413400e-16
1.045879e-05 1.425800e-16
1.051779e-05 1.590800e-16
1.057679e-05 1.669400e-16
1.063579e-05 1.710300e-16
1.069479e-05 1.675100e-16
1.075380e-05 1.743200e-16
1.081280e-05 1.673100e-16
1.087180e-05 1.808800e-16
1.093081e-05 2.041600e-16
1.098981e-05 2.549700e-16
1.104882e-05 2.932500e-16
1.110782e-05 3.469200e-16
1.116682e-05 5.504200e-16
1.122583e-05 7.380700e-16
1.128483e-05 7.262100e-16
1.134382e-05 5.951000e-16
1.140283e-05 4.821500e-16
1.146183e-05 3.994900e-16
1.152083e-05 3.341000e-16
1.157984e-05 2.990800e-16
1.163884e-05 2.754400e-16
1.169785e-05 2.648000e-16
1.175685e-05 2.693600e-16
1.181585e-05 2.627500e-16
1.187486e-05 2.711900e-16
1.193386e-05 2.924000e-16
1.199286e-05 3.003600e-16
1.205186e-05 2.884000e-16
1.211086e-05 2.835500e-16
1.216986e-05 2.732300e-16
1.222887e-05 2.852900e-16
1.228787e-05 3.054300e-16
1.234688e-05 3.180700e-16
1.240588e-05 3.245200e-16
1.246488e-05 3.386900e-16
1.252389e-05 3.591600e-16
1.258289e-05 3.855300e-16
1.264189e-05 3.996600e-16
1.270090e-05 4.211400e-16
1.275989e-05 4.946200e-16
1.281889e-05 5.892000e-16
1.287790e-05 4.326100e-16
1.293690e-05 2.731800e-16
1.299590e-05 2.403800e-16
1.305491e-05 2.262000e-16
1.311391e-05 2.151900e-16
1.317292e-05 2.153800e-16
1.323192e-05 2.105000e-16
1.329092e-05 2.104700e-16
1.334993e-05 2.113400e-16
1.340893e-05 2.077300e-16
1.346793e-05 2.059200e-16
1.352693e-05 2.111600e-16
1.358593e-05 2.084300e-16
1.364493e-05 2.071200e-16
1.370394e-05 1.945500e-16
1.376294e-05 1.898500e-16
1.382195e-05 1.902700e-16
1.388095e-05 1.803400e-16
1.393995e-05 1.738500e-16
1.399896e-05 1.824100e-16
1.405796e-05 1.780400e-16
1.411696e-05 1.771300e-16
1.422052e-05 1.899400e-16
1.430313e-05 1.976600e-16
1.438573e-05 1.859400e-16
1.446834e-05 1.663600e-16
1.455094e-05 1.605000e-16
1.463354e-05 1.510700e-16
1.471615e-05 1.528100e-16
1.479875e-05 1.522500e-16
1.488135e-05 1.507200e-16
1.496396e-05 1.484100e-16
1.504656e-05 1.458700e-16
1.512916e-05 1.427800e-16
1.521177e-05 1.449400e-16
1.529437e-05 1.423700e-16
1.537698e-05 1.445600e-16
1.545958e-05 1.532500e-16
1.554218e-05 1.958200e-16
1.562479e-05 1.966700e-16
1.570739e-05 1.457100e-16
1.579000e-05 1.487300e-16
1.587260e-05 1.473000e-16
1.595520e-05 1.447000e-16
1.603781e-05 1.441000e-16
1.612041e-05 1.439900e-16
1.620301e-05 1.526700e-16
1.628562e-05 1.700000e-16
1.636822e-05 1.864000e-16
1.645082e-05 2.081400e-16
1.653343e-05 1.942400e-16
1.661603e-05 1.804800e-16
1.669864e-05 1.805800e-16
1.678124e-05 1.773800e-16
1.686384e-05 1.805500e-16
1.694645e-05 2.016700e-16
1.702905e-05 2.341200e-16
1.711166e-05 2.041700e-16
1.719425e-05 1.857500e-16
1.727686e-05 1.821800e-16
1.735947e-05 1.817000e-16
1.744207e-05 1.705300e-16
1.752467e-05 1.557700e-16
1.760728e-05 1.456700e-16
1.768988e-05 1.409800e-16
1.777248e-05 1.452500e-16
1.785509e-05 1.392600e-16
1.793769e-05 1.423600e-16
1.802030e-05 1.295700e-16
1.810290e-05 1.267500e-16
1.818550e-05 1.258700e-16
1.826810e-05 1.225100e-16
1.835071e-05 1.238400e-16
1.843332e-05 1.265700e-16
1.851592e-05 1.318700e-16
1.859852e-05 1.395100e-16
1.868113e-05 1.820500e-16
1.876373e-05 1.872800e-16
1.884633e-05 1.408300e-16
1.892894e-05 1.408500e-16
1.901154e-05 1.332400e-16
1.909415e-05 1.345800e-16
1.917675e-05 1.362000e-16
1.925935e-05 1.332700e-16
1.934195e-05 1.328900e-16
1.942456e-05 1.355900e-16
1.950716e-05 1.356100e-16
1.958977e-05 1.366800e-16
1.967237e-05 1.375700e-16
1.975498e-05 1.384900e-16
1.983757e-05 1.357700e-16
1.992018e-05 1.417600e-16
2.008539e-05 1.370900e-16
2.025060e-05 1.455900e-16
2.041581e-05 1.470400e-16
2.058101e-05 1.536100e-16
2.074622e-05 1.581400e-16
2.091142e-05 1.583900e-16
2.107664e-05 1.604700e-16
2.124184e-05 1.639800e-16
2.140705e-05 1.667300e-16
2.157226e-05 1.696200e-16
2.173747e-05 1.736300e-16
2.190267e-05 1.761700e-16
2.206788e-05 1.818100e-16
2.223309e-05 1.816600e-16
2.239830e-05 1.870000e-16
2.256350e-05 1.895600e-16
2.272871e-05 1.918400e-16
2.289392e-05 1.974000e-16
2.305913e-05 2.021700e-16
2.322433e-05 2.075000e-16
2.338954e-05 2.144000e-16
2.355475e-05 2.181400e-16
2.371996e-05 2.217800e-16
2.388516e-05 2.294200e-16
2.405037e-05 2.348800e-16
2.421558e-05 2.418800e-16
2.438079e-05 2.496200e-16
2.454599e-05 2.521800e-16
2.471120e-05 2.552700e-16
2.487641e-05 2.610000e-16
2.504162e-05 2.673800e-16
2.520682e-05 2.697200e-16
2.537203e-05 2.723900e-16
2.553724e-05 2.758100e-16
2.570245e-05 2.905700e-16
2.586765e-05 3.141600e-16
2.603286e-05 3.139500e-16
2.619807e-05 3.020300e-16
2.636328e-05 2.985000e-16
2.652848e-05 3.067600e-16
2.669369e-05 3.141500e-16
2.685890e-05 3.225800e-16
2.702410e-05 3.255400e-16
2.718931e-05 3.288900e-16
2.735452e-05 3.309900e-16
2.751973e-05 3.396200e-16
2.768494e-05 3.437500e-16
2.785015e-05 3.502800e-16
2.801535e-05 3.563900e-16
2.818056e-05 3.621300e-16
2.834577e-05 3.680100e-16
2.851097e-05 3.715400e-16
2.867618e-05 3.803600e-16
2.884139e-05 3.841600e-16
2.900660e-05 3.875300e-16
2.917181e-05 3.949800e-16
2.933701e-05 4.002200e-16
2.950222e-05 4.046100e-16
2.966743e-05 4.070100e-16
2.983263e-05 4.075100e-16
2.999784e-05 4.178000e-16
3.016305e-05 4.229200e-16
3.032826e-05 4.239100e-16
3.049347e-05 4.241100e-16
3.065867e-05 4.345600e-16
3.082388e-05 4.455700e-16
3.098909e-05 4.467600e-16
3.115429e-05 4.446800e-16
3.131951e-05 4.493100e-16
3.148471e-05 4.599500e-16
3.164992e-05 4.675300e-16
3.181513e-05 4.698700e-16
3.198033e-05 4.691400e-16
3.214554e-05 4.730300e-16
3.231075e-05 4.882200e-16
3.247595e-05 5.024700e-16
3.264117e-05 5.111500e-16
3.280637e-05 4.974300e-16
3.297158e-05 5.151000e-16
3.313678e-05 5.240300e-16
3.330199e-05 5.280300e-16
3.346720e-05 5.395300e-16
3.363241e-05 5.217800e-16
3.379761e-05 5.223700e-16
3.396283e-05 5.403800e-16
3.412803e-05 5.368700e-16
