1.020000e-08 1.877900e-23
1.039000e-08 2.446600e-23
1.060700e-08 3.261700e-23
1.080400e-08 4.439600e-23
1.100500e-08 6.858500e-23
1.139200e-08 1.104100e-22
1.179200e-08 1.655000e-22
1.209500e-08 7.238100e-22
1.249100e-08 1.003200e-21
1.269400e-08 1.135800e-21
1.281100e-08 1.233700e-21
1.311000e-08 1.462400e-21
1.320100e-08 1.778300e-21
1.341500e-08 1.962900e-21
1.369600e-08 2.677500e-21
1.401500e-08 3.108600e-21
1.430900e-08 9.086500e-21
1.471000e-08 2.234500e-20
1.508700e-08 2.611900e-20
1.551000e-08 3.067100e-20
1.590700e-08 3.601700e-20
1.620300e-08 4.011800e-20
1.661900e-08 4.689300e-20
1.700600e-08 5.344400e-20
1.728200e-08 5.912100e-20
1.768500e-08 6.691400e-20
1.801400e-08 7.300200e-20
1.818000e-08 7.731100e-20
1.860400e-08 8.649800e-20
1.908100e-08 9.902400e-20
1.939100e-08 1.077900e-19
1.979700e-08 1.186700e-19
2.021200e-08 1.312500e-19
2.049300e-08 1.409100e-19
2.101800e-08 1.505400e-19
2.160700e-08 1.783700e-19
2.200900e-08 1.950300e-19
2.231500e-08 2.046100e-19
2.267800e-08 2.227000e-19
2.299300e-08 3.225200e-19
2.342100e-08 4.946700e-19
2.402100e-08 6.486000e-19
2.458100e-08 6.451500e-19
2.521200e-08 7.266200e-19
2.568000e-08 6.383300e-19
2.597800e-08 7.566200e-19
2.640000e-08 8.177900e-19
2.689100e-08 8.499000e-19
2.739000e-08 8.751500e-19
2.790000e-08 9.032300e-19
2.841800e-08 9.343400e-19
2.901300e-08 9.272000e-19
2.962100e-08 9.746100e-19
3.010200e-08 9.830100e-19
3.080300e-08 1.035500e-18
3.181300e-08 1.105600e-18
3.277900e-08 1.156200e-18
3.377500e-08 1.189800e-18
3.480200e-08 1.221500e-18
3.569400e-08 1.260100e-18
3.661000e-08 1.327000e-18
3.746300e-08 1.347100e-18
3.851200e-08 1.323700e-18
3.950000e-08 1.416600e-18
4.051300e-08 1.484800e-18
4.136200e-08 1.493400e-18
4.222800e-08 1.481500e-18
4.301300e-08 1.483300e-18
4.411600e-08 1.533200e-18
4.514400e-08 1.541800e-18
4.598300e-08 1.519000e-18
4.694600e-08 1.534600e-18
4.804000e-08 1.578900e-18
4.904600e-08 1.533900e-18
4.995700e-08 1.611600e-18
5.065200e-08 1.725300e-18
5.123900e-08 3.789100e-18
5.195200e-08 4.028300e-18
5.303900e-08 4.300300e-18
5.402600e-08 4.187300e-18
5.503000e-08 6.271200e-18
5.605300e-08 7.616600e-18
5.696400e-08 8.958500e-18
5.802300e-08 8.563000e-18
5.896600e-08 1.130000e-17
6.006200e-08 1.225900e-17
6.103800e-08 1.506200e-17
6.203000e-08 1.735000e-17
6.303800e-08 1.944100e-17
6.406200e-08 1.950400e-17
6.495300e-08 2.310000e-17
6.585700e-08 2.576800e-17
6.646600e-08 2.721000e-17
6.754600e-08 2.723300e-17
6.848600e-08 2.738700e-17
6.943800e-08 3.749600e-17
7.056700e-08 3.641900e-17
7.154800e-08 4.393000e-17
7.254400e-08 4.625700e-17
7.355300e-08 4.870600e-17
7.457600e-08 5.688300e-17
7.544000e-08 6.186900e-17
7.648900e-08 6.681300e-17
7.755300e-08 7.366000e-17
7.845100e-08 8.066800e-17
7.954200e-08 8.453900e-17
8.046400e-08 8.923100e-17
8.158300e-08 9.308000e-17
8.252800e-08 1.038200e-16
8.348300e-08 8.255300e-17
8.445000e-08 1.101900e-16
8.542800e-08 1.139100e-16
8.641700e-08 1.244500e-16
8.741800e-08 1.353300e-16
8.843000e-08 1.499000e-16
8.945400e-08 1.596600e-16
9.049000e-08 1.572400e-16
9.153800e-08 2.685000e-16
9.259800e-08 2.184300e-15
9.345400e-08 4.873000e-15
9.453600e-08 9.575300e-15
9.541100e-08 1.417800e-14
9.651600e-08 1.479000e-14
9.740900e-08 2.001800e-15
9.853700e-08 1.068400e-14
9.944900e-08 1.262400e-14
1.006000e-07 2.082200e-14
1.015310e-07 2.079500e-14
1.024710e-07 9.128200e-15
1.034190e-07 1.317700e-14
1.046160e-07 2.851600e-14
1.055840e-07 2.802200e-14
1.065610e-07 2.046000e-14
1.075470e-07 2.560500e-14
1.085420e-07 1.873800e-14
1.095470e-07 2.742200e-14
1.105600e-07 2.633200e-14
1.115830e-07 2.459600e-14
1.126160e-07 2.158900e-14
1.133960e-07 2.983800e-14
1.144460e-07 2.655400e-14
1.155050e-07 2.907200e-14
1.165730e-07 2.991100e-14
1.173810e-07 1.911300e-14
1.184670e-07 2.901800e-14
1.195640e-07 1.774200e-14
1.203920e-07 1.152100e-14
1.215060e-07 9.200300e-15
1.226310e-07 1.950300e-14
1.234810e-07 3.181200e-14
1.246230e-07 3.514700e-14
1.254870e-07 3.276000e-14
1.263570e-07 2.715300e-14
1.275260e-07 3.741900e-14
1.284100e-07 3.967800e-14
1.295980e-07 2.862900e-14
1.304970e-07 2.826500e-14
1.314010e-07 3.808000e-14
1.326170e-07 3.597000e-14
1.335360e-07 3.022500e-14
1.344620e-07 3.870700e-14
1.353940e-07 3.725700e-14
1.366470e-07 3.209400e-14
1.375940e-07 3.434300e-14
1.385480e-07 3.469300e-14
1.395080e-07 2.976000e-14
1.404750e-07 3.097700e-14
1.414490e-07 3.129100e-14
1.424290e-07 3.279500e-14
1.434160e-07 3.229900e-14
1.440790e-07 3.457600e-14
1.447440e-07 3.534700e-14
1.454120e-07 3.387900e-14
1.464200e-07 3.057000e-14
1.474350e-07 3.066600e-14
1.484560e-07 3.155100e-14
1.494860e-07 3.223800e-14
1.505220e-07 2.997200e-14
1.512160e-07 2.583900e-14
1.515650e-07 2.831700e-14
1.526160e-07 2.700100e-14
1.536740e-07 2.268400e-14
1.543830e-07 2.577900e-14
1.554530e-07 2.418700e-14
1.565310e-07 2.454100e-14
1.576160e-07 2.619400e-14
1.583430e-07 2.790900e-14
1.594410e-07 2.831700e-14
1.605460e-07 2.794700e-14
1.616590e-07 2.822400e-14
1.624050e-07 2.631100e-14
1.635310e-07 2.840700e-14
1.646640e-07 2.875400e-14
1.654240e-07 2.631500e-14
1.665710e-07 2.900500e-14
1.673400e-07 2.523300e-14
1.677260e-07 2.875600e-14
1.685000e-07 3.049500e-14
1.696680e-07 2.841000e-14
1.704510e-07 2.697500e-14
1.716320e-07 2.490000e-14
1.724250e-07 2.475700e-14
1.736200e-07 2.666300e-14
1.744210e-07 2.596500e-14
1.756300e-07 2.796500e-14
1.764410e-07 2.529800e-14
1.776640e-07 2.572100e-14
1.784840e-07 2.640900e-14
1.793080e-07 2.845900e-14
1.805510e-07 2.834000e-14
1.813840e-07 2.540200e-14
1.826410e-07 2.618400e-14
1.834840e-07 2.497400e-14
1.843310e-07 2.259100e-14
1.856090e-07 2.228900e-14
1.864660e-07 2.304200e-14
1.873270e-07 2.576100e-14
1.886250e-07 2.312600e-14
1.894960e-07 2.190500e-14
1.903700e-07 2.365700e-14
1.916900e-07 2.228900e-14
1.925750e-07 2.195300e-14
1.934640e-07 2.306300e-14
1.943560e-07 2.362200e-14
1.957040e-07 2.179800e-14
1.966070e-07 2.436800e-14
1.975150e-07 2.519000e-14
1.984260e-07 2.342200e-14
1.993420e-07 2.259500e-14
2.007240e-07 2.360900e-14
2.016500e-07 2.241100e-14
2.025810e-07 2.392400e-14
2.035160e-07 2.209100e-14
2.044560e-07 2.309900e-14
2.053990e-07 2.192600e-14
2.063470e-07 2.199500e-14
2.073000e-07 2.364200e-14
2.077780e-07 2.184500e-14
2.087370e-07 2.289300e-14
2.097000e-07 2.143200e-14
2.106680e-07 2.169700e-14
2.116410e-07 2.186500e-14
2.126180e-07 2.218600e-14
2.135990e-07 2.053200e-14
2.145850e-07 2.083300e-14
2.155750e-07 2.183100e-14
2.165700e-07 2.115500e-14
2.175700e-07 2.088000e-14
2.185740e-07 2.013900e-14
2.195830e-07 2.120100e-14
2.205970e-07 2.054300e-14
2.216150e-07 1.954200e-14
2.226380e-07 1.866700e-14
2.236660e-07 1.982900e-14
2.246980e-07 1.893600e-14
2.257350e-07 1.812500e-14
2.262550e-07 1.871800e-14
2.273000e-07 1.915300e-14
2.283490e-07 1.955400e-14
2.294030e-07 1.845900e-14
2.304620e-07 1.824700e-14
2.315260e-07 1.726500e-14
2.325940e-07 1.306600e-14
2.336680e-07 1.607500e-14
2.347460e-07 1.585300e-14
2.352880e-07 1.679200e-14
2.363740e-07 1.559900e-14
2.374650e-07 1.592500e-14
2.385610e-07 1.499900e-14
2.396620e-07 1.603400e-14
2.407680e-07 1.524100e-14
2.413230e-07 1.559600e-14
2.424370e-07 1.621700e-14
2.435560e-07 1.548700e-14
2.446800e-07 1.640300e-14
2.452440e-07 1.606600e-14
2.463760e-07 1.599200e-14
2.475140e-07 1.541200e-14
2.486560e-07 1.606400e-14
2.492290e-07 1.499100e-14
2.503800e-07 1.643700e-14
2.515350e-07 1.495500e-14
2.526960e-07 1.481700e-14
2.532790e-07 1.491900e-14
2.544480e-07 1.447800e-14
2.556230e-07 1.530000e-14
2.562120e-07 1.502000e-14
2.573950e-07 1.583600e-14
2.585830e-07 1.565400e-14
2.597760e-07 1.550900e-14
2.603750e-07 1.498200e-14
2.615770e-07 1.484400e-14
2.627840e-07 1.525800e-14
2.633900e-07 1.532800e-14
2.646060e-07 1.619800e-14
2.652160e-07 1.612300e-14
2.664400e-07 1.501100e-14
2.676700e-07 1.560900e-14
2.682870e-07 1.535900e-14
2.695250e-07 1.490500e-14
2.707690e-07 1.507600e-14
2.713930e-07 1.459700e-14
2.726460e-07 1.466300e-14
2.732740e-07 1.524800e-14
2.745360e-07 1.368300e-14
2.758030e-07 1.371300e-14
2.764390e-07 1.400000e-14
2.777150e-07 1.455700e-14
2.783550e-07 1.429100e-14
2.796400e-07 1.205100e-14
2.802850e-07 1.285300e-14
2.815780e-07 1.445300e-14
2.822270e-07 1.462000e-14
2.835300e-07 1.386400e-14
2.841840e-07 1.367300e-14
2.854950e-07 1.360900e-14
2.868130e-07 1.418400e-14
2.874740e-07 1.389200e-14
2.888010e-07 1.392200e-14
2.894670e-07 1.366800e-14
2.908030e-07 1.427700e-14
2.928190e-07 1.391800e-14
2.948490e-07 1.369300e-14
2.968920e-07 1.369100e-14
2.989500e-07 1.362500e-14
3.010230e-07 1.365400e-14
3.031090e-07 1.352700e-14
3.052100e-07 1.333800e-14
3.073260e-07 1.318300e-14
3.087450e-07 1.315100e-14
3.108850e-07 1.287900e-14
3.130390e-07 1.272900e-14
3.152090e-07 1.269700e-14
3.166640e-07 1.249200e-14
3.188590e-07 1.209300e-14
3.210700e-07 1.223000e-14
3.232950e-07 1.197600e-14
3.247870e-07 1.197500e-14
3.270390e-07 1.194400e-14
3.293060e-07 1.185900e-14
3.308260e-07 1.177500e-14
3.323530e-07 1.180000e-14
3.331190e-07 1.177200e-14
3.338870e-07 1.134600e-14
3.346560e-07 1.155500e-14
3.354280e-07 1.124000e-14
3.362010e-07 1.129000e-14
3.369760e-07 1.121200e-14
3.377530e-07 1.105700e-14
3.385320e-07 1.144400e-14
3.393120e-07 1.152300e-14
3.400940e-07 1.173600e-14
3.408780e-07 1.107800e-14
3.416640e-07 1.130900e-14
3.424520e-07 1.141300e-14
3.432410e-07 1.151700e-14
3.440320e-07 1.140800e-14
3.448250e-07 1.104000e-14
3.456200e-07 1.070800e-14
3.464170e-07 1.065300e-14
3.472160e-07 1.084400e-14
3.480160e-07 1.078800e-14
3.488180e-07 1.088100e-14
3.496220e-07 1.087500e-14
3.504280e-07 1.059700e-14
3.512360e-07 1.051700e-14
3.520460e-07 1.068200e-14
3.528570e-07 1.060200e-14
3.536710e-07 1.076800e-14
3.544860e-07 1.083600e-14
3.550730e-07 9.725100e-15
3.553380e-07 1.114300e-14
3.556030e-07 1.093700e-14
3.558690e-07 1.013100e-14
3.561340e-07 1.047500e-14
3.564000e-07 1.098000e-14
3.566650e-07 1.141900e-14
3.569310e-07 8.775700e-15
3.571960e-07 9.493100e-15
3.574610e-07 9.674400e-15
3.577270e-07 1.035100e-14
3.579920e-07 9.121100e-15
3.582580e-07 9.556700e-15
3.585230e-07 9.417100e-15
3.587880e-07 9.242900e-15
3.590540e-07 1.030700e-14
3.593190e-07 9.755900e-15
3.595850e-07 9.531700e-15
3.598500e-07 8.208900e-15
3.601160e-07 1.198700e-14
3.603810e-07 1.223500e-14
3.606460e-07 1.174400e-14
3.609120e-07 1.057100e-14
3.611770e-07 1.072600e-14
3.614430e-07 8.845900e-15
3.617080e-07 9.159900e-15
3.619730e-07 1.047300e-14
3.622390e-07 1.007200e-14
3.625040e-07 9.457700e-15
3.627700e-07 1.093500e-14
3.630350e-07 1.084200e-14
3.633010e-07 1.030100e-14
3.635660e-07 9.782400e-15
3.638310e-07 8.268000e-15
3.640970e-07 9.754700e-15
3.643620e-07 1.052700e-14
3.646280e-07 1.094700e-14
3.648930e-07 9.944400e-15
3.651580e-07 9.101700e-15
3.654240e-07 1.053800e-14
3.656890e-07 1.052700e-14
3.659550e-07 1.035500e-14
3.662200e-07 1.056700e-14
3.664860e-07 9.292100e-15
3.667510e-07 9.796400e-15
3.670160e-07 1.039200e-14
3.672820e-07 1.116200e-14
3.675470e-07 9.825300e-15
3.678130e-07 9.860000e-15
3.680780e-07 1.014900e-14
3.683440e-07 8.120100e-15
3.686090e-07 9.422200e-15
3.688740e-07 9.537000e-15
3.691400e-07 9.755000e-15
3.694050e-07 1.066600e-14
3.696710e-07 1.001700e-14
3.699360e-07 9.816000e-15
3.702010e-07 7.977300e-15
3.704670e-07 8.590300e-15
3.707320e-07 1.069600e-14
3.709980e-07 9.352500e-15
3.712630e-07 1.185500e-14
3.715290e-07 1.222800e-14
3.717940e-07 1.440500e-14
3.720590e-07 2.113500e-14
3.723250e-07 3.672400e-14
3.725900e-07 5.158700e-14
3.728560e-07 5.573200e-14
3.731210e-07 4.501100e-14
3.733860e-07 2.939600e-14
3.736520e-07 1.680600e-14
3.739170e-07 1.324400e-14
3.741830e-07 1.161200e-14
3.744480e-07 1.126700e-14
3.747140e-07 1.193900e-14
3.749790e-07 9.972300e-15
3.752440e-07 1.029900e-14
3.755100e-07 1.101600e-14
3.757750e-07 1.139900e-14
3.760410e-07 1.177100e-14
3.763060e-07 1.286800e-14
3.765720e-07 1.236600e-14
3.768370e-07 1.190500e-14
3.771020e-07 1.086300e-14
3.773680e-07 1.075400e-14
3.776330e-07 1.155500e-14
3.778990e-07 1.176500e-14
3.781640e-07 1.305800e-14
3.784290e-07 1.289500e-14
3.786950e-07 1.297800e-14
3.789600e-07 1.136700e-14
3.792260e-07 1.169500e-14
3.794910e-07 1.097300e-14
3.797570e-07 8.720800e-15
3.800220e-07 9.498800e-15
3.802870e-07 9.889700e-15
3.805530e-07 1.162400e-14
3.808180e-07 1.287100e-14
3.810840e-07 1.294200e-14
3.813490e-07 1.104900e-14
3.816140e-07 1.206400e-14
3.818800e-07 1.250200e-14
3.821450e-07 1.157100e-14
3.824110e-07 1.021900e-14
3.826760e-07 1.150800e-14
3.829420e-07 1.133300e-14
3.832070e-07 1.004300e-14
3.834720e-07 8.905900e-15
3.837380e-07 1.110800e-14
3.840030e-07 1.010200e-14
3.842690e-07 1.217300e-14
3.845340e-07 1.199100e-14
3.847990e-07 1.189200e-14
3.850650e-07 1.303600e-14
3.853300e-07 1.305600e-14
3.855960e-07 1.422600e-14
3.858610e-07 1.527900e-14
3.861270e-07 1.419400e-14
3.863920e-07 1.597500e-14
3.866570e-07 1.675700e-14
3.869230e-07 1.692900e-14
3.871880e-07 1.631000e-14
3.874540e-07 1.468500e-14
3.877190e-07 1.346600e-14
3.879850e-07 1.149800e-14
3.882500e-07 1.227000e-14
3.885150e-07 1.294200e-14
3.887810e-07 1.434800e-14
3.890460e-07 1.439000e-14
3.893120e-07 1.361800e-14
3.895770e-07 1.114000e-14
3.898420e-07 1.137100e-14
3.901080e-07 1.418600e-14
3.903730e-07 1.383900e-14
3.906390e-07 1.381500e-14
3.909040e-07 1.458900e-14
3.911700e-07 1.598000e-14
3.914350e-07 1.428500e-14
3.917000e-07 1.365600e-14
3.919660e-07 1.427800e-14
3.922310e-07 1.325900e-14
3.924970e-07 1.418100e-14
3.927620e-07 1.162600e-14
3.930270e-07 1.210700e-14
3.932930e-07 1.171200e-14
3.935580e-07 1.255300e-14
3.938240e-07 1.296200e-14
3.940890e-07 1.263700e-14
3.943550e-07 1.348400e-14
3.946200e-07 1.434500e-14
3.948850e-07 1.328600e-14
3.951510e-07 1.326700e-14
3.954160e-07 1.126000e-14
3.956820e-07 1.185500e-14
3.959470e-07 1.310200e-14
3.962130e-07 1.197600e-14
3.964780e-07 1.271800e-14
3.967430e-07 1.354200e-14
3.970090e-07 1.260500e-14
3.972740e-07 1.231000e-14
3.975400e-07 1.183600e-14
3.978050e-07 1.182600e-14
3.980700e-07 1.168600e-14
3.983360e-07 1.105700e-14
3.986010e-07 1.283400e-14
3.988670e-07 1.280500e-14
3.991320e-07 1.293100e-14
3.993980e-07 1.487200e-14
3.996630e-07 1.314000e-14
3.999280e-07 1.328900e-14
4.001940e-07 1.345800e-14
4.004590e-07 1.338300e-14
4.007250e-07 1.382800e-14
4.009900e-07 1.421300e-14
4.012550e-07 1.436700e-14
4.015210e-07 1.347200e-14
4.017860e-07 1.532300e-14
4.020520e-07 1.534100e-14
4.023170e-07 1.490600e-14
4.025830e-07 1.415100e-14
4.028480e-07 1.413500e-14
4.031130e-07 1.453100e-14
4.033790e-07 1.445400e-14
4.036440e-07 1.501900e-14
4.039100e-07 1.474200e-14
4.041750e-07 1.442500e-14
4.044400e-07 1.473700e-14
4.047060e-07 1.514200e-14
4.049710e-07 1.514200e-14
4.052370e-07 1.468100e-14
4.055020e-07 1.507200e-14
4.057680e-07 1.571700e-14
4.060330e-07 1.427600e-14
4.062980e-07 1.453700e-14
4.065640e-07 1.491600e-14
4.068290e-07 1.571300e-14
4.070950e-07 1.517900e-14
4.073600e-07 1.481600e-14
4.076260e-07 1.440200e-14
4.078910e-07 1.305000e-14
4.081560e-07 1.431400e-14
4.084220e-07 1.422500e-14
4.086870e-07 1.359300e-14
4.089530e-07 1.316100e-14
4.092180e-07 1.368800e-14
4.094830e-07 1.351600e-14
4.097490e-07 1.451300e-14
4.100140e-07 1.505500e-14
4.102800e-07 1.542900e-14
4.105450e-07 1.434500e-14
4.108110e-07 1.283400e-14
4.110760e-07 1.262300e-14
4.113410e-07 1.299700e-14
4.116070e-07 1.306800e-14
4.118720e-07 1.408400e-14
4.121380e-07 1.441400e-14
4.124030e-07 1.403400e-14
4.126680e-07 1.349100e-14
4.129340e-07 1.272400e-14
4.131990e-07 1.339400e-14
4.134650e-07 1.278900e-14
4.137300e-07 1.277200e-14
4.139960e-07 1.238500e-14
4.142610e-07 1.343000e-14
4.145260e-07 1.338100e-14
4.147920e-07 1.357200e-14
4.150570e-07 1.356400e-14
4.153230e-07 1.291300e-14
4.155880e-07 1.355200e-14
4.158540e-07 1.360600e-14
4.161190e-07 1.325800e-14
4.163840e-07 1.413600e-14
4.166500e-07 1.375800e-14
4.169150e-07 1.350100e-14
4.171810e-07 1.342400e-14
4.174460e-07 1.326600e-14
4.177110e-07 1.348900e-14
4.179770e-07 1.346400e-14
4.182420e-07 1.315600e-14
4.185080e-07 1.307100e-14
4.187730e-07 1.281200e-14
4.190390e-07 1.313200e-14
4.193040e-07 1.335700e-14
4.195690e-07 1.343900e-14
4.198350e-07 1.366000e-14
4.201000e-07 1.336000e-14
4.203660e-07 1.359900e-14
4.206310e-07 1.354400e-14
4.208960e-07 1.230400e-14
4.211620e-07 1.330500e-14
4.214270e-07 1.335600e-14
4.216930e-07 1.354400e-14
4.219580e-07 1.330000e-14
4.222240e-07 1.348700e-14
4.224890e-07 1.327000e-14
4.227540e-07 1.281300e-14
4.230200e-07 1.336000e-14
4.232850e-07 1.355600e-14
4.235510e-07 1.377800e-14
4.238160e-07 1.296300e-14
4.240810e-07 1.348900e-14
4.243470e-07 1.380500e-14
4.246120e-07 1.360900e-14
4.248780e-07 1.394200e-14
4.251430e-07 1.360400e-14
4.254090e-07 1.327800e-14
4.256740e-07 1.380700e-14
4.259390e-07 1.299700e-14
4.262050e-07 1.342200e-14
4.264700e-07 1.379800e-14
4.267360e-07 1.353500e-14
4.270010e-07 1.373500e-14
4.272670e-07 1.315900e-14
4.275320e-07 1.367600e-14
4.277970e-07 1.372900e-14
4.280630e-07 1.329200e-14
4.283280e-07 1.348500e-14
4.285940e-07 1.344400e-14
4.288590e-07 1.373600e-14
4.291240e-07 1.375800e-14
4.293900e-07 1.323900e-14
4.296550e-07 1.310200e-14
4.299210e-07 1.251400e-14
4.301860e-07 1.207800e-14
4.304520e-07 1.172100e-14
4.307170e-07 1.194700e-14
4.309820e-07 1.283100e-14
4.312480e-07 1.371900e-14
4.315130e-07 1.341100e-14
4.317790e-07 1.269100e-14
4.320440e-07 1.270200e-14
4.323090e-07 1.275600e-14
4.325750e-07 1.326800e-14
4.328400e-07 1.219700e-14
4.331060e-07 1.269200e-14
4.333710e-07 1.343600e-14
4.336370e-07 1.615300e-14
4.339020e-07 1.928700e-14
4.341670e-07 2.052600e-14
4.344330e-07 1.628600e-14
4.346980e-07 1.355400e-14
4.349640e-07 1.215100e-14
4.352290e-07 1.224000e-14
4.354950e-07 1.307900e-14
4.357600e-07 1.357800e-14
4.360250e-07 1.348700e-14
4.362910e-07 1.419500e-14
4.365560e-07 1.313500e-14
4.368220e-07 1.288900e-14
4.370870e-07 1.338300e-14
4.373520e-07 1.366400e-14
4.376180e-07 1.311000e-14
4.378830e-07 1.334800e-14
4.381490e-07 1.244600e-14
4.384140e-07 1.319100e-14
4.386800e-07 1.305800e-14
4.389450e-07 1.388300e-14
4.392100e-07 1.296900e-14
4.394760e-07 1.295800e-14
4.397410e-07 1.327600e-14
4.400070e-07 1.289800e-14
4.402720e-07 1.219500e-14
4.405370e-07 1.276900e-14
4.408030e-07 1.324500e-14
4.410680e-07 1.326400e-14
4.413340e-07 1.273500e-14
4.415990e-07 1.293000e-14
4.418650e-07 1.328000e-14
4.421300e-07 1.276900e-14
4.423950e-07 1.294500e-14
4.426610e-07 1.322000e-14
4.429260e-07 1.342300e-14
4.431920e-07 1.378200e-14
4.434570e-07 1.294500e-14
4.437220e-07 1.301600e-14
4.439880e-07 1.366600e-14
4.442530e-07 1.301100e-14
4.445190e-07 1.305000e-14
4.447840e-07 1.351600e-14
4.450500e-07 1.320500e-14
4.453150e-07 1.320200e-14
4.455800e-07 1.292300e-14
4.458460e-07 1.293100e-14
4.461110e-07 1.241000e-14
4.463770e-07 1.272300e-14
4.466420e-07 1.292200e-14
4.469080e-07 1.350800e-14
4.471730e-07 1.340000e-14
4.474380e-07 1.340600e-14
4.477040e-07 1.299500e-14
4.479690e-07 1.307900e-14
4.482350e-07 1.322100e-14
4.485000e-07 1.340800e-14
4.487650e-07 1.339500e-14
4.490310e-07 1.314700e-14
4.492960e-07 1.379700e-14
4.495620e-07 1.287700e-14
4.498270e-07 1.284800e-14
4.500930e-07 1.308900e-14
4.503580e-07 1.298800e-14
4.506230e-07 1.340500e-14
4.508890e-07 1.304900e-14
4.511540e-07 1.363000e-14
4.514200e-07 1.343700e-14
4.516850e-07 1.306800e-14
4.519500e-07 1.290000e-14
4.522160e-07 1.243300e-14
4.524810e-07 1.310400e-14
4.527470e-07 1.204000e-14
4.530120e-07 1.285700e-14
4.532780e-07 1.304000e-14
4.535430e-07 1.286800e-14
4.538080e-07 1.243800e-14
4.540740e-07 1.247300e-14
4.543390e-07 1.302600e-14
4.546050e-07 1.304600e-14
4.548700e-07 1.272900e-14
4.551360e-07 1.200600e-14
4.554010e-07 1.275500e-14
4.556660e-07 1.354300e-14
4.559320e-07 1.380200e-14
4.561970e-07 1.349100e-14
4.564630e-07 1.320000e-14
4.567280e-07 1.356200e-14
4.569930e-07 1.384900e-14
4.572590e-07 1.330200e-14
4.575240e-07 1.327300e-14
4.577900e-07 1.350000e-14
4.580550e-07 1.380900e-14
4.583210e-07 1.290700e-14
4.585860e-07 1.299700e-14
4.588510e-07 1.301300e-14
4.591170e-07 1.368300e-14
4.593820e-07 1.292400e-14
4.596480e-07 1.336300e-14
4.599130e-07 1.426500e-14
4.601780e-07 1.414300e-14
4.604440e-07 1.374800e-14
4.607090e-07 1.356500e-14
4.609750e-07 1.318300e-14
4.612400e-07 1.370700e-14
4.615060e-07 1.418100e-14
4.617710e-07 1.361900e-14
4.620360e-07 1.394900e-14
4.623020e-07 1.348800e-14
4.625670e-07 1.373600e-14
4.628330e-07 1.353400e-14
4.630980e-07 1.324700e-14
4.633630e-07 1.402200e-14
4.636290e-07 1.312100e-14
4.638940e-07 1.331200e-14
4.641600e-07 1.297200e-14
4.644250e-07 1.235200e-14
4.646910e-07 1.377700e-14
4.649560e-07 1.327100e-14
4.652210e-07 1.324300e-14
4.654870e-07 1.286100e-14
4.657520e-07 1.265600e-14
4.660180e-07 1.322300e-14
4.662830e-07 1.299800e-14
4.665490e-07 1.229700e-14
4.668140e-07 1.228900e-14
4.670790e-07 1.163800e-14
4.673450e-07 1.241100e-14
4.676100e-07 1.279600e-14
4.678760e-07 1.266100e-14
4.681410e-07 1.271100e-14
4.684060e-07 1.218100e-14
4.686720e-07 1.199400e-14
4.689370e-07 1.147500e-14
4.692030e-07 1.256900e-14
4.694680e-07 1.268600e-14
4.697340e-07 1.284100e-14
4.699990e-07 1.209900e-14
4.702640e-07 1.289300e-14
4.705300e-07 1.255200e-14
4.707950e-07 1.260200e-14
4.710610e-07 1.232000e-14
4.713260e-07 1.275300e-14
4.715910e-07 1.296300e-14
4.718570e-07 1.181300e-14
4.721220e-07 1.286500e-14
4.723880e-07 1.191200e-14
4.726530e-07 1.241200e-14
4.729190e-07 1.295900e-14
4.731840e-07 1.215500e-14
4.734490e-07 1.221900e-14
4.737150e-07 1.222500e-14
4.739800e-07 1.251600e-14
4.742460e-07 1.275500e-14
4.745110e-07 1.229200e-14
4.747770e-07 1.213300e-14
4.750420e-07 1.207200e-14
4.753070e-07 1.223200e-14
4.755730e-07 1.196900e-14
4.758380e-07 1.232900e-14
4.761040e-07 1.192700e-14
4.763690e-07 1.259900e-14
4.766340e-07 1.184700e-14
4.769000e-07 1.232400e-14
4.771650e-07 1.229500e-14
4.774310e-07 1.197400e-14
4.776960e-07 1.248500e-14
4.779620e-07 1.324300e-14
4.782270e-07 1.289600e-14
4.784920e-07 1.310300e-14
4.787580e-07 1.244400e-14
4.790230e-07 1.235100e-14
4.792890e-07 1.178100e-14
4.795540e-07 1.226400e-14
4.798190e-07 1.274100e-14
4.800850e-07 1.245300e-14
4.803500e-07 1.317900e-14
4.806160e-07 1.259600e-14
4.808810e-07 1.229200e-14
4.811470e-07 1.195800e-14
4.814120e-07 1.220800e-14
4.816770e-07 1.214000e-14
4.819430e-07 1.297400e-14
4.822080e-07 1.288700e-14
4.824740e-07 1.269000e-14
4.827390e-07 1.298200e-14
4.830040e-07 1.239100e-14
4.832700e-07 1.203800e-14
4.835350e-07 1.228100e-14
4.838010e-07 1.197900e-14
4.840660e-07 1.203400e-14
4.843320e-07 1.136100e-14
4.845970e-07 1.162100e-14
4.848620e-07 1.158600e-14
4.851280e-07 1.232500e-14
4.853930e-07 1.316000e-14
4.856590e-07 1.942700e-14
4.859240e-07 2.813700e-14
4.861900e-07 3.192800e-14
4.864550e-07 2.760400e-14
4.867200e-07 1.991300e-14
4.869860e-07 1.394800e-14
4.872510e-07 1.257700e-14
4.875170e-07 1.099500e-14
4.877820e-07 1.069400e-14
4.880470e-07 1.144200e-14
4.883130e-07 1.117600e-14
4.885780e-07 1.189100e-14
4.888440e-07 1.132900e-14
4.891090e-07 1.166800e-14
4.893750e-07 1.139000e-14
4.896400e-07 1.122000e-14
4.899050e-07 1.219600e-14
4.901710e-07 1.196300e-14
4.904360e-07 1.233600e-14
4.907020e-07 1.196300e-14
4.909670e-07 1.174900e-14
4.912320e-07 1.211500e-14
4.914980e-07 1.216300e-14
4.917630e-07 1.138800e-14
4.920290e-07 1.150400e-14
4.922940e-07 1.169000e-14
4.925600e-07 1.186100e-14
4.928250e-07 1.164600e-14
4.930900e-07 1.208400e-14
4.933560e-07 1.136800e-14
4.936210e-07 1.160100e-14
4.938870e-07 1.185800e-14
4.941520e-07 1.223300e-14
4.944180e-07 1.183100e-14
4.946830e-07 1.233400e-14
4.949480e-07 1.226000e-14
4.952140e-07 1.392900e-14
4.954790e-07 1.942500e-14
4.957450e-07 2.381900e-14
4.960100e-07 2.442500e-14
4.962750e-07 2.010700e-14
4.965410e-07 1.556600e-14
4.968060e-07 1.333800e-14
4.970720e-07 1.220100e-14
4.973370e-07 1.151200e-14
4.976030e-07 1.210200e-14
4.978680e-07 1.222800e-14
4.981330e-07 1.112300e-14
4.983990e-07 1.145000e-14
4.986640e-07 1.173000e-14
4.989300e-07 1.199700e-14
4.991950e-07 1.162800e-14
4.994600e-07 1.177500e-14
4.997260e-07 1.389200e-14
4.999910e-07 1.942300e-14
5.002570e-07 3.194900e-14
5.005220e-07 4.573600e-14
5.007880e-07 5.002400e-14
5.010530e-07 4.051000e-14
5.013180e-07 2.546000e-14
5.015840e-07 1.625700e-14
5.018490e-07 1.259700e-14
5.021150e-07 1.136100e-14
5.023800e-07 1.079100e-14
5.026450e-07 1.118800e-14
5.029110e-07 1.112900e-14
5.031760e-07 1.171400e-14
5.034420e-07 1.224800e-14
5.037070e-07 1.248800e-14
5.039730e-07 1.143100e-14
5.042380e-07 1.131500e-14
5.045030e-07 1.099300e-14
5.047690e-07 1.164900e-14
5.050340e-07 1.147300e-14
5.053000e-07 1.148900e-14
5.055650e-07 1.168400e-14
5.058310e-07 1.140800e-14
5.060960e-07 1.159300e-14
5.063610e-07 1.159100e-14
5.066270e-07 1.156200e-14
5.068920e-07 1.124700e-14
5.071580e-07 1.131500e-14
5.074230e-07 1.125800e-14
5.076880e-07 1.078300e-14
5.079540e-07 1.117300e-14
5.082190e-07 1.069800e-14
5.084850e-07 1.104500e-14
5.087500e-07 1.103200e-14
5.090160e-07 1.089900e-14
5.092810e-07 1.115400e-14
5.095460e-07 1.095300e-14
5.098120e-07 1.154500e-14
5.100770e-07 1.079100e-14
5.103430e-07 1.110400e-14
5.106080e-07 1.147100e-14
5.108730e-07 1.142400e-14
5.111390e-07 1.108300e-14
5.114040e-07 1.114400e-14
5.116700e-07 1.153300e-14
5.119350e-07 1.142000e-14
5.122010e-07 1.096900e-14
5.124660e-07 1.099000e-14
5.127310e-07 1.134800e-14
5.129970e-07 1.084900e-14
5.132620e-07 1.124900e-14
5.135280e-07 1.118800e-14
5.137930e-07 1.111400e-14
5.140590e-07 1.105600e-14
5.143240e-07 9.883300e-15
5.145890e-07 1.075100e-14
5.148550e-07 1.121100e-14
5.151200e-07 1.114400e-14
5.153860e-07 1.081500e-14
5.156510e-07 1.059300e-14
5.159160e-07 1.107800e-14
5.161820e-07 1.122700e-14
5.164470e-07 1.085300e-14
5.167130e-07 1.079600e-14
5.169780e-07 1.019600e-14
5.172440e-07 9.811900e-15
5.175090e-07 1.030800e-14
5.177740e-07 1.077200e-14
5.180400e-07 1.089400e-14
5.183050e-07 1.014900e-14
5.185710e-07 1.105400e-14
5.188360e-07 1.110400e-14
5.191010e-07 1.054000e-14
5.193670e-07 1.137800e-14
5.196320e-07 1.154700e-14
5.198980e-07 1.143400e-14
5.201630e-07 1.163500e-14
5.204290e-07 1.137200e-14
5.206940e-07 1.086600e-14
5.209590e-07 1.095600e-14
5.212250e-07 1.044600e-14
5.214900e-07 1.088700e-14
5.217560e-07 1.098500e-14
5.220210e-07 1.058100e-14
5.222860e-07 1.087500e-14
5.225520e-07 1.073600e-14
5.228170e-07 1.109000e-14
5.230830e-07 1.045000e-14
5.233480e-07 1.056400e-14
5.236140e-07 1.071200e-14
5.238790e-07 1.132800e-14
5.241440e-07 1.125300e-14
5.244100e-07 1.125800e-14
5.246750e-07 1.083200e-14
5.249410e-07 1.154100e-14
5.252060e-07 1.054100e-14
5.254720e-07 1.050300e-14
5.257370e-07 1.081000e-14
5.260020e-07 1.079600e-14
5.262680e-07 1.055900e-14
5.265330e-07 1.066300e-14
5.267990e-07 1.024700e-14
5.270640e-07 1.080200e-14
5.273290e-07 1.060200e-14
5.275950e-07 1.013200e-14
5.278600e-07 9.895000e-15
5.281260e-07 1.065500e-14
5.283910e-07 1.130700e-14
5.286570e-07 1.079200e-14
5.289220e-07 1.121600e-14
5.291870e-07 1.148300e-14
5.294530e-07 1.134300e-14
5.297180e-07 1.118500e-14
5.299840e-07 1.058100e-14
5.302490e-07 1.007700e-14
5.305140e-07 1.085500e-14
5.307800e-07 1.030200e-14
5.310450e-07 1.063100e-14
5.313110e-07 1.152800e-14
5.315760e-07 1.106400e-14
5.318420e-07 1.077200e-14
5.321070e-07 1.096900e-14
5.323720e-07 1.076200e-14
5.326380e-07 1.030800e-14
5.329030e-07 1.028700e-14
5.331690e-07 1.062800e-14
5.334340e-07 1.084900e-14
5.337000e-07 1.125300e-14
5.339650e-07 1.102000e-14
5.342300e-07 1.101800e-14
5.344960e-07 1.054000e-14
5.347610e-07 1.077000e-14
5.350270e-07 1.055700e-14
5.352920e-07 1.016900e-14
5.355570e-07 1.037600e-14
5.358230e-07 1.080300e-14
5.360880e-07 1.090200e-14
5.363540e-07 1.031000e-14
5.366190e-07 1.021100e-14
5.368850e-07 1.071500e-14
5.371500e-07 1.060100e-14
5.374150e-07 1.020300e-14
5.376810e-07 1.024800e-14
5.379460e-07 1.088100e-14
5.382120e-07 1.091800e-14
5.384770e-07 1.104600e-14
5.387420e-07 1.006700e-14
5.390080e-07 1.085700e-14
5.392730e-07 1.060600e-14
5.395390e-07 1.068000e-14
5.398040e-07 1.081900e-14
5.400700e-07 1.059200e-14
5.403350e-07 1.006500e-14
5.406000e-07 1.023200e-14
5.408660e-07 1.027800e-14
5.411310e-07 1.004700e-14
5.413970e-07 1.064600e-14
5.416620e-07 1.030200e-14
5.419270e-07 1.146900e-14
5.421930e-07 1.051400e-14
5.424580e-07 1.093000e-14
5.427240e-07 1.054200e-14
5.429890e-07 1.022500e-14
5.432550e-07 1.050500e-14
5.435200e-07 1.004100e-14
5.437850e-07 1.024600e-14
5.440510e-07 1.063200e-14
5.443160e-07 1.076000e-14
5.445820e-07 1.029300e-14
5.448470e-07 9.746500e-15
5.451130e-07 1.030900e-14
5.453780e-07 1.040200e-14
5.456430e-07 1.040100e-14
5.459090e-07 1.028200e-14
5.461740e-07 1.042300e-14
5.464400e-07 1.021100e-14
5.467050e-07 1.052200e-14
5.469700e-07 1.050200e-14
5.472360e-07 1.096900e-14
5.475010e-07 1.066200e-14
5.477670e-07 1.057100e-14
5.480320e-07 9.958600e-15
5.482980e-07 1.075300e-14
5.485630e-07 9.773900e-15
5.488280e-07 1.128500e-14
5.490940e-07 1.087200e-14
5.493590e-07 1.082300e-14
5.496250e-07 9.917200e-15
5.498900e-07 1.027600e-14
5.501550e-07 1.002200e-14
5.504210e-07 1.039400e-14
5.506860e-07 1.037700e-14
5.509520e-07 1.077700e-14
5.512170e-07 1.011400e-14
5.514830e-07 1.061500e-14
5.517480e-07 1.024300e-14
5.520130e-07 1.038100e-14
5.522790e-07 1.012400e-14
5.525440e-07 1.008300e-14
5.528100e-07 1.037800e-14
5.530750e-07 1.066000e-14
5.533410e-07 9.962200e-15
5.536060e-07 1.060100e-14
5.538710e-07 1.073600e-14
5.541370e-07 1.081800e-14
5.544020e-07 1.067000e-14
5.546680e-07 9.742400e-15
5.549330e-07 1.000600e-14
5.551980e-07 1.077100e-14
5.554640e-07 1.137400e-14
5.557290e-07 1.051700e-14
5.559950e-07 1.035400e-14
5.562600e-07 1.024900e-14
5.565260e-07 1.040100e-14
5.567910e-07 1.019100e-14
5.570560e-07 1.020200e-14
5.573220e-07 1.012000e-14
5.575870e-07 1.019700e-14
5.578530e-07 9.724300e-15
5.581180e-07 1.055300e-14
5.583830e-07 9.866400e-15
5.586490e-07 9.557300e-15
5.589140e-07 9.677100e-15
5.591800e-07 1.004900e-14
5.594450e-07 1.034700e-14
5.597110e-07 9.445900e-15
5.599760e-07 9.693300e-15
5.602410e-07 1.010800e-14
5.605070e-07 1.053800e-14
5.607720e-07 1.087700e-14
5.610380e-07 1.011400e-14
5.613030e-07 1.024200e-14
5.615680e-07 9.460500e-15
5.618340e-07 1.002500e-14
5.620990e-07 1.026200e-14
5.623650e-07 1.038800e-14
5.626300e-07 9.740000e-15
5.628960e-07 9.788200e-15
5.631610e-07 1.027200e-14
5.634260e-07 9.986500e-15
5.636920e-07 1.013100e-14
5.639570e-07 9.614700e-15
5.642230e-07 1.015300e-14
5.644880e-07 1.020700e-14
5.647540e-07 1.028500e-14
5.650190e-07 9.738400e-15
5.652840e-07 9.848700e-15
5.655500e-07 9.587400e-15
5.658150e-07 9.551200e-15
5.660810e-07 9.514900e-15
5.663460e-07 9.557300e-15
5.666110e-07 9.925600e-15
5.668770e-07 1.013700e-14
5.671420e-07 1.052300e-14
5.674080e-07 9.515000e-15
5.676730e-07 1.051900e-14
5.679390e-07 9.442100e-15
5.682040e-07 9.903600e-15
5.684690e-07 9.346300e-15
5.687350e-07 1.012500e-14
5.690000e-07 9.530700e-15
5.692660e-07 9.737500e-15
5.695310e-07 1.011200e-14
5.697960e-07 1.004900e-14
5.700620e-07 1.040500e-14
5.703270e-07 9.430300e-15
5.705930e-07 9.787400e-15
5.708580e-07 9.921100e-15
5.711240e-07 9.749300e-15
5.713890e-07 9.993100e-15
5.716540e-07 1.012900e-14
5.719200e-07 1.016700e-14
5.721850e-07 9.887800e-15
5.724510e-07 9.587000e-15
5.727160e-07 9.323100e-15
5.729820e-07 9.536800e-15
5.732470e-07 9.714800e-15
5.735120e-07 9.510200e-15
5.737780e-07 9.618900e-15
5.740430e-07 9.751000e-15
5.743090e-07 1.004800e-14
5.745740e-07 1.032600e-14
5.748390e-07 9.629900e-15
5.751050e-07 9.373300e-15
5.753700e-07 1.024300e-14
5.756360e-07 1.090300e-14
5.759010e-07 1.027800e-14
5.761670e-07 1.053300e-14
5.764320e-07 1.031500e-14
5.766970e-07 1.052300e-14
5.769630e-07 9.970700e-15
5.772280e-07 9.442800e-15
5.774940e-07 9.531400e-15
5.777590e-07 9.916900e-15
5.780240e-07 9.420800e-15
5.782900e-07 9.194100e-15
5.785550e-07 9.619400e-15
5.788210e-07 9.760800e-15
5.790860e-07 1.012300e-14
5.793520e-07 1.003200e-14
5.796170e-07 9.494500e-15
5.798820e-07 1.016600e-14
5.801480e-07 1.044800e-14
5.804130e-07 1.030500e-14
5.806790e-07 1.008200e-14
5.809440e-07 8.935200e-15
5.812090e-07 9.447900e-15
5.814750e-07 9.629400e-15
5.817400e-07 1.042900e-14
5.820060e-07 9.741300e-15
5.822710e-07 9.286500e-15
5.825370e-07 9.084900e-15
5.828020e-07 1.084400e-14
5.830670e-07 1.007900e-14
5.833330e-07 9.699100e-15
5.835980e-07 9.933500e-15
5.838640e-07 9.661900e-15
5.841290e-07 9.891800e-15
5.843950e-07 9.949300e-15
5.846600e-07 9.873900e-15
5.849250e-07 9.961700e-15
5.851910e-07 9.793700e-15
5.854560e-07 9.583900e-15
5.857220e-07 9.841900e-15
5.859870e-07 1.010000e-14
5.862520e-07 9.693600e-15
5.865180e-07 9.723900e-15
5.867830e-07 1.009000e-14
5.870490e-07 1.048600e-14
5.873140e-07 1.186700e-14
5.875800e-07 1.241600e-14
5.878450e-07 1.295600e-14
5.881100e-07 1.051500e-14
5.883760e-07 9.213800e-15
5.886410e-07 9.941900e-15
5.889070e-07 9.299100e-15
5.891720e-07 8.423300e-15
5.894370e-07 8.569500e-15
5.897030e-07 9.835400e-15
5.899680e-07 9.337000e-15
5.902340e-07 9.673600e-15
5.904990e-07 9.662900e-15
5.907650e-07 9.676500e-15
5.910300e-07 9.215200e-15
5.912950e-07 1.010500e-14
5.915610e-07 8.880400e-15
5.918260e-07 1.025700e-14
5.920920e-07 9.241800e-15
5.923570e-07 1.042300e-14
5.926230e-07 9.465000e-15
5.928880e-07 9.991900e-15
5.931530e-07 8.983800e-15
5.934190e-07 9.122800e-15
5.936840e-07 9.173700e-15
5.939500e-07 9.823500e-15
5.942150e-07 9.127100e-15
5.944800e-07 9.240700e-15
5.947460e-07 8.394500e-15
5.950110e-07 8.874900e-15
5.952770e-07 8.985000e-15
5.955420e-07 9.403700e-15
5.958080e-07 8.847100e-15
5.960730e-07 9.411900e-15
5.963380e-07 8.626800e-15
5.966040e-07 1.020100e-14
5.968690e-07 9.989400e-15
5.971350e-07 9.486800e-15
5.974000e-07 9.540200e-15
5.976650e-07 9.555900e-15
5.979310e-07 9.359700e-15
5.981960e-07 9.186900e-15
5.984620e-07 8.746500e-15
5.987270e-07 9.138700e-15
5.989930e-07 9.715400e-15
5.992580e-07 8.924200e-15
5.995230e-07 8.569500e-15
5.997890e-07 9.385800e-15
6.000540e-07 9.173400e-15
6.003200e-07 9.344100e-15
6.005850e-07 9.498500e-15
6.008500e-07 9.776700e-15
6.011160e-07 9.406100e-15
6.013810e-07 9.309300e-15
6.016470e-07 9.826600e-15
6.019120e-07 9.461000e-15
6.021780e-07 8.787300e-15
6.024430e-07 9.466300e-15
6.027080e-07 9.217100e-15
6.029740e-07 9.429400e-15
6.032390e-07 9.587400e-15
6.035050e-07 9.879600e-15
6.037700e-07 1.034400e-14
6.040360e-07 9.770800e-15
6.043010e-07 9.865800e-15
6.045660e-07 9.003500e-15
6.048320e-07 8.915500e-15
6.050970e-07 9.543900e-15
6.053630e-07 9.637100e-15
6.056280e-07 9.664100e-15
6.058930e-07 9.997400e-15
6.061590e-07 9.890100e-15
6.064240e-07 9.868900e-15
6.066900e-07 9.651000e-15
6.069550e-07 9.798000e-15
6.072210e-07 8.926600e-15
6.074860e-07 9.247700e-15
6.077510e-07 9.954200e-15
6.080170e-07 9.476500e-15
6.082820e-07 9.376100e-15
6.085480e-07 9.710300e-15
6.088130e-07 9.672800e-15
6.090780e-07 8.776100e-15
6.093440e-07 9.177400e-15
6.096090e-07 9.719900e-15
6.098750e-07 9.247400e-15
6.101400e-07 9.079100e-15
6.104060e-07 9.757400e-15
6.106710e-07 9.614900e-15
6.109360e-07 8.912900e-15
6.112020e-07 9.436600e-15
6.114670e-07 8.998800e-15
6.117330e-07 1.042300e-14
6.119980e-07 1.001900e-14
6.122640e-07 9.252700e-15
6.125290e-07 9.410800e-15
6.127940e-07 9.489300e-15
6.130600e-07 9.626600e-15
6.133250e-07 9.242900e-15
6.135910e-07 9.439500e-15
6.138560e-07 8.911500e-15
6.141210e-07 9.573100e-15
6.143870e-07 8.677500e-15
6.146520e-07 9.505000e-15
6.149180e-07 9.408800e-15
6.151830e-07 9.264900e-15
6.154490e-07 8.491000e-15
6.157140e-07 9.035900e-15
6.159790e-07 8.772600e-15
6.162450e-07 9.256600e-15
6.165100e-07 9.342300e-15
6.167760e-07 9.249600e-15
6.170410e-07 8.660600e-15
6.173060e-07 9.392900e-15
6.175720e-07 8.902200e-15
6.178370e-07 9.061900e-15
6.181030e-07 9.173000e-15
6.183680e-07 9.228000e-15
6.186340e-07 8.972600e-15
6.188990e-07 8.369500e-15
6.191640e-07 8.987900e-15
6.194300e-07 9.793300e-15
6.196950e-07 8.575900e-15
6.199610e-07 8.984400e-15
6.202260e-07 8.405500e-15
6.204910e-07 9.606900e-15
6.207570e-07 8.637300e-15
6.210220e-07 9.352600e-15
6.212880e-07 9.236400e-15
6.215530e-07 9.097300e-15
6.218190e-07 8.883700e-15
6.220840e-07 9.358200e-15
6.223490e-07 9.163900e-15
6.226150e-07 8.553600e-15
6.228800e-07 8.693000e-15
6.231460e-07 8.433900e-15
6.234110e-07 8.638200e-15
6.236770e-07 8.932500e-15
6.239420e-07 8.822300e-15
6.242070e-07 9.033400e-15
6.244730e-07 8.789500e-15
6.247380e-07 7.881000e-15
6.250040e-07 8.691100e-15
6.252690e-07 8.994600e-15
6.255340e-07 8.562100e-15
6.258000e-07 8.689100e-15
6.260650e-07 8.369000e-15
6.263310e-07 8.693900e-15
6.265960e-07 9.191800e-15
6.268620e-07 8.868800e-15
6.271270e-07 8.705700e-15
6.273920e-07 8.949400e-15
6.276580e-07 9.263100e-15
6.279230e-07 8.900700e-15
6.281890e-07 9.025300e-15
6.284540e-07 8.897800e-15
6.287190e-07 9.125300e-15
6.289850e-07 9.210800e-15
6.292500e-07 9.368300e-15
6.295160e-07 1.011200e-14
6.297810e-07 1.118300e-14
6.300470e-07 1.186000e-14
6.303120e-07 1.163500e-14
6.305770e-07 1.034400e-14
6.308430e-07 8.574900e-15
6.311080e-07 8.966200e-15
6.313740e-07 8.362500e-15
6.316390e-07 9.313500e-15
6.319050e-07 8.507000e-15
6.321700e-07 8.751700e-15
6.324350e-07 9.219400e-15
6.327010e-07 8.355300e-15
6.329660e-07 8.136800e-15
6.332320e-07 8.115700e-15
6.334970e-07 8.746200e-15
6.337620e-07 8.549500e-15
6.340280e-07 9.167600e-15
6.342930e-07 8.637400e-15
6.345590e-07 9.027000e-15
6.348240e-07 8.639700e-15
6.350900e-07 8.975900e-15
6.353550e-07 8.405400e-15
6.356200e-07 8.370300e-15
6.358860e-07 9.489100e-15
6.361510e-07 9.292600e-15
6.364170e-07 9.199000e-15
6.366820e-07 9.870700e-15
6.369470e-07 9.380800e-15
6.372130e-07 9.258400e-15
6.374780e-07 8.670900e-15
6.377440e-07 8.909700e-15
6.380090e-07 8.581600e-15
6.382750e-07 8.901200e-15
6.385400e-07 8.292200e-15
6.388050e-07 9.625700e-15
6.390710e-07 8.972200e-15
6.393360e-07 9.965000e-15
6.396020e-07 8.100200e-15
6.398670e-07 9.233500e-15
6.401320e-07 8.128400e-15
6.403980e-07 9.433100e-15
6.406630e-07 8.251700e-15
6.409290e-07 8.858400e-15
6.411940e-07 8.293800e-15
6.414600e-07 8.990400e-15
6.417250e-07 8.567200e-15
6.419900e-07 8.884200e-15
6.422560e-07 8.670500e-15
6.425210e-07 8.726600e-15
6.427870e-07 7.913200e-15
6.430520e-07 8.672300e-15
6.433180e-07 7.950500e-15
6.435830e-07 8.708000e-15
6.438480e-07 9.072900e-15
6.441140e-07 9.012100e-15
6.443790e-07 9.662300e-15
6.446450e-07 9.208800e-15
6.449100e-07 8.960700e-15
6.451750e-07 8.632800e-15
6.454410e-07 8.508100e-15
6.457060e-07 8.529500e-15
6.459720e-07 9.125400e-15
6.462370e-07 9.164900e-15
6.465030e-07 8.824100e-15
6.467680e-07 8.566500e-15
6.470330e-07 8.955900e-15
6.472990e-07 8.838100e-15
6.475640e-07 8.673000e-15
6.478300e-07 8.815300e-15
6.480950e-07 8.069500e-15
6.483600e-07 8.761300e-15
6.486260e-07 8.033800e-15
6.488910e-07 8.896400e-15
6.491570e-07 8.257100e-15
6.494220e-07 8.842100e-15
6.496880e-07 8.685800e-15
6.499530e-07 8.891400e-15
6.502180e-07 8.428400e-15
6.504840e-07 8.548400e-15
6.507490e-07 8.142600e-15
6.510150e-07 7.768100e-15
6.512800e-07 8.058100e-15
6.515460e-07 8.579000e-15
6.518110e-07 8.662500e-15
6.520760e-07 8.837500e-15
6.523420e-07 8.717300e-15
6.526070e-07 8.374600e-15
6.528730e-07 9.284600e-15
6.531380e-07 8.887900e-15
6.534030e-07 8.792400e-15
6.536690e-07 9.362800e-15
6.539340e-07 9.799000e-15
6.542000e-07 1.129300e-14
6.544650e-07 1.409100e-14
6.547310e-07 1.622100e-14
6.549960e-07 1.748700e-14
6.552610e-07 1.730600e-14
6.555270e-07 2.650500e-14
6.557920e-07 5.060900e-14
6.560580e-07 8.349300e-14
6.563230e-07 9.717600e-14
6.565880e-07 7.587700e-14
6.568540e-07 4.333400e-14
6.571190e-07 2.303600e-14
6.573850e-07 1.437600e-14
6.576500e-07 1.560200e-14
6.579160e-07 2.061200e-14
6.581810e-07 2.963300e-14
6.584460e-07 2.991600e-14
6.587120e-07 2.585300e-14
6.589770e-07 1.722900e-14
6.600840e-07 8.115900e-15
6.616060e-07 8.130500e-15
6.631310e-07 8.145100e-15
6.646600e-07 8.197300e-15
6.661920e-07 8.099300e-15
6.677270e-07 8.113800e-15
6.692670e-07 7.980000e-15
6.708090e-07 8.012700e-15
6.723560e-07 7.665700e-15
6.739060e-07 7.876300e-15
6.754590e-07 7.710800e-15
6.770160e-07 7.832000e-15
6.785770e-07 7.918500e-15
6.801410e-07 7.663300e-15
6.817090e-07 7.765800e-15
6.832810e-07 7.815500e-15
6.848560e-07 7.580900e-15
6.864350e-07 7.542100e-15
6.880170e-07 7.520700e-15
6.896030e-07 7.586300e-15
6.911930e-07 7.512700e-15
6.927860e-07 7.491400e-15
6.943830e-07 7.697100e-15
6.959840e-07 7.622400e-15
6.975880e-07 7.849700e-15
6.991960e-07 7.791400e-15
7.008080e-07 7.627500e-15
7.024240e-07 7.553400e-15
7.040430e-07 7.742900e-15
7.056660e-07 7.955400e-15
7.072930e-07 7.151900e-15
7.089230e-07 7.399200e-15
7.105580e-07 7.127600e-15
7.121950e-07 7.123600e-15
7.138370e-07 6.767900e-15
7.154830e-07 6.874000e-15
7.171320e-07 6.822900e-15
7.187850e-07 6.756500e-15
7.204420e-07 6.799500e-15
7.221030e-07 7.050700e-15
7.237680e-07 7.128300e-15
7.254360e-07 7.206700e-15
7.271090e-07 7.038600e-15
7.287850e-07 7.034600e-15
7.304650e-07 7.345000e-15
7.321490e-07 7.307000e-15
7.338360e-07 7.319600e-15
7.355280e-07 7.417100e-15
7.372230e-07 7.260800e-15
7.389230e-07 7.425500e-15
7.406260e-07 7.421200e-15
7.423340e-07 7.214700e-15
7.440450e-07 7.344500e-15
7.457600e-07 7.408100e-15
7.474790e-07 7.420800e-15
7.492030e-07 7.399300e-15
7.509300e-07 7.429000e-15
7.526600e-07 7.510600e-15
7.543950e-07 7.471600e-15
7.561350e-07 7.381600e-15
7.578780e-07 7.242500e-15
7.596250e-07 7.171800e-15
7.613760e-07 7.004300e-15
7.631310e-07 7.048600e-15
7.648900e-07 6.931600e-15
7.666540e-07 6.692200e-15
7.684210e-07 6.657400e-15
7.701920e-07 6.622700e-15
7.719680e-07 6.558000e-15
7.737470e-07 6.645100e-15
7.755310e-07 6.356700e-15
7.773190e-07 6.515700e-15
7.791110e-07 6.511600e-15
7.809070e-07 6.522500e-15
7.827070e-07 6.685700e-15
7.845110e-07 6.574600e-15
7.863200e-07 6.661900e-15
7.881320e-07 6.581400e-15
7.899490e-07 6.668800e-15
7.917700e-07 6.423500e-15
7.935950e-07 6.449000e-15
7.954250e-07 6.283700e-15
7.972590e-07 6.440700e-15
7.990960e-07 6.556200e-15
8.009380e-07 6.447200e-15
8.027850e-07 6.638800e-15
8.046350e-07 6.726800e-15
8.064900e-07 6.691500e-15
8.083500e-07 6.490000e-15
8.102130e-07 6.294400e-15
8.120810e-07 6.571600e-15
8.139530e-07 6.507000e-15
8.158290e-07 6.398800e-15
8.177100e-07 6.394500e-15
8.195950e-07 6.074600e-15
8.214840e-07 6.459900e-15
8.233780e-07 6.265200e-15
8.252760e-07 6.466200e-15
8.271780e-07 6.566800e-15
8.290850e-07 6.281400e-15
8.309960e-07 6.306200e-15
8.329120e-07 6.116000e-15
8.348320e-07 6.154200e-15
8.367570e-07 6.278800e-15
8.386850e-07 6.075500e-15
8.406190e-07 6.113400e-15
8.425570e-07 6.194100e-15
8.444990e-07 5.697400e-15
8.464460e-07 5.975500e-15
8.483970e-07 6.082400e-15
8.503530e-07 5.898900e-15
8.523130e-07 5.773900e-15
8.542780e-07 5.931500e-15
8.562470e-07 5.941000e-15
8.582210e-07 6.047100e-15
8.602000e-07 5.757600e-15
8.621820e-07 5.806700e-15
8.641700e-07 6.048100e-15
8.661620e-07 5.758500e-15
8.681590e-07 5.520800e-15
8.701600e-07 5.776800e-15
8.721660e-07 5.920700e-15
8.741770e-07 5.957400e-15
8.761920e-07 5.367100e-15
8.782120e-07 5.826800e-15
8.802360e-07 5.971900e-15
8.822650e-07 6.078400e-15
8.842990e-07 6.004400e-15
8.863380e-07 5.703600e-15
8.883810e-07 5.417900e-15
8.904290e-07 5.787700e-15
8.924820e-07 5.850400e-15
8.945390e-07 5.913700e-15
8.966010e-07 5.695500e-15
8.986680e-07 5.652100e-15
9.007400e-07 5.456100e-15
9.028160e-07 5.018300e-15
9.048970e-07 5.973400e-15
9.069830e-07 5.753000e-15
9.090740e-07 5.540700e-15
9.111690e-07 5.797400e-15
9.132700e-07 5.914200e-15
9.153750e-07 5.617700e-15
9.174850e-07 5.613400e-15
9.196010e-07 5.609100e-15
9.217200e-07 5.414400e-15
9.238450e-07 4.957000e-15
9.259750e-07 5.456000e-15
9.281100e-07 5.656300e-15
9.302490e-07 5.434900e-15
9.323930e-07 5.531600e-15
9.345430e-07 5.527200e-15
9.366970e-07 5.459600e-15
9.388560e-07 5.493100e-15
9.410210e-07 5.388500e-15
9.431900e-07 5.509600e-15
9.453640e-07 5.442200e-15
9.475440e-07 5.513400e-15
9.497280e-07 5.496300e-15
9.519170e-07 5.354500e-15
9.541110e-07 4.993000e-15
9.563110e-07 5.296700e-15
9.585160e-07 5.440700e-15
9.607250e-07 5.386400e-15
9.629400e-07 5.406800e-15
9.651600e-07 5.377500e-15
9.673840e-07 5.348300e-15
9.696140e-07 5.393300e-15
9.718490e-07 5.327200e-15
9.740910e-07 5.286100e-15
9.763360e-07 5.257400e-15
9.785870e-07 5.204800e-15
9.808420e-07 5.284900e-15
9.831030e-07 5.232000e-15
9.853690e-07 5.251700e-15
9.876420e-07 5.223100e-15
9.899180e-07 5.194600e-15
9.922000e-07 5.202100e-15
9.944870e-07 5.209600e-15
9.967790e-07 5.205100e-15
9.990770e-07 5.164800e-15
1.001380e-06 5.089500e-15
1.008322e-06 4.972100e-15
1.012976e-06 5.149600e-15
1.017651e-06 5.105100e-15
1.022349e-06 5.131300e-15
1.027068e-06 5.133900e-15
1.029435e-06 5.117400e-15
1.050992e-06 4.926100e-15
1.070531e-06 4.704400e-15
1.090433e-06 4.420900e-15
1.110706e-06 4.164000e-15
1.128753e-06 4.144800e-15
1.149739e-06 4.154400e-15
1.171114e-06 4.069200e-15
1.190143e-06 3.904000e-15
1.209481e-06 3.868200e-15
1.229134e-06 3.806300e-15
1.249106e-06 3.685600e-15
1.269402e-06 3.601700e-15
1.290028e-06 3.527800e-15
1.310989e-06 3.471400e-15
1.329227e-06 3.369000e-15
1.350825e-06 3.292400e-15
1.369617e-06 3.224800e-15
1.388670e-06 3.101000e-15
1.411234e-06 2.920800e-15
1.430867e-06 2.847800e-15
1.450772e-06 2.854300e-15
1.470955e-06 2.763800e-15
1.491418e-06 2.802300e-15
1.508686e-06 2.821700e-15
1.529674e-06 2.860900e-15
1.550954e-06 2.860900e-15
1.568914e-06 2.763800e-15
1.590740e-06 2.627300e-15
1.609160e-06 2.597200e-15
1.631546e-06 2.591200e-15
1.650437e-06 2.555700e-15
1.669549e-06 2.573400e-15
1.688882e-06 2.555700e-15
1.708438e-06 2.538100e-15
1.728220e-06 2.463200e-15
1.748232e-06 2.407200e-15
1.768476e-06 2.314800e-15
1.788955e-06 2.241300e-15
1.809668e-06 2.135500e-15
1.830624e-06 2.082100e-15
1.851822e-06 2.011400e-15
1.868957e-06 1.920900e-15
1.890597e-06 1.877200e-15
1.908091e-06 1.851400e-15
1.930187e-06 1.801000e-15
1.948045e-06 1.731800e-15
1.970603e-06 1.673000e-15
1.988837e-06 1.627400e-15
2.011866e-06 1.597700e-15
2.030482e-06 1.547100e-15
2.049271e-06 1.525800e-15
2.068231e-06 1.491100e-15
2.092180e-06 1.460500e-15
2.111540e-06 1.437200e-15
2.131077e-06 1.407700e-15
2.150796e-06 1.378800e-15
2.170698e-06 1.335100e-15
2.190782e-06 1.313700e-15
2.211054e-06 1.280900e-15
2.231511e-06 1.238100e-15
2.252160e-06 1.199000e-15
2.267770e-06 1.158900e-15
2.288754e-06 1.030200e-15
2.309933e-06 1.013200e-15
2.331305e-06 8.817800e-16
2.347466e-06 8.152300e-16
2.369185e-06 8.198500e-16
2.391108e-06 7.517300e-16
2.407681e-06 7.156900e-16
2.429960e-06 7.027900e-16
2.452446e-06 6.513100e-16
2.469444e-06 6.326600e-16
2.492294e-06 5.356500e-16
2.509569e-06 5.297400e-16
2.510400e-06 4.004500e-16
2.519733e-06 4.612900e-16
2.529075e-06 4.823300e-16
2.538408e-06 5.100100e-16
2.547751e-06 5.018100e-16
2.557094e-06 5.188700e-16
2.566427e-06 5.029200e-16
2.575770e-06 5.320400e-16
2.585113e-06 5.470900e-16
2.594446e-06 6.220900e-16
2.603788e-06 5.947300e-16
2.613122e-06 5.931800e-16
2.622464e-06 5.255400e-16
2.631807e-06 5.297600e-16
2.641140e-06 5.044800e-16
2.650483e-06 5.221900e-16
2.659826e-06 5.284200e-16
2.669159e-06 5.540400e-16
2.678501e-06 4.907600e-16
2.687835e-06 5.049400e-16
2.697177e-06 4.398600e-16
2.706520e-06 5.051000e-16
2.715853e-06 4.167300e-16
2.725196e-06 4.358700e-16
2.734539e-06 3.277500e-16
2.743872e-06 4.020000e-16
2.753214e-06 3.817400e-16
2.762548e-06 4.755600e-16
2.771890e-06 4.437200e-16
2.781233e-06 5.008800e-16
2.790566e-06 4.765400e-16
2.799909e-06 5.087900e-16
2.809252e-06 4.655800e-16
2.818585e-06 4.844000e-16
2.827928e-06 4.262100e-16
2.837261e-06 4.650500e-16
2.846603e-06 4.123600e-16
2.855946e-06 4.519400e-16
2.865279e-06 3.968300e-16
2.874622e-06 4.465300e-16
2.883965e-06 3.962100e-16
2.893298e-06 4.422700e-16
2.902641e-06 3.659700e-16
2.911974e-06 4.130400e-16
2.921316e-06 3.824500e-16
2.930659e-06 4.313900e-16
2.939992e-06 3.648800e-16
2.949335e-06 3.577300e-16
2.958678e-06 3.526300e-16
2.968011e-06 4.132800e-16
2.977354e-06 4.031000e-16
2.986687e-06 4.148200e-16
2.996029e-06 4.937500e-16
3.005372e-06 5.189400e-16
3.014705e-06 4.426200e-16
3.024048e-06 3.621300e-16
3.033391e-06 3.773100e-16
3.042724e-06 4.557800e-16
3.052067e-06 4.079800e-16
3.061400e-06 4.102300e-16
3.070742e-06 3.740800e-16
3.080085e-06 3.858600e-16
3.089418e-06 3.000300e-16
3.098761e-06 3.023400e-16
3.108104e-06 2.473900e-16
3.117437e-06 2.997000e-16
3.126780e-06 2.609200e-16
3.136113e-06 3.607000e-16
3.145455e-06 2.860300e-16
3.154798e-06 3.596400e-16
3.164131e-06 2.826000e-16
3.173474e-06 4.045700e-16
3.182816e-06 3.553400e-16
3.192150e-06 4.163200e-16
3.201493e-06 3.484100e-16
3.210826e-06 4.090200e-16
3.220169e-06 3.982500e-16
3.229511e-06 4.849600e-16
3.238844e-06 4.612400e-16
3.248187e-06 5.340300e-16
3.257530e-06 5.300900e-16
3.266863e-06 6.439100e-16
3.276205e-06 6.692400e-16
3.285538e-06 6.849200e-16
3.294881e-06 6.242000e-16
3.304224e-06 6.253100e-16
3.313557e-06 6.011800e-16
3.322900e-06 6.143500e-16
3.332243e-06 5.668400e-16
3.341576e-06 6.043200e-16
3.350919e-06 5.393100e-16
3.360252e-06 5.408000e-16
3.369594e-06 5.049100e-16
3.378937e-06 5.525600e-16
3.388270e-06 5.005000e-16
3.397613e-06 5.124000e-16
3.406956e-06 4.467700e-16
3.416289e-06 4.731800e-16
3.425631e-06 3.846400e-16
3.434965e-06 4.291800e-16
3.444307e-06 3.573800e-16
3.453650e-06 4.047700e-16
3.462983e-06 3.220200e-16
3.472326e-06 3.616300e-16
3.481669e-06 3.366400e-16
3.491002e-06 3.696900e-16
3.500345e-06 3.300000e-16
3.509678e-06 3.310300e-16
3.519020e-06 3.091400e-16
3.528363e-06 3.222700e-16
3.537696e-06 2.898400e-16
3.547039e-06 3.128500e-16
3.556382e-06 3.059900e-16
3.565715e-06 3.512400e-16
3.575057e-06 3.193600e-16
3.584391e-06 3.283600e-16
3.593733e-06 2.714600e-16
3.603076e-06 3.064300e-16
3.612409e-06 2.832600e-16
3.621752e-06 3.167900e-16
3.631095e-06 2.794000e-16
3.640428e-06 3.016500e-16
3.649771e-06 2.718600e-16
3.659104e-06 3.032500e-16
3.668446e-06 2.769300e-16
3.677789e-06 2.918000e-16
3.687122e-06 2.314400e-16
3.696465e-06 2.608000e-16
3.705808e-06 2.257000e-16
3.715141e-06 2.732000e-16
3.724484e-06 2.550000e-16
3.733817e-06 2.862700e-16
3.743160e-06 2.826300e-16
3.752502e-06 3.038100e-16
3.761835e-06 2.901300e-16
3.771178e-06 3.047200e-16
3.780521e-06 3.009900e-16
3.789854e-06 3.188100e-16
3.799197e-06 2.781300e-16
3.808530e-06 2.581200e-16
3.817872e-06 2.342200e-16
3.827215e-06 2.464300e-16
3.836548e-06 2.160200e-16
3.845891e-06 2.279100e-16
3.855234e-06 2.183900e-16
3.864567e-06 2.578500e-16
3.873910e-06 2.040100e-16
3.883243e-06 2.242300e-16
3.892585e-06 2.071700e-16
3.901928e-06 2.577600e-16
3.911261e-06 2.163500e-16
3.920604e-06 2.381300e-16
3.929947e-06 2.191300e-16
3.939280e-06 2.668500e-16
3.948622e-06 2.211200e-16
3.957956e-06 2.447900e-16
3.967298e-06 1.982300e-16
3.976641e-06 2.442000e-16
3.985974e-06 2.458500e-16
3.995317e-06 2.790300e-16
4.004660e-06 2.748100e-16
4.013993e-06 3.121100e-16
4.023336e-06 3.638100e-16
4.032669e-06 4.117700e-16
4.042011e-06 4.413100e-16
4.051354e-06 4.322900e-16
4.060688e-06 3.843900e-16
4.070030e-06 3.396000e-16
4.079373e-06 2.918300e-16
4.088706e-06 2.855400e-16
4.098048e-06 2.349600e-16
4.107382e-06 2.410500e-16
4.116724e-06 2.228400e-16
4.126067e-06 2.504600e-16
4.135400e-06 2.286300e-16
4.144743e-06 2.666200e-16
4.154086e-06 2.708000e-16
4.163419e-06 3.326300e-16
4.172761e-06 2.904400e-16
4.182095e-06 2.901900e-16
4.191438e-06 2.272400e-16
4.200780e-06 2.566900e-16
4.210114e-06 2.211600e-16
4.219456e-06 2.447800e-16
4.228799e-06 1.984100e-16
4.238132e-06 2.291700e-16
4.247475e-06 2.031200e-16
4.256808e-06 2.196300e-16
4.266150e-06 1.927900e-16
4.275493e-06 2.204400e-16
4.284826e-06 1.856700e-16
4.294169e-06 2.077900e-16
4.303512e-06 1.534100e-16
4.312845e-06 2.094600e-16
4.322188e-06 1.941900e-16
4.331521e-06 2.650500e-16
4.340864e-06 1.891700e-16
4.350206e-06 2.066200e-16
4.359539e-06 1.776600e-16
4.368882e-06 2.603000e-16
4.378225e-06 2.337600e-16
4.387558e-06 2.174400e-16
4.396901e-06 1.254500e-16
4.406234e-06 1.308000e-16
4.415576e-06 6.739200e-17
4.424919e-06 1.389200e-16
4.434252e-06 1.319400e-16
4.443595e-06 2.219900e-16
4.452938e-06 1.707200e-16
4.462271e-06 1.846700e-16
4.471614e-06 1.142900e-16
4.480947e-06 1.824600e-16
4.490290e-06 1.759500e-16
4.499632e-06 2.589500e-16
4.508965e-06 2.074400e-16
4.518308e-06 2.281600e-16
4.527651e-06 1.641300e-16
4.536984e-06 2.121400e-16
4.546327e-06 1.692900e-16
4.555660e-06 2.154700e-16
4.565003e-06 1.982900e-16
4.574345e-06 2.703700e-16
4.583678e-06 2.438700e-16
4.593021e-06 2.821300e-16
4.602364e-06 2.654500e-16
4.611697e-06 3.279100e-16
4.621040e-06 2.913800e-16
4.630373e-06 3.058000e-16
4.639716e-06 2.030700e-16
4.649058e-06 2.528800e-16
4.658391e-06 1.617400e-16
4.667734e-06 2.475700e-16
4.677077e-06 1.601300e-16
4.686410e-06 2.383900e-16
4.695753e-06 1.868100e-16
4.705086e-06 2.466700e-16
4.714429e-06 1.320300e-16
4.723868e-06 1.623100e-16
4.771106e-06 1.835100e-16
4.818817e-06 2.049200e-16
4.867005e-06 2.265400e-16
4.915675e-06 2.483800e-16
4.964832e-06 2.704400e-16
5.014481e-06 2.927200e-16
5.064626e-06 3.152300e-16
5.115272e-06 3.379500e-16
5.149873e-06 3.534800e-16
5.179778e-06 3.877700e-16
5.209685e-06 4.247300e-16
5.239590e-06 4.282300e-16
5.269496e-06 3.886300e-16
5.299402e-06 3.572000e-16
5.329308e-06 3.982200e-16
5.359213e-06 3.735700e-16
5.389119e-06 3.221300e-16
5.419025e-06 3.307900e-16
5.448931e-06 2.902800e-16
5.478837e-06 2.994300e-16
5.508743e-06 3.288100e-16
5.538649e-06 3.247700e-16
5.568554e-06 3.431800e-16
5.598460e-06 3.758100e-16
5.628366e-06 3.974100e-16
5.658273e-06 3.872600e-16
5.688178e-06 4.374400e-16
5.718084e-06 4.287000e-16
5.747990e-06 4.200600e-16
5.777896e-06 3.857000e-16
5.807801e-06 3.915000e-16
5.837708e-06 3.794500e-16
5.867613e-06 3.662000e-16
5.897518e-06 3.806800e-16
5.927425e-06 3.907100e-16
5.957330e-06 3.887600e-16
5.987236e-06 4.164500e-16
6.017142e-06 4.929500e-16
6.047048e-06 5.349400e-16
6.076953e-06 5.577900e-16
6.106859e-06 6.150200e-16
6.136765e-06 7.184300e-16
6.166672e-06 1.070300e-15
6.196577e-06 1.197200e-15
6.226482e-06 1.327400e-15
6.256389e-06 1.106500e-15
6.286294e-06 1.023200e-15
6.316200e-06 8.316700e-16
6.346107e-06 7.446100e-16
6.376011e-06 6.375400e-16
6.405917e-06 5.923700e-16
6.435824e-06 5.561000e-16
6.465729e-06 4.920600e-16
6.495635e-06 4.851000e-16
6.525541e-06 4.927900e-16
6.555447e-06 4.514600e-16
6.585353e-06 4.606300e-16
6.615259e-06 4.864800e-16
6.645164e-06 4.899800e-16
6.675071e-06 4.366200e-16
6.704976e-06 4.730900e-16
6.734882e-06 4.687900e-16
6.764788e-06 4.486000e-16
6.794693e-06 4.329500e-16
6.824600e-06 4.158600e-16
6.854505e-06 4.741400e-16
6.884411e-06 5.168700e-16
6.914317e-06 5.668700e-16
6.944222e-06 5.408300e-16
6.974129e-06 6.517700e-16
7.004034e-06 6.443900e-16
7.033940e-06 5.569200e-16
7.063847e-06 5.353900e-16
7.093752e-06 5.213400e-16
7.123657e-06 5.485700e-16
7.153564e-06 5.398000e-16
7.183469e-06 5.371200e-16
7.213375e-06 5.576200e-16
7.243280e-06 5.862200e-16
7.271229e-06 6.666800e-16
7.273187e-06 5.289700e-16
7.303093e-06 6.169400e-16
7.331159e-06 7.699900e-16
7.332998e-06 6.557100e-16
7.391090e-06 9.082800e-16
7.451021e-06 1.084500e-15
7.510952e-06 1.258100e-15
7.570882e-06 1.388300e-15
7.630814e-06 1.434500e-15
7.690744e-06 1.342100e-15
7.750675e-06 1.269300e-15
7.810607e-06 1.238000e-15
7.870537e-06 1.112200e-15
7.930467e-06 9.814800e-16
7.990399e-06 8.567600e-16
8.050329e-06 7.673000e-16
8.110261e-06 6.814500e-16
8.170191e-06 5.946200e-16
8.230122e-06 5.631500e-16
8.290053e-06 5.816700e-16
8.349985e-06 6.045800e-16
8.409914e-06 5.998800e-16
8.469845e-06 6.042100e-16
8.529777e-06 6.473000e-16
8.589707e-06 6.580100e-16
8.649637e-06 6.152500e-16
8.709568e-06 5.134200e-16
8.769499e-06 4.436500e-16
8.829431e-06 3.718400e-16
8.889361e-06 3.262900e-16
8.949292e-06 3.284900e-16
9.009223e-06 3.270000e-16
9.069154e-06 2.705000e-16
9.129084e-06 2.456300e-16
9.189014e-06 2.433300e-16
9.248946e-06 2.340000e-16
9.308877e-06 2.298500e-16
9.368807e-06 2.316000e-16
9.428739e-06 2.340000e-16
9.488670e-06 2.281300e-16
9.548601e-06 2.218000e-16
9.608532e-06 2.404300e-16
9.668458e-06 2.586100e-16
9.728394e-06 2.293900e-16
9.788321e-06 2.146800e-16
9.848258e-06 2.099200e-16
9.908184e-06 2.087100e-16
9.968120e-06 2.075000e-16
1.002805e-05 2.096500e-16
1.008798e-05 2.044500e-16
1.014791e-05 2.075200e-16
1.020784e-05 2.091700e-16
1.026777e-05 2.114800e-16
1.032770e-05 2.185900e-16
1.038763e-05 2.272500e-16
1.044756e-05 2.677200e-16
1.050749e-05 3.345500e-16
1.056743e-05 3.043400e-16
1.062735e-05 2.728300e-16
1.068729e-05 2.619400e-16
1.074722e-05 2.711100e-16
1.080714e-05 2.676100e-16
1.086708e-05 2.779500e-16
1.092701e-05 3.032000e-16
1.098694e-05 3.455300e-16
1.104687e-05 3.774500e-16
1.110681e-05 4.338000e-16
1.116673e-05 6.214600e-16
1.122666e-05 7.656800e-16
1.128660e-05 7.692700e-16
1.134652e-05 6.410000e-16
1.140646e-05 5.326500e-16
1.146639e-05 4.542800e-16
1.152632e-05 4.394300e-16
1.158625e-05 4.575200e-16
1.164618e-05 3.919400e-16
1.170611e-05 3.965100e-16
1.176604e-05 4.076600e-16
1.182597e-05 3.982000e-16
1.188590e-05 4.421700e-16
1.194583e-05 4.576900e-16
1.200577e-05 4.642300e-16
1.206569e-05 4.714200e-16
1.212563e-05 4.732700e-16
1.218556e-05 4.820600e-16
1.224549e-05 5.130600e-16
1.230542e-05 5.541900e-16
1.236535e-05 5.546900e-16
1.242528e-05 5.677500e-16
1.248521e-05 5.927000e-16
1.254514e-05 6.216900e-16
1.260507e-05 6.581600e-16
1.266500e-05 6.840600e-16
1.272493e-05 7.328500e-16
1.278486e-05 9.996100e-16
1.284480e-05 9.030700e-16
1.290473e-05 6.594100e-16
1.296466e-05 5.882600e-16
1.302459e-05 5.764100e-16
1.308452e-05 5.685300e-16
1.314445e-05 5.770900e-16
1.320438e-05 5.768500e-16
1.326431e-05 6.025100e-16
1.332424e-05 5.850700e-16
1.338418e-05 5.633000e-16
1.344410e-05 5.946000e-16
1.350403e-05 6.216000e-16
1.356397e-05 6.044200e-16
1.362390e-05 5.987400e-16
1.368383e-05 5.933300e-16
1.374376e-05 5.656000e-16
1.380369e-05 5.827300e-16
1.386362e-05 5.391200e-16
1.392355e-05 5.005200e-16
1.398348e-05 5.105100e-16
1.403505e-05 5.819500e-16
1.412355e-05 5.953900e-16
1.421205e-05 5.998000e-16
1.430055e-05 5.985600e-16
1.438904e-05 5.978000e-16
1.447754e-05 5.877900e-16
1.456605e-05 5.908500e-16
1.465454e-05 5.834000e-16
1.474304e-05 5.908000e-16
1.483154e-05 6.313500e-16
1.492004e-05 5.718600e-16
1.500853e-05 5.723600e-16
1.509703e-05 5.657800e-16
1.518553e-05 5.678600e-16
1.527403e-05 5.647100e-16
1.536252e-05 5.670100e-16
1.545103e-05 5.983100e-16
1.553953e-05 8.129500e-16
1.562802e-05 7.466100e-16
1.571652e-05 5.630900e-16
1.580502e-05 5.384000e-16
1.589352e-05 5.390600e-16
1.598201e-05 5.351800e-16
1.607052e-05 5.339300e-16
1.615901e-05 5.316700e-16
1.624751e-05 5.382500e-16
1.633600e-05 5.735900e-16
1.642451e-05 5.896100e-16
1.651300e-05 5.711100e-16
1.660150e-05 5.849900e-16
1.669000e-05 5.903300e-16
1.677850e-05 5.949400e-16
1.686700e-05 5.952100e-16
1.695550e-05 6.307400e-16
1.704400e-05 6.860100e-16
1.713249e-05 6.467100e-16
1.722099e-05 6.239300e-16
1.730949e-05 6.297600e-16
1.739799e-05 6.299600e-16
1.748648e-05 6.169700e-16
1.757499e-05 6.045200e-16
1.766348e-05 6.066000e-16
1.775198e-05 6.166100e-16
1.784048e-05 6.332100e-16
1.792898e-05 6.157100e-16
1.801747e-05 6.028500e-16
1.810597e-05 6.047200e-16
1.819448e-05 6.141800e-16
1.828297e-05 5.994000e-16
1.837147e-05 6.012900e-16
1.845997e-05 6.544500e-16
1.854847e-05 6.230800e-16
1.863696e-05 7.143700e-16
1.872546e-05 9.532000e-16
1.881396e-05 6.890200e-16
1.890246e-05 6.463300e-16
1.899095e-05 6.473300e-16
1.907946e-05 6.566200e-16
1.916796e-05 6.825900e-16
1.925645e-05 6.704800e-16
1.934495e-05 7.162500e-16
1.943345e-05 6.868500e-16
1.952195e-05 6.964400e-16
1.961044e-05 6.941600e-16
1.969895e-05 7.374600e-16
1.983909e-05 6.254700e-16
2.000847e-05 7.989000e-16
2.017795e-05 7.482500e-16
2.034754e-05 7.028100e-16
2.051720e-05 7.937300e-16
2.068695e-05 8.936900e-16
2.085680e-05 7.517500e-16
2.102674e-05 8.112900e-16
2.119677e-05 8.802200e-16
2.136690e-05 8.277700e-16
2.153711e-05 7.883400e-16
2.170743e-05 8.643000e-16
2.187783e-05 9.143200e-16
2.204832e-05 8.832400e-16
2.221891e-05 8.467800e-16
2.238959e-05 8.856600e-16
2.256037e-05 9.292200e-16
2.273124e-05 9.313300e-16
2.290220e-05 9.170000e-16
2.307326e-05 9.137900e-16
2.324440e-05 9.562500e-16
2.341565e-05 9.861500e-16
2.358700e-05 9.838900e-16
2.375843e-05 9.743600e-16
2.392996e-05 1.013000e-15
2.410158e-05 1.051200e-15
2.427329e-05 1.112500e-15
2.444511e-05 1.079800e-15
2.461702e-05 1.083200e-15
2.478903e-05 1.117700e-15
2.496112e-05 1.147400e-15
2.513332e-05 1.165300e-15
2.530561e-05 1.187100e-15
2.547800e-05 1.190900e-15
2.565048e-05 1.215000e-15
2.582306e-05 1.243000e-15
2.599574e-05 1.250000e-15
2.616851e-05 1.270100e-15
2.634138e-05 1.279400e-15
2.651435e-05 1.273000e-15
2.668742e-05 1.280500e-15
2.686058e-05 1.293700e-15
2.703383e-05 1.317200e-15
2.720719e-05 1.340300e-15
2.738065e-05 1.322300e-15
2.755420e-05 1.338700e-15
2.772785e-05 1.336700e-15
2.790160e-05 1.360300e-15
2.807545e-05 1.378600e-15
2.824940e-05 1.410700e-15
2.842344e-05 1.500500e-15
2.859759e-05 1.429700e-15
2.877183e-05 1.527800e-15
2.894618e-05 1.428600e-15
2.912062e-05 1.406000e-15
2.929516e-05 1.467400e-15
2.946981e-05 1.461200e-15
2.964455e-05 1.472900e-15
2.981939e-05 1.453100e-15
2.999433e-05 1.501600e-15
3.016939e-05 1.478900e-15
3.034453e-05 1.454000e-15
3.051978e-05 1.506900e-15
3.069512e-05 1.550400e-15
3.087058e-05 1.502200e-15
3.104612e-05 1.505300e-15
3.122177e-05 1.537800e-15
3.139752e-05 1.494100e-15
3.157338e-05 1.525400e-15
3.174934e-05 1.478700e-15
3.192540e-05 1.464000e-15
3.210156e-05 1.515000e-15
3.227783e-05 1.621800e-15
3.245420e-05 1.559600e-15
3.263067e-05 1.464400e-15
3.280724e-05 1.533400e-15
3.298392e-05 1.473700e-15
3.316070e-05 1.501500e-15
3.333759e-05 1.613100e-15
3.351457e-05 1.709400e-15
3.369167e-05 1.605500e-15
