1.000400e-08 1.673800e-23
1.019000e-08 2.161300e-23
1.040300e-08 2.622400e-23
1.059600e-08 3.248700e-23
1.079300e-08 4.033700e-23
1.099400e-08 5.790400e-23
1.140700e-08 8.388900e-23
1.180700e-08 1.152700e-22
1.211000e-08 2.504400e-22
1.250700e-08 3.401800e-22
1.271000e-08 3.923800e-22
1.279800e-08 4.223800e-22
1.309700e-08 5.148800e-22
1.318700e-08 5.737300e-22
1.340200e-08 6.496900e-22
1.371400e-08 8.141500e-22
1.400100e-08 9.720900e-22
1.429400e-08 1.418100e-21
1.469500e-08 2.021600e-21
1.510600e-08 2.487200e-21
1.549400e-08 3.045800e-21
1.589100e-08 3.695800e-21
1.618700e-08 4.243300e-21
1.660200e-08 5.078200e-21
1.698900e-08 6.007700e-21
1.730400e-08 6.787400e-21
1.770700e-08 7.937900e-21
1.799500e-08 8.886000e-21
1.820400e-08 9.565500e-21
1.858500e-08 1.103300e-20
1.910500e-08 1.302300e-20
1.941600e-08 1.437800e-20
1.982200e-08 1.631900e-20
2.019100e-08 1.835300e-20
2.051900e-08 2.003100e-20
2.099700e-08 2.268300e-20
2.158500e-08 2.695900e-20
2.198600e-08 2.983400e-20
2.229200e-08 3.204100e-20
2.270700e-08 3.529400e-20
2.302300e-08 9.434200e-20
2.339700e-08 1.338800e-19
2.399700e-08 1.613300e-19
2.461300e-08 1.681500e-19
2.518600e-08 1.818500e-19
2.571300e-08 1.704900e-19
2.601100e-08 1.917400e-19
2.637300e-08 2.031000e-19
2.692500e-08 2.112100e-19
2.742600e-08 2.186300e-19
2.787100e-08 2.257900e-19
2.838900e-08 2.331900e-19
2.898400e-08 2.358900e-19
2.959100e-08 2.470100e-19
3.007200e-08 2.470100e-19
3.077200e-08 2.598400e-19
3.178000e-08 2.777800e-19
3.282100e-08 2.895400e-19
3.381900e-08 3.011000e-19
3.476600e-08 3.124000e-19
3.574000e-08 3.248700e-19
3.657300e-08 3.401800e-19
3.751100e-08 3.513200e-19
3.847300e-08 3.620000e-19
3.946000e-08 3.878900e-19
4.047200e-08 4.108700e-19
4.141500e-08 4.352200e-19
4.218500e-08 4.557300e-19
4.296900e-08 4.816200e-19
4.407100e-08 5.305300e-19
4.509800e-08 5.777000e-19
4.604200e-08 6.233100e-19
4.700600e-08 6.945500e-19
4.799100e-08 7.793000e-19
4.899500e-08 8.683700e-19
5.002100e-08 9.970200e-19
5.060100e-08 3.339700e-18
5.118700e-08 1.158000e-17
5.201800e-08 1.168700e-17
5.298500e-08 1.198700e-17
5.397000e-08 1.136900e-17
5.497400e-08 1.418100e-17
5.599600e-08 1.677700e-17
5.703700e-08 1.839500e-17
5.796400e-08 1.777100e-17
5.904100e-08 2.045100e-17
6.000100e-08 2.059200e-17
6.097600e-08 2.337300e-17
6.196600e-08 2.646700e-17
6.297300e-08 2.797100e-17
6.399600e-08 2.888700e-17
6.503600e-08 3.131200e-17
6.578900e-08 3.241200e-17
6.655100e-08 3.449100e-17
6.747700e-08 3.603300e-17
6.857300e-08 3.562100e-17
6.952700e-08 4.175500e-17
7.049500e-08 4.043000e-17
7.164000e-08 4.717400e-17
7.263700e-08 4.894500e-17
7.347800e-08 5.113400e-17
7.450000e-08 5.466500e-17
7.553600e-08 5.724100e-17
7.658700e-08 5.980100e-17
7.747400e-08 6.349000e-17
7.855200e-08 6.771800e-17
7.946100e-08 7.026000e-17
8.056700e-08 7.289600e-17
8.150000e-08 7.545800e-17
8.244300e-08 8.048300e-17
8.359000e-08 7.425200e-17
8.455800e-08 8.544900e-17
8.553700e-08 8.865600e-17
8.652800e-08 9.326200e-17
8.753000e-08 9.788300e-17
8.854300e-08 1.029700e-16
8.956900e-08 1.073300e-16
9.039700e-08 1.095700e-16
9.144400e-08 1.540700e-16
9.250300e-08 8.544900e-16
9.357400e-08 1.752700e-15
9.444000e-08 3.441200e-15
9.553400e-08 4.567800e-15
9.641800e-08 5.632600e-15
9.753400e-08 1.756700e-15
9.843600e-08 6.091200e-15
9.957600e-08 5.966300e-15
1.004980e-07 6.881900e-15
1.014280e-07 6.218800e-15
1.026020e-07 2.628500e-15
1.035510e-07 5.232500e-15
1.045100e-07 7.739400e-15
1.054770e-07 7.668400e-15
1.064530e-07 6.850200e-15
1.074380e-07 7.493900e-15
1.084320e-07 6.709700e-15
1.094350e-07 7.615600e-15
1.104480e-07 7.272900e-15
1.114700e-07 7.222800e-15
1.125010e-07 6.678900e-15
1.135420e-07 7.374000e-15
1.145920e-07 6.929600e-15
1.153870e-07 7.123700e-15
1.164540e-07 7.222800e-15
1.175320e-07 5.817100e-15
1.186200e-07 6.977600e-15
1.194420e-07 6.035400e-15
1.205470e-07 4.905800e-15
1.213830e-07 2.453000e-15
1.225060e-07 5.184500e-15
1.236390e-07 6.557000e-15
1.244960e-07 6.834500e-15
1.253590e-07 6.740700e-15
1.265190e-07 6.437300e-15
1.273960e-07 6.913600e-15
1.285750e-07 6.945500e-15
1.294660e-07 6.290800e-15
1.303640e-07 6.305300e-15
1.315700e-07 6.803100e-15
1.324820e-07 6.572100e-15
1.334000e-07 6.261900e-15
1.346340e-07 6.572100e-15
1.355680e-07 6.511900e-15
1.365070e-07 6.233100e-15
1.374540e-07 6.233100e-15
1.384060e-07 6.261900e-15
1.393660e-07 5.645500e-15
1.406550e-07 5.763800e-15
1.416300e-07 5.993800e-15
1.426120e-07 5.925200e-15
1.436010e-07 5.938900e-15
1.442630e-07 6.021500e-15
1.445960e-07 5.980100e-15
1.455980e-07 5.898000e-15
1.466070e-07 5.710900e-15
1.476240e-07 5.671600e-15
1.486470e-07 5.619600e-15
1.493330e-07 5.593800e-15
1.503680e-07 5.403900e-15
1.510620e-07 5.125100e-15
1.517600e-07 5.244500e-15
1.524600e-07 5.220400e-15
1.535170e-07 4.849600e-15
1.545810e-07 4.905800e-15
1.556530e-07 4.739200e-15
1.563710e-07 4.849600e-15
1.574550e-07 4.985500e-15
1.585460e-07 5.008500e-15
1.596450e-07 5.031600e-15
1.603820e-07 4.894500e-15
1.614940e-07 4.860800e-15
1.626130e-07 4.783100e-15
1.633640e-07 4.872000e-15
1.644960e-07 4.816200e-15
1.656370e-07 4.717400e-15
1.664010e-07 4.849600e-15
1.671690e-07 4.652700e-15
1.675540e-07 4.838400e-15
1.683280e-07 4.827300e-15
1.694950e-07 4.695800e-15
1.706700e-07 4.578300e-15
1.714570e-07 4.453500e-15
1.726460e-07 4.412700e-15
1.734430e-07 4.505100e-15
1.746450e-07 4.412700e-15
1.754510e-07 4.484400e-15
1.766670e-07 4.292500e-15
1.774830e-07 4.312300e-15
1.783020e-07 4.322200e-15
1.795380e-07 4.372300e-15
1.803670e-07 4.362200e-15
1.816170e-07 4.185100e-15
1.824550e-07 4.214100e-15
1.832970e-07 4.137200e-15
1.845680e-07 3.923800e-15
1.854200e-07 3.887800e-15
1.867050e-07 3.923800e-15
1.875670e-07 4.033700e-15
1.884330e-07 3.799300e-15
1.893020e-07 3.653500e-15
1.906150e-07 3.816900e-15
1.914940e-07 3.687300e-15
1.923780e-07 3.611700e-15
1.937120e-07 3.687300e-15
1.946060e-07 3.755800e-15
1.955040e-07 3.553900e-15
1.968590e-07 3.704300e-15
1.977680e-07 3.773200e-15
1.982240e-07 3.620000e-15
1.995980e-07 3.537600e-15
2.005190e-07 3.586800e-15
2.014450e-07 3.562100e-15
2.023750e-07 3.611700e-15
2.033090e-07 3.481000e-15
2.047180e-07 3.489000e-15
2.056630e-07 3.347400e-15
2.066120e-07 3.386100e-15
2.075660e-07 3.513200e-15
2.085240e-07 3.425400e-15
2.094870e-07 3.309100e-15
2.104530e-07 3.355100e-15
2.114250e-07 3.347400e-15
2.124010e-07 3.370600e-15
2.133810e-07 3.286300e-15
2.143660e-07 3.248700e-15
2.153560e-07 3.286300e-15
2.163500e-07 3.226300e-15
2.173480e-07 3.204100e-15
2.183510e-07 3.167400e-15
2.193590e-07 3.204100e-15
2.203720e-07 3.145600e-15
2.213890e-07 3.088200e-15
2.224110e-07 3.031800e-15
2.234370e-07 3.074000e-15
2.244690e-07 3.031800e-15
2.255050e-07 2.969700e-15
2.265460e-07 2.976500e-15
2.275920e-07 2.976500e-15
2.286420e-07 2.976500e-15
2.296970e-07 2.889100e-15
2.307580e-07 2.898700e-15
2.312900e-07 2.853800e-15
2.323570e-07 2.557700e-15
2.334300e-07 2.775200e-15
2.345070e-07 2.721000e-15
2.355900e-07 2.768000e-15
2.366770e-07 2.695400e-15
2.377700e-07 2.710600e-15
2.383180e-07 2.632000e-15
2.394180e-07 2.671300e-15
2.405230e-07 2.625300e-15
2.416330e-07 2.622000e-15
2.427480e-07 2.649000e-15
2.433080e-07 2.590000e-15
2.444310e-07 2.616700e-15
2.455590e-07 2.601500e-15
2.466930e-07 2.568500e-15
2.472610e-07 2.534600e-15
2.484030e-07 2.549000e-15
2.495490e-07 2.442400e-15
2.507010e-07 2.542700e-15
2.512790e-07 2.446400e-15
2.518580e-07 2.481700e-15
2.524390e-07 2.437700e-15
2.536040e-07 2.418000e-15
2.547750e-07 2.398400e-15
2.553620e-07 2.438700e-15
2.565410e-07 2.413400e-15
2.577250e-07 2.432800e-15
2.583190e-07 2.422900e-15
2.595110e-07 2.403300e-15
2.607090e-07 2.367500e-15
2.613100e-07 2.347100e-15
2.625160e-07 2.355100e-15
2.637280e-07 2.352300e-15
2.643360e-07 2.408400e-15
2.655560e-07 2.400000e-15
2.667820e-07 2.342600e-15
2.673970e-07 2.354800e-15
2.686310e-07 2.352000e-15
2.692500e-07 2.299700e-15
2.704930e-07 2.307600e-15
2.717420e-07 2.268100e-15
2.723680e-07 2.243400e-15
2.736250e-07 2.266800e-15
2.742560e-07 2.176000e-15
2.755220e-07 2.178500e-15
2.767940e-07 2.191000e-15
2.774320e-07 2.217700e-15
2.787120e-07 2.184700e-15
2.793550e-07 2.040100e-15
2.806440e-07 2.085200e-15
2.812910e-07 2.174800e-15
2.825890e-07 2.167300e-15
2.832410e-07 2.129000e-15
2.845480e-07 2.116800e-15
2.852040e-07 2.089000e-15
2.865210e-07 2.125400e-15
2.871810e-07 2.112100e-15
2.885070e-07 2.104800e-15
2.891720e-07 2.096400e-15
2.911760e-07 2.114700e-15
2.931950e-07 2.075100e-15
2.952270e-07 2.040900e-15
2.972730e-07 2.035200e-15
2.993340e-07 2.015600e-15
3.007160e-07 1.999600e-15
3.028000e-07 1.984900e-15
3.048990e-07 1.965800e-15
3.070120e-07 1.942400e-15
3.091410e-07 1.923800e-15
3.112830e-07 1.909700e-15
3.127200e-07 1.881600e-15
3.148880e-07 1.863600e-15
3.170710e-07 1.854300e-15
3.192690e-07 1.807200e-15
3.207420e-07 1.813700e-15
3.229650e-07 1.779900e-15
3.252040e-07 1.787500e-15
3.267050e-07 1.789800e-15
3.289700e-07 1.772800e-15
3.312500e-07 1.755900e-15
3.320140e-07 1.753000e-15
3.327790e-07 1.762300e-15
3.335460e-07 1.763500e-15
3.343150e-07 1.662100e-15
3.350860e-07 1.729600e-15
3.358580e-07 1.656600e-15
3.366330e-07 1.673100e-15
3.374090e-07 1.639900e-15
3.381860e-07 1.637200e-15
3.389660e-07 1.703700e-15
3.397470e-07 1.700900e-15
3.405310e-07 1.651800e-15
3.413160e-07 1.660600e-15
3.421020e-07 1.708200e-15
3.428910e-07 1.689800e-15
3.436810e-07 1.702700e-15
3.444740e-07 1.630900e-15
3.452680e-07 1.724700e-15
3.460640e-07 1.636900e-15
3.468610e-07 1.638000e-15
3.476610e-07 1.631600e-15
3.484630e-07 1.614000e-15
3.492660e-07 1.656500e-15
3.500710e-07 1.634900e-15
3.508780e-07 1.598800e-15
3.516870e-07 1.581600e-15
3.524980e-07 1.615800e-15
3.533100e-07 1.643200e-15
3.541250e-07 1.648100e-15
3.549410e-07 1.676000e-15
3.557590e-07 1.654200e-15
3.565790e-07 1.670600e-15
3.574010e-07 1.596500e-15
3.582250e-07 1.550500e-15
3.590510e-07 1.509300e-15
3.598790e-07 1.574300e-15
3.607080e-07 1.579000e-15
3.615400e-07 1.594700e-15
3.623730e-07 1.606900e-15
3.632090e-07 1.695500e-15
3.640460e-07 1.616600e-15
3.648850e-07 1.614000e-15
3.657260e-07 1.637600e-15
3.665690e-07 1.623800e-15
3.672090e-07 1.614000e-15
3.674830e-07 2.304100e-15
3.677580e-07 2.066000e-15
3.680320e-07 1.802600e-15
3.683070e-07 1.566700e-15
3.685810e-07 1.134700e-15
3.688560e-07 2.048800e-15
3.691300e-07 2.070200e-15
3.694050e-07 1.795700e-15
3.696790e-07 1.618700e-15
3.699530e-07 1.373300e-15
3.702280e-07 1.312500e-15
3.705020e-07 1.880000e-15
3.707770e-07 1.741700e-15
3.710510e-07 1.657700e-15
3.713260e-07 1.605600e-15
3.716000e-07 1.930800e-15
3.718750e-07 2.876000e-15
3.721490e-07 5.581600e-15
3.724240e-07 1.070000e-14
3.726980e-07 1.539400e-14
3.729730e-07 1.485500e-14
3.732470e-07 9.821400e-15
3.735210e-07 4.803000e-15
3.737960e-07 2.468100e-15
3.740700e-07 1.980400e-15
3.743450e-07 2.138900e-15
3.746190e-07 1.768600e-15
3.748940e-07 1.577900e-15
3.751680e-07 1.613800e-15
3.754430e-07 1.541600e-15
3.757170e-07 1.636700e-15
3.759920e-07 1.710300e-15
3.762660e-07 1.770000e-15
3.765410e-07 2.111200e-15
3.768150e-07 1.479700e-15
3.770900e-07 1.971500e-15
3.773640e-07 1.695000e-15
3.776380e-07 1.603700e-15
3.779130e-07 1.582000e-15
3.781870e-07 1.764300e-15
3.784620e-07 1.405900e-15
3.787360e-07 1.470400e-15
3.790110e-07 1.707800e-15
3.792850e-07 2.007100e-15
3.795600e-07 1.828600e-15
3.798340e-07 2.172000e-15
3.801090e-07 2.416400e-15
3.803830e-07 1.886800e-15
3.806580e-07 1.453700e-15
3.809320e-07 1.624700e-15
3.812070e-07 1.660600e-15
3.814810e-07 1.656200e-15
3.817550e-07 1.488100e-15
3.820300e-07 1.621200e-15
3.823040e-07 2.173400e-15
3.825790e-07 1.984300e-15
3.828530e-07 1.361000e-15
3.831280e-07 1.556000e-15
3.834020e-07 2.124000e-15
3.836770e-07 1.895500e-15
3.839510e-07 1.764000e-15
3.842260e-07 1.235100e-15
3.845000e-07 1.543700e-15
3.847750e-07 1.985000e-15
3.850490e-07 1.716600e-15
3.853240e-07 1.709900e-15
3.855980e-07 1.641900e-15
3.858720e-07 1.457800e-15
3.861470e-07 2.340300e-15
3.864210e-07 3.961600e-15
3.866960e-07 5.722300e-15
3.869700e-07 6.267700e-15
3.872450e-07 4.861400e-15
3.875190e-07 3.054400e-15
3.877940e-07 2.093000e-15
3.880680e-07 1.804500e-15
3.883430e-07 2.083600e-15
3.886170e-07 3.153800e-15
3.888920e-07 3.724000e-15
3.891660e-07 3.464900e-15
3.894410e-07 2.448100e-15
3.897150e-07 1.765100e-15
3.899890e-07 1.513000e-15
3.902640e-07 1.282300e-15
3.905380e-07 1.321800e-15
3.908130e-07 1.484700e-15
3.910870e-07 1.554500e-15
3.913620e-07 1.822300e-15
3.916360e-07 1.913300e-15
3.919110e-07 1.666200e-15
3.921850e-07 1.619400e-15
3.924600e-07 1.550600e-15
3.927340e-07 1.456400e-15
3.930090e-07 1.536700e-15
3.932830e-07 1.484400e-15
3.935580e-07 1.260000e-15
3.938320e-07 1.253200e-15
3.941060e-07 1.361900e-15
3.943810e-07 1.602500e-15
3.946550e-07 1.294200e-15
3.949300e-07 1.661800e-15
3.952040e-07 1.707000e-15
3.954790e-07 1.403400e-15
3.957530e-07 1.386400e-15
3.960280e-07 1.556400e-15
3.963020e-07 2.368400e-15
3.965770e-07 3.691100e-15
3.968510e-07 4.112600e-15
3.971260e-07 3.721500e-15
3.974000e-07 2.909500e-15
3.976750e-07 2.162800e-15
3.979490e-07 1.833900e-15
3.982230e-07 1.537200e-15
3.984980e-07 1.421800e-15
3.987720e-07 1.628900e-15
3.990470e-07 1.711900e-15
3.993210e-07 1.653300e-15
3.995960e-07 1.499900e-15
3.998700e-07 2.004900e-15
4.001450e-07 1.665400e-15
4.004190e-07 1.508400e-15
4.006940e-07 1.356800e-15
4.009680e-07 1.655000e-15
4.012430e-07 1.667700e-15
4.015170e-07 1.869000e-15
4.017920e-07 1.803900e-15
4.020660e-07 1.813900e-15
4.023400e-07 1.881100e-15
4.026150e-07 1.638000e-15
4.028890e-07 1.812400e-15
4.031640e-07 1.922900e-15
4.034380e-07 1.745200e-15
4.037130e-07 1.852600e-15
4.039870e-07 1.668400e-15
4.042620e-07 1.561100e-15
4.045360e-07 1.340800e-15
4.048110e-07 1.658200e-15
4.050850e-07 1.756000e-15
4.053600e-07 1.855900e-15
4.056340e-07 1.723100e-15
4.059090e-07 1.748300e-15
4.061830e-07 1.797400e-15
4.064570e-07 1.737500e-15
4.067320e-07 1.784200e-15
4.070060e-07 1.781800e-15
4.072810e-07 2.080500e-15
4.075550e-07 1.846800e-15
4.078300e-07 1.814400e-15
4.081040e-07 1.623300e-15
4.083790e-07 1.917700e-15
4.086530e-07 1.729300e-15
4.089280e-07 1.534800e-15
4.092020e-07 1.511000e-15
4.094770e-07 2.099300e-15
4.097510e-07 3.241000e-15
4.100250e-07 4.203700e-15
4.103000e-07 4.269400e-15
4.105740e-07 3.359000e-15
4.108490e-07 2.289000e-15
4.111230e-07 1.860300e-15
4.113980e-07 1.601800e-15
4.116720e-07 1.670600e-15
4.119470e-07 1.913600e-15
4.122210e-07 1.452300e-15
4.124960e-07 1.486600e-15
4.127700e-07 1.439000e-15
4.130450e-07 1.590900e-15
4.133190e-07 1.656000e-15
4.135940e-07 1.464000e-15
4.138680e-07 1.514100e-15
4.141420e-07 1.621900e-15
4.144170e-07 1.647000e-15
4.146910e-07 1.882200e-15
4.149660e-07 1.673900e-15
4.152400e-07 1.821400e-15
4.155150e-07 1.403900e-15
4.157890e-07 1.626900e-15
4.160640e-07 1.722300e-15
4.163380e-07 1.572200e-15
4.166130e-07 1.608900e-15
4.168870e-07 1.430600e-15
4.171620e-07 1.852200e-15
4.174360e-07 1.563600e-15
4.177110e-07 1.511100e-15
4.179850e-07 1.609600e-15
4.182590e-07 1.461500e-15
4.185340e-07 1.539800e-15
4.188080e-07 1.542800e-15
4.190830e-07 1.960800e-15
4.193570e-07 1.652900e-15
4.196320e-07 1.643500e-15
4.199060e-07 1.811900e-15
4.201810e-07 1.692500e-15
4.204550e-07 1.577500e-15
4.207300e-07 1.421800e-15
4.210040e-07 1.506300e-15
4.212790e-07 1.494000e-15
4.215530e-07 1.545300e-15
4.218280e-07 1.802200e-15
4.221020e-07 1.600400e-15
4.223760e-07 1.776800e-15
4.226510e-07 1.462000e-15
4.229250e-07 1.336000e-15
4.232000e-07 1.652100e-15
4.234740e-07 1.769800e-15
4.237490e-07 1.503900e-15
4.240230e-07 1.493800e-15
4.242980e-07 1.510200e-15
4.245720e-07 1.569000e-15
4.248470e-07 1.616800e-15
4.251210e-07 1.387200e-15
4.253960e-07 1.659800e-15
4.256700e-07 1.529600e-15
4.259450e-07 1.369200e-15
4.262190e-07 1.227000e-15
4.264930e-07 1.480600e-15
4.267680e-07 1.457000e-15
4.270420e-07 1.725500e-15
4.273170e-07 1.556200e-15
4.275910e-07 1.500300e-15
4.278660e-07 1.524400e-15
4.281400e-07 1.517800e-15
4.284150e-07 1.568200e-15
4.286890e-07 1.467600e-15
4.289640e-07 1.603900e-15
4.292380e-07 1.543000e-15
4.295130e-07 1.472400e-15
4.297870e-07 1.528800e-15
4.300620e-07 1.467400e-15
4.303360e-07 1.298000e-15
4.306100e-07 1.598300e-15
4.308850e-07 1.508200e-15
4.311590e-07 1.527100e-15
4.314340e-07 1.423300e-15
4.317080e-07 1.390000e-15
4.319830e-07 1.365000e-15
4.322570e-07 1.252200e-15
4.325320e-07 1.588100e-15
4.328060e-07 1.459400e-15
4.330810e-07 1.731400e-15
4.333550e-07 2.512800e-15
4.336300e-07 4.274300e-15
4.339040e-07 6.067500e-15
4.341790e-07 6.205400e-15
4.344530e-07 4.776500e-15
4.347270e-07 3.047400e-15
4.350020e-07 2.046500e-15
4.352760e-07 1.418700e-15
4.355510e-07 1.625300e-15
4.358250e-07 1.949200e-15
4.361000e-07 2.283500e-15
4.363740e-07 2.569500e-15
4.366490e-07 2.467100e-15
4.369230e-07 1.883000e-15
4.371980e-07 1.613800e-15
4.374720e-07 1.506300e-15
4.377470e-07 1.451000e-15
4.380210e-07 1.517100e-15
4.382960e-07 1.611500e-15
4.385700e-07 1.497700e-15
4.388440e-07 1.441700e-15
4.391190e-07 1.367000e-15
4.393930e-07 1.605800e-15
4.396680e-07 1.602600e-15
4.399420e-07 1.487600e-15
4.402170e-07 1.611900e-15
4.404910e-07 1.657400e-15
4.407660e-07 1.411600e-15
4.410400e-07 1.219600e-15
4.413150e-07 1.349800e-15
4.415890e-07 1.457400e-15
4.418640e-07 1.673200e-15
4.421380e-07 1.342000e-15
4.424130e-07 1.504500e-15
4.426870e-07 1.318100e-15
4.429610e-07 1.550300e-15
4.432360e-07 1.716400e-15
4.435100e-07 1.700700e-15
4.437850e-07 1.569100e-15
4.440590e-07 1.253000e-15
4.443340e-07 1.358100e-15
4.446080e-07 1.379000e-15
4.448830e-07 1.500600e-15
4.451570e-07 1.552500e-15
4.454320e-07 1.405500e-15
4.457060e-07 1.433800e-15
4.459810e-07 1.606800e-15
4.462550e-07 1.634100e-15
4.465290e-07 1.681100e-15
4.468040e-07 1.856900e-15
4.470780e-07 2.002200e-15
4.473530e-07 2.159600e-15
4.476270e-07 1.995600e-15
4.479020e-07 1.833400e-15
4.481760e-07 1.721100e-15
4.484510e-07 1.620400e-15
4.487250e-07 1.729200e-15
4.490000e-07 1.597100e-15
4.492740e-07 1.486100e-15
4.495490e-07 1.600900e-15
4.498230e-07 1.550900e-15
4.500980e-07 1.500800e-15
4.503720e-07 1.645800e-15
4.506460e-07 1.355200e-15
4.509210e-07 1.548500e-15
4.511950e-07 1.480200e-15
4.514700e-07 1.361200e-15
4.517440e-07 1.439500e-15
4.520190e-07 1.570500e-15
4.522930e-07 1.426700e-15
4.525680e-07 1.572200e-15
4.528420e-07 1.301900e-15
4.531170e-07 1.582500e-15
4.533910e-07 1.499200e-15
4.536660e-07 1.526600e-15
4.539400e-07 1.474700e-15
4.542150e-07 1.216300e-15
4.544890e-07 1.537200e-15
4.547630e-07 1.522300e-15
4.550380e-07 1.514600e-15
4.553120e-07 1.303800e-15
4.555870e-07 1.420300e-15
4.558610e-07 1.509200e-15
4.561360e-07 1.319200e-15
4.564100e-07 1.504800e-15
4.566850e-07 1.369700e-15
4.569590e-07 1.730200e-15
4.572340e-07 1.841800e-15
4.575080e-07 1.623900e-15
4.577830e-07 1.414300e-15
4.580570e-07 1.503600e-15
4.583320e-07 1.561700e-15
4.586060e-07 1.417200e-15
4.588800e-07 1.641900e-15
4.591550e-07 1.668900e-15
4.594290e-07 1.565800e-15
4.597040e-07 1.566700e-15
4.599780e-07 1.288400e-15
4.602530e-07 1.568500e-15
4.605270e-07 1.513300e-15
4.608020e-07 1.613200e-15
4.610760e-07 1.534600e-15
4.613510e-07 1.332800e-15
4.616250e-07 1.446200e-15
4.619000e-07 1.647500e-15
4.621740e-07 1.681200e-15
4.624490e-07 1.566200e-15
4.627230e-07 1.596900e-15
4.629970e-07 1.455400e-15
4.632720e-07 1.483100e-15
4.635460e-07 1.373600e-15
4.638210e-07 1.451800e-15
4.640950e-07 1.434600e-15
4.643700e-07 1.337900e-15
4.646440e-07 1.632800e-15
4.649190e-07 1.424700e-15
4.651930e-07 1.674700e-15
4.654680e-07 1.611400e-15
4.657420e-07 2.024400e-15
4.660170e-07 1.728400e-15
4.662910e-07 1.588900e-15
4.665660e-07 1.460000e-15
4.668400e-07 1.276800e-15
4.671140e-07 1.359600e-15
4.673890e-07 1.478200e-15
4.676630e-07 1.344500e-15
4.679380e-07 1.628400e-15
4.682120e-07 1.665100e-15
4.684870e-07 1.732900e-15
4.687610e-07 1.643800e-15
4.690360e-07 1.566200e-15
4.693100e-07 1.772400e-15
4.695850e-07 1.517000e-15
4.698590e-07 1.709900e-15
4.701340e-07 1.393000e-15
4.704080e-07 1.471500e-15
4.706830e-07 1.333300e-15
4.709570e-07 1.755400e-15
4.712310e-07 1.534900e-15
4.715060e-07 1.504700e-15
4.717800e-07 1.350500e-15
4.720550e-07 1.428200e-15
4.723290e-07 1.509200e-15
4.726040e-07 1.421300e-15
4.728780e-07 1.357800e-15
4.731530e-07 1.453000e-15
4.734270e-07 1.244300e-15
4.737020e-07 1.345800e-15
4.739760e-07 1.542200e-15
4.742510e-07 1.475000e-15
4.745250e-07 1.450900e-15
4.748000e-07 1.550000e-15
4.750740e-07 1.391000e-15
4.753480e-07 1.371300e-15
4.756230e-07 1.344200e-15
4.758970e-07 1.373300e-15
4.761720e-07 1.342100e-15
4.764460e-07 1.466500e-15
4.767210e-07 1.589400e-15
4.769950e-07 1.600100e-15
4.772700e-07 1.523800e-15
4.775440e-07 1.539300e-15
4.778190e-07 1.339000e-15
4.780930e-07 1.484400e-15
4.783680e-07 1.446200e-15
4.786420e-07 1.434300e-15
4.789170e-07 1.446900e-15
4.791910e-07 1.371700e-15
4.794650e-07 1.483100e-15
4.797400e-07 1.648700e-15
4.800140e-07 1.498600e-15
4.802890e-07 1.451000e-15
4.805630e-07 1.358300e-15
4.808380e-07 1.416200e-15
4.811120e-07 1.321100e-15
4.813870e-07 1.296900e-15
4.816610e-07 1.635200e-15
4.819360e-07 1.418400e-15
4.822100e-07 1.492200e-15
4.824850e-07 1.458000e-15
4.827590e-07 1.463500e-15
4.830330e-07 1.521100e-15
4.833080e-07 1.567900e-15
4.835820e-07 1.406600e-15
4.838570e-07 1.371700e-15
4.841310e-07 1.337900e-15
4.844060e-07 1.289100e-15
4.846800e-07 1.192900e-15
4.849550e-07 1.570300e-15
4.852290e-07 1.925900e-15
4.855040e-07 3.719000e-15
4.857780e-07 7.975700e-15
4.860530e-07 1.236700e-14
4.863270e-07 1.275400e-14
4.866020e-07 8.175900e-15
4.868760e-07 3.644100e-15
4.871500e-07 1.938100e-15
4.874250e-07 1.515100e-15
4.876990e-07 1.375400e-15
4.879740e-07 1.375500e-15
4.882480e-07 1.427300e-15
4.885230e-07 1.254700e-15
4.887970e-07 1.415500e-15
4.890720e-07 1.358900e-15
4.893460e-07 1.366900e-15
4.896210e-07 1.395400e-15
4.898950e-07 1.401900e-15
4.901700e-07 1.427800e-15
4.904440e-07 1.436800e-15
4.907190e-07 1.393400e-15
4.909930e-07 1.241900e-15
4.912670e-07 1.374200e-15
4.915420e-07 1.411100e-15
4.918160e-07 1.308600e-15
4.920910e-07 1.472500e-15
4.923650e-07 1.542900e-15
4.926400e-07 1.498100e-15
4.929140e-07 1.513300e-15
4.931890e-07 1.423600e-15
4.934630e-07 1.328900e-15
4.937380e-07 1.679300e-15
4.940120e-07 1.602400e-15
4.942870e-07 1.625500e-15
4.945610e-07 1.560200e-15
4.948360e-07 1.879000e-15
4.951100e-07 3.381800e-15
4.953840e-07 8.294200e-15
4.956590e-07 1.636700e-14
4.959330e-07 2.137100e-14
4.962080e-07 1.778000e-14
4.964820e-07 9.350500e-15
4.967570e-07 3.554500e-15
4.970310e-07 1.985400e-15
4.973060e-07 1.595200e-15
4.975800e-07 1.420500e-15
4.978550e-07 1.443500e-15
4.981290e-07 1.504000e-15
4.984040e-07 1.435700e-15
4.986780e-07 1.419600e-15
4.989530e-07 1.516800e-15
4.992270e-07 1.841500e-15
4.995010e-07 2.265100e-15
4.997760e-07 4.679600e-15
5.000500e-07 1.389100e-14
5.003250e-07 3.502400e-14
5.005990e-07 5.790100e-14
5.008740e-07 5.888900e-14
5.011480e-07 3.680200e-14
5.014230e-07 1.415900e-14
5.016970e-07 4.822200e-15
5.019720e-07 2.340200e-15
5.022460e-07 1.805900e-15
5.025210e-07 1.557700e-15
5.027950e-07 1.489100e-15
5.030700e-07 1.352600e-15
5.033440e-07 1.370400e-15
5.036180e-07 1.398100e-15
5.038930e-07 1.243300e-15
5.041670e-07 1.169200e-15
5.044420e-07 1.405900e-15
5.047160e-07 1.247700e-15
5.049910e-07 1.445800e-15
5.052650e-07 1.300300e-15
5.055400e-07 1.456000e-15
5.058140e-07 1.458100e-15
5.060890e-07 1.345700e-15
5.063630e-07 1.300600e-15
5.066380e-07 1.312100e-15
5.069120e-07 1.207100e-15
5.071870e-07 1.361600e-15
5.074610e-07 1.313100e-15
5.077350e-07 1.320200e-15
5.080100e-07 1.277600e-15
5.082840e-07 1.254700e-15
5.085590e-07 1.127200e-15
5.088330e-07 1.307400e-15
5.091080e-07 1.374900e-15
5.093820e-07 1.350000e-15
5.096570e-07 1.425000e-15
5.099310e-07 1.247200e-15
5.102060e-07 1.234400e-15
5.104800e-07 1.252700e-15
5.107550e-07 1.349300e-15
5.110290e-07 1.252600e-15
5.113040e-07 1.258200e-15
5.115780e-07 1.314200e-15
5.118520e-07 1.417100e-15
5.121270e-07 1.360900e-15
5.124010e-07 1.341500e-15
5.126760e-07 1.351600e-15
5.129500e-07 1.247500e-15
5.132250e-07 1.252800e-15
5.134990e-07 1.168900e-15
5.137740e-07 1.292300e-15
5.140480e-07 1.235000e-15
5.143230e-07 1.368700e-15
5.145970e-07 1.310600e-15
5.148720e-07 1.373100e-15
5.151460e-07 1.172700e-15
5.154210e-07 1.126900e-15
5.156950e-07 1.301100e-15
5.159690e-07 1.317700e-15
5.162440e-07 1.255100e-15
5.165180e-07 1.051700e-15
5.167930e-07 9.646100e-16
5.170670e-07 1.237400e-15
5.173420e-07 1.305200e-15
5.176160e-07 1.157900e-15
5.178910e-07 1.244000e-15
5.181650e-07 1.187800e-15
5.184400e-07 1.197100e-15
5.187140e-07 1.227300e-15
5.189890e-07 1.188000e-15
5.192630e-07 1.033200e-15
5.195370e-07 1.070000e-15
5.198120e-07 1.115000e-15
5.200860e-07 1.254100e-15
5.203610e-07 1.275200e-15
5.206350e-07 1.169000e-15
5.209100e-07 1.138900e-15
5.211840e-07 1.351700e-15
5.214590e-07 1.350500e-15
5.217330e-07 1.218100e-15
5.220080e-07 1.201200e-15
5.222820e-07 1.240900e-15
5.225570e-07 1.278400e-15
5.228310e-07 1.314500e-15
5.231060e-07 1.071600e-15
5.233800e-07 1.151700e-15
5.236540e-07 1.326500e-15
5.239290e-07 1.226300e-15
5.242030e-07 1.240400e-15
5.244780e-07 1.297400e-15
5.247520e-07 1.361100e-15
5.250270e-07 1.390900e-15
5.253010e-07 1.150200e-15
5.255760e-07 1.048300e-15
5.258500e-07 1.199600e-15
5.261250e-07 1.265100e-15
5.263990e-07 1.235100e-15
5.266740e-07 1.108200e-15
5.269480e-07 1.072600e-15
5.272230e-07 1.271500e-15
5.274970e-07 1.325000e-15
5.277710e-07 1.345700e-15
5.280460e-07 1.223700e-15
5.283200e-07 1.039300e-15
5.285950e-07 1.091100e-15
5.288690e-07 1.315200e-15
5.291440e-07 1.417900e-15
5.294180e-07 1.386100e-15
5.296930e-07 1.339400e-15
5.299670e-07 1.316600e-15
5.302420e-07 1.313100e-15
5.305160e-07 1.227300e-15
5.307910e-07 1.224000e-15
5.310650e-07 1.256500e-15
5.313400e-07 1.278400e-15
5.316140e-07 1.242800e-15
5.318880e-07 1.090000e-15
5.321630e-07 1.468900e-15
5.324370e-07 1.382400e-15
5.327120e-07 1.310400e-15
5.329860e-07 1.213900e-15
5.332610e-07 1.218500e-15
5.335350e-07 1.176400e-15
5.338100e-07 1.263500e-15
5.340840e-07 1.229300e-15
5.343590e-07 1.193900e-15
5.346330e-07 1.204600e-15
5.349080e-07 1.272800e-15
5.351820e-07 1.227700e-15
5.354570e-07 1.248700e-15
5.357310e-07 1.208900e-15
5.360050e-07 1.156300e-15
5.362800e-07 1.074500e-15
5.365540e-07 1.191500e-15
5.368290e-07 1.117700e-15
5.371030e-07 1.206200e-15
5.373780e-07 1.107600e-15
5.376520e-07 1.232400e-15
5.379270e-07 1.295800e-15
5.382010e-07 1.231100e-15
5.384760e-07 1.159500e-15
5.387500e-07 1.361800e-15
5.390250e-07 1.258100e-15
5.392990e-07 1.123200e-15
5.395740e-07 1.152400e-15
5.398480e-07 1.141300e-15
5.401220e-07 1.168300e-15
5.403970e-07 1.193600e-15
5.406710e-07 1.223300e-15
5.409460e-07 1.103900e-15
5.412200e-07 1.285800e-15
5.414950e-07 1.303800e-15
5.417690e-07 1.146700e-15
5.420440e-07 1.132400e-15
5.423180e-07 1.140900e-15
5.425930e-07 1.242600e-15
5.428670e-07 1.150200e-15
5.431420e-07 1.228400e-15
5.434160e-07 1.277400e-15
5.436910e-07 1.389200e-15
5.439650e-07 1.426000e-15
5.442390e-07 1.110600e-15
5.445140e-07 1.062000e-15
5.447880e-07 1.267800e-15
5.450630e-07 1.210200e-15
5.453370e-07 1.021300e-15
5.456120e-07 1.125300e-15
5.458860e-07 1.312100e-15
5.461610e-07 1.229600e-15
5.464350e-07 1.245000e-15
5.467100e-07 1.131600e-15
5.469840e-07 1.168600e-15
5.472590e-07 1.234900e-15
5.475330e-07 1.250000e-15
5.478080e-07 1.430700e-15
5.480820e-07 1.481600e-15
5.483560e-07 1.328700e-15
5.486310e-07 1.233700e-15
5.489050e-07 1.151300e-15
5.491800e-07 1.109700e-15
5.494540e-07 1.058400e-15
5.497290e-07 1.331300e-15
5.500030e-07 1.320900e-15
5.502780e-07 1.268200e-15
5.505520e-07 1.314500e-15
5.508270e-07 1.183000e-15
5.511010e-07 1.276400e-15
5.513760e-07 1.267300e-15
5.516500e-07 1.274500e-15
5.519250e-07 1.187500e-15
5.521990e-07 1.142000e-15
5.524730e-07 1.160500e-15
5.527480e-07 1.125300e-15
5.530220e-07 1.097900e-15
5.532970e-07 1.426300e-15
5.535710e-07 1.355000e-15
5.538460e-07 1.226800e-15
5.541200e-07 1.041900e-15
5.543950e-07 1.273100e-15
5.546690e-07 9.956500e-16
5.549440e-07 1.304900e-15
5.552180e-07 1.243600e-15
5.554930e-07 1.199800e-15
5.557670e-07 1.303100e-15
5.560410e-07 1.302900e-15
5.563160e-07 1.110000e-15
5.565900e-07 1.107500e-15
5.568650e-07 1.193000e-15
5.571390e-07 1.180300e-15
5.574140e-07 1.374000e-15
5.576880e-07 9.325900e-16
5.579630e-07 1.284000e-15
5.582370e-07 1.273400e-15
5.585120e-07 1.145700e-15
5.587860e-07 1.151700e-15
5.590610e-07 9.583600e-16
5.593350e-07 1.261000e-15
5.596100e-07 1.061200e-15
5.598840e-07 1.137500e-15
5.601580e-07 1.075400e-15
5.604330e-07 1.107100e-15
5.607070e-07 1.370500e-15
5.609820e-07 1.318800e-15
5.612560e-07 1.181100e-15
5.615310e-07 1.016400e-15
5.618050e-07 1.039700e-15
5.620800e-07 1.140100e-15
5.623540e-07 1.173500e-15
5.626290e-07 1.053600e-15
5.629030e-07 1.110700e-15
5.631780e-07 1.157400e-15
5.634520e-07 1.093000e-15
5.637270e-07 1.000100e-15
5.640010e-07 1.196100e-15
5.642750e-07 1.095400e-15
5.645500e-07 1.223600e-15
5.648240e-07 1.098600e-15
5.650990e-07 1.184200e-15
5.653730e-07 1.090800e-15
5.656480e-07 1.141100e-15
5.659220e-07 1.004100e-15
5.661970e-07 1.062500e-15
5.664710e-07 9.962500e-16
5.667460e-07 1.236800e-15
5.670200e-07 1.111800e-15
5.672950e-07 1.266400e-15
5.675690e-07 1.211300e-15
5.678440e-07 9.915100e-16
5.681180e-07 9.730900e-16
5.683920e-07 1.148300e-15
5.686670e-07 9.964500e-16
5.689410e-07 1.183700e-15
5.692160e-07 9.652400e-16
5.694900e-07 1.067400e-15
5.697650e-07 1.078500e-15
5.700390e-07 1.056800e-15
5.703140e-07 1.130000e-15
5.705880e-07 1.069300e-15
5.708630e-07 1.069100e-15
5.711370e-07 1.283800e-15
5.714120e-07 1.198300e-15
5.716860e-07 1.115500e-15
5.719610e-07 1.302500e-15
5.722350e-07 1.050700e-15
5.725090e-07 1.219300e-15
5.727840e-07 1.117400e-15
5.730580e-07 1.048000e-15
5.733330e-07 1.055200e-15
5.736070e-07 1.211600e-15
5.738820e-07 1.088900e-15
5.741560e-07 9.772000e-16
5.744310e-07 1.136000e-15
5.747050e-07 1.157700e-15
5.749800e-07 1.362500e-15
5.752540e-07 1.333600e-15
5.755290e-07 1.298200e-15
5.758030e-07 1.268400e-15
5.760780e-07 1.225400e-15
5.763520e-07 1.144900e-15
5.766260e-07 1.167400e-15
5.769010e-07 1.305000e-15
5.771750e-07 1.309600e-15
5.774500e-07 1.069500e-15
5.777240e-07 1.303700e-15
5.779990e-07 1.251000e-15
5.782730e-07 1.188900e-15
5.785480e-07 1.185100e-15
5.788220e-07 1.261600e-15
5.790970e-07 1.144400e-15
5.793710e-07 1.162200e-15
5.796460e-07 1.054100e-15
5.799200e-07 1.092700e-15
5.801950e-07 1.080400e-15
5.804690e-07 1.079100e-15
5.807430e-07 1.110900e-15
5.810180e-07 1.108000e-15
5.812920e-07 1.155300e-15
5.815670e-07 1.163400e-15
5.818410e-07 1.030600e-15
5.821160e-07 1.075400e-15
5.823900e-07 1.269900e-15
5.826650e-07 1.354100e-15
5.829390e-07 1.284100e-15
5.832140e-07 1.142000e-15
5.834880e-07 1.195200e-15
5.837630e-07 1.082800e-15
5.840370e-07 1.027700e-15
5.843120e-07 1.122900e-15
5.845860e-07 1.187200e-15
5.848600e-07 1.284000e-15
5.851350e-07 1.089500e-15
5.854090e-07 1.068100e-15
5.856840e-07 1.251300e-15
5.859580e-07 1.230800e-15
5.862330e-07 8.728200e-16
5.865070e-07 9.906900e-16
5.867820e-07 1.310200e-15
5.870560e-07 1.576000e-15
5.873310e-07 2.287900e-15
5.876050e-07 2.522200e-15
5.878800e-07 1.991000e-15
5.881540e-07 1.403300e-15
5.884290e-07 9.512900e-16
5.887030e-07 8.139600e-16
5.889770e-07 8.756700e-16
5.892520e-07 9.835100e-16
5.895260e-07 1.040300e-15
5.898010e-07 1.112900e-15
5.900750e-07 1.132700e-15
5.903500e-07 1.140600e-15
5.906240e-07 1.045100e-15
5.908990e-07 1.005600e-15
5.911730e-07 1.147800e-15
5.914480e-07 9.409300e-16
5.917220e-07 1.020800e-15
5.919970e-07 1.171700e-15
5.922710e-07 1.171300e-15
5.925450e-07 9.861600e-16
5.928200e-07 1.071800e-15
5.930940e-07 1.074800e-15
5.933690e-07 9.573500e-16
5.936430e-07 1.022400e-15
5.939180e-07 1.217400e-15
5.941920e-07 1.224200e-15
5.944670e-07 1.182000e-15
5.947410e-07 1.162300e-15
5.950160e-07 1.101300e-15
5.952900e-07 1.049400e-15
5.955650e-07 1.041800e-15
5.958390e-07 1.038100e-15
5.961140e-07 1.088300e-15
5.963880e-07 1.147500e-15
5.966620e-07 1.167800e-15
5.969370e-07 1.223100e-15
5.972110e-07 1.009000e-15
5.974860e-07 1.039200e-15
5.977600e-07 1.114300e-15
5.980350e-07 1.260800e-15
5.983090e-07 1.221900e-15
5.985840e-07 1.136100e-15
5.988580e-07 1.138700e-15
5.991330e-07 1.194400e-15
5.994070e-07 1.113500e-15
5.996820e-07 1.059900e-15
5.999560e-07 1.192300e-15
6.002310e-07 1.105600e-15
6.005050e-07 1.017400e-15
6.007790e-07 1.118500e-15
6.010540e-07 1.100400e-15
6.013280e-07 1.041500e-15
6.016030e-07 1.038200e-15
6.018770e-07 9.679100e-16
6.021520e-07 9.873600e-16
6.024260e-07 1.263400e-15
6.027010e-07 1.268000e-15
6.029750e-07 1.361300e-15
6.032500e-07 1.290700e-15
6.035240e-07 1.135300e-15
6.037990e-07 1.073600e-15
6.040730e-07 9.940400e-16
6.043480e-07 1.158100e-15
6.046220e-07 1.046900e-15
6.048960e-07 1.113600e-15
6.051710e-07 9.842000e-16
6.054450e-07 6.636700e-16
6.057200e-07 1.331200e-15
6.059940e-07 9.951700e-16
6.062690e-07 1.296500e-15
6.065430e-07 9.794400e-16
6.068180e-07 1.184700e-15
6.070920e-07 9.974900e-16
6.073670e-07 1.291900e-15
6.076410e-07 1.074700e-15
6.079160e-07 1.057700e-15
6.081900e-07 6.422800e-16
6.084650e-07 1.107100e-15
6.087390e-07 9.530600e-16
6.090130e-07 1.207000e-15
6.092880e-07 7.441800e-16
6.095620e-07 1.222200e-15
6.098370e-07 9.135200e-16
6.101110e-07 1.056700e-15
6.103860e-07 7.958000e-16
6.106600e-07 1.081900e-15
6.109350e-07 9.685500e-16
6.112090e-07 1.026900e-15
6.114840e-07 9.122100e-16
6.117580e-07 1.066800e-15
6.120330e-07 9.511100e-16
6.123070e-07 1.048100e-15
6.125820e-07 1.007100e-15
6.128560e-07 9.079800e-16
6.131300e-07 1.064500e-15
6.134050e-07 1.027700e-15
6.136790e-07 1.002000e-15
6.139540e-07 1.021000e-15
6.142280e-07 8.857800e-16
6.145030e-07 1.014700e-15
6.147770e-07 1.039600e-15
6.150520e-07 8.221500e-16
6.153260e-07 9.255600e-16
6.156010e-07 1.075100e-15
6.158750e-07 1.030500e-15
6.161500e-07 1.205400e-15
6.164240e-07 1.091600e-15
6.166990e-07 9.787000e-16
6.169730e-07 1.092800e-15
6.172470e-07 9.155600e-16
6.175220e-07 8.436100e-16
6.177960e-07 8.856100e-16
6.180710e-07 1.041200e-15
6.183450e-07 1.099000e-15
6.186200e-07 1.017300e-15
6.188940e-07 1.196700e-15
6.191690e-07 1.093700e-15
6.194430e-07 1.202300e-15
6.197180e-07 1.022600e-15
6.199920e-07 1.071600e-15
6.202670e-07 1.141700e-15
6.205410e-07 1.037300e-15
6.208160e-07 9.538000e-16
6.210900e-07 9.784400e-16
6.213640e-07 8.676800e-16
6.216390e-07 9.372300e-16
6.219130e-07 1.133200e-15
6.221880e-07 1.096300e-15
6.224620e-07 1.059900e-15
6.227370e-07 8.875900e-16
6.230110e-07 9.765400e-16
6.232860e-07 1.035200e-15
6.235600e-07 9.173000e-16
6.238350e-07 9.013600e-16
6.241090e-07 1.195700e-15
6.243840e-07 1.077100e-15
6.246580e-07 1.146400e-15
6.249330e-07 1.082500e-15
6.252070e-07 1.008500e-15
6.254810e-07 9.676500e-16
6.257560e-07 9.795400e-16
6.260300e-07 9.374600e-16
6.263050e-07 1.092000e-15
6.265790e-07 9.551500e-16
6.268540e-07 1.111500e-15
6.271280e-07 1.272200e-15
6.274030e-07 1.034700e-15
6.276770e-07 8.541000e-16
6.279520e-07 8.416900e-16
6.282260e-07 8.921800e-16
6.285010e-07 1.082800e-15
6.287750e-07 1.816600e-15
6.290490e-07 3.853600e-16
6.293240e-07 9.441400e-16
6.295980e-07 2.028600e-15
6.298730e-07 2.207700e-15
6.301470e-07 1.443600e-15
6.304220e-07 1.330300e-15
6.306960e-07 1.300300e-15
6.309710e-07 1.421000e-15
6.312450e-07 1.459800e-15
6.315200e-07 1.261400e-15
6.317940e-07 1.112500e-15
6.320690e-07 9.014600e-16
6.323430e-07 9.289700e-16
6.326180e-07 9.977200e-16
6.328920e-07 9.944600e-16
6.331660e-07 1.140900e-15
6.334410e-07 1.046100e-15
6.337150e-07 1.043200e-15
6.339900e-07 1.085500e-15
6.342640e-07 9.789900e-16
6.345390e-07 1.101000e-15
6.348130e-07 1.024800e-15
6.350880e-07 9.797800e-16
6.353620e-07 1.144700e-15
6.356370e-07 8.739000e-16
6.359110e-07 1.041100e-15
6.361860e-07 6.930600e-16
6.364600e-07 1.192000e-15
6.367350e-07 1.074000e-15
6.370090e-07 1.048600e-15
6.372830e-07 1.039400e-15
6.375580e-07 8.694900e-16
6.378320e-07 1.280900e-15
6.381070e-07 1.229500e-15
6.383810e-07 8.775500e-16
6.386560e-07 1.246900e-15
6.389300e-07 1.004800e-15
6.392050e-07 8.424100e-16
6.394790e-07 1.077700e-15
6.397540e-07 9.576100e-16
6.400280e-07 1.034300e-15
6.403030e-07 1.002600e-15
6.405770e-07 1.119900e-15
6.408520e-07 1.049100e-15
6.411260e-07 9.873900e-16
6.414000e-07 8.926800e-16
6.416750e-07 1.072800e-15
6.419490e-07 1.071000e-15
6.422240e-07 9.776700e-16
6.424980e-07 1.032300e-15
6.427730e-07 1.072800e-15
6.430470e-07 1.146100e-15
6.433220e-07 1.024700e-15
6.435960e-07 9.715300e-16
6.438710e-07 1.090700e-15
6.441450e-07 1.100800e-15
6.444200e-07 1.024000e-15
6.446940e-07 1.009100e-15
6.449690e-07 1.163900e-15
6.452430e-07 1.298600e-15
6.455170e-07 1.134300e-15
6.457920e-07 8.824700e-16
6.460660e-07 8.702100e-16
6.463410e-07 7.964400e-16
6.466150e-07 7.874200e-16
6.468900e-07 8.493700e-16
6.471640e-07 8.407900e-16
6.474390e-07 8.840300e-16
6.477130e-07 1.001900e-15
6.479880e-07 1.024900e-15
6.482620e-07 9.223900e-16
6.485370e-07 9.600100e-16
6.488110e-07 9.659800e-16
6.490860e-07 7.823600e-16
6.493600e-07 7.455300e-16
6.496340e-07 9.232100e-16
6.499090e-07 1.110000e-15
6.501830e-07 1.039300e-15
6.504580e-07 1.085500e-15
6.507320e-07 9.299500e-16
6.510070e-07 1.061200e-15
6.512810e-07 9.918000e-16
6.515560e-07 8.857300e-16
6.518300e-07 1.309900e-15
6.521050e-07 1.154100e-15
6.523790e-07 1.073200e-15
6.526540e-07 1.101900e-15
6.529280e-07 8.568000e-16
6.532030e-07 1.028900e-15
6.534770e-07 9.500000e-16
6.537510e-07 8.810100e-16
6.540260e-07 9.130700e-16
6.543000e-07 1.176300e-15
6.545750e-07 1.204000e-15
6.548490e-07 1.525900e-15
6.551240e-07 1.937400e-15
6.553980e-07 3.140100e-15
6.556730e-07 7.605000e-15
6.559470e-07 2.095600e-14
6.562220e-07 3.508500e-14
6.564960e-07 3.413400e-14
6.567710e-07 1.926900e-14
6.570450e-07 5.833600e-15
6.573200e-07 2.404100e-15
6.575940e-07 1.524800e-15
6.578680e-07 1.166200e-15
6.581430e-07 1.817700e-15
6.584170e-07 1.730800e-15
6.586920e-07 1.991200e-15
6.589660e-07 1.063300e-15
6.592410e-07 9.148600e-16
6.595150e-07 9.849800e-16
6.597900e-07 8.260300e-16
6.600640e-07 9.677100e-16
6.603390e-07 9.945500e-16
6.606130e-07 9.263200e-16
6.608880e-07 1.100600e-15
6.611620e-07 9.298600e-16
6.614370e-07 9.309400e-16
6.617110e-07 1.084600e-15
6.619850e-07 1.006400e-15
6.622600e-07 1.120400e-15
6.625340e-07 1.048900e-15
6.628090e-07 1.007700e-15
6.630830e-07 9.203800e-16
6.633580e-07 8.085200e-16
6.636320e-07 9.307800e-16
6.639070e-07 9.110800e-16
6.641810e-07 9.959300e-16
6.644560e-07 1.093300e-15
6.647300e-07 1.060800e-15
6.650050e-07 1.003200e-15
6.652790e-07 9.146800e-16
6.655530e-07 1.083800e-15
6.658280e-07 1.005300e-15
6.661020e-07 1.036700e-15
6.663770e-07 9.331600e-16
6.666510e-07 9.119200e-16
6.669260e-07 9.932000e-16
6.672000e-07 1.037100e-15
6.674750e-07 1.083900e-15
6.677490e-07 1.274800e-15
6.680240e-07 1.252100e-15
6.682980e-07 1.109600e-15
6.685730e-07 1.030800e-15
6.688470e-07 8.050100e-16
6.691220e-07 9.766800e-16
6.693960e-07 1.163500e-15
6.696700e-07 1.106100e-15
6.699450e-07 1.025300e-15
6.702190e-07 9.611500e-16
6.704940e-07 1.112800e-15
6.707680e-07 1.219000e-15
6.710430e-07 1.408000e-15
6.713170e-07 2.085700e-15
6.715920e-07 2.819000e-15
6.718660e-07 2.680300e-15
6.721410e-07 1.928200e-15
6.724150e-07 1.504500e-15
6.726900e-07 1.602900e-15
6.729640e-07 2.246300e-15
6.732390e-07 2.131800e-15
6.735130e-07 1.886700e-15
6.737870e-07 1.436900e-15
6.740620e-07 1.214900e-15
6.743360e-07 7.802900e-16
6.746110e-07 9.810000e-16
6.748850e-07 9.795200e-16
6.751600e-07 1.113600e-15
6.754340e-07 1.212900e-15
6.757090e-07 9.877100e-16
6.759830e-07 8.550200e-16
6.762580e-07 9.810100e-16
6.765320e-07 1.376200e-15
6.768070e-07 8.051000e-16
6.770810e-07 8.516200e-16
6.773560e-07 6.010400e-16
6.776300e-07 9.670700e-16
6.779040e-07 7.051400e-16
6.781790e-07 1.001700e-15
6.784530e-07 6.706300e-16
6.787280e-07 1.201600e-15
6.790020e-07 6.854800e-16
6.792770e-07 7.996500e-16
6.795510e-07 8.198300e-16
6.798260e-07 9.718800e-16
6.801000e-07 8.590700e-16
6.803750e-07 7.670500e-16
6.806490e-07 9.222100e-16
6.809240e-07 9.549400e-16
6.811980e-07 9.010800e-16
6.814730e-07 1.080800e-15
6.825840e-07 9.496300e-16
6.841570e-07 9.494700e-16
6.857350e-07 9.406000e-16
6.873160e-07 9.296700e-16
6.889000e-07 9.252400e-16
6.904880e-07 9.272100e-16
6.920800e-07 9.270500e-16
6.936750e-07 9.268800e-16
6.952740e-07 9.288600e-16
6.968770e-07 9.201800e-16
6.984830e-07 9.053000e-16
7.000940e-07 9.093200e-16
7.017070e-07 9.133500e-16
7.033250e-07 9.048200e-16
7.049460e-07 9.214800e-16
7.065710e-07 9.065800e-16
7.082000e-07 9.106000e-16
7.098330e-07 8.958800e-16
7.114690e-07 8.957200e-16
7.131090e-07 8.955500e-16
7.147530e-07 8.892300e-16
7.164010e-07 8.849800e-16
7.180530e-07 8.489000e-16
7.197080e-07 8.332500e-16
7.213670e-07 8.388700e-16
7.230290e-07 8.602300e-16
7.246970e-07 8.482700e-16
7.263670e-07 8.599100e-16
7.280410e-07 8.440600e-16
7.297200e-07 8.323300e-16
7.314020e-07 8.535200e-16
7.330880e-07 8.652300e-16
7.347780e-07 8.750800e-16
7.364720e-07 8.589500e-16
7.381690e-07 8.667400e-16
7.398710e-07 8.527200e-16
7.415770e-07 8.486400e-16
7.432860e-07 8.523900e-16
7.450000e-07 8.483200e-16
7.467170e-07 8.520700e-16
7.484380e-07 8.519100e-16
7.501640e-07 8.342700e-16
7.518930e-07 8.379600e-16
7.536260e-07 8.455500e-16
7.553640e-07 8.415100e-16
7.571050e-07 8.374800e-16
7.588500e-07 8.373200e-16
7.606000e-07 8.162200e-16
7.623530e-07 8.236100e-16
7.641110e-07 8.065600e-16
7.658720e-07 8.138600e-16
7.676370e-07 7.472500e-16
7.694070e-07 7.913700e-16
7.711810e-07 7.696500e-16
7.729580e-07 7.892400e-16
7.747400e-07 7.890800e-16
7.765260e-07 7.816900e-16
7.783160e-07 7.412200e-16
7.801100e-07 7.742200e-16
7.819090e-07 7.776300e-16
7.837110e-07 7.756900e-16
7.855180e-07 7.845100e-16
7.873290e-07 7.789600e-16
7.891440e-07 7.770100e-16
7.909630e-07 7.679600e-16
7.927860e-07 7.537900e-16
7.946140e-07 7.501700e-16
7.964450e-07 7.517500e-16
7.982820e-07 7.585500e-16
8.001220e-07 7.514400e-16
8.019660e-07 7.495500e-16
8.038150e-07 7.476800e-16
8.056680e-07 7.423800e-16
8.075250e-07 7.508200e-16
8.093870e-07 7.386600e-16
8.112530e-07 7.453400e-16
8.131230e-07 7.451800e-16
8.149970e-07 7.263900e-16
8.168760e-07 7.064500e-16
8.187590e-07 7.046700e-16
8.206460e-07 6.837500e-16
8.225380e-07 7.191200e-16
8.244350e-07 7.123800e-16
8.263350e-07 7.238000e-16
8.282400e-07 7.023100e-16
8.301490e-07 7.070200e-16
8.320630e-07 7.068700e-16
8.339810e-07 6.970200e-16
8.359040e-07 7.147500e-16
8.378300e-07 7.096800e-16
8.397620e-07 6.791500e-16
8.416980e-07 7.044800e-16
8.436380e-07 7.010900e-16
8.455830e-07 6.755900e-16
8.475320e-07 6.677100e-16
8.494860e-07 7.071200e-16
8.514440e-07 6.767000e-16
8.534070e-07 7.019400e-16
8.553740e-07 5.447600e-16
8.573460e-07 7.016300e-16
8.593220e-07 6.886700e-16
8.613040e-07 6.713000e-16
8.632890e-07 6.867800e-16
8.652790e-07 6.850500e-16
8.672730e-07 5.007500e-16
8.692730e-07 6.569400e-16
8.712770e-07 6.659300e-16
8.732850e-07 6.797200e-16
8.752990e-07 6.460000e-16
8.773160e-07 6.593700e-16
8.793380e-07 6.714800e-16
8.813660e-07 6.455600e-16
8.833970e-07 6.409700e-16
8.854340e-07 6.467500e-16
8.874750e-07 5.883500e-16
8.895210e-07 6.449600e-16
8.915710e-07 6.522800e-16
8.936260e-07 6.314400e-16
8.956870e-07 6.342100e-16
8.977510e-07 6.210600e-16
8.998210e-07 5.688900e-16
9.018960e-07 5.806700e-16
9.039740e-07 6.350800e-16
9.060580e-07 6.542200e-16
9.081470e-07 6.118200e-16
9.102410e-07 6.187500e-16
9.123390e-07 6.374000e-16
9.144420e-07 5.865600e-16
9.165500e-07 5.665100e-16
9.186630e-07 5.971800e-16
9.207800e-07 6.095400e-16
9.229030e-07 5.873500e-16
9.250310e-07 5.926400e-16
9.271630e-07 5.952300e-16
9.293010e-07 5.992100e-16
9.314430e-07 6.074000e-16
9.335900e-07 6.058600e-16
9.357420e-07 6.015400e-16
9.378990e-07 5.972500e-16
9.400610e-07 5.971100e-16
9.422280e-07 5.928500e-16
9.444000e-07 5.872700e-16
9.465770e-07 5.871300e-16
9.487590e-07 5.842800e-16
9.509470e-07 5.774500e-16
9.531390e-07 5.654700e-16
9.553360e-07 5.300300e-16
9.575380e-07 5.625900e-16
9.597460e-07 5.689600e-16
9.619580e-07 5.662000e-16
9.641750e-07 5.608700e-16
9.663980e-07 5.581500e-16
9.686260e-07 5.593000e-16
9.708590e-07 5.553100e-16
9.730970e-07 5.526100e-16
9.753400e-07 5.499300e-16
9.775880e-07 5.485300e-16
9.798420e-07 5.433600e-16
9.821010e-07 5.444700e-16
9.843650e-07 5.405800e-16
9.866340e-07 5.367200e-16
9.889090e-07 5.341200e-16
9.911880e-07 5.315300e-16
9.934730e-07 5.301700e-16
9.957630e-07 5.275900e-16
9.980590e-07 5.250300e-16
1.002665e-06 5.081100e-16
1.007294e-06 4.962800e-16
1.011943e-06 5.052400e-16
1.016614e-06 4.991900e-16
1.023661e-06 4.953500e-16
1.028386e-06 4.916700e-16
1.030756e-06 4.870300e-16
1.049919e-06 4.662400e-16
1.069440e-06 4.443300e-16
1.089322e-06 4.185100e-16
1.109574e-06 4.118200e-16
1.130202e-06 3.941900e-16
1.151214e-06 3.825700e-16
1.169919e-06 3.678800e-16
1.188930e-06 3.537600e-16
1.211034e-06 3.409600e-16
1.230711e-06 3.309100e-16
1.250709e-06 3.204100e-16
1.271031e-06 3.095300e-16
1.288713e-06 2.997100e-16
1.309653e-06 2.915500e-16
1.330933e-06 2.823000e-16
1.349448e-06 2.758700e-16
1.371375e-06 2.677400e-16
1.390453e-06 2.610400e-16
1.409796e-06 2.539300e-16
1.429408e-06 2.475700e-16
1.449293e-06 2.425000e-16
1.469455e-06 2.369800e-16
1.489896e-06 2.321200e-16
1.510622e-06 2.273600e-16
1.531637e-06 2.237200e-16
1.549373e-06 2.216700e-16
1.570928e-06 2.146400e-16
1.589118e-06 2.083100e-16
1.611225e-06 2.064000e-16
1.629881e-06 2.040400e-16
1.648755e-06 1.957500e-16
1.671691e-06 1.908600e-16
1.691049e-06 1.835300e-16
1.710631e-06 1.789400e-16
1.730438e-06 1.704900e-16
1.750476e-06 1.670000e-16
1.770746e-06 1.617000e-16
1.791250e-06 1.565700e-16
1.811991e-06 1.491800e-16
1.828758e-06 1.461200e-16
1.849934e-06 1.414800e-16
1.871354e-06 1.344900e-16
1.888670e-06 1.320400e-16
1.910540e-06 1.284400e-16
1.928217e-06 1.240800e-16
1.950545e-06 1.185000e-16
1.968594e-06 1.160700e-16
1.991390e-06 1.126400e-16
2.009815e-06 1.098300e-16
2.028412e-06 1.058500e-16
2.051901e-06 1.034400e-16
2.070885e-06 9.993200e-17
2.090048e-06 9.698500e-17
2.109385e-06 9.456000e-17
2.128904e-06 9.177100e-17
2.148604e-06 8.927000e-17
2.168483e-06 8.544900e-17
2.188549e-06 8.408300e-17
2.208797e-06 8.160300e-17
2.229236e-06 7.919600e-17
2.249864e-06 7.703800e-17
2.270680e-06 7.493900e-17
2.291692e-06 6.977600e-17
2.307576e-06 6.881900e-17
2.328928e-06 6.305300e-17
2.350479e-06 6.077200e-17
2.372226e-06 6.077200e-17
2.388671e-06 5.671600e-17
2.410771e-06 5.555300e-17
2.427483e-06 5.504300e-17
2.449943e-06 5.220400e-17
2.472613e-06 5.196400e-17
2.489751e-06 4.838400e-17
2.512790e-06 4.783100e-17
2.530206e-06 4.706600e-17
2.547746e-06 4.610100e-17
2.571319e-06 4.557300e-17
2.589144e-06 4.433100e-17
2.607089e-06 4.352200e-17
2.631214e-06 4.223800e-17
2.649451e-06 4.185100e-17
2.667818e-06 4.061700e-17
2.692504e-06 4.006000e-17
2.711166e-06 3.932800e-17
2.729958e-06 3.843300e-17
2.748883e-06 3.747200e-17
2.767936e-06 3.670300e-17
2.787124e-06 3.603300e-17
2.812911e-06 3.521300e-17
2.832410e-06 3.449100e-17
2.852042e-06 3.370600e-17
2.871814e-06 3.263700e-17
2.891719e-06 3.218900e-17
2.911765e-06 3.145600e-17
2.931947e-06 3.074000e-17
2.952272e-06 3.004000e-17
2.972734e-06 2.942400e-17
2.993342e-06 2.868800e-17
3.007158e-06 2.810000e-17
3.028001e-06 2.727100e-17
3.048992e-06 2.677400e-17
3.070125e-06 2.628500e-17
3.091408e-06 2.568700e-17
3.112835e-06 2.510200e-17
3.127202e-06 2.458700e-17
3.148881e-06 2.402700e-17
3.170706e-06 2.353500e-17
3.192686e-06 2.305200e-17
3.207422e-06 2.252700e-17
3.229657e-06 2.206500e-17
3.252042e-06 2.166200e-17
3.267051e-06 2.126700e-17
3.289700e-06 2.097500e-17
3.312501e-06 2.068700e-17
3.327790e-06 1.993900e-17
3.350859e-06 1.944000e-17
3.366325e-06 1.895400e-17
3.389661e-06 1.852300e-17
3.413155e-06 1.814300e-17
3.428909e-06 1.777100e-17
3.452679e-06 1.740600e-17
3.468614e-06 1.704900e-17
3.492660e-06 1.670000e-17
3.508780e-06 1.635700e-17
3.533100e-06 1.598500e-17
3.549410e-06 1.569300e-17
3.574012e-06 1.537100e-17
3.590512e-06 1.505600e-17
3.607083e-06 1.474700e-17
3.632085e-06 1.447800e-17
3.648853e-06 1.414800e-17
3.674143e-06 1.392200e-17
3.691101e-06 1.357400e-17
3.708142e-06 1.335700e-17
3.733843e-06 1.308300e-17
3.751076e-06 1.272600e-17
3.768394e-06 1.261000e-17
3.785787e-06 1.238000e-17
3.812026e-06 1.212600e-17
3.829625e-06 1.193200e-17
3.847300e-06 1.171400e-17
3.873971e-06 1.150000e-17
3.891851e-06 1.129000e-17
3.909814e-06 1.103300e-17
3.927859e-06 1.088200e-17
3.945992e-06 1.068300e-17
3.973343e-06 1.048800e-17
3.991686e-06 1.027300e-17
4.010109e-06 1.008600e-17
4.028618e-06 9.924400e-18
4.047212e-06 9.698500e-18
4.065896e-06 9.609600e-18
4.094077e-06 9.456000e-18
4.112973e-06 9.304800e-18
4.131961e-06 9.134900e-18
4.151032e-06 8.988900e-18
4.170191e-06 8.804500e-18
4.189443e-06 8.683700e-18
4.208779e-06 8.544900e-18
4.228204e-06 8.427600e-18
4.247724e-06 8.273800e-18
4.267329e-06 8.160300e-18
4.287025e-06 7.847000e-18
4.306816e-06 7.563200e-18
4.326694e-06 7.563200e-18
4.346664e-06 7.256100e-18
4.366726e-06 7.091000e-18
4.386885e-06 6.993700e-18
4.407132e-06 6.725200e-18
4.427473e-06 6.678900e-18
4.447913e-06 6.557000e-18
4.468442e-06 6.334400e-18
4.489066e-06 6.349000e-18
4.509790e-06 6.218800e-18
4.530605e-06 6.049300e-18
4.551516e-06 6.035400e-18
4.572523e-06 5.966300e-18
4.593632e-06 5.777000e-18
4.614834e-06 5.803700e-18
4.625471e-06 5.697800e-18
4.646825e-06 5.606700e-18
4.668273e-06 5.568100e-18
4.689819e-06 5.517000e-18
4.711464e-06 5.441300e-18
4.733215e-06 5.441300e-18
4.755061e-06 5.342000e-18
4.766022e-06 5.293000e-18
4.788024e-06 5.232500e-18
4.810123e-06 5.137000e-18
4.832324e-06 5.148800e-18
4.854628e-06 5.078200e-18
4.865823e-06 4.997000e-18
4.888281e-06 4.962600e-18
4.910843e-06 4.905800e-18
4.933509e-06 4.849600e-18
4.944886e-06 4.794100e-18
4.967709e-06 4.772100e-18
4.990637e-06 4.717400e-18
5.013677e-06 4.685000e-18
5.025234e-06 4.642000e-18
5.048427e-06 4.567800e-18
5.071728e-06 4.536300e-18
5.083419e-06 4.515500e-18
5.095142e-06 4.505100e-18
5.106887e-06 4.463800e-18
5.118659e-06 4.433100e-18
5.130457e-06 4.402600e-18
5.142283e-06 4.382300e-18
5.154137e-06 4.372300e-18
5.166023e-06 4.372300e-18
5.177931e-06 4.362200e-18
5.189867e-06 4.322200e-18
5.201830e-06 4.302400e-18
5.213820e-06 4.272700e-18
5.225838e-06 4.253100e-18
5.237884e-06 4.233600e-18
5.249964e-06 4.223800e-18
5.262065e-06 4.214100e-18
5.274195e-06 4.214100e-18
5.286352e-06 4.175500e-18
5.298538e-06 4.137200e-18
5.310751e-06 4.118200e-18
5.322999e-06 4.108700e-18
5.335269e-06 4.099300e-18
5.347567e-06 4.080400e-18
5.359893e-06 4.061700e-18
5.372248e-06 4.043000e-18
5.384632e-06 4.033700e-18
5.397043e-06 4.015200e-18
5.409490e-06 4.006000e-18
5.421959e-06 3.978400e-18
5.434457e-06 3.960100e-18
5.446984e-06 3.951000e-18
5.459540e-06 3.941900e-18
5.472124e-06 3.923800e-18
5.484738e-06 3.905800e-18
5.497387e-06 3.896800e-18
5.510059e-06 3.878900e-18
5.522760e-06 3.878900e-18
5.535490e-06 3.878900e-18
5.548250e-06 3.852200e-18
5.561039e-06 3.825700e-18
5.573864e-06 3.834500e-18
5.586712e-06 3.816900e-18
5.599590e-06 3.799300e-18
5.612497e-06 3.790600e-18
5.625434e-06 3.781900e-18
5.638401e-06 3.764500e-18
5.651398e-06 3.764500e-18
5.664431e-06 3.755800e-18
5.677488e-06 3.738600e-18
5.690575e-06 3.721400e-18
5.703692e-06 3.721400e-18
5.716840e-06 3.721400e-18
5.730017e-06 3.712800e-18
5.743232e-06 3.704300e-18
5.756470e-06 3.695800e-18
5.769740e-06 3.687300e-18
5.783039e-06 3.678800e-18
5.796369e-06 3.678800e-18
5.809731e-06 3.670300e-18
5.823122e-06 3.661900e-18
5.836551e-06 3.661900e-18
5.850005e-06 3.661900e-18
5.863490e-06 3.661900e-18
5.877006e-06 3.653500e-18
5.890552e-06 3.653500e-18
5.901332e-06 4.092000e-18
5.931513e-06 3.891800e-18
5.961704e-06 4.778300e-18
5.991886e-06 4.419300e-18
6.022067e-06 3.224700e-18
6.052249e-06 5.013500e-18
6.082430e-06 5.551500e-18
6.112621e-06 3.876900e-18
6.142802e-06 6.151600e-18
6.172983e-06 5.644300e-18
6.203165e-06 7.697100e-18
6.233346e-06 8.696500e-18
6.263538e-06 5.729400e-18
6.293719e-06 7.321400e-18
6.323900e-06 6.090800e-18
6.354081e-06 7.051900e-18
6.384262e-06 4.880400e-18
6.414454e-06 4.870300e-18
6.444635e-06 4.428600e-18
6.474817e-06 2.810500e-18
6.504998e-06 4.666200e-18
6.535179e-06 2.573000e-18
6.565370e-06 4.730800e-18
6.595551e-06 3.546100e-18
6.625732e-06 3.119000e-18
6.655914e-06 3.594800e-18
6.686096e-06 3.930500e-18
6.716287e-06 2.651100e-18
6.746468e-06 2.149700e-18
6.776650e-06 2.412100e-18
6.806830e-06 2.600100e-18
6.837012e-06 3.262300e-18
6.867203e-06 3.109100e-18
6.897385e-06 4.854500e-18
6.927566e-06 2.865300e-18
6.957748e-06 2.895200e-18
6.987929e-06 3.026600e-18
7.018120e-06 3.394400e-18
7.048301e-06 2.152900e-18
7.078482e-06 2.527500e-18
7.108663e-06 3.052600e-18
7.138845e-06 2.888500e-18
7.169036e-06 4.493600e-18
7.199218e-06 4.025100e-18
7.229399e-06 5.841200e-18
7.259580e-06 5.692400e-18
7.289761e-06 5.844400e-18
7.319953e-06 5.659200e-18
7.350134e-06 5.297400e-18
7.380316e-06 3.420000e-18
7.410497e-06 4.890400e-18
7.440678e-06 7.313300e-18
7.470869e-06 7.580700e-18
7.501050e-06 7.807100e-18
7.531231e-06 5.745000e-18
7.561413e-06 3.633300e-18
7.621776e-06 4.825300e-18
7.682148e-06 5.277500e-18
7.742510e-06 4.465200e-18
7.802873e-06 3.923500e-18
7.863246e-06 4.766400e-18
7.923609e-06 3.814200e-18
7.983981e-06 3.245100e-18
8.044344e-06 3.609700e-18
8.104707e-06 3.207300e-18
8.165078e-06 3.424500e-18
8.225441e-06 3.313600e-18
8.285804e-06 2.636300e-18
8.346176e-06 3.087600e-18
8.406539e-06 3.184800e-18
8.466901e-06 3.283000e-18
8.527275e-06 2.796300e-18
8.587637e-06 3.255100e-18
8.648010e-06 3.594800e-18
8.708372e-06 3.587800e-18
8.768735e-06 2.564100e-18
8.829108e-06 2.016600e-18
8.889470e-06 2.223500e-18
8.949833e-06 5.520700e-18
9.010205e-06 7.028600e-18
9.070568e-06 2.807000e-18
9.130930e-06 2.347100e-18
9.191303e-06 1.923400e-18
9.251666e-06 2.015100e-18
9.312038e-06 2.202500e-18
9.372400e-06 1.652400e-18
9.432763e-06 2.437100e-18
9.493135e-06 2.076900e-18
9.553498e-06 1.889700e-18
9.613861e-06 1.958300e-18
9.674234e-06 2.351500e-18
9.734596e-06 2.768900e-18
9.794958e-06 2.006000e-18
9.855331e-06 1.896800e-18
9.915694e-06 1.745200e-18
9.976067e-06 2.090300e-18
1.003643e-05 1.977700e-18
1.009679e-05 1.899400e-18
1.015716e-05 2.671500e-18
1.021753e-05 2.020800e-18
1.027789e-05 1.844200e-18
1.033826e-05 2.059100e-18
1.039863e-05 2.834200e-18
1.045899e-05 1.887500e-17
1.051936e-05 2.913100e-17
1.057972e-05 1.136700e-17
1.064010e-05 1.572800e-18
1.070046e-05 1.999100e-18
1.076082e-05 2.134000e-18
1.082119e-05 2.401300e-18
1.088156e-05 1.608000e-18
1.094192e-05 1.919200e-18
1.100229e-05 2.541400e-18
1.106265e-05 2.823400e-18
1.112302e-05 2.643300e-18
1.118339e-05 3.777700e-18
1.124375e-05 4.901700e-18
1.130412e-05 3.704400e-18
1.136449e-05 3.744700e-18
1.142485e-05 3.158300e-18
1.148522e-05 2.588300e-18
1.154558e-05 2.669300e-18
1.160595e-05 2.606700e-18
1.166632e-05 2.262500e-18
1.172668e-05 2.202900e-18
1.178704e-05 2.372900e-18
1.184742e-05 2.285900e-18
1.190778e-05 2.414100e-18
1.196815e-05 2.242100e-18
1.202851e-05 2.296800e-18
1.208888e-05 2.145300e-18
1.214925e-05 2.305200e-18
1.220961e-05 2.241000e-18
1.226998e-05 2.562500e-18
1.233035e-05 3.074800e-18
1.239071e-05 3.140600e-18
1.245107e-05 2.384300e-18
1.251144e-05 2.515200e-18
1.257181e-05 2.591500e-18
1.263218e-05 2.712300e-18
1.269254e-05 2.960100e-18
1.275291e-05 3.378400e-18
1.281328e-05 4.649500e-18
1.287364e-05 3.859600e-18
1.293400e-05 2.624100e-18
1.299438e-05 2.611900e-18
1.305474e-05 2.246500e-18
1.311510e-05 2.205300e-18
1.317547e-05 2.398400e-18
1.323584e-05 1.945600e-18
1.329620e-05 1.944600e-18
1.335657e-05 2.414500e-18
1.341693e-05 2.100700e-18
1.347731e-05 2.250200e-18
1.353767e-05 2.335900e-18
1.359803e-05 2.246900e-18
1.365840e-05 2.261800e-18
1.371877e-05 2.407400e-18
1.377913e-05 2.363100e-18
1.383950e-05 2.226000e-18
1.389986e-05 2.218800e-18
1.396023e-05 2.272100e-18
1.402060e-05 2.309300e-18
1.408096e-05 2.375500e-18
1.414134e-05 2.196600e-18
1.420170e-05 2.022100e-18
1.426206e-05 2.013700e-18
1.432243e-05 2.622700e-18
1.438280e-05 2.489900e-18
1.444316e-05 2.215600e-18
1.454911e-05 2.326400e-18
1.463363e-05 1.982700e-18
1.471814e-05 2.221800e-18
1.480266e-05 2.212600e-18
1.488716e-05 2.314800e-18
1.497168e-05 2.561400e-18
1.505620e-05 2.417300e-18
1.514070e-05 1.982800e-18
1.522522e-05 2.159900e-18
1.530973e-05 2.255200e-18
1.539424e-05 2.541700e-18
1.547875e-05 5.400900e-18
1.556327e-05 1.094800e-17
1.564778e-05 8.107300e-18
1.573229e-05 2.128600e-18
1.581681e-05 2.649700e-18
1.590131e-05 2.575100e-18
1.598583e-05 2.382400e-18
1.607034e-05 2.707800e-18
1.615486e-05 2.928400e-18
1.623936e-05 2.781000e-18
1.632388e-05 2.869100e-18
1.640839e-05 2.708700e-18
1.649290e-05 2.583800e-18
1.657742e-05 2.576800e-18
1.666193e-05 2.790900e-18
1.674644e-05 2.788000e-18
1.683095e-05 2.785000e-18
1.691547e-05 2.943100e-18
1.699997e-05 3.013500e-18
1.708449e-05 2.984800e-18
1.716901e-05 2.887700e-18
1.725351e-05 3.108200e-18
1.733803e-05 3.388800e-18
1.742254e-05 3.054000e-18
1.750706e-05 2.842400e-18
1.759156e-05 2.878800e-18
1.767608e-05 3.141000e-18
1.776060e-05 3.554500e-18
1.784510e-05 3.318000e-18
1.792962e-05 3.443100e-18
1.801413e-05 3.437100e-18
1.809864e-05 2.943100e-18
1.818315e-05 3.304200e-18
1.826767e-05 3.459400e-18
1.835217e-05 3.648400e-18
1.843669e-05 3.442100e-18
1.852121e-05 2.956800e-18
1.860571e-05 6.069700e-18
1.869023e-05 1.652200e-17
1.877474e-05 1.063300e-17
1.885926e-05 3.670400e-18
1.894376e-05 3.716400e-18
1.902828e-05 3.810800e-18
1.911279e-05 3.609100e-18
1.919730e-05 3.625200e-18
1.928182e-05 3.967300e-18
1.936633e-05 3.420400e-18
1.945084e-05 3.226900e-18
1.953535e-05 3.648700e-18
1.961987e-05 3.485300e-18
1.970437e-05 3.999500e-18
1.978889e-05 3.688600e-18
1.987341e-05 4.124500e-18
1.995791e-05 4.248200e-18
2.004243e-05 4.108600e-18
2.012694e-05 4.201800e-18
2.021146e-05 4.591900e-18
2.029596e-05 4.488100e-18
2.038048e-05 4.131200e-18
2.054950e-05 3.813000e-18
2.071853e-05 4.648400e-18
2.088755e-05 4.558000e-18
2.105657e-05 4.442700e-18
2.122560e-05 4.456400e-18
2.139463e-05 4.738000e-18
2.156366e-05 4.717100e-18
2.173268e-05 4.551300e-18
2.190170e-05 4.883800e-18
2.207073e-05 4.730300e-18
2.223976e-05 4.621200e-18
2.240877e-05 4.859500e-18
2.257780e-05 4.989400e-18
2.274683e-05 5.022200e-18
2.291586e-05 5.268500e-18
2.308488e-05 5.299100e-18
2.325390e-05 5.212600e-18
2.342293e-05 5.062700e-18
2.359195e-05 5.238500e-18
2.376098e-05 5.113700e-18
2.393000e-05 5.319900e-18
2.409903e-05 5.335000e-18
2.426806e-05 5.503500e-18
2.443708e-05 5.523500e-18
2.460610e-05 5.585300e-18
2.477513e-05 5.553800e-18
2.494415e-05 5.628000e-18
2.511318e-05 5.501700e-18
2.528221e-05 5.782800e-18
2.545123e-05 6.507800e-18
2.562026e-05 6.056900e-18
2.578928e-05 7.752000e-18
2.595830e-05 7.480500e-18
2.612733e-05 6.460700e-18
2.629635e-05 6.364800e-18
2.646538e-05 6.031600e-18
2.663440e-05 6.100700e-18
2.680343e-05 6.432100e-18
2.697246e-05 6.491900e-18
2.714148e-05 6.345500e-18
2.731050e-05 6.553600e-18
2.747953e-05 6.553000e-18
2.764855e-05 6.718400e-18
2.781757e-05 6.732600e-18
2.798661e-05 6.311300e-18
2.815563e-05 6.380700e-18
2.832466e-05 6.630000e-18
2.849368e-05 6.867500e-18
2.866270e-05 6.726700e-18
2.883173e-05 6.800000e-18
2.900075e-05 6.859700e-18
2.916977e-05 6.831900e-18
2.933880e-05 6.878000e-18
2.950783e-05 6.907000e-18
2.967686e-05 6.868600e-18
2.984588e-05 6.946100e-18
3.001490e-05 7.146300e-18
3.018393e-05 7.150600e-18
3.035295e-05 6.891700e-18
3.052198e-05 6.807300e-18
3.069101e-05 7.208600e-18
3.086003e-05 7.228300e-18
3.102906e-05 7.069800e-18
3.119808e-05 6.997300e-18
3.136710e-05 7.362300e-18
3.153613e-05 7.524900e-18
3.170515e-05 7.175700e-18
3.187418e-05 7.459000e-18
3.204321e-05 7.497600e-18
3.221222e-05 7.410300e-18
3.238126e-05 7.587900e-18
3.255028e-05 7.753000e-18
3.271930e-05 7.890200e-18
3.288833e-05 8.116000e-18
3.305735e-05 7.975200e-18
3.322638e-05 1.032300e-17
3.339541e-05 1.821400e-17
3.356443e-05 1.168500e-17
3.373346e-05 8.760000e-18
3.390248e-05 8.927200e-18
3.407150e-05 8.613600e-18
3.424053e-05 8.444000e-18
3.440955e-05 8.117100e-18
3.457857e-05 9.752700e-18
3.474761e-05 1.174400e-17
3.491662e-05 1.048800e-17
