1.020800e-08 3.336800e-21
1.039800e-08 4.067600e-21
1.059100e-08 5.073800e-21
1.078800e-08 6.431800e-21
1.098800e-08 9.513300e-21
1.140100e-08 1.375100e-20
1.180100e-08 1.872100e-20
1.210400e-08 6.461500e-20
1.250100e-08 8.381700e-20
1.270400e-08 9.296800e-20
1.279200e-08 9.938800e-20
1.309000e-08 1.141100e-19
1.321100e-08 1.340700e-19
1.339500e-08 1.459900e-19
1.370700e-08 1.872100e-19
1.399400e-08 2.120000e-19
1.428700e-08 5.180000e-19
1.468700e-08 1.175800e-18
1.509800e-08 1.328400e-18
1.548600e-08 1.511200e-18
1.588300e-08 1.719200e-18
1.621600e-08 1.880800e-18
1.659300e-08 2.134700e-18
1.701900e-08 2.373200e-18
1.729600e-08 2.578300e-18
1.769800e-08 2.846600e-18
1.798600e-08 3.064300e-18
1.819400e-08 3.216100e-18
1.861800e-08 3.526400e-18
1.909600e-08 3.938500e-18
1.940600e-08 4.229900e-18
1.981200e-08 4.574400e-18
2.018100e-08 4.969700e-18
2.050800e-08 5.276300e-18
2.098600e-08 5.550500e-18
2.162400e-08 6.431800e-18
2.197500e-08 6.907700e-18
2.228100e-08 7.183500e-18
2.269500e-08 7.732700e-18
2.301100e-08 1.192200e-17
2.338500e-08 2.029200e-17
2.398500e-08 2.614200e-17
2.460000e-08 2.566500e-17
2.517300e-08 2.801100e-17
2.570000e-08 2.395200e-17
2.599800e-08 2.827000e-17
2.642000e-08 3.022300e-17
2.691100e-08 3.085600e-17
2.741200e-08 3.135700e-17
2.792100e-08 3.179300e-17
2.837500e-08 3.245900e-17
2.896900e-08 3.157400e-17
2.957600e-08 3.268400e-17
3.012500e-08 3.238400e-17
3.082700e-08 3.344500e-17
3.176400e-08 3.502100e-17
3.280500e-08 3.567200e-17
3.380100e-08 3.600300e-17
3.482800e-08 3.616900e-17
3.572200e-08 3.658800e-17
3.663800e-08 3.752600e-17
3.749200e-08 3.761300e-17
3.854200e-08 3.650300e-17
3.953100e-08 3.848900e-17
4.054500e-08 3.965800e-17
4.139400e-08 4.011700e-17
4.216300e-08 4.011700e-17
4.304600e-08 4.039600e-17
4.415000e-08 4.269100e-17
4.507500e-08 4.408900e-17
4.601900e-08 4.439500e-17
4.698200e-08 4.648700e-17
4.796600e-08 5.073800e-17
4.897000e-08 5.085500e-17
4.999600e-08 5.865900e-17
5.057500e-08 5.974900e-17
5.116000e-08 9.127100e-17
5.199200e-08 9.579300e-17
5.295800e-08 1.007700e-16
5.394300e-08 9.802400e-17
5.494600e-08 1.143800e-16
5.596700e-08 1.476800e-16
5.700800e-08 1.747200e-16
5.793400e-08 1.837900e-16
5.901100e-08 2.129800e-16
5.997000e-08 2.100600e-16
6.094400e-08 2.287400e-16
6.193500e-08 2.973900e-16
6.294100e-08 3.150200e-16
6.396400e-08 3.583700e-16
6.500300e-08 3.875600e-16
6.575600e-08 3.947600e-16
6.651700e-08 4.511600e-16
6.744300e-08 4.981200e-16
6.853800e-08 4.779000e-16
6.949200e-08 5.961200e-16
7.045900e-08 5.436700e-16
7.160300e-08 7.101200e-16
7.260000e-08 7.626600e-16
7.344000e-08 8.097200e-16
7.446200e-08 8.596700e-16
7.549800e-08 9.127100e-16
7.654800e-08 9.001900e-16
7.743400e-08 1.040700e-15
7.851200e-08 1.050300e-15
7.942100e-08 1.162300e-15
8.052600e-08 1.242600e-15
8.145800e-08 1.313200e-15
8.259100e-08 1.410400e-15
8.354800e-08 1.203200e-15
8.451500e-08 1.521700e-15
8.549400e-08 1.571600e-15
8.648400e-08 1.695600e-15
8.748500e-08 1.792000e-15
8.849800e-08 1.889400e-15
8.952300e-08 1.978500e-15
9.055900e-08 2.015300e-15
9.139700e-08 2.292600e-15
9.245600e-08 8.736400e-15
9.352600e-08 1.715300e-14
9.439200e-08 2.967100e-14
9.548500e-08 3.929500e-14
9.659000e-08 4.429300e-14
9.748400e-08 1.017000e-14
9.861300e-08 3.718200e-14
9.952500e-08 3.831200e-14
1.004460e-07 5.300700e-14
1.016090e-07 5.215900e-14
1.025500e-07 2.662800e-14
1.034980e-07 4.021000e-14
1.044560e-07 6.750500e-14
1.054230e-07 6.521300e-14
1.063980e-07 5.312900e-14
1.073830e-07 6.170700e-14
1.083760e-07 5.085500e-14
1.093790e-07 6.461500e-14
1.103910e-07 6.086000e-14
1.114120e-07 5.879400e-14
1.124430e-07 5.192000e-14
1.134840e-07 6.476400e-14
1.145340e-07 5.988700e-14
1.155940e-07 6.227800e-14
1.163950e-07 6.299900e-14
1.174720e-07 4.278900e-14
1.185590e-07 6.170700e-14
1.193810e-07 4.924200e-14
1.204850e-07 3.761300e-14
1.216000e-07 2.756300e-14
1.224430e-07 4.812100e-14
1.235760e-07 6.329000e-14
1.244320e-07 6.627300e-14
1.255840e-07 6.387500e-14
1.264540e-07 5.947500e-14
1.276240e-07 6.876000e-14
1.285090e-07 7.019900e-14
1.294000e-07 5.772100e-14
1.305970e-07 5.893000e-14
1.315020e-07 6.939600e-14
1.324140e-07 6.581600e-14
1.336390e-07 6.072000e-14
1.345660e-07 6.781600e-14
1.354980e-07 6.627300e-14
1.364380e-07 6.072000e-14
1.373830e-07 6.156500e-14
1.386540e-07 6.170700e-14
1.396160e-07 4.992700e-14
1.405830e-07 5.132600e-14
1.415580e-07 5.785400e-14
1.425390e-07 5.758800e-14
1.435270e-07 5.893000e-14
1.441900e-07 6.072000e-14
1.448550e-07 6.072000e-14
1.455240e-07 5.906500e-14
1.465320e-07 5.537700e-14
1.475480e-07 5.601900e-14
1.485710e-07 5.627700e-14
1.496010e-07 5.627700e-14
1.506380e-07 5.312900e-14
1.513330e-07 4.823200e-14
1.516820e-07 5.050500e-14
1.523820e-07 5.038900e-14
1.534380e-07 4.398800e-14
1.545020e-07 4.368500e-14
1.555730e-07 4.259300e-14
1.566510e-07 4.563900e-14
1.573740e-07 4.856600e-14
1.584650e-07 4.981200e-14
1.595640e-07 5.027300e-14
1.606700e-07 4.969700e-14
1.614110e-07 4.935500e-14
1.625300e-07 4.801000e-14
1.636570e-07 5.062100e-14
1.644120e-07 5.085500e-14
1.655520e-07 4.912800e-14
1.663160e-07 5.156200e-14
1.670840e-07 4.812100e-14
1.678550e-07 5.264200e-14
1.686300e-07 5.300700e-14
1.694080e-07 5.050500e-14
1.705820e-07 4.912800e-14
1.713700e-07 4.670200e-14
1.725580e-07 4.627400e-14
1.733540e-07 4.879000e-14
1.745560e-07 4.768000e-14
1.753610e-07 4.935500e-14
1.765770e-07 4.713400e-14
1.773920e-07 4.659400e-14
1.786210e-07 4.757000e-14
1.794460e-07 4.924200e-14
1.806900e-07 4.935500e-14
1.815240e-07 4.553400e-14
1.823620e-07 4.670200e-14
1.836260e-07 4.542900e-14
1.844730e-07 4.220200e-14
1.853250e-07 4.220200e-14
1.866100e-07 4.308600e-14
1.874710e-07 4.563900e-14
1.883360e-07 4.191200e-14
1.896420e-07 4.002500e-14
1.905170e-07 4.278900e-14
1.913960e-07 4.076900e-14
1.922800e-07 3.947600e-14
1.936130e-07 4.152700e-14
1.945060e-07 4.259300e-14
1.954040e-07 3.938500e-14
1.967590e-07 4.259300e-14
1.976670e-07 4.388700e-14
1.985790e-07 4.152700e-14
1.994960e-07 4.067600e-14
2.004170e-07 4.191200e-14
2.013420e-07 4.114700e-14
2.022710e-07 4.259300e-14
2.036730e-07 3.993300e-14
2.046130e-07 4.086300e-14
2.055580e-07 3.778600e-14
2.065060e-07 3.884500e-14
2.074600e-07 4.200800e-14
2.079380e-07 3.929500e-14
2.084170e-07 4.076900e-14
2.093790e-07 3.884500e-14
2.103460e-07 3.956700e-14
2.113170e-07 3.993300e-14
2.122920e-07 4.021000e-14
2.132720e-07 3.884500e-14
2.142560e-07 3.831200e-14
2.157420e-07 3.956700e-14
2.167370e-07 3.884500e-14
2.177380e-07 3.866600e-14
2.187430e-07 3.778600e-14
2.197530e-07 3.884500e-14
2.202590e-07 3.822400e-14
2.212760e-07 3.709700e-14
2.222970e-07 3.625200e-14
2.233230e-07 3.718200e-14
2.243540e-07 3.650300e-14
2.253900e-07 3.542700e-14
2.264300e-07 3.600300e-14
2.274750e-07 3.616900e-14
2.285250e-07 3.641900e-14
2.295800e-07 3.454400e-14
2.306400e-07 3.494800e-14
2.317040e-07 3.400000e-14
2.322380e-07 2.914100e-14
2.333100e-07 3.247600e-14
2.343870e-07 3.218200e-14
2.354690e-07 3.301200e-14
2.365560e-07 3.182200e-14
2.376480e-07 3.189900e-14
2.387450e-07 3.067900e-14
2.392950e-07 3.154000e-14
2.404000e-07 3.075600e-14
2.415090e-07 3.097300e-14
2.426240e-07 3.162600e-14
2.437440e-07 3.062600e-14
2.443060e-07 3.141400e-14
2.454330e-07 3.113000e-14
2.465660e-07 3.077800e-14
2.477040e-07 3.015100e-14
2.482750e-07 3.029200e-14
2.494210e-07 2.718900e-14
2.505730e-07 3.030000e-14
2.511500e-07 2.841000e-14
2.517290e-07 2.934300e-14
2.523100e-07 2.874300e-14
2.534740e-07 2.874700e-14
2.546440e-07 2.822600e-14
2.552310e-07 2.901900e-14
2.564090e-07 2.862500e-14
2.575930e-07 2.922800e-14
2.587820e-07 2.896500e-14
2.593780e-07 2.870100e-14
2.605760e-07 2.811600e-14
2.617780e-07 2.779800e-14
2.623820e-07 2.812200e-14
2.635930e-07 2.838700e-14
2.642010e-07 2.918400e-14
2.654200e-07 2.939000e-14
2.666450e-07 2.787800e-14
2.672600e-07 2.833300e-14
2.684940e-07 2.833800e-14
2.697330e-07 2.738000e-14
2.703550e-07 2.750800e-14
2.716030e-07 2.688600e-14
2.722290e-07 2.670300e-14
2.734850e-07 2.707800e-14
2.747480e-07 2.556700e-14
2.753810e-07 2.568700e-14
2.766520e-07 2.592900e-14
2.772900e-07 2.641300e-14
2.785700e-07 2.575600e-14
2.792120e-07 2.349200e-14
2.805010e-07 2.420900e-14
2.817950e-07 2.582500e-14
2.824450e-07 2.606600e-14
2.837490e-07 2.524300e-14
2.844030e-07 2.501400e-14
2.857150e-07 2.456100e-14
2.863740e-07 2.542600e-14
2.876960e-07 2.531300e-14
2.883590e-07 2.519900e-14
2.896900e-07 2.502900e-14
2.910270e-07 2.567500e-14
2.930450e-07 2.503900e-14
2.950760e-07 2.453100e-14
2.971210e-07 2.453700e-14
2.991810e-07 2.426200e-14
3.012550e-07 2.404600e-14
3.033430e-07 2.394100e-14
3.047430e-07 2.372500e-14
3.068550e-07 2.362200e-14
3.089820e-07 2.330400e-14
3.111240e-07 2.325600e-14
3.132810e-07 2.278500e-14
3.147270e-07 2.268400e-14
3.169080e-07 2.248200e-14
3.191050e-07 2.172400e-14
3.213170e-07 2.188100e-14
3.228000e-07 2.128800e-14
3.250380e-07 2.178900e-14
3.272910e-07 2.194600e-14
3.288020e-07 2.164900e-14
3.310810e-07 2.140700e-14
3.318440e-07 2.195800e-14
3.326090e-07 2.201100e-14
3.333760e-07 2.206300e-14
3.341440e-07 2.107200e-14
3.349140e-07 2.216900e-14
3.356870e-07 2.117300e-14
3.364600e-07 2.031500e-14
3.372360e-07 2.008500e-14
3.380130e-07 2.103300e-14
3.387930e-07 2.157500e-14
3.395730e-07 2.118300e-14
3.403560e-07 2.113600e-14
3.411410e-07 2.051500e-14
3.419270e-07 2.080200e-14
3.427150e-07 2.104500e-14
3.435060e-07 2.119300e-14
3.442970e-07 2.010100e-14
3.450910e-07 2.061900e-14
3.458870e-07 2.019800e-14
3.466840e-07 2.010700e-14
3.474830e-07 2.048300e-14
3.482840e-07 1.988000e-14
3.490870e-07 2.053400e-14
3.498920e-07 1.988400e-14
3.506980e-07 2.025600e-14
3.515070e-07 1.943500e-14
3.523170e-07 2.007400e-14
3.531290e-07 1.984600e-14
3.539430e-07 2.035700e-14
3.547590e-07 2.069000e-14
3.555770e-07 2.040800e-14
3.563970e-07 2.022300e-14
3.572180e-07 1.940300e-14
3.580420e-07 1.892000e-14
3.588670e-07 1.798700e-14
3.596950e-07 1.901100e-14
3.605240e-07 1.932200e-14
3.613550e-07 1.888400e-14
3.614780e-07 1.866600e-14
3.617520e-07 1.873500e-14
3.620260e-07 2.114900e-14
3.622990e-07 1.960100e-14
3.625730e-07 2.217600e-14
3.628470e-07 1.924000e-14
3.631200e-07 1.964700e-14
3.633940e-07 2.016200e-14
3.636680e-07 2.085700e-14
3.639410e-07 2.015000e-14
3.642150e-07 1.915200e-14
3.644890e-07 2.104800e-14
3.647620e-07 2.001000e-14
3.650360e-07 1.974100e-14
3.653100e-07 1.817700e-14
3.655840e-07 1.884800e-14
3.658570e-07 1.873700e-14
3.661310e-07 1.868500e-14
3.664050e-07 1.865800e-14
3.666780e-07 2.006500e-14
3.669520e-07 1.873700e-14
3.672260e-07 1.774800e-14
3.674990e-07 1.887500e-14
3.677730e-07 1.901900e-14
3.680470e-07 1.936800e-14
3.683200e-07 1.798500e-14
3.685940e-07 1.784800e-14
3.688680e-07 2.005900e-14
3.691420e-07 1.998200e-14
3.694150e-07 1.893000e-14
3.696890e-07 1.913400e-14
3.699630e-07 1.818600e-14
3.702360e-07 1.716800e-14
3.705100e-07 1.745800e-14
3.707840e-07 1.754200e-14
3.710570e-07 1.986800e-14
3.713310e-07 2.299300e-14
3.716050e-07 3.383900e-14
3.718790e-07 4.809700e-14
3.721520e-07 7.943800e-14
3.724260e-07 1.226500e-13
3.727000e-07 1.332700e-13
3.729730e-07 9.906900e-14
3.732470e-07 5.582200e-14
3.735210e-07 3.005200e-14
3.737940e-07 2.261500e-14
3.740680e-07 2.033400e-14
3.743420e-07 2.034200e-14
3.746150e-07 1.845100e-14
3.748890e-07 1.885900e-14
3.751630e-07 1.973600e-14
3.754370e-07 2.064500e-14
3.757100e-07 2.189500e-14
3.759840e-07 2.143700e-14
3.762580e-07 2.138000e-14
3.765310e-07 2.110500e-14
3.768050e-07 2.104100e-14
3.770790e-07 2.066900e-14
3.773520e-07 2.070600e-14
3.776260e-07 2.270800e-14
3.779000e-07 2.340800e-14
3.781730e-07 2.285100e-14
3.784470e-07 2.215000e-14
3.787210e-07 2.413900e-14
3.789950e-07 2.191300e-14
3.792680e-07 2.118600e-14
3.795420e-07 1.935000e-14
3.798160e-07 2.036900e-14
3.800890e-07 2.094600e-14
3.803630e-07 2.229500e-14
3.806370e-07 2.225200e-14
3.809100e-07 2.232300e-14
3.811840e-07 2.355200e-14
3.814580e-07 2.329300e-14
3.817320e-07 2.180900e-14
3.820050e-07 2.246900e-14
3.822790e-07 2.225000e-14
3.825530e-07 2.120200e-14
3.828260e-07 2.059500e-14
3.831000e-07 2.049300e-14
3.833740e-07 2.002700e-14
3.836470e-07 2.078300e-14
3.839210e-07 2.021400e-14
3.841950e-07 2.160400e-14
3.844680e-07 2.208700e-14
3.847420e-07 2.263500e-14
3.850160e-07 2.346900e-14
3.852900e-07 2.390400e-14
3.855630e-07 2.485000e-14
3.858370e-07 2.605900e-14
3.861110e-07 2.693200e-14
3.863840e-07 2.798300e-14
3.866580e-07 2.874400e-14
3.869320e-07 2.855000e-14
3.872050e-07 2.633700e-14
3.874790e-07 2.311600e-14
3.877530e-07 2.299600e-14
3.880270e-07 2.307700e-14
3.883000e-07 2.457100e-14
3.885740e-07 2.596000e-14
3.888480e-07 2.427700e-14
3.891210e-07 2.321800e-14
3.893950e-07 2.168700e-14
3.896690e-07 2.224600e-14
3.899420e-07 2.251000e-14
3.902160e-07 2.361200e-14
3.904900e-07 2.426700e-14
3.907630e-07 2.503400e-14
3.910370e-07 2.398400e-14
3.913110e-07 2.428700e-14
3.915850e-07 2.380900e-14
3.918580e-07 2.419200e-14
3.921320e-07 2.370200e-14
3.924060e-07 2.242400e-14
3.926790e-07 2.097200e-14
3.929530e-07 2.021300e-14
3.932270e-07 1.991600e-14
3.935000e-07 2.049700e-14
3.937740e-07 2.245400e-14
3.940480e-07 2.283700e-14
3.943210e-07 2.296400e-14
3.945950e-07 2.387600e-14
3.948690e-07 2.288800e-14
3.951430e-07 2.385000e-14
3.954160e-07 2.266900e-14
3.956900e-07 2.159900e-14
3.959640e-07 2.160300e-14
3.962370e-07 2.238800e-14
3.965110e-07 2.237400e-14
3.967850e-07 2.414300e-14
3.970580e-07 2.242600e-14
3.973320e-07 2.153100e-14
3.976060e-07 2.246400e-14
3.978800e-07 2.259500e-14
3.981530e-07 2.232000e-14
3.984270e-07 2.386200e-14
3.987010e-07 2.461100e-14
3.989740e-07 2.429500e-14
3.992480e-07 2.448000e-14
3.995220e-07 2.494800e-14
3.997950e-07 2.563000e-14
4.000690e-07 2.520000e-14
4.003430e-07 2.481300e-14
4.006160e-07 2.501700e-14
4.008900e-07 2.439700e-14
4.011640e-07 2.526900e-14
4.014380e-07 2.648500e-14
4.017110e-07 2.501200e-14
4.019850e-07 2.644100e-14
4.022590e-07 2.674800e-14
4.025320e-07 2.607300e-14
4.028060e-07 2.594900e-14
4.030800e-07 2.430000e-14
4.033530e-07 2.572100e-14
4.036270e-07 2.624600e-14
4.039010e-07 2.508800e-14
4.041740e-07 2.470700e-14
4.044480e-07 2.618500e-14
4.047220e-07 2.611900e-14
4.049960e-07 2.651100e-14
4.052690e-07 2.505300e-14
4.055430e-07 2.534800e-14
4.058170e-07 2.628600e-14
4.060900e-07 2.524400e-14
4.063640e-07 2.593000e-14
4.066380e-07 2.660200e-14
4.069110e-07 2.585100e-14
4.071850e-07 2.507000e-14
4.074590e-07 2.524300e-14
4.077330e-07 2.513400e-14
4.080060e-07 2.431800e-14
4.082800e-07 2.437100e-14
4.085540e-07 2.377100e-14
4.088270e-07 2.268200e-14
4.091010e-07 2.412100e-14
4.093750e-07 2.529700e-14
4.096480e-07 2.866300e-14
4.099220e-07 3.009500e-14
4.101960e-07 2.863000e-14
4.104690e-07 2.446800e-14
4.107430e-07 2.286500e-14
4.110170e-07 2.275000e-14
4.112910e-07 2.411700e-14
4.115640e-07 2.392600e-14
4.118380e-07 2.458200e-14
4.121120e-07 2.470700e-14
4.123850e-07 2.358500e-14
4.126590e-07 2.363500e-14
4.129330e-07 2.399500e-14
4.132060e-07 2.447200e-14
4.134800e-07 2.452300e-14
4.137540e-07 2.414300e-14
4.140280e-07 2.383100e-14
4.143010e-07 2.399900e-14
4.145750e-07 2.341200e-14
4.148490e-07 2.429200e-14
4.151220e-07 2.463800e-14
4.153960e-07 2.424000e-14
4.156700e-07 2.510600e-14
4.159430e-07 2.564900e-14
4.162170e-07 2.428500e-14
4.164910e-07 2.404700e-14
4.167640e-07 2.412400e-14
4.170380e-07 2.387400e-14
4.173120e-07 2.312200e-14
4.175860e-07 2.342500e-14
4.178590e-07 2.352800e-14
4.181330e-07 2.361400e-14
4.184070e-07 2.379600e-14
4.186800e-07 2.427800e-14
4.189540e-07 2.422200e-14
4.192280e-07 2.374200e-14
4.195010e-07 2.341900e-14
4.197750e-07 2.359700e-14
4.200490e-07 2.343000e-14
4.203220e-07 2.364000e-14
4.205960e-07 2.394800e-14
4.208700e-07 2.459500e-14
4.211440e-07 2.437600e-14
4.214170e-07 2.389900e-14
4.216910e-07 2.367600e-14
4.219650e-07 2.356700e-14
4.222380e-07 2.333100e-14
4.225120e-07 2.323500e-14
4.227860e-07 2.313300e-14
4.230590e-07 2.354700e-14
4.233330e-07 2.399300e-14
4.236070e-07 2.409600e-14
4.238810e-07 2.519800e-14
4.241540e-07 2.514400e-14
4.244280e-07 2.431600e-14
4.247020e-07 2.352900e-14
4.249750e-07 2.356300e-14
4.252490e-07 2.337400e-14
4.255230e-07 2.288400e-14
4.257960e-07 2.367600e-14
4.260700e-07 2.427200e-14
4.263440e-07 2.405900e-14
4.266170e-07 2.432400e-14
4.268910e-07 2.350900e-14
4.271650e-07 2.387600e-14
4.274390e-07 2.330800e-14
4.277120e-07 2.349600e-14
4.279860e-07 2.379800e-14
4.282600e-07 2.373600e-14
4.285330e-07 2.260300e-14
4.288070e-07 2.262100e-14
4.290810e-07 2.307500e-14
4.293540e-07 2.275700e-14
4.296280e-07 2.190600e-14
4.299020e-07 2.204200e-14
4.301750e-07 2.232100e-14
4.304490e-07 2.198500e-14
4.307230e-07 2.154900e-14
4.309970e-07 2.149800e-14
4.312700e-07 2.321200e-14
4.315440e-07 2.409100e-14
4.318180e-07 2.264000e-14
4.320910e-07 2.193100e-14
4.323650e-07 2.218300e-14
4.326390e-07 2.196500e-14
4.329120e-07 2.234300e-14
4.331860e-07 2.673800e-14
4.334600e-07 3.421900e-14
4.337340e-07 3.970700e-14
4.340070e-07 3.613800e-14
4.342810e-07 2.934000e-14
4.345550e-07 2.411300e-14
4.348280e-07 2.187800e-14
4.351020e-07 2.177100e-14
4.353760e-07 2.257000e-14
4.356490e-07 2.300700e-14
4.359230e-07 2.341300e-14
4.361970e-07 2.364400e-14
4.364700e-07 2.340600e-14
4.367440e-07 2.252300e-14
4.370180e-07 2.261400e-14
4.372920e-07 2.305300e-14
4.375650e-07 2.277900e-14
4.378390e-07 2.138900e-14
4.381130e-07 2.210700e-14
4.383860e-07 2.280500e-14
4.386600e-07 2.189600e-14
4.389340e-07 2.181000e-14
4.392070e-07 2.372700e-14
4.394810e-07 2.240300e-14
4.397550e-07 2.308600e-14
4.400290e-07 2.224300e-14
4.403020e-07 2.304400e-14
4.405760e-07 2.230800e-14
4.408500e-07 2.320600e-14
4.411230e-07 2.309400e-14
4.413970e-07 2.290100e-14
4.416710e-07 2.239900e-14
4.419440e-07 2.195400e-14
4.422180e-07 2.413900e-14
4.424920e-07 2.306300e-14
4.427650e-07 2.309200e-14
4.430390e-07 2.369100e-14
4.433130e-07 2.397400e-14
4.435870e-07 2.363300e-14
4.438600e-07 2.286500e-14
4.441340e-07 2.318300e-14
4.444080e-07 2.269300e-14
4.446810e-07 2.342400e-14
4.449550e-07 2.365000e-14
4.452290e-07 2.347700e-14
4.455020e-07 2.340000e-14
4.457760e-07 2.331100e-14
4.460500e-07 2.258000e-14
4.463230e-07 2.277100e-14
4.465970e-07 2.465000e-14
4.468710e-07 2.514200e-14
4.471450e-07 2.467100e-14
4.474180e-07 2.402400e-14
4.476920e-07 2.320200e-14
4.479660e-07 2.291700e-14
4.482390e-07 2.406300e-14
4.485130e-07 2.250200e-14
4.487870e-07 2.335400e-14
4.490600e-07 2.268100e-14
4.493340e-07 2.424000e-14
4.496080e-07 2.326000e-14
4.498820e-07 2.391700e-14
4.501550e-07 2.405700e-14
4.504290e-07 2.444000e-14
4.507030e-07 2.369900e-14
4.509760e-07 2.369200e-14
4.512500e-07 2.337100e-14
4.515240e-07 2.354000e-14
4.517970e-07 2.300100e-14
4.520710e-07 2.304400e-14
4.523450e-07 2.228500e-14
4.526180e-07 2.273900e-14
4.528920e-07 2.258200e-14
4.531660e-07 2.251500e-14
4.534400e-07 2.291100e-14
4.537130e-07 2.334600e-14
4.539870e-07 2.350100e-14
4.542610e-07 2.274100e-14
4.545340e-07 2.246700e-14
4.548080e-07 2.345900e-14
4.550820e-07 2.245500e-14
4.553550e-07 2.248000e-14
4.556290e-07 2.271400e-14
4.559030e-07 2.352500e-14
4.561760e-07 2.338200e-14
4.564500e-07 2.368400e-14
4.567240e-07 2.326100e-14
4.569980e-07 2.302800e-14
4.572710e-07 2.361300e-14
4.575450e-07 2.325700e-14
4.578190e-07 2.289800e-14
4.580920e-07 2.363500e-14
4.583660e-07 2.303200e-14
4.586400e-07 2.289500e-14
4.589130e-07 2.298500e-14
4.591870e-07 2.290700e-14
4.594610e-07 2.254800e-14
4.597350e-07 2.295400e-14
4.600080e-07 2.332000e-14
4.602820e-07 2.354300e-14
4.605560e-07 2.394200e-14
4.608290e-07 2.365600e-14
4.611030e-07 2.330600e-14
4.613770e-07 2.339000e-14
4.616500e-07 2.292700e-14
4.619240e-07 2.405400e-14
4.621980e-07 2.323300e-14
4.624710e-07 2.352600e-14
4.627450e-07 2.369500e-14
4.630190e-07 2.406600e-14
4.632930e-07 2.363700e-14
4.635660e-07 2.304900e-14
4.638400e-07 2.283100e-14
4.641140e-07 2.357800e-14
4.643870e-07 2.296000e-14
4.646610e-07 2.290500e-14
4.649350e-07 2.282100e-14
4.652080e-07 2.404700e-14
4.654820e-07 2.492700e-14
4.657560e-07 2.501900e-14
4.660300e-07 2.322300e-14
4.663030e-07 2.302900e-14
4.665770e-07 2.246500e-14
4.668510e-07 2.287400e-14
4.671240e-07 2.363000e-14
4.673980e-07 2.288100e-14
4.676720e-07 2.387500e-14
4.679450e-07 2.354200e-14
4.682190e-07 2.335300e-14
4.684930e-07 2.382900e-14
4.687660e-07 2.337900e-14
4.690400e-07 2.278900e-14
4.693140e-07 2.296500e-14
4.695880e-07 2.278500e-14
4.698610e-07 2.318000e-14
4.701350e-07 2.296400e-14
4.704090e-07 2.277400e-14
4.706820e-07 2.259300e-14
4.709560e-07 2.265100e-14
4.712300e-07 2.291100e-14
4.715030e-07 2.298000e-14
4.717770e-07 2.301800e-14
4.720510e-07 2.361800e-14
4.723240e-07 2.287800e-14
4.725980e-07 2.273100e-14
4.728720e-07 2.187900e-14
4.731460e-07 2.207300e-14
4.734190e-07 2.242900e-14
4.736930e-07 2.279400e-14
4.739670e-07 2.302900e-14
4.742400e-07 2.253800e-14
4.745140e-07 2.266000e-14
4.747880e-07 2.319800e-14
4.750610e-07 2.258900e-14
4.753350e-07 2.254300e-14
4.756090e-07 2.233100e-14
4.758830e-07 2.207800e-14
4.761560e-07 2.235700e-14
4.764300e-07 2.250300e-14
4.767040e-07 2.231600e-14
4.769770e-07 2.234700e-14
4.772510e-07 2.272400e-14
4.775250e-07 2.327300e-14
4.777980e-07 2.285900e-14
4.780720e-07 2.280800e-14
4.783460e-07 2.306300e-14
4.786190e-07 2.334100e-14
4.788930e-07 2.310500e-14
4.791670e-07 2.243000e-14
4.794410e-07 2.292800e-14
4.797140e-07 2.280700e-14
4.799880e-07 2.230800e-14
4.802620e-07 2.270400e-14
4.805350e-07 2.226200e-14
4.808090e-07 2.233800e-14
4.810830e-07 2.291300e-14
4.813560e-07 2.285100e-14
4.816300e-07 2.250000e-14
4.819040e-07 2.239600e-14
4.821770e-07 2.250400e-14
4.824510e-07 2.232700e-14
4.827250e-07 2.234200e-14
4.829990e-07 2.250700e-14
4.832720e-07 2.217600e-14
4.835460e-07 2.255000e-14
4.838200e-07 2.156600e-14
4.840930e-07 2.167700e-14
4.843670e-07 2.141600e-14
4.846410e-07 2.113800e-14
4.849140e-07 2.223900e-14
4.851880e-07 2.944200e-14
4.854620e-07 4.548400e-14
4.857360e-07 6.395200e-14
4.860090e-07 6.651500e-14
4.862830e-07 5.073300e-14
4.865570e-07 3.241400e-14
4.868300e-07 2.321000e-14
4.871040e-07 2.051700e-14
4.873780e-07 2.110800e-14
4.876510e-07 2.116500e-14
4.879250e-07 2.074900e-14
4.881990e-07 2.069300e-14
4.884720e-07 2.068200e-14
4.887460e-07 2.120400e-14
4.890200e-07 2.110200e-14
4.892940e-07 2.079500e-14
4.895670e-07 2.116000e-14
4.898410e-07 2.152700e-14
4.901150e-07 2.096000e-14
4.903880e-07 2.072900e-14
4.906620e-07 2.080000e-14
4.909360e-07 2.088100e-14
4.912090e-07 2.114500e-14
4.914830e-07 2.158300e-14
4.917570e-07 2.067900e-14
4.920310e-07 2.097900e-14
4.923040e-07 2.115700e-14
4.925780e-07 2.058600e-14
4.928520e-07 2.130900e-14
4.931250e-07 2.111700e-14
4.933990e-07 2.040900e-14
4.936730e-07 2.134100e-14
4.939460e-07 2.137700e-14
4.942200e-07 2.211400e-14
4.944940e-07 2.257100e-14
4.947670e-07 2.462500e-14
4.950410e-07 3.035700e-14
4.953150e-07 4.174300e-14
4.955890e-07 5.124200e-14
4.958620e-07 4.813800e-14
4.961360e-07 3.728500e-14
4.964100e-07 2.731900e-14
4.966830e-07 2.342800e-14
4.969570e-07 2.272900e-14
4.972310e-07 2.218500e-14
4.975040e-07 2.143700e-14
4.977780e-07 2.101500e-14
4.980520e-07 2.093200e-14
4.983250e-07 2.128200e-14
4.985990e-07 2.134300e-14
4.988730e-07 2.123400e-14
4.991470e-07 2.147900e-14
4.994200e-07 2.468900e-14
4.996940e-07 3.524300e-14
4.999680e-07 6.294600e-14
5.002410e-07 9.717600e-14
5.005150e-07 1.094500e-13
5.007890e-07 8.613800e-14
5.010620e-07 5.054100e-14
5.013360e-07 2.991800e-14
5.016100e-07 2.251900e-14
5.018840e-07 2.063200e-14
5.021570e-07 2.110800e-14
5.024310e-07 2.084600e-14
5.027050e-07 2.027100e-14
5.029780e-07 2.065000e-14
5.032520e-07 2.048500e-14
5.035260e-07 1.996900e-14
5.037990e-07 2.039300e-14
5.040730e-07 2.059300e-14
5.043470e-07 2.074000e-14
5.046200e-07 2.054700e-14
5.048940e-07 2.011700e-14
5.051680e-07 2.103000e-14
5.054420e-07 2.155000e-14
5.057150e-07 2.129400e-14
5.059890e-07 2.111600e-14
5.062630e-07 2.082200e-14
5.065360e-07 2.049800e-14
5.068100e-07 2.032900e-14
5.070840e-07 2.042500e-14
5.073570e-07 2.050200e-14
5.076310e-07 2.070800e-14
5.079050e-07 2.038200e-14
5.081780e-07 2.021300e-14
5.084520e-07 2.054400e-14
5.087260e-07 2.063100e-14
5.090000e-07 2.051800e-14
5.092730e-07 2.053100e-14
5.095470e-07 2.038700e-14
5.098210e-07 1.984500e-14
5.100940e-07 2.028800e-14
5.103680e-07 2.057500e-14
5.106420e-07 2.044400e-14
5.109150e-07 2.034600e-14
5.111890e-07 2.066300e-14
5.114630e-07 2.098000e-14
5.117370e-07 2.065100e-14
5.120100e-07 1.995300e-14
5.122840e-07 2.054300e-14
5.125580e-07 2.042500e-14
5.128310e-07 2.027900e-14
5.131050e-07 1.960300e-14
5.133790e-07 1.956600e-14
5.136520e-07 1.984200e-14
5.139260e-07 1.988300e-14
5.142000e-07 1.994900e-14
5.144730e-07 1.985700e-14
5.147470e-07 1.968100e-14
5.150210e-07 1.973500e-14
5.152950e-07 1.983700e-14
5.155680e-07 2.017600e-14
5.158420e-07 2.036300e-14
5.161160e-07 1.963800e-14
5.163890e-07 1.870000e-14
5.166630e-07 1.786500e-14
5.169370e-07 1.796200e-14
5.172100e-07 1.870600e-14
5.174840e-07 1.914700e-14
5.177580e-07 1.896500e-14
5.180320e-07 1.880400e-14
5.183050e-07 1.937400e-14
5.185790e-07 1.987300e-14
5.188530e-07 2.001400e-14
5.191260e-07 2.015900e-14
5.194000e-07 2.015100e-14
5.196740e-07 2.025100e-14
5.199470e-07 2.010100e-14
5.202210e-07 1.973700e-14
5.204950e-07 1.925300e-14
5.207680e-07 1.949700e-14
5.210420e-07 1.931200e-14
5.213160e-07 1.933300e-14
5.215900e-07 1.959000e-14
5.218630e-07 1.955000e-14
5.221370e-07 1.945500e-14
5.224110e-07 1.923900e-14
5.226840e-07 1.928500e-14
5.229580e-07 1.970000e-14
5.232320e-07 1.980000e-14
5.235050e-07 1.982900e-14
5.237790e-07 2.002300e-14
5.240530e-07 1.955800e-14
5.243260e-07 1.957900e-14
5.246000e-07 1.998700e-14
5.248740e-07 1.972800e-14
5.251480e-07 2.015000e-14
5.254210e-07 2.040100e-14
5.256950e-07 1.973800e-14
5.259690e-07 1.960100e-14
5.262420e-07 1.909200e-14
5.265160e-07 1.852400e-14
5.267900e-07 1.874900e-14
5.270630e-07 1.913900e-14
5.273370e-07 1.972000e-14
5.276110e-07 1.992800e-14
5.278850e-07 1.938200e-14
5.281580e-07 1.961100e-14
5.284320e-07 1.964100e-14
5.287060e-07 1.985800e-14
5.289790e-07 2.046000e-14
5.292530e-07 1.998100e-14
5.295270e-07 1.983700e-14
5.298000e-07 1.982000e-14
5.300740e-07 1.997300e-14
5.303480e-07 2.040100e-14
5.306210e-07 2.036500e-14
5.308950e-07 2.039600e-14
5.311690e-07 2.023500e-14
5.314430e-07 2.032600e-14
5.317160e-07 1.993700e-14
5.319900e-07 1.953900e-14
5.322640e-07 1.868000e-14
5.325370e-07 1.837700e-14
5.328110e-07 1.941600e-14
5.330850e-07 1.943100e-14
5.333580e-07 1.961700e-14
5.336320e-07 2.029300e-14
5.339060e-07 2.000100e-14
5.341790e-07 1.970700e-14
5.344530e-07 1.983800e-14
5.347270e-07 1.987100e-14
5.350010e-07 2.031500e-14
5.352740e-07 2.020300e-14
5.355480e-07 2.014300e-14
5.358220e-07 2.013600e-14
5.360950e-07 1.982200e-14
5.363690e-07 1.926700e-14
5.366430e-07 1.933300e-14
5.369160e-07 1.945200e-14
5.371900e-07 1.981100e-14
5.374640e-07 2.020100e-14
5.377380e-07 2.001600e-14
5.380110e-07 1.999200e-14
5.382850e-07 1.975700e-14
5.385590e-07 1.994700e-14
5.388320e-07 1.930500e-14
5.391060e-07 1.890800e-14
5.393800e-07 1.860900e-14
5.396530e-07 1.935100e-14
5.399270e-07 1.907200e-14
5.402010e-07 1.894200e-14
5.404740e-07 1.899500e-14
5.407480e-07 1.893600e-14
5.410220e-07 1.930900e-14
5.412960e-07 1.924400e-14
5.415690e-07 1.935700e-14
5.418430e-07 2.023700e-14
5.421170e-07 1.941100e-14
5.423900e-07 1.932300e-14
5.426640e-07 1.941000e-14
5.429380e-07 1.929400e-14
5.432110e-07 1.981600e-14
5.434850e-07 1.965400e-14
5.437590e-07 1.990900e-14
5.440330e-07 1.985900e-14
5.443060e-07 1.917400e-14
5.445800e-07 1.905900e-14
5.448540e-07 1.873800e-14
5.451270e-07 1.917500e-14
5.454010e-07 1.941400e-14
5.456750e-07 1.939200e-14
5.459480e-07 1.931100e-14
5.462220e-07 1.966500e-14
5.464960e-07 1.912900e-14
5.467690e-07 1.939600e-14
5.470430e-07 1.942300e-14
5.473170e-07 1.851100e-14
5.475910e-07 1.930700e-14
5.478640e-07 1.935500e-14
5.481380e-07 1.898400e-14
5.484120e-07 1.938000e-14
5.486850e-07 1.907200e-14
5.489590e-07 1.923000e-14
5.492330e-07 1.943400e-14
5.495060e-07 1.943800e-14
5.497800e-07 1.937700e-14
5.500540e-07 1.903900e-14
5.503270e-07 1.884600e-14
5.506010e-07 1.851800e-14
5.508750e-07 1.877700e-14
5.511490e-07 1.883800e-14
5.514220e-07 1.952900e-14
5.516960e-07 1.949700e-14
5.519700e-07 1.957600e-14
5.522430e-07 1.905500e-14
5.525170e-07 1.867600e-14
5.527910e-07 1.932200e-14
5.530640e-07 1.929000e-14
5.533380e-07 1.948900e-14
5.536120e-07 1.931800e-14
5.538860e-07 1.857600e-14
5.541590e-07 1.870700e-14
5.544330e-07 1.963200e-14
5.547070e-07 1.979500e-14
5.549800e-07 1.847000e-14
5.552540e-07 1.887400e-14
5.555280e-07 1.917400e-14
5.558010e-07 1.927400e-14
5.560750e-07 1.994700e-14
5.563490e-07 1.879800e-14
5.566220e-07 1.925100e-14
5.568960e-07 1.903800e-14
5.571700e-07 1.840800e-14
5.574440e-07 1.996600e-14
5.577170e-07 1.947300e-14
5.579910e-07 1.904200e-14
5.582650e-07 1.865600e-14
5.585380e-07 1.828800e-14
5.588120e-07 1.857100e-14
5.590860e-07 1.911800e-14
5.593590e-07 1.913400e-14
5.596330e-07 1.839400e-14
5.599070e-07 1.855100e-14
5.601810e-07 1.793000e-14
5.604540e-07 1.819000e-14
5.607280e-07 1.866600e-14
5.610020e-07 1.905000e-14
5.612750e-07 1.920800e-14
5.615490e-07 1.878000e-14
5.618230e-07 1.846700e-14
5.620960e-07 1.870600e-14
5.623700e-07 1.827400e-14
5.626440e-07 1.831400e-14
5.629170e-07 1.868500e-14
5.631910e-07 1.895200e-14
5.634650e-07 1.804300e-14
5.637390e-07 1.802900e-14
5.640120e-07 1.851700e-14
5.642860e-07 1.871100e-14
5.645600e-07 1.879700e-14
5.648330e-07 1.879200e-14
5.651070e-07 1.886800e-14
5.653810e-07 1.896900e-14
5.656540e-07 1.899900e-14
5.659280e-07 1.821500e-14
5.662020e-07 1.858200e-14
5.664750e-07 1.890800e-14
5.667490e-07 1.778900e-14
5.670230e-07 1.838600e-14
5.672970e-07 1.848000e-14
5.675700e-07 1.939400e-14
5.678440e-07 1.772900e-14
5.681180e-07 1.914100e-14
5.683910e-07 1.773700e-14
5.686650e-07 1.844200e-14
5.689390e-07 1.926500e-14
5.692120e-07 1.931700e-14
5.694860e-07 1.838500e-14
5.697600e-07 1.860700e-14
5.700340e-07 1.817200e-14
5.703070e-07 1.865300e-14
5.705810e-07 1.797700e-14
5.708550e-07 1.799600e-14
5.711280e-07 1.786000e-14
5.714020e-07 1.797600e-14
5.716760e-07 1.904100e-14
5.719490e-07 1.878500e-14
5.722230e-07 1.920100e-14
5.724970e-07 1.893700e-14
5.727700e-07 1.829700e-14
5.730440e-07 1.881800e-14
5.733180e-07 1.886000e-14
5.735920e-07 1.886500e-14
5.738650e-07 1.929900e-14
5.741390e-07 1.905600e-14
5.744130e-07 1.801900e-14
5.746860e-07 1.828800e-14
5.749600e-07 1.845700e-14
5.752340e-07 1.882800e-14
5.755070e-07 1.914500e-14
5.757810e-07 1.910300e-14
5.760550e-07 1.920600e-14
5.763280e-07 1.906200e-14
5.766020e-07 1.853100e-14
5.768760e-07 1.840400e-14
5.771500e-07 1.844200e-14
5.774230e-07 1.911900e-14
5.776970e-07 1.756300e-14
5.779710e-07 1.794300e-14
5.782440e-07 1.826500e-14
5.785180e-07 1.894200e-14
5.787920e-07 1.843700e-14
5.790650e-07 1.851600e-14
5.793390e-07 1.797500e-14
5.796130e-07 1.818900e-14
5.798870e-07 1.871300e-14
5.801600e-07 1.845100e-14
5.804340e-07 1.789700e-14
5.807080e-07 1.816800e-14
5.809810e-07 1.864000e-14
5.812550e-07 1.837000e-14
5.815290e-07 1.866400e-14
5.818020e-07 1.791700e-14
5.820760e-07 1.833000e-14
5.823500e-07 1.888000e-14
5.826230e-07 1.889500e-14
5.828970e-07 1.944400e-14
5.831710e-07 1.898800e-14
5.834450e-07 1.920600e-14
5.837180e-07 1.872100e-14
5.839920e-07 1.851500e-14
5.842660e-07 1.790600e-14
5.845390e-07 1.831500e-14
5.848130e-07 1.879800e-14
5.850870e-07 1.790600e-14
5.853600e-07 1.797500e-14
5.856340e-07 1.862900e-14
5.859080e-07 1.790000e-14
5.861820e-07 1.923000e-14
5.864550e-07 1.785000e-14
5.867290e-07 1.840400e-14
5.870030e-07 1.838500e-14
5.872760e-07 1.854200e-14
5.875500e-07 1.844400e-14
5.878240e-07 1.802800e-14
5.880970e-07 1.732400e-14
5.883710e-07 1.842700e-14
5.886450e-07 1.772200e-14
5.889180e-07 1.641700e-14
5.891920e-07 1.618600e-14
5.894660e-07 1.732500e-14
5.897400e-07 1.777000e-14
5.900130e-07 1.767700e-14
5.902870e-07 1.818200e-14
5.905610e-07 1.805300e-14
5.908340e-07 1.745000e-14
5.911080e-07 1.717400e-14
5.913820e-07 1.772300e-14
5.916550e-07 1.840400e-14
5.919290e-07 1.792100e-14
5.922030e-07 1.756400e-14
5.924760e-07 1.751300e-14
5.927500e-07 1.792600e-14
5.930240e-07 1.774100e-14
5.932980e-07 1.737100e-14
5.935710e-07 1.772600e-14
5.938450e-07 1.830700e-14
5.941190e-07 1.816100e-14
5.943920e-07 1.748600e-14
5.946660e-07 1.827900e-14
5.949400e-07 1.720800e-14
5.952130e-07 1.722100e-14
5.954870e-07 1.756800e-14
5.957610e-07 1.818600e-14
5.960350e-07 1.754300e-14
5.963080e-07 1.761800e-14
5.965820e-07 1.780100e-14
5.968560e-07 1.868800e-14
5.971290e-07 1.785500e-14
5.974030e-07 1.789400e-14
5.976770e-07 1.788700e-14
5.979500e-07 1.761800e-14
5.982240e-07 1.775200e-14
5.984980e-07 1.770900e-14
5.987710e-07 1.714000e-14
5.990450e-07 1.714700e-14
5.993190e-07 1.771600e-14
5.995930e-07 1.767500e-14
5.998660e-07 1.766800e-14
6.001400e-07 1.682100e-14
6.004140e-07 1.790400e-14
6.006870e-07 1.693100e-14
6.009610e-07 1.793900e-14
6.012350e-07 1.799100e-14
6.015080e-07 1.719700e-14
6.017820e-07 1.726600e-14
6.020560e-07 1.765900e-14
6.023290e-07 1.758900e-14
6.026030e-07 1.798900e-14
6.028770e-07 1.772800e-14
6.031510e-07 1.803600e-14
6.034240e-07 1.787500e-14
6.036980e-07 1.698800e-14
6.039720e-07 1.778900e-14
6.042450e-07 1.778100e-14
6.045190e-07 1.783400e-14
6.047930e-07 1.714300e-14
6.050660e-07 1.776000e-14
6.053400e-07 1.834400e-14
6.056140e-07 1.821200e-14
6.058880e-07 1.723100e-14
6.061610e-07 1.769900e-14
6.064350e-07 1.710500e-14
6.067090e-07 1.764200e-14
6.069820e-07 1.810600e-14
6.072560e-07 1.767300e-14
6.075300e-07 1.744500e-14
6.078030e-07 1.718300e-14
6.080770e-07 1.721200e-14
6.083510e-07 1.746600e-14
6.086240e-07 1.739500e-14
6.088980e-07 1.756000e-14
6.091720e-07 1.718700e-14
6.094460e-07 1.766000e-14
6.097190e-07 1.690600e-14
6.099930e-07 1.750800e-14
6.102670e-07 1.692100e-14
6.105400e-07 1.752500e-14
6.108140e-07 1.710200e-14
6.110880e-07 1.786300e-14
6.113610e-07 1.631400e-14
6.116350e-07 1.668400e-14
6.119090e-07 1.736100e-14
6.121830e-07 1.784100e-14
6.124560e-07 1.716900e-14
6.127300e-07 1.800800e-14
6.130040e-07 1.786300e-14
6.132770e-07 1.744300e-14
6.135510e-07 1.677000e-14
6.138250e-07 1.700000e-14
6.140980e-07 1.700600e-14
6.143720e-07 1.722000e-14
6.146460e-07 1.693800e-14
6.149190e-07 1.695800e-14
6.151930e-07 1.659400e-14
6.154670e-07 1.676200e-14
6.157410e-07 1.684300e-14
6.160140e-07 1.607400e-14
6.162880e-07 1.606300e-14
6.165620e-07 1.603800e-14
6.168350e-07 1.598900e-14
6.171090e-07 1.635100e-14
6.173830e-07 1.638400e-14
6.176560e-07 1.687500e-14
6.179300e-07 1.655200e-14
6.182040e-07 1.684300e-14
6.184770e-07 1.685500e-14
6.187510e-07 1.661000e-14
6.190250e-07 1.619800e-14
6.192990e-07 1.700600e-14
6.195720e-07 1.659000e-14
6.198460e-07 1.718600e-14
6.201200e-07 1.700500e-14
6.203930e-07 1.730000e-14
6.206670e-07 1.697500e-14
6.209410e-07 1.587400e-14
6.212140e-07 1.636000e-14
6.214880e-07 1.665900e-14
6.217620e-07 1.695900e-14
6.220360e-07 1.654400e-14
6.223090e-07 1.704900e-14
6.225830e-07 1.732500e-14
6.228570e-07 1.660100e-14
6.231300e-07 1.618800e-14
6.234040e-07 1.604800e-14
6.236780e-07 1.638600e-14
6.239510e-07 1.673100e-14
6.242250e-07 1.665000e-14
6.244990e-07 1.648500e-14
6.247720e-07 1.644200e-14
6.250460e-07 1.538700e-14
6.253200e-07 1.537000e-14
6.255940e-07 1.632300e-14
6.258670e-07 1.652100e-14
6.261410e-07 1.664100e-14
6.264150e-07 1.664300e-14
6.266880e-07 1.671500e-14
6.269620e-07 1.691500e-14
6.272360e-07 1.572700e-14
6.275090e-07 1.695700e-14
6.277830e-07 1.618600e-14
6.280570e-07 1.747000e-14
6.283300e-07 1.640700e-14
6.286040e-07 1.698500e-14
6.288780e-07 1.713700e-14
6.291520e-07 1.716300e-14
6.294250e-07 1.883400e-14
6.296990e-07 2.018300e-14
6.299730e-07 1.916300e-14
6.302460e-07 1.879200e-14
6.305200e-07 1.779700e-14
6.307940e-07 1.713600e-14
6.310670e-07 1.722500e-14
6.313410e-07 1.608700e-14
6.316150e-07 1.726400e-14
6.318890e-07 1.634600e-14
6.321620e-07 1.678900e-14
6.324360e-07 1.642900e-14
6.327100e-07 1.724200e-14
6.329830e-07 1.701900e-14
6.332570e-07 1.653700e-14
6.335310e-07 1.638700e-14
6.338040e-07 1.676600e-14
6.340780e-07 1.635800e-14
6.343520e-07 1.646700e-14
6.346250e-07 1.625000e-14
6.348990e-07 1.610800e-14
6.351730e-07 1.698600e-14
6.354470e-07 1.630700e-14
6.357200e-07 1.603000e-14
6.359940e-07 1.671000e-14
6.362680e-07 1.753800e-14
6.365410e-07 1.779900e-14
6.368150e-07 1.749600e-14
6.370890e-07 1.734200e-14
6.373620e-07 1.707400e-14
6.376360e-07 1.703400e-14
6.379100e-07 1.635900e-14
6.381840e-07 1.622900e-14
6.384570e-07 1.725500e-14
6.387310e-07 1.708800e-14
6.390050e-07 1.685800e-14
6.392780e-07 1.705400e-14
6.395520e-07 1.729400e-14
6.398260e-07 1.637500e-14
6.400990e-07 1.663500e-14
6.403730e-07 1.647400e-14
6.406470e-07 1.640200e-14
6.409200e-07 1.641100e-14
6.411940e-07 1.666600e-14
6.414680e-07 1.630500e-14
6.417420e-07 1.616300e-14
6.420150e-07 1.674900e-14
6.422890e-07 1.697900e-14
6.425630e-07 1.684700e-14
6.428360e-07 1.600100e-14
6.431100e-07 1.620300e-14
6.433840e-07 1.647300e-14
6.436570e-07 1.615000e-14
6.439310e-07 1.606100e-14
6.442050e-07 1.635900e-14
6.444780e-07 1.662400e-14
6.447520e-07 1.672500e-14
6.450260e-07 1.648300e-14
6.453000e-07 1.590600e-14
6.455730e-07 1.590600e-14
6.458470e-07 1.661900e-14
6.461210e-07 1.641100e-14
6.463940e-07 1.686200e-14
6.466680e-07 1.690800e-14
6.469420e-07 1.638700e-14
6.472150e-07 1.648000e-14
6.474890e-07 1.700400e-14
6.477630e-07 1.668900e-14
6.480370e-07 1.645500e-14
6.483100e-07 1.665600e-14
6.485840e-07 1.600200e-14
6.488580e-07 1.610100e-14
6.491310e-07 1.614300e-14
6.494050e-07 1.543400e-14
6.496790e-07 1.639100e-14
6.499520e-07 1.674900e-14
6.502260e-07 1.716400e-14
6.505000e-07 1.650200e-14
6.507730e-07 1.692200e-14
6.510470e-07 1.703700e-14
6.513210e-07 1.651300e-14
6.515950e-07 1.571600e-14
6.518680e-07 1.696300e-14
6.521420e-07 1.672000e-14
6.524160e-07 1.683500e-14
6.526890e-07 1.710100e-14
6.529630e-07 1.761700e-14
6.532370e-07 1.645000e-14
6.535100e-07 1.627500e-14
6.537840e-07 1.756300e-14
6.540580e-07 2.107500e-14
6.543310e-07 2.619700e-14
6.546050e-07 3.073100e-14
6.548790e-07 2.793300e-14
6.551530e-07 3.169900e-14
6.554260e-07 5.936300e-14
6.557000e-07 1.264900e-13
6.559740e-07 1.918600e-13
6.562470e-07 1.855800e-13
6.565210e-07 1.148800e-13
6.567950e-07 5.220300e-14
6.570680e-07 2.657900e-14
6.573420e-07 2.293600e-14
6.576160e-07 3.029700e-14
6.578900e-07 4.376600e-14
6.581630e-07 5.028400e-14
6.584370e-07 4.263800e-14
6.587110e-07 2.910000e-14
6.589840e-07 1.978300e-14
6.592580e-07 1.597100e-14
6.595320e-07 1.602400e-14
6.598050e-07 1.658900e-14
6.600790e-07 1.620600e-14
6.603530e-07 1.594600e-14
6.606260e-07 1.604000e-14
6.609000e-07 1.658400e-14
6.611740e-07 1.569000e-14
6.614480e-07 1.597800e-14
6.617210e-07 1.654800e-14
6.619950e-07 1.643700e-14
6.622690e-07 1.642300e-14
6.625420e-07 1.648600e-14
6.628160e-07 1.626800e-14
6.630900e-07 1.647900e-14
6.633630e-07 1.647700e-14
6.636370e-07 1.587800e-14
6.639110e-07 1.603200e-14
6.641850e-07 1.585400e-14
6.644580e-07 1.645700e-14
6.647320e-07 1.657400e-14
6.650060e-07 1.622400e-14
6.652790e-07 1.645000e-14
6.655530e-07 1.532700e-14
6.658270e-07 1.596600e-14
6.661000e-07 1.581800e-14
6.663740e-07 1.707600e-14
6.666480e-07 1.714700e-14
6.669210e-07 1.696000e-14
6.671950e-07 1.745600e-14
6.674690e-07 1.803900e-14
6.677430e-07 1.834900e-14
6.680160e-07 1.723100e-14
6.682900e-07 1.652600e-14
6.685640e-07 1.609500e-14
6.688370e-07 1.638900e-14
6.691110e-07 1.650900e-14
6.693850e-07 1.624700e-14
6.696580e-07 1.625300e-14
6.699320e-07 1.634600e-14
6.702060e-07 1.558500e-14
6.704790e-07 1.733000e-14
6.707530e-07 2.000400e-14
6.710270e-07 2.613400e-14
6.713010e-07 3.241800e-14
6.715740e-07 3.809300e-14
6.718480e-07 3.060800e-14
6.721220e-07 2.297700e-14
6.723950e-07 2.484100e-14
6.726690e-07 3.118200e-14
6.729430e-07 3.408500e-14
6.732160e-07 2.897400e-14
6.734900e-07 2.074200e-14
6.737640e-07 1.764800e-14
6.740380e-07 1.653800e-14
6.743110e-07 1.551100e-14
6.745850e-07 1.611800e-14
6.748590e-07 1.592100e-14
6.751320e-07 1.547200e-14
6.754060e-07 1.646900e-14
6.756800e-07 1.604200e-14
6.759530e-07 1.511700e-14
6.762270e-07 1.602800e-14
6.765010e-07 1.598500e-14
6.767740e-07 1.568800e-14
6.770480e-07 1.553500e-14
6.773220e-07 1.494400e-14
6.775960e-07 1.536400e-14
6.778690e-07 1.559200e-14
6.781430e-07 1.543400e-14
6.784170e-07 1.552400e-14
6.786900e-07 1.474100e-14
6.789640e-07 1.532000e-14
6.792380e-07 1.547800e-14
6.795110e-07 1.519000e-14
6.806660e-07 1.580700e-14
6.822350e-07 1.573100e-14
6.838070e-07 1.587500e-14
6.853840e-07 1.583600e-14
6.869640e-07 1.522500e-14
6.885470e-07 1.547000e-14
6.901350e-07 1.546800e-14
6.917250e-07 1.553700e-14
6.933200e-07 1.532200e-14
6.949190e-07 1.571200e-14
6.965200e-07 1.560200e-14
6.981260e-07 1.559900e-14
6.997350e-07 1.552500e-14
7.013480e-07 1.527400e-14
7.029650e-07 1.527200e-14
7.045850e-07 1.527000e-14
7.062100e-07 1.516200e-14
7.078380e-07 1.526500e-14
7.094690e-07 1.477800e-14
7.111050e-07 1.477600e-14
7.127440e-07 1.467200e-14
7.143870e-07 1.463600e-14
7.160340e-07 1.466700e-14
7.176850e-07 1.443000e-14
7.193390e-07 1.337200e-14
7.209970e-07 1.400000e-14
7.226600e-07 1.472500e-14
7.243250e-07 1.435500e-14
7.259950e-07 1.412300e-14
7.276690e-07 1.492300e-14
7.293460e-07 1.461400e-14
7.310270e-07 1.457800e-14
7.327130e-07 1.484700e-14
7.344020e-07 1.526000e-14
7.360950e-07 1.480800e-14
7.377920e-07 1.522000e-14
7.394930e-07 1.460000e-14
7.411970e-07 1.528500e-14
7.429060e-07 1.466200e-14
7.446190e-07 1.507100e-14
7.463350e-07 1.524300e-14
7.480550e-07 1.496200e-14
7.497800e-07 1.492500e-14
7.515080e-07 1.506100e-14
7.532410e-07 1.498900e-14
7.549770e-07 1.526500e-14
7.567180e-07 1.498400e-14
7.584620e-07 1.501600e-14
7.602100e-07 1.473900e-14
7.619630e-07 1.446800e-14
7.637190e-07 1.459900e-14
7.654800e-07 1.452900e-14
7.672450e-07 1.358900e-14
7.690130e-07 1.412900e-14
7.707860e-07 1.358400e-14
7.725630e-07 1.383400e-14
7.743440e-07 1.408900e-14
7.761290e-07 1.386100e-14
7.779180e-07 1.354300e-14
7.797110e-07 1.360300e-14
7.815090e-07 1.382200e-14
7.833100e-07 1.407600e-14
7.851160e-07 1.404100e-14
7.869260e-07 1.410400e-14
7.887400e-07 1.384400e-14
7.905580e-07 1.358900e-14
7.923810e-07 1.333800e-14
7.942070e-07 1.330500e-14
7.960380e-07 1.355000e-14
7.978730e-07 1.357900e-14
7.997120e-07 1.345200e-14
8.015560e-07 1.360500e-14
8.034040e-07 1.323200e-14
8.052560e-07 1.350700e-14
8.071120e-07 1.375500e-14
8.089730e-07 1.334700e-14
8.108370e-07 1.340700e-14
8.127060e-07 1.346600e-14
8.145800e-07 1.358800e-14
8.164580e-07 1.339900e-14
8.183400e-07 1.364600e-14
8.202260e-07 1.293900e-14
8.221170e-07 1.329900e-14
8.240120e-07 1.215500e-14
8.259120e-07 1.379300e-14
8.278160e-07 1.379100e-14
8.297240e-07 1.272100e-14
8.316370e-07 1.280600e-14
8.335540e-07 1.283300e-14
8.354760e-07 1.295000e-14
8.374010e-07 1.291800e-14
8.393320e-07 1.265000e-14
8.412670e-07 1.312200e-14
8.432060e-07 1.294000e-14
8.451500e-07 1.273100e-14
8.470980e-07 1.290500e-14
8.490510e-07 1.272600e-14
8.510080e-07 1.173800e-14
8.529700e-07 1.266200e-14
8.549360e-07 8.983200e-15
8.569070e-07 1.271600e-14
8.588830e-07 1.286100e-14
8.608630e-07 1.211100e-14
8.628470e-07 1.265000e-14
8.648360e-07 1.276500e-14
8.668300e-07 1.039700e-14
8.688280e-07 1.199000e-14
8.708310e-07 1.215500e-14
8.728380e-07 1.260800e-14
8.748500e-07 1.240400e-14
8.768670e-07 1.245900e-14
8.788890e-07 1.251400e-14
8.809150e-07 1.265700e-14
8.829450e-07 1.248000e-14
8.849800e-07 1.225000e-14
8.870210e-07 1.104200e-14
8.890660e-07 1.185700e-14
8.911150e-07 1.210300e-14
8.931690e-07 1.210000e-14
8.952280e-07 1.184900e-14
8.972920e-07 1.123600e-14
8.993610e-07 1.179000e-14
9.014340e-07 1.130900e-14
9.035120e-07 1.094800e-14
9.055950e-07 1.259700e-14
9.076820e-07 1.205500e-14
9.097740e-07 1.076600e-14
9.118720e-07 1.191200e-14
9.139740e-07 1.111500e-14
9.160810e-07 1.113800e-14
9.181920e-07 1.068300e-14
9.203090e-07 1.144500e-14
9.224310e-07 1.108000e-14
9.245570e-07 1.115400e-14
9.266890e-07 1.130700e-14
9.288250e-07 1.082100e-14
9.309660e-07 1.040300e-14
9.331120e-07 1.172400e-14
9.352630e-07 1.166700e-14
9.374190e-07 1.150500e-14
9.395800e-07 1.163600e-14
9.417460e-07 1.139400e-14
9.439170e-07 1.163000e-14
9.460930e-07 1.165500e-14
9.482740e-07 1.162500e-14
9.504600e-07 1.141100e-14
9.526510e-07 1.135600e-14
9.548470e-07 1.091800e-14
9.570480e-07 1.129900e-14
9.592540e-07 1.150600e-14
9.614650e-07 1.137200e-14
9.636820e-07 1.139600e-14
9.659040e-07 1.126300e-14
9.681300e-07 1.133800e-14
9.703620e-07 1.120600e-14
9.725990e-07 1.110100e-14
9.748410e-07 1.104700e-14
9.770880e-07 1.107000e-14
9.793410e-07 1.094100e-14
9.815980e-07 1.111600e-14
9.838610e-07 1.103700e-14
9.861290e-07 1.103500e-14
9.884020e-07 1.093100e-14
9.906810e-07 1.085400e-14
9.929650e-07 1.090100e-14
9.952540e-07 1.089900e-14
9.975480e-07 1.089600e-14
9.998470e-07 1.081900e-14
1.002152e-06 1.069200e-14
1.006778e-06 1.051600e-14
1.011425e-06 1.068200e-14
1.018437e-06 1.057700e-14
1.023137e-06 1.057200e-14
1.027859e-06 1.054300e-14
1.030229e-06 1.046800e-14
1.049382e-06 1.009300e-14
1.068892e-06 9.645700e-15
1.088764e-06 9.211600e-15
1.109005e-06 8.858000e-15
1.129623e-06 8.616500e-15
1.150625e-06 8.517900e-15
1.169322e-06 8.266700e-15
1.191061e-06 7.967700e-15
1.210414e-06 7.768400e-15
1.230081e-06 7.609100e-15
1.250068e-06 7.384700e-15
1.270380e-06 7.200000e-15
1.291022e-06 7.003800e-15
1.308982e-06 6.860100e-15
1.330251e-06 6.657800e-15
1.348757e-06 6.521300e-15
1.370673e-06 6.372800e-15
1.389741e-06 6.156500e-15
1.409074e-06 5.920200e-15
1.428676e-06 5.798700e-15
1.448551e-06 5.785400e-15
1.468703e-06 5.601900e-15
1.489135e-06 5.627700e-15
1.509851e-06 5.614800e-15
1.530853e-06 5.653700e-15
1.548580e-06 5.601900e-15
1.570123e-06 5.487000e-15
1.588305e-06 5.288500e-15
1.610400e-06 5.288500e-15
1.629048e-06 5.252100e-15
1.651709e-06 5.144400e-15
1.670835e-06 5.085500e-15
1.690183e-06 4.969700e-15
1.709755e-06 4.856600e-15
1.729552e-06 4.659400e-15
1.749579e-06 4.532500e-15
1.769839e-06 4.358500e-15
1.790333e-06 4.210500e-15
1.811065e-06 4.021000e-15
1.832035e-06 3.911400e-15
1.848987e-06 3.787300e-15
1.870398e-06 3.616900e-15
1.892054e-06 3.518300e-15
1.909562e-06 3.454100e-15
1.931674e-06 3.336800e-15
1.949546e-06 3.208700e-15
1.972122e-06 3.106900e-15
1.990370e-06 3.015300e-15
2.008786e-06 2.960300e-15
2.032047e-06 2.853200e-15
2.050850e-06 2.807600e-15
2.069825e-06 2.731100e-15
2.088978e-06 2.662800e-15
2.108308e-06 2.608200e-15
2.127814e-06 2.548800e-15
2.152454e-06 2.490800e-15
2.172371e-06 2.400700e-15
2.192470e-06 2.362300e-15
2.207669e-06 2.292600e-15
2.228095e-06 2.230100e-15
2.248712e-06 2.174400e-15
2.269518e-06 2.115100e-15
2.290518e-06 1.905800e-15
2.311713e-06 1.876800e-15
2.327736e-06 1.642900e-15
2.349275e-06 1.537500e-15
2.371011e-06 1.541500e-15
2.387448e-06 1.412500e-15
2.409537e-06 1.355200e-15
2.431833e-06 1.333400e-15
2.448689e-06 1.238400e-15
2.471347e-06 1.212400e-15
2.488476e-06 1.043400e-15
2.511503e-06 1.023600e-15
2.528914e-06 1.022800e-15
2.552312e-06 1.003000e-15
2.552656e-06 9.390000e-16
2.562280e-06 9.444600e-16
2.571915e-06 9.866400e-16
2.581538e-06 9.662300e-16
2.591173e-06 9.637900e-16
2.600807e-06 9.647000e-16
2.610431e-06 1.068900e-15
2.620065e-06 9.967500e-16
2.629699e-06 9.991400e-16
2.639323e-06 9.105700e-16
2.648957e-06 9.671200e-16
2.658581e-06 9.518500e-16
2.668215e-06 1.002000e-15
2.677849e-06 8.854900e-16
2.687473e-06 8.830900e-16
2.697107e-06 8.291800e-16
2.706742e-06 9.114900e-16
2.716366e-06 8.089700e-16
2.726000e-06 8.656000e-16
2.735624e-06 7.550900e-16
2.745258e-06 7.627600e-16
2.754892e-06 7.740100e-16
2.764516e-06 7.487700e-16
2.774150e-06 7.879100e-16
2.783784e-06 7.757400e-16
2.793408e-06 8.438000e-16
2.803042e-06 8.446400e-16
2.812666e-06 8.062000e-16
2.822301e-06 7.875800e-16
2.831934e-06 8.076800e-16
2.841559e-06 8.244400e-16
2.851193e-06 8.172300e-16
2.860827e-06 7.784300e-16
2.870451e-06 7.225300e-16
2.880085e-06 7.142000e-16
2.889709e-06 7.401400e-16
2.899343e-06 7.491400e-16
2.908977e-06 7.232500e-16
2.918601e-06 7.422700e-16
2.928235e-06 7.349400e-16
2.937869e-06 7.416500e-16
2.947493e-06 7.465000e-16
2.957128e-06 7.849100e-16
2.966752e-06 7.391800e-16
2.976386e-06 6.957300e-16
2.986020e-06 6.544200e-16
2.995644e-06 6.553600e-16
3.005278e-06 5.980500e-16
3.014912e-06 6.195500e-16
3.024536e-06 6.217100e-16
3.034170e-06 6.226200e-16
3.043794e-06 5.894300e-16
3.053428e-06 5.610000e-16
3.063062e-06 5.780600e-16
3.072686e-06 5.691900e-16
3.082320e-06 6.087500e-16
3.091954e-06 5.608700e-16
3.101578e-06 6.342700e-16
3.111213e-06 6.683900e-16
3.120837e-06 7.020400e-16
3.130471e-06 6.461500e-16
3.140105e-06 6.229100e-16
3.149729e-06 6.498300e-16
3.159363e-06 6.317500e-16
3.168997e-06 6.333900e-16
3.178621e-06 6.315200e-16
3.188255e-06 6.134700e-16
3.197879e-06 6.159800e-16
3.207513e-06 6.530200e-16
3.217147e-06 6.943700e-16
3.226772e-06 7.126700e-16
3.236406e-06 6.737700e-16
3.246040e-06 6.085300e-16
3.255664e-06 5.809700e-16
3.265298e-06 7.100100e-16
3.274922e-06 8.656400e-16
3.284556e-06 9.658900e-16
3.294190e-06 1.107700e-15
3.303814e-06 1.159400e-15
3.313448e-06 1.120800e-15
3.323082e-06 8.956500e-16
3.332706e-06 7.784200e-16
3.342340e-06 6.716600e-16
3.351964e-06 6.180900e-16
3.361599e-06 5.126800e-16
3.371233e-06 5.025400e-16
3.380857e-06 5.409000e-16
3.390491e-06 5.446400e-16
3.400125e-06 6.273800e-16
3.409749e-06 6.666600e-16
3.419383e-06 7.058200e-16
3.429007e-06 6.479400e-16
3.438641e-06 6.004100e-16
3.448275e-06 5.913600e-16
3.457899e-06 6.371000e-16
3.467533e-06 5.822800e-16
3.477167e-06 6.053400e-16
3.486791e-06 5.933900e-16
3.496426e-06 5.998600e-16
3.506050e-06 6.074900e-16
3.515684e-06 4.845800e-16
3.525318e-06 4.470200e-16
3.534942e-06 4.007400e-16
3.544576e-06 4.536900e-16
3.554210e-06 4.619100e-16
3.563834e-06 4.548600e-16
3.573468e-06 4.860100e-16
3.583092e-06 4.615600e-16
3.592726e-06 4.734400e-16
3.602360e-06 4.641700e-16
3.611985e-06 4.552500e-16
3.621618e-06 4.681500e-16
3.631252e-06 4.050100e-16
3.640877e-06 4.308200e-16
3.650511e-06 3.624600e-16
3.660135e-06 3.467000e-16
3.669769e-06 3.323200e-16
3.679403e-06 3.933200e-16
3.689027e-06 4.434200e-16
3.698661e-06 4.483000e-16
3.708295e-06 3.595100e-16
3.717919e-06 3.471900e-16
3.727553e-06 3.280900e-16
3.737177e-06 3.929700e-16
3.746812e-06 3.880100e-16
3.756445e-06 3.880700e-16
3.766070e-06 3.359700e-16
3.775704e-06 3.683100e-16
3.785338e-06 3.632300e-16
3.794962e-06 3.832300e-16
3.804596e-06 3.749400e-16
3.814220e-06 3.510200e-16
3.823854e-06 3.712400e-16
3.833488e-06 3.613300e-16
3.843112e-06 3.853600e-16
3.852746e-06 3.595400e-16
3.862380e-06 3.291600e-16
3.872004e-06 3.268600e-16
3.881638e-06 2.562200e-16
3.891262e-06 3.336500e-16
3.900897e-06 3.126600e-16
3.910531e-06 3.093300e-16
3.920155e-06 3.283200e-16
3.929789e-06 3.226500e-16
3.939423e-06 3.243400e-16
3.949047e-06 3.058000e-16
3.958681e-06 3.626000e-16
3.968305e-06 3.598300e-16
3.977939e-06 3.706200e-16
3.987573e-06 3.491200e-16
3.997198e-06 3.735200e-16
4.006831e-06 3.933400e-16
4.016466e-06 3.545000e-16
4.026089e-06 3.259300e-16
4.035724e-06 3.227700e-16
4.045348e-06 4.605900e-16
4.054982e-06 6.508900e-16
4.064616e-06 6.332500e-16
4.074240e-06 5.076000e-16
4.083874e-06 3.435600e-16
4.093508e-06 2.923800e-16
4.103133e-06 3.302400e-16
4.112766e-06 3.620400e-16
4.122390e-06 3.512100e-16
4.132024e-06 3.337700e-16
4.141658e-06 3.289100e-16
4.151283e-06 3.099800e-16
4.160916e-06 3.379400e-16
4.170551e-06 3.683900e-16
4.180175e-06 3.749900e-16
4.189809e-06 2.585100e-16
4.199433e-06 2.589100e-16
4.209067e-06 2.360800e-16
4.218701e-06 2.505000e-16
4.228325e-06 2.457500e-16
4.237959e-06 2.300900e-16
4.247593e-06 1.897900e-16
4.257218e-06 2.525900e-16
4.266851e-06 2.699100e-16
4.276476e-06 2.624100e-16
4.286110e-06 2.631300e-16
4.295743e-06 2.513600e-16
4.305368e-06 2.998200e-16
4.315001e-06 3.222100e-16
4.324636e-06 3.132900e-16
4.334260e-06 3.399700e-16
4.343894e-06 3.577000e-16
4.353518e-06 3.213500e-16
4.363152e-06 2.740200e-16
4.372786e-06 3.359900e-16
4.382410e-06 3.241700e-16
4.392045e-06 3.468500e-16
4.401678e-06 3.367200e-16
4.411303e-06 3.417600e-16
4.420936e-06 2.952600e-16
4.430561e-06 2.862700e-16
4.440195e-06 2.789400e-16
4.449828e-06 3.053200e-16
4.459453e-06 2.875500e-16
4.469087e-06 2.754300e-16
4.478721e-06 2.394700e-16
4.488345e-06 2.966500e-16
4.497979e-06 2.284900e-16
4.507603e-06 2.589500e-16
4.517237e-06 2.123400e-16
4.526872e-06 2.458500e-16
4.536495e-06 2.307100e-16
4.546130e-06 2.856100e-16
4.555763e-06 2.692500e-16
4.565388e-06 2.595600e-16
4.575022e-06 2.612500e-16
4.584646e-06 2.600100e-16
4.594280e-06 2.793400e-16
4.603914e-06 2.535700e-16
4.613538e-06 2.161200e-16
4.623172e-06 2.270200e-16
4.632806e-06 2.160900e-16
4.642430e-06 2.936600e-16
4.652064e-06 3.171300e-16
4.661688e-06 3.134600e-16
4.671322e-06 2.776100e-16
4.680957e-06 2.442900e-16
4.690581e-06 2.171800e-16
4.700215e-06 2.326500e-16
4.709848e-06 2.540700e-16
4.719473e-06 2.307600e-16
4.729107e-06 1.279500e-16
4.738731e-06 1.709100e-16
4.748365e-06 1.450300e-16
4.757999e-06 2.345000e-16
4.767623e-06 2.559200e-16
4.777257e-06 2.636600e-16
4.786891e-06 2.078500e-16
4.796515e-06 2.256400e-16
4.806149e-06 2.295500e-16
4.815773e-06 2.666400e-16
4.825408e-06 2.213900e-16
4.835042e-06 2.543700e-16
4.844666e-06 2.673200e-16
4.854300e-06 2.888100e-16
4.863934e-06 2.533000e-16
4.873558e-06 3.109600e-16
4.883192e-06 2.440600e-16
4.892816e-06 2.857800e-16
4.902450e-06 2.734800e-16
4.912084e-06 3.054100e-16
4.921808e-06 2.414800e-16
4.971026e-06 2.417600e-16
5.020736e-06 2.420300e-16
5.070944e-06 2.423100e-16
5.121653e-06 2.426000e-16
5.172870e-06 2.428900e-16
5.224598e-06 2.431800e-16
5.276844e-06 2.434700e-16
5.329613e-06 2.437600e-16
5.382909e-06 2.440600e-16
5.436738e-06 2.443600e-16
5.491105e-06 2.446700e-16
5.526315e-06 2.448700e-16
5.557154e-06 2.459900e-16
5.587992e-06 2.584600e-16
5.618831e-06 1.881200e-16
5.649668e-06 1.879200e-16
5.680508e-06 1.815800e-16
5.711346e-06 2.954400e-16
5.742183e-06 3.169100e-16
5.773021e-06 4.227800e-16
5.803860e-06 3.063200e-16
5.834699e-06 2.794200e-16
5.865537e-06 2.603000e-16
5.896375e-06 2.615000e-16
5.927214e-06 2.625200e-16
5.958052e-06 3.667200e-16
5.988890e-06 3.934200e-16
6.019729e-06 4.267500e-16
6.050567e-06 4.397400e-16
6.081405e-06 4.516300e-16
6.112244e-06 5.376900e-16
6.143082e-06 8.221600e-16
6.173919e-06 1.165500e-15
6.204758e-06 1.335000e-15
6.235596e-06 1.276600e-15
6.266435e-06 1.023200e-15
6.297273e-06 8.833000e-16
6.328111e-06 6.999200e-16
6.358950e-06 5.539500e-16
6.389788e-06 5.540300e-16
6.420626e-06 5.380800e-16
6.451465e-06 4.383300e-16
6.482303e-06 3.986700e-16
6.513141e-06 4.045200e-16
6.543980e-06 3.794200e-16
6.574817e-06 4.048800e-16
6.605655e-06 4.046900e-16
6.636495e-06 3.916500e-16
6.667332e-06 2.659600e-16
6.698170e-06 3.547200e-16
6.729009e-06 4.114000e-16
6.759847e-06 4.722700e-16
6.790686e-06 5.022000e-16
6.821524e-06 5.703300e-16
6.852362e-06 4.132000e-16
6.883201e-06 4.243000e-16
6.914039e-06 3.489000e-16
6.944878e-06 3.980500e-16
6.975716e-06 5.995400e-16
7.006554e-06 6.572100e-16
7.037393e-06 4.405200e-16
7.068231e-06 4.416100e-16
7.099069e-06 4.268600e-16
7.129908e-06 5.408000e-16
7.160745e-06 5.233200e-16
7.191585e-06 5.794600e-16
7.222422e-06 6.215200e-16
7.253260e-06 6.689100e-16
7.284100e-06 6.454800e-16
7.314937e-06 7.580500e-16
7.345775e-06 7.361000e-16
7.376614e-06 7.684200e-16
7.407452e-06 9.058400e-16
7.438290e-06 1.000700e-15
7.469128e-06 1.137100e-15
7.497949e-06 1.059200e-15
7.499967e-06 1.049600e-15
7.530806e-06 1.208700e-15
7.559747e-06 1.375400e-15
7.561643e-06 1.428200e-15
7.621547e-06 1.245600e-15
7.683346e-06 1.246700e-15
7.745145e-06 1.163100e-15
7.806944e-06 1.111100e-15
7.868745e-06 9.188400e-16
7.930544e-06 8.539300e-16
7.992343e-06 7.785100e-16
8.054144e-06 7.209500e-16
8.115943e-06 5.624700e-16
8.177742e-06 5.114200e-16
8.239542e-06 4.858500e-16
8.301341e-06 5.082200e-16
8.363141e-06 5.357500e-16
8.424940e-06 5.678300e-16
8.486740e-06 5.960700e-16
8.548539e-06 6.599500e-16
8.610340e-06 6.887900e-16
8.672138e-06 6.120700e-16
8.733938e-06 5.442500e-16
8.795738e-06 4.115500e-16
8.857537e-06 3.020700e-16
8.919336e-06 2.932000e-16
8.981135e-06 3.635600e-16
9.042934e-06 2.909800e-16
9.104735e-06 2.490900e-16
9.166534e-06 2.378500e-16
9.228334e-06 2.322600e-16
9.290134e-06 1.750600e-16
9.351933e-06 2.144000e-16
9.413732e-06 2.021400e-16
9.475531e-06 1.967700e-16
9.537331e-06 2.041400e-16
9.599130e-06 2.143300e-16
9.660929e-06 2.090300e-16
9.722730e-06 1.962800e-16
9.784530e-06 1.751900e-16
9.846329e-06 1.741400e-16
9.908129e-06 1.784800e-16
9.969924e-06 1.747900e-16
1.003173e-05 1.994700e-16
1.009352e-05 1.981200e-16
1.015533e-05 1.837800e-16
1.021712e-05 2.043000e-16
1.027893e-05 1.863300e-16
1.034073e-05 1.951400e-16
1.040252e-05 2.270300e-16
1.046433e-05 2.838200e-16
1.052612e-05 3.321400e-16
1.058793e-05 2.520100e-16
1.064972e-05 2.536400e-16
1.071152e-05 2.574800e-16
1.077332e-05 2.471600e-16
1.083512e-05 2.613400e-16
1.089692e-05 2.716600e-16
1.095872e-05 3.347500e-16
1.102052e-05 3.945700e-16
1.108232e-05 4.252800e-16
1.114411e-05 6.042800e-16
1.120592e-05 8.563300e-16
1.126771e-05 8.825400e-16
1.132952e-05 7.243400e-16
1.139131e-05 5.770600e-16
1.145312e-05 4.661600e-16
1.151491e-05 4.154500e-16
1.157671e-05 3.721200e-16
1.163852e-05 3.361500e-16
1.170031e-05 3.212100e-16
1.176212e-05 3.267000e-16
1.182391e-05 3.351700e-16
1.188572e-05 3.440400e-16
1.194751e-05 3.582100e-16
1.200931e-05 3.725800e-16
1.207111e-05 3.517300e-16
1.213291e-05 3.140800e-16
1.219471e-05 3.319700e-16
1.225651e-05 3.583200e-16
1.231831e-05 3.709000e-16
1.238011e-05 3.628300e-16
1.244190e-05 3.921000e-16
1.250371e-05 4.084400e-16
1.256551e-05 4.215300e-16
1.262731e-05 4.435900e-16
1.268911e-05 4.706700e-16
1.275090e-05 5.679400e-16
1.281271e-05 7.951000e-16
1.287450e-05 5.584700e-16
1.293631e-05 3.376900e-16
1.299810e-05 3.096400e-16
1.305990e-05 2.959400e-16
1.312170e-05 2.988500e-16
1.318350e-05 2.974200e-16
1.324530e-05 2.818000e-16
1.330710e-05 2.844400e-16
1.336890e-05 2.952700e-16
1.343070e-05 2.783500e-16
1.349250e-05 2.885500e-16
1.355430e-05 2.976600e-16
1.361610e-05 2.862900e-16
1.367790e-05 2.893600e-16
1.373970e-05 2.929600e-16
1.380150e-05 2.939100e-16
1.386330e-05 2.838500e-16
1.392509e-05 2.830900e-16
1.398690e-05 2.848100e-16
1.404869e-05 3.015500e-16
1.411050e-05 2.815800e-16
1.417229e-05 2.982300e-16
1.423410e-05 2.960200e-16
1.429589e-05 2.622000e-16
1.435769e-05 2.769100e-16
1.441949e-05 2.709300e-16
1.447267e-05 2.816000e-16
1.456392e-05 2.887500e-16
1.465519e-05 2.787000e-16
1.474645e-05 2.801700e-16
1.483770e-05 2.829300e-16
1.492895e-05 2.854300e-16
1.502022e-05 2.799300e-16
1.511147e-05 2.857500e-16
1.520273e-05 2.939400e-16
1.529399e-05 2.977500e-16
1.538525e-05 3.102200e-16
1.547650e-05 4.498500e-16
1.556776e-05 5.671700e-16
1.565902e-05 4.068600e-16
1.575028e-05 3.233700e-16
1.584153e-05 3.284300e-16
1.593280e-05 3.317600e-16
1.602405e-05 3.400600e-16
1.611530e-05 3.344100e-16
1.620657e-05 3.517200e-16
1.629783e-05 3.745600e-16
1.638908e-05 4.217000e-16
1.648034e-05 4.301000e-16
1.657160e-05 4.077600e-16
1.666285e-05 4.067200e-16
1.675411e-05 4.064600e-16
1.684536e-05 4.107000e-16
1.693663e-05 4.231400e-16
1.702788e-05 4.546000e-16
1.711914e-05 4.455200e-16
1.721040e-05 4.338600e-16
1.730166e-05 4.444300e-16
1.739291e-05 4.428400e-16
1.748418e-05 4.164900e-16
1.757543e-05 4.189600e-16
1.766669e-05 4.221100e-16
1.775794e-05 4.262300e-16
1.784921e-05 4.349000e-16
1.794046e-05 4.296700e-16
1.803172e-05 4.205900e-16
1.812298e-05 4.192600e-16
1.821424e-05 4.254000e-16
1.830549e-05 4.310300e-16
1.839676e-05 4.350600e-16
1.848801e-05 4.417100e-16
1.857927e-05 4.833300e-16
1.867052e-05 7.321200e-16
1.876178e-05 7.575200e-16
1.885304e-05 5.056800e-16
1.894429e-05 4.601000e-16
1.903556e-05 4.620700e-16
1.912681e-05 4.611900e-16
1.921807e-05 4.613700e-16
1.930932e-05 4.550500e-16
1.940059e-05 4.545300e-16
1.949184e-05 4.601500e-16
1.958310e-05 4.640900e-16
1.967436e-05 4.665900e-16
1.976562e-05 4.548500e-16
1.985687e-05 4.547000e-16
1.994813e-05 4.670700e-16
2.003939e-05 4.607200e-16
2.013065e-05 4.624600e-16
2.022190e-05 4.652900e-16
2.031317e-05 4.558000e-16
2.042265e-05 4.308100e-16
2.059835e-05 4.688000e-16
2.077415e-05 4.543500e-16
2.095004e-05 4.395700e-16
2.112604e-05 4.632500e-16
2.130214e-05 4.558600e-16
2.147835e-05 4.337000e-16
2.165465e-05 4.517100e-16
2.183106e-05 4.535700e-16
2.200757e-05 4.473000e-16
2.218418e-05 4.334600e-16
2.236090e-05 4.565100e-16
2.253772e-05 4.664900e-16
2.271464e-05 4.628500e-16
2.289167e-05 4.611900e-16
2.306879e-05 4.718300e-16
2.324603e-05 4.668400e-16
2.342336e-05 4.735500e-16
2.360081e-05 4.591300e-16
2.377836e-05 4.544800e-16
2.395601e-05 4.608900e-16
2.413377e-05 4.641900e-16
2.431163e-05 4.656700e-16
2.448959e-05 4.697700e-16
2.466767e-05 4.673200e-16
2.484584e-05 4.541800e-16
2.502412e-05 4.624800e-16
2.520251e-05 4.535900e-16
2.538101e-05 4.490100e-16
2.555961e-05 4.583100e-16
2.573831e-05 4.344300e-16
2.591713e-05 4.718900e-16
2.609606e-05 4.643800e-16
2.627508e-05 4.518400e-16
2.645422e-05 4.551200e-16
2.663347e-05 4.587700e-16
2.681281e-05 4.578200e-16
2.699227e-05 4.612500e-16
2.717184e-05 4.623900e-16
2.735151e-05 4.595000e-16
2.753129e-05 4.584700e-16
2.771119e-05 4.586800e-16
2.789119e-05 4.636900e-16
2.807130e-05 4.673100e-16
2.825152e-05 4.667900e-16
2.843185e-05 4.605200e-16
2.861229e-05 4.564000e-16
2.879284e-05 4.581100e-16
2.897349e-05 4.703900e-16
2.915426e-05 4.622300e-16
2.933514e-05 4.562300e-16
2.951613e-05 4.609000e-16
2.969723e-05 4.602600e-16
2.987845e-05 4.580900e-16
3.005976e-05 4.570600e-16
3.024120e-05 4.635400e-16
3.042274e-05 4.661100e-16
3.060441e-05 4.734700e-16
3.078617e-05 4.577300e-16
3.096805e-05 4.673400e-16
3.115006e-05 4.582000e-16
3.133216e-05 4.586800e-16
3.151438e-05 4.632300e-16
3.169672e-05 4.678400e-16
3.187916e-05 4.681300e-16
3.206172e-05 4.642300e-16
3.224440e-05 4.616800e-16
3.242718e-05 4.641600e-16
3.261008e-05 4.724400e-16
3.279310e-05 4.749800e-16
3.297624e-05 4.782800e-16
3.315948e-05 4.966500e-16
3.334284e-05 5.834200e-16
3.352631e-05 7.088600e-16
3.370991e-05 5.432100e-16
3.389362e-05 4.958900e-16
3.407744e-05 4.502700e-16
3.426138e-05 4.686400e-16
3.444544e-05 4.948800e-16
3.462961e-05 5.229800e-16
3.481390e-05 6.263500e-16
