1.000300e-08 8.936900e-22
1.018900e-08 1.135500e-21
1.040300e-08 1.328000e-21
1.059600e-08 1.603900e-21
1.079300e-08 1.959700e-21
1.099400e-08 2.986700e-21
1.140600e-08 4.151300e-21
1.180700e-08 5.434800e-21
1.211000e-08 1.479700e-20
1.250700e-08 1.950700e-20
1.271000e-08 2.219100e-20
1.279800e-08 2.372400e-20
1.309600e-08 2.819600e-20
1.318700e-08 3.185600e-20
1.340100e-08 3.557800e-20
1.371300e-08 4.458500e-20
1.400000e-08 5.238200e-20
1.429400e-08 8.283000e-20
1.469400e-08 1.236500e-19
1.510600e-08 1.500300e-19
1.549300e-08 1.816300e-19
1.589100e-08 2.178600e-19
1.618600e-08 2.489900e-19
1.660100e-08 2.959300e-19
1.698800e-08 3.476800e-19
1.730400e-08 3.919100e-19
1.770700e-08 4.551800e-19
1.799500e-08 5.083800e-19
1.820300e-08 5.472500e-19
1.858400e-08 6.297700e-19
1.910500e-08 7.416300e-19
1.941500e-08 8.188100e-19
1.982200e-08 9.272300e-19
2.019000e-08 1.045200e-18
2.051800e-08 1.140700e-18
2.099600e-08 1.282900e-18
2.158500e-08 1.542400e-18
2.198600e-08 1.710700e-18
2.229200e-08 1.833100e-18
2.270600e-08 2.028500e-18
2.302200e-08 3.500900e-18
2.339600e-08 5.770100e-18
2.399600e-08 7.433400e-18
2.461200e-08 7.765800e-18
2.518500e-08 8.554300e-18
2.571200e-08 7.694600e-18
2.601000e-08 9.061200e-18
2.637200e-08 9.731600e-18
2.692400e-08 1.019000e-17
2.742500e-08 1.064600e-17
2.787000e-08 1.104500e-17
2.838900e-08 1.151300e-17
2.898300e-08 1.159300e-17
2.959000e-08 1.233600e-17
3.007100e-08 1.236500e-17
3.077100e-08 1.312800e-17
3.177900e-08 1.419700e-17
3.282000e-08 1.493400e-17
3.381800e-08 1.560200e-17
3.476500e-08 1.618800e-17
3.573900e-08 1.675700e-17
3.657200e-08 1.734500e-17
3.751000e-08 1.779000e-17
3.847200e-08 1.783100e-17
3.945900e-08 1.867200e-17
4.047100e-08 1.915100e-17
4.141400e-08 1.946200e-17
4.218400e-08 1.968700e-17
4.296800e-08 1.982400e-17
4.407000e-08 2.023900e-17
4.509700e-08 2.047300e-17
4.604100e-08 2.061500e-17
4.700500e-08 2.085400e-17
4.798900e-08 2.109500e-17
4.899400e-08 2.119300e-17
5.002000e-08 2.153700e-17
5.059900e-08 2.461400e-17
5.118500e-08 3.803500e-17
5.201700e-08 3.821100e-17
5.298400e-08 3.865300e-17
5.396900e-08 3.751300e-17
5.497200e-08 4.257800e-17
5.599400e-08 4.744400e-17
5.703500e-08 5.048800e-17
5.796200e-08 4.933800e-17
5.904000e-08 5.422300e-17
5.999900e-08 5.422300e-17
6.097400e-08 5.877400e-17
6.196500e-08 6.594600e-17
6.297100e-08 6.873600e-17
6.399500e-08 7.049900e-17
6.503400e-08 7.536800e-17
6.578700e-08 7.747900e-17
6.654900e-08 8.169300e-17
6.747500e-08 8.456400e-17
6.857100e-08 8.340400e-17
6.952500e-08 9.686900e-17
7.049300e-08 9.315100e-17
7.163800e-08 1.081900e-16
7.263500e-08 1.117300e-16
7.347600e-08 1.159300e-16
7.449800e-08 1.239300e-16
7.553400e-08 1.294700e-16
7.658500e-08 1.346400e-16
7.747200e-08 1.436100e-16
7.854900e-08 1.528200e-16
7.945900e-08 1.585600e-16
8.056400e-08 1.641300e-16
8.149700e-08 1.695100e-16
8.244100e-08 1.812100e-16
8.358800e-08 1.652700e-16
8.455600e-08 1.919500e-16
8.553500e-08 1.991500e-16
8.652500e-08 2.104700e-16
8.752700e-08 2.214000e-16
8.854100e-08 2.339800e-16
8.956600e-08 2.444500e-16
9.060300e-08 2.495700e-16
9.144100e-08 3.599000e-16
9.250000e-08 2.042600e-15
9.357100e-08 4.287300e-15
9.443700e-08 8.417500e-15
9.553100e-08 1.151300e-14
9.641500e-08 1.419700e-14
9.753100e-08 3.803500e-15
9.843400e-08 1.574700e-14
9.957300e-08 1.567400e-14
1.004950e-07 1.880100e-14
1.014250e-07 1.648900e-14
1.025990e-07 6.549200e-15
1.035480e-07 1.328000e-14
1.045060e-07 2.198800e-14
1.054730e-07 2.229400e-14
1.064490e-07 1.968700e-14
1.074340e-07 2.208900e-14
1.084280e-07 1.950700e-14
1.094320e-07 2.265600e-14
1.104440e-07 2.203900e-14
1.114660e-07 2.193700e-14
1.124980e-07 2.047300e-14
1.135380e-07 2.302400e-14
1.145890e-07 2.143800e-14
1.153830e-07 2.214000e-14
1.164510e-07 2.276100e-14
1.175290e-07 1.820500e-14
1.186160e-07 2.153700e-14
1.194380e-07 1.691200e-14
1.205430e-07 1.318800e-14
1.213790e-07 6.414800e-15
1.225020e-07 1.416400e-14
1.236350e-07 2.000700e-14
1.244920e-07 2.203900e-14
1.256440e-07 2.203900e-14
1.265150e-07 2.014600e-14
1.273920e-07 2.356100e-14
1.285710e-07 2.438900e-14
1.294620e-07 2.198800e-14
1.303600e-07 2.163600e-14
1.315660e-07 2.450100e-14
1.324780e-07 2.394300e-14
1.333960e-07 2.270800e-14
1.346300e-07 2.467100e-14
1.355640e-07 2.422100e-14
1.365030e-07 2.291800e-14
1.374490e-07 2.350600e-14
1.384020e-07 2.377900e-14
1.393620e-07 2.203900e-14
1.406510e-07 2.255200e-14
1.416260e-07 2.297100e-14
1.426080e-07 2.297100e-14
1.435960e-07 2.286600e-14
1.442590e-07 2.366900e-14
1.445920e-07 2.383300e-14
1.455940e-07 2.356100e-14
1.466030e-07 2.255200e-14
1.476190e-07 2.239700e-14
1.486430e-07 2.244800e-14
1.493290e-07 2.260400e-14
1.503640e-07 2.208900e-14
1.510580e-07 2.080600e-14
1.517550e-07 2.153700e-14
1.524560e-07 2.109500e-14
1.535120e-07 1.955200e-14
1.545760e-07 2.066300e-14
1.556480e-07 1.977800e-14
1.563660e-07 1.977800e-14
1.574500e-07 2.075800e-14
1.585420e-07 2.124200e-14
1.596410e-07 2.173600e-14
1.603770e-07 2.099800e-14
1.614890e-07 2.090200e-14
1.626080e-07 2.019200e-14
1.633590e-07 2.090200e-14
1.644910e-07 2.109500e-14
1.656320e-07 1.968700e-14
1.663960e-07 2.129000e-14
1.671640e-07 1.955200e-14
1.675490e-07 2.124200e-14
1.683230e-07 2.178600e-14
1.694900e-07 2.080600e-14
1.706640e-07 2.033200e-14
1.714520e-07 2.005300e-14
1.726410e-07 1.986900e-14
1.734380e-07 2.071000e-14
1.746400e-07 2.023900e-14
1.754460e-07 2.109500e-14
1.766620e-07 1.955200e-14
1.774770e-07 2.033200e-14
1.782970e-07 2.042600e-14
1.795330e-07 2.124200e-14
1.803610e-07 2.104700e-14
1.816110e-07 2.033200e-14
1.824500e-07 2.028500e-14
1.832920e-07 1.986900e-14
1.845620e-07 1.862900e-14
1.854140e-07 1.884500e-14
1.867000e-07 1.923900e-14
1.875610e-07 1.986900e-14
1.884270e-07 1.901900e-14
1.892970e-07 1.862900e-14
1.906090e-07 1.906300e-14
1.914890e-07 1.884500e-14
1.923730e-07 1.858600e-14
1.937060e-07 1.845800e-14
1.946000e-07 1.950700e-14
1.954980e-07 1.871500e-14
1.968540e-07 1.964200e-14
1.977620e-07 1.982400e-14
1.982180e-07 1.915100e-14
1.995920e-07 1.871500e-14
2.005130e-07 1.875800e-14
2.014390e-07 1.854300e-14
2.023690e-07 1.867200e-14
2.033030e-07 1.854300e-14
2.047120e-07 1.893200e-14
2.056570e-07 1.828900e-14
2.066060e-07 1.833100e-14
2.075600e-07 1.919500e-14
2.080380e-07 1.897500e-14
2.085180e-07 1.915100e-14
2.094800e-07 1.845800e-14
2.104470e-07 1.845800e-14
2.114190e-07 1.858600e-14
2.123940e-07 1.871500e-14
2.133750e-07 1.766800e-14
2.143600e-07 1.824700e-14
2.153490e-07 1.841600e-14
2.163430e-07 1.783100e-14
2.173420e-07 1.774900e-14
2.183450e-07 1.783100e-14
2.193530e-07 1.845800e-14
2.203650e-07 1.795500e-14
2.213820e-07 1.722600e-14
2.224040e-07 1.699000e-14
2.234310e-07 1.807900e-14
2.244620e-07 1.734500e-14
2.254980e-07 1.679500e-14
2.265390e-07 1.679500e-14
2.275850e-07 1.722600e-14
2.286350e-07 1.766800e-14
2.296910e-07 1.683400e-14
2.307510e-07 1.706600e-14
2.312830e-07 1.667700e-14
2.323500e-07 1.445700e-14
2.334230e-07 1.585000e-14
2.345000e-07 1.492800e-14
2.355830e-07 1.629100e-14
2.366700e-07 1.502900e-14
2.377620e-07 1.562700e-14
2.383100e-07 1.428400e-14
2.394110e-07 1.509400e-14
2.405160e-07 1.471500e-14
2.416260e-07 1.488400e-14
2.427410e-07 1.587400e-14
2.433010e-07 1.540500e-14
2.444240e-07 1.609300e-14
2.455520e-07 1.590700e-14
2.466850e-07 1.572300e-14
2.472540e-07 1.518900e-14
2.483950e-07 1.522200e-14
2.495420e-07 1.473800e-14
2.506940e-07 1.612100e-14
2.512710e-07 1.460100e-14
2.518510e-07 1.443300e-14
2.524310e-07 1.397400e-14
2.535960e-07 1.420000e-14
2.547670e-07 1.423100e-14
2.553540e-07 1.531900e-14
2.565330e-07 1.490000e-14
2.577170e-07 1.563600e-14
2.583110e-07 1.549200e-14
2.595030e-07 1.527800e-14
2.607010e-07 1.472400e-14
2.613020e-07 1.445400e-14
2.625080e-07 1.523900e-14
2.637200e-07 1.588200e-14
2.643280e-07 1.741300e-14
2.655480e-07 1.806500e-14
2.667740e-07 1.651200e-14
2.673890e-07 1.713000e-14
2.686230e-07 1.740700e-14
2.692420e-07 1.628200e-14
2.704850e-07 1.685200e-14
2.717330e-07 1.576200e-14
2.723600e-07 1.554500e-14
2.736170e-07 1.635100e-14
2.742480e-07 1.424000e-14
2.755140e-07 1.477300e-14
2.767850e-07 1.557400e-14
2.774230e-07 1.615800e-14
2.787040e-07 1.497400e-14
2.793460e-07 1.159600e-14
2.806360e-07 1.248200e-14
2.812830e-07 1.604100e-14
2.825810e-07 1.691200e-14
2.832330e-07 1.652600e-14
2.845400e-07 1.574400e-14
2.851960e-07 1.469200e-14
2.865120e-07 1.663600e-14
2.871730e-07 1.706200e-14
2.884980e-07 1.690300e-14
2.898300e-07 1.705800e-14
2.911680e-07 1.865800e-14
2.931860e-07 1.789800e-14
2.952180e-07 1.756800e-14
2.972650e-07 1.780900e-14
2.993250e-07 1.792900e-14
3.007070e-07 1.809300e-14
3.027910e-07 1.821500e-14
3.048900e-07 1.842300e-14
3.070030e-07 1.850400e-14
3.091310e-07 1.850100e-14
3.112740e-07 1.875500e-14
3.127110e-07 1.836800e-14
3.148790e-07 1.836400e-14
3.170610e-07 1.874500e-14
3.192590e-07 1.781600e-14
3.207330e-07 1.852500e-14
3.229560e-07 1.764700e-14
3.251940e-07 1.921300e-14
3.266960e-07 2.016200e-14
3.289600e-07 2.001900e-14
3.312400e-07 1.978600e-14
3.320040e-07 1.906900e-14
3.327690e-07 1.915600e-14
3.335360e-07 2.033600e-14
3.343050e-07 1.889000e-14
3.350760e-07 1.937400e-14
3.358480e-07 1.932800e-14
3.366230e-07 1.799500e-14
3.373990e-07 1.675400e-14
3.381760e-07 1.832700e-14
3.389560e-07 1.945700e-14
3.397370e-07 1.853700e-14
3.405200e-07 1.923100e-14
3.413050e-07 1.887900e-14
3.420920e-07 1.931700e-14
3.428810e-07 1.963000e-14
3.436710e-07 1.981000e-14
3.444640e-07 1.709500e-14
3.452580e-07 2.074100e-14
3.460530e-07 1.917800e-14
3.468510e-07 1.944300e-14
3.476510e-07 1.930800e-14
3.484520e-07 1.966600e-14
3.492550e-07 1.939400e-14
3.500610e-07 1.852000e-14
3.508670e-07 1.961600e-14
3.516760e-07 1.826400e-14
3.524870e-07 1.912300e-14
3.533000e-07 1.997700e-14
3.541140e-07 2.067700e-14
3.549300e-07 2.120600e-14
3.557490e-07 2.034400e-14
3.565690e-07 2.135000e-14
3.573910e-07 1.788000e-14
3.582150e-07 1.825300e-14
3.590400e-07 1.660800e-14
3.598680e-07 1.982800e-14
3.606980e-07 1.928600e-14
3.615290e-07 1.946300e-14
3.621470e-07 2.001800e-14
3.624210e-07 1.893200e-14
3.626960e-07 1.674900e-14
3.629700e-07 1.189400e-14
3.632450e-07 2.235100e-14
3.635190e-07 1.956000e-14
3.637940e-07 1.565000e-14
3.640680e-07 1.141500e-14
3.643420e-07 1.101800e-14
3.646170e-07 1.097400e-14
3.648910e-07 1.183100e-14
3.651660e-07 1.558500e-14
3.654400e-07 2.137300e-14
3.657150e-07 1.833500e-14
3.659890e-07 2.227700e-14
3.662640e-07 2.275100e-14
3.665380e-07 2.275200e-14
3.668130e-07 2.103900e-14
3.670870e-07 1.953100e-14
3.673610e-07 2.382600e-14
3.676360e-07 2.266800e-14
3.679100e-07 2.115400e-14
3.681850e-07 1.898600e-14
3.684590e-07 2.079400e-14
3.687340e-07 2.310300e-14
3.690080e-07 2.294800e-14
3.692830e-07 2.431000e-14
3.695570e-07 2.369000e-14
3.698320e-07 2.282400e-14
3.701060e-07 2.368800e-14
3.703810e-07 1.896000e-14
3.706550e-07 1.871900e-14
3.709290e-07 2.065000e-14
3.712040e-07 2.018600e-14
3.714780e-07 2.182800e-14
3.717530e-07 2.301500e-14
3.720270e-07 3.152400e-14
3.723020e-07 3.631300e-14
3.725760e-07 5.645900e-14
3.728510e-07 8.139600e-14
3.731250e-07 8.571600e-14
3.734000e-07 7.335800e-14
3.736740e-07 4.415700e-14
3.739480e-07 3.201200e-14
3.742230e-07 2.161900e-14
3.744970e-07 2.209400e-14
3.747720e-07 1.933200e-14
3.750460e-07 1.801600e-14
3.753210e-07 2.246200e-14
3.755950e-07 2.355200e-14
3.758700e-07 2.375800e-14
3.761440e-07 2.597800e-14
3.764190e-07 2.221900e-14
3.766930e-07 2.536100e-14
3.769680e-07 2.280900e-14
3.772420e-07 2.255500e-14
3.775160e-07 2.658800e-14
3.777910e-07 2.326000e-14
3.780650e-07 2.836400e-14
3.783400e-07 2.951200e-14
3.786140e-07 3.106900e-14
3.788890e-07 2.755300e-14
3.791630e-07 2.805700e-14
3.794380e-07 2.308400e-14
3.797120e-07 2.319600e-14
3.799870e-07 2.351400e-14
3.802610e-07 2.101700e-14
3.805350e-07 2.553100e-14
3.808100e-07 2.800300e-14
3.810840e-07 2.821300e-14
3.813590e-07 2.872000e-14
3.816330e-07 3.049400e-14
3.819080e-07 2.776300e-14
3.821820e-07 3.243500e-14
3.824570e-07 2.897100e-14
3.827310e-07 2.938300e-14
3.830060e-07 2.297700e-14
3.832800e-07 2.374900e-14
3.835540e-07 2.091500e-14
3.838290e-07 2.125400e-14
3.841030e-07 2.179900e-14
3.843780e-07 2.338100e-14
3.846520e-07 2.624800e-14
3.849270e-07 3.177100e-14
3.852010e-07 3.026000e-14
3.854760e-07 3.090800e-14
3.857500e-07 3.211500e-14
3.860250e-07 3.004700e-14
3.862990e-07 2.393700e-14
3.865740e-07 3.264500e-14
3.868480e-07 3.103800e-14
3.871220e-07 3.562100e-14
3.873970e-07 3.128200e-14
3.876710e-07 3.197500e-14
3.879460e-07 2.813600e-14
3.882200e-07 3.011900e-14
3.884950e-07 2.312700e-14
3.887690e-07 2.496500e-14
3.890440e-07 2.485100e-14
3.893180e-07 2.774600e-14
3.895930e-07 2.746100e-14
3.898670e-07 2.342800e-14
3.901410e-07 3.157400e-14
3.904160e-07 3.200800e-14
3.906900e-07 3.409100e-14
3.909650e-07 3.121600e-14
3.912390e-07 3.284500e-14
3.915140e-07 3.399600e-14
3.917880e-07 3.134500e-14
3.920630e-07 2.809800e-14
3.923370e-07 2.857000e-14
3.926120e-07 3.019200e-14
3.928860e-07 2.831300e-14
3.931610e-07 2.585600e-14
3.934350e-07 2.241600e-14
3.937090e-07 2.001400e-14
3.939840e-07 2.497100e-14
3.942580e-07 2.636500e-14
3.945330e-07 2.897100e-14
3.948070e-07 2.827800e-14
3.950820e-07 2.985000e-14
3.953560e-07 3.122400e-14
3.956310e-07 3.050900e-14
3.959050e-07 2.766500e-14
3.961800e-07 2.424700e-14
3.964540e-07 2.483700e-14
3.967280e-07 2.247200e-14
3.970030e-07 2.146300e-14
3.972770e-07 2.182400e-14
3.975520e-07 2.320200e-14
3.978260e-07 2.502200e-14
3.981010e-07 2.708300e-14
3.983750e-07 3.154400e-14
3.986500e-07 3.206400e-14
3.989240e-07 3.289000e-14
3.991990e-07 3.090600e-14
3.994730e-07 3.467300e-14
3.997480e-07 3.330500e-14
4.000220e-07 3.286000e-14
4.002960e-07 3.478300e-14
4.005710e-07 3.561400e-14
4.008450e-07 3.352300e-14
4.011200e-07 3.340500e-14
4.013940e-07 3.488100e-14
4.016690e-07 3.440600e-14
4.019430e-07 3.624700e-14
4.022180e-07 3.473300e-14
4.024920e-07 3.805400e-14
4.027670e-07 3.520300e-14
4.030410e-07 3.539200e-14
4.033150e-07 3.466800e-14
4.035900e-07 3.373200e-14
4.038640e-07 3.536600e-14
4.041390e-07 3.712800e-14
4.044130e-07 3.898000e-14
4.046880e-07 3.488200e-14
4.049620e-07 3.788900e-14
4.052370e-07 3.610200e-14
4.055110e-07 3.623200e-14
4.057860e-07 3.931700e-14
4.060600e-07 3.764600e-14
4.063350e-07 3.376000e-14
4.066090e-07 3.613100e-14
4.068830e-07 3.664600e-14
4.071580e-07 3.741300e-14
4.074320e-07 3.786700e-14
4.077070e-07 3.262400e-14
4.079810e-07 3.277600e-14
4.082560e-07 3.462900e-14
4.085300e-07 3.185700e-14
4.088050e-07 3.401100e-14
4.090790e-07 3.488300e-14
4.093540e-07 3.510500e-14
4.096280e-07 3.324400e-14
4.099020e-07 3.175000e-14
4.101770e-07 3.263600e-14
4.104510e-07 3.334600e-14
4.107260e-07 3.284300e-14
4.110000e-07 3.397400e-14
4.112750e-07 3.337900e-14
4.115490e-07 3.284200e-14
4.118240e-07 3.532000e-14
4.120980e-07 3.676000e-14
4.123730e-07 3.456600e-14
4.126470e-07 3.410800e-14
4.129210e-07 3.586300e-14
4.131960e-07 3.519900e-14
4.134700e-07 3.447500e-14
4.137450e-07 3.571500e-14
4.140190e-07 3.589300e-14
4.142940e-07 3.523200e-14
4.145680e-07 3.520700e-14
4.148430e-07 3.550700e-14
4.151170e-07 3.544100e-14
4.153920e-07 3.554000e-14
4.156660e-07 3.526500e-14
4.159410e-07 3.469800e-14
4.162150e-07 3.562100e-14
4.164890e-07 3.698700e-14
4.167640e-07 3.557500e-14
4.170380e-07 3.338300e-14
4.173130e-07 3.340000e-14
4.175870e-07 3.345700e-14
4.178620e-07 3.048300e-14
4.181360e-07 3.213700e-14
4.184110e-07 3.409700e-14
4.186850e-07 3.387700e-14
4.189600e-07 3.576200e-14
4.192340e-07 3.499200e-14
4.195080e-07 3.571900e-14
4.197830e-07 3.479900e-14
4.200570e-07 3.379000e-14
4.203320e-07 3.489000e-14
4.206060e-07 3.392300e-14
4.208810e-07 3.508600e-14
4.211550e-07 3.738100e-14
4.214300e-07 3.653700e-14
4.217040e-07 3.500700e-14
4.219790e-07 3.586500e-14
4.222530e-07 3.529300e-14
4.225280e-07 3.317400e-14
4.228020e-07 3.317900e-14
4.230760e-07 3.383300e-14
4.233510e-07 3.460800e-14
4.236250e-07 3.343800e-14
4.239000e-07 3.278200e-14
4.241740e-07 3.494000e-14
4.244490e-07 3.522700e-14
4.247230e-07 3.468100e-14
4.249980e-07 3.474200e-14
4.252720e-07 3.294800e-14
4.255470e-07 3.380600e-14
4.258210e-07 3.522000e-14
4.260950e-07 3.387000e-14
4.263700e-07 3.460300e-14
4.266440e-07 3.585700e-14
4.269190e-07 3.549300e-14
4.271930e-07 3.177500e-14
4.274680e-07 3.604700e-14
4.277420e-07 3.588500e-14
4.280170e-07 3.525500e-14
4.282910e-07 3.562500e-14
4.285660e-07 3.530900e-14
4.288400e-07 3.280100e-14
4.291150e-07 3.404700e-14
4.293890e-07 3.228200e-14
4.296630e-07 3.420200e-14
4.299380e-07 2.932700e-14
4.302120e-07 3.069900e-14
4.304870e-07 3.037700e-14
4.307610e-07 3.069500e-14
4.310360e-07 3.184800e-14
4.313100e-07 3.338600e-14
4.315850e-07 3.166300e-14
4.318590e-07 3.516800e-14
4.321340e-07 3.362900e-14
4.324080e-07 3.638000e-14
4.326820e-07 3.217900e-14
4.329570e-07 3.305400e-14
4.332310e-07 3.271900e-14
4.335060e-07 3.323900e-14
4.337800e-07 3.554600e-14
4.340550e-07 3.606100e-14
4.343290e-07 3.838100e-14
4.346040e-07 3.771300e-14
4.348780e-07 3.399000e-14
4.351530e-07 3.303700e-14
4.354270e-07 3.345700e-14
4.357020e-07 3.501000e-14
4.359760e-07 3.571100e-14
4.362500e-07 3.493400e-14
4.365250e-07 3.767700e-14
4.367990e-07 3.676500e-14
4.370740e-07 3.642800e-14
4.373480e-07 3.486500e-14
4.376230e-07 3.435400e-14
4.378970e-07 3.454300e-14
4.381720e-07 3.203600e-14
4.384460e-07 3.138400e-14
4.387210e-07 3.334600e-14
4.389950e-07 3.347400e-14
4.392690e-07 3.648000e-14
4.395440e-07 3.388300e-14
4.398180e-07 3.305300e-14
4.400930e-07 3.481500e-14
4.403670e-07 3.574200e-14
4.406420e-07 3.541500e-14
4.409160e-07 3.442300e-14
4.411910e-07 3.386900e-14
4.414650e-07 3.578800e-14
4.417400e-07 3.385000e-14
4.420140e-07 3.358000e-14
4.422880e-07 3.719200e-14
4.425630e-07 3.679300e-14
4.428370e-07 3.459000e-14
4.431120e-07 3.742300e-14
4.433860e-07 3.631700e-14
4.436610e-07 3.460800e-14
4.439350e-07 3.604400e-14
4.442100e-07 3.673100e-14
4.444840e-07 3.871500e-14
4.447590e-07 3.855200e-14
4.450330e-07 3.768700e-14
4.453080e-07 3.707700e-14
4.455820e-07 3.536400e-14
4.458560e-07 3.551700e-14
4.461310e-07 3.627100e-14
4.464050e-07 3.557500e-14
4.466800e-07 3.459300e-14
4.469540e-07 3.564600e-14
4.472290e-07 3.800800e-14
4.475030e-07 3.761300e-14
4.477780e-07 3.857000e-14
4.480520e-07 3.619900e-14
4.483270e-07 3.817500e-14
4.486010e-07 4.050200e-14
4.488750e-07 3.711200e-14
4.491500e-07 3.746000e-14
4.494240e-07 3.683900e-14
4.496990e-07 3.954100e-14
4.499730e-07 3.788400e-14
4.502480e-07 3.938600e-14
4.505220e-07 3.939100e-14
4.507970e-07 3.926600e-14
4.510710e-07 4.006600e-14
4.513460e-07 3.833500e-14
4.516200e-07 3.835100e-14
4.518950e-07 3.780500e-14
4.521690e-07 3.774300e-14
4.524430e-07 3.992200e-14
4.527180e-07 3.487500e-14
4.529920e-07 3.524100e-14
4.532670e-07 3.520000e-14
4.535410e-07 3.683300e-14
4.538160e-07 3.698300e-14
4.540900e-07 3.637600e-14
4.543650e-07 3.765600e-14
4.546390e-07 4.047100e-14
4.549140e-07 3.790200e-14
4.551880e-07 3.731500e-14
4.554620e-07 3.604900e-14
4.557370e-07 3.629500e-14
4.560110e-07 3.817500e-14
4.562860e-07 3.809000e-14
4.565600e-07 3.485900e-14
4.568350e-07 3.727800e-14
4.571090e-07 3.891300e-14
4.573840e-07 3.591300e-14
4.576580e-07 3.676000e-14
4.579330e-07 3.810600e-14
4.582070e-07 3.723400e-14
4.584820e-07 3.675200e-14
4.587560e-07 3.724300e-14
4.590300e-07 3.906700e-14
4.593050e-07 3.964900e-14
4.595790e-07 3.847000e-14
4.598540e-07 3.854000e-14
4.601280e-07 3.872300e-14
4.604030e-07 3.851400e-14
4.606770e-07 3.626200e-14
4.609520e-07 3.777400e-14
4.612260e-07 3.964200e-14
4.615010e-07 3.912400e-14
4.617750e-07 3.797500e-14
4.620490e-07 4.000100e-14
4.623240e-07 3.943200e-14
4.625980e-07 3.725400e-14
4.628730e-07 3.857300e-14
4.631470e-07 3.928500e-14
4.634220e-07 3.911300e-14
4.636960e-07 3.796400e-14
4.639710e-07 3.920100e-14
4.642450e-07 3.784300e-14
4.645200e-07 3.670500e-14
4.647940e-07 3.794800e-14
4.650690e-07 3.884400e-14
4.653430e-07 3.823000e-14
4.656170e-07 3.945900e-14
4.658920e-07 4.001200e-14
4.661660e-07 4.000400e-14
4.664410e-07 3.805600e-14
4.667150e-07 3.783400e-14
4.669900e-07 3.781700e-14
4.672640e-07 3.904000e-14
4.675390e-07 3.830000e-14
4.678130e-07 4.065900e-14
4.680880e-07 3.849400e-14
4.683620e-07 3.889000e-14
4.686360e-07 3.763600e-14
4.689110e-07 3.643900e-14
4.691850e-07 3.822000e-14
4.694600e-07 3.692900e-14
4.697340e-07 3.653300e-14
4.700090e-07 3.852400e-14
4.702830e-07 3.815700e-14
4.705580e-07 3.712100e-14
4.708320e-07 3.651700e-14
4.711070e-07 3.736700e-14
4.713810e-07 3.801600e-14
4.716550e-07 3.876800e-14
4.719300e-07 3.911500e-14
4.722040e-07 3.831500e-14
4.724790e-07 3.874000e-14
4.727530e-07 3.789700e-14
4.730280e-07 3.883800e-14
4.733020e-07 3.840800e-14
4.735770e-07 3.856200e-14
4.738510e-07 3.942400e-14
4.741260e-07 3.886200e-14
4.744000e-07 3.874000e-14
4.746750e-07 4.061200e-14
4.749490e-07 3.840500e-14
4.752230e-07 3.758000e-14
4.754980e-07 3.814500e-14
4.757720e-07 3.782000e-14
4.760470e-07 3.832400e-14
4.763210e-07 3.796600e-14
4.765960e-07 3.722000e-14
4.768700e-07 3.735500e-14
4.771450e-07 3.821300e-14
4.774190e-07 3.837300e-14
4.776940e-07 3.898800e-14
4.779680e-07 3.997400e-14
4.782420e-07 3.771400e-14
4.785170e-07 3.785100e-14
4.787910e-07 3.836000e-14
4.790660e-07 3.853400e-14
4.793400e-07 3.794400e-14
4.796150e-07 3.752700e-14
4.798890e-07 3.792600e-14
4.801640e-07 3.896000e-14
4.804380e-07 3.904400e-14
4.807130e-07 3.952700e-14
4.809870e-07 3.853900e-14
4.812620e-07 4.030700e-14
4.815360e-07 4.047300e-14
4.818100e-07 4.004400e-14
4.820850e-07 3.803400e-14
4.823590e-07 3.937200e-14
4.826340e-07 3.741100e-14
4.829080e-07 3.905500e-14
4.831830e-07 3.969500e-14
4.834570e-07 3.809200e-14
4.837320e-07 3.880600e-14
4.840060e-07 3.892400e-14
4.842810e-07 3.668600e-14
4.845550e-07 3.587400e-14
4.848290e-07 3.642400e-14
4.851040e-07 3.537100e-14
4.853780e-07 3.511900e-14
4.856530e-07 3.670100e-14
4.859270e-07 4.186300e-14
4.862020e-07 4.993100e-14
4.864760e-07 5.132400e-14
4.867510e-07 4.424700e-14
4.870250e-07 3.832800e-14
4.873000e-07 3.471400e-14
4.875740e-07 3.495400e-14
4.878490e-07 3.411400e-14
4.881230e-07 3.404000e-14
4.883970e-07 3.537600e-14
4.886720e-07 3.616400e-14
4.889460e-07 3.516900e-14
4.892210e-07 3.511700e-14
4.894950e-07 3.628600e-14
4.897700e-07 3.746500e-14
4.900440e-07 3.647000e-14
4.903190e-07 3.781500e-14
4.905930e-07 3.630300e-14
4.908680e-07 3.551400e-14
4.911420e-07 3.563200e-14
4.914160e-07 3.628000e-14
4.916910e-07 3.633300e-14
4.919650e-07 3.710400e-14
4.922400e-07 3.411100e-14
4.925140e-07 3.314600e-14
4.927890e-07 3.593900e-14
4.930630e-07 3.695800e-14
4.933380e-07 3.715900e-14
4.936120e-07 3.614100e-14
4.938870e-07 3.511600e-14
4.941610e-07 3.529700e-14
4.944360e-07 3.710400e-14
4.947100e-07 3.827200e-14
4.949840e-07 3.859000e-14
4.952590e-07 3.918900e-14
4.955330e-07 4.097800e-14
4.958080e-07 4.488300e-14
4.960820e-07 4.947500e-14
4.963570e-07 4.920200e-14
4.966310e-07 4.233200e-14
4.969060e-07 3.928400e-14
4.971800e-07 3.699200e-14
4.974550e-07 3.712800e-14
4.977290e-07 3.696100e-14
4.980030e-07 3.675800e-14
4.982780e-07 3.637300e-14
4.985520e-07 3.627900e-14
4.988270e-07 3.793200e-14
4.991010e-07 3.741500e-14
4.993760e-07 3.596900e-14
4.996500e-07 3.606400e-14
4.999250e-07 3.841500e-14
5.001990e-07 4.198500e-14
5.004740e-07 5.188900e-14
5.007480e-07 6.813800e-14
5.010220e-07 7.332000e-14
5.012970e-07 6.216000e-14
5.015710e-07 4.401200e-14
5.018460e-07 3.731800e-14
5.021200e-07 3.641800e-14
5.023950e-07 3.587500e-14
5.026690e-07 3.659000e-14
5.029440e-07 3.641100e-14
5.032180e-07 3.710900e-14
5.034930e-07 3.691700e-14
5.037670e-07 3.559100e-14
5.040420e-07 3.427100e-14
5.043160e-07 3.462500e-14
5.045900e-07 3.609200e-14
5.048650e-07 3.713000e-14
5.051390e-07 3.645000e-14
5.054140e-07 3.773600e-14
5.056880e-07 3.833500e-14
5.059630e-07 3.749500e-14
5.062370e-07 3.780700e-14
5.065120e-07 3.803100e-14
5.067860e-07 3.687900e-14
5.070610e-07 3.636300e-14
5.073350e-07 3.723800e-14
5.076090e-07 3.854200e-14
5.078840e-07 3.839300e-14
5.081580e-07 3.714800e-14
5.084330e-07 3.657900e-14
5.087070e-07 3.490700e-14
5.089820e-07 3.551300e-14
5.092560e-07 3.686400e-14
5.095310e-07 3.735600e-14
5.098050e-07 3.716700e-14
5.100800e-07 3.447000e-14
5.103540e-07 3.571500e-14
5.106290e-07 3.719700e-14
5.109030e-07 3.610300e-14
5.111770e-07 3.656600e-14
5.114520e-07 3.715900e-14
5.117260e-07 3.739600e-14
5.120010e-07 3.729600e-14
5.122750e-07 3.533600e-14
5.125500e-07 3.507200e-14
5.128240e-07 3.611000e-14
5.130990e-07 3.591400e-14
5.133730e-07 3.489300e-14
5.136480e-07 3.561800e-14
5.139220e-07 3.671100e-14
5.141960e-07 3.531700e-14
5.144710e-07 3.532800e-14
5.147450e-07 3.474300e-14
5.150200e-07 3.555500e-14
5.152940e-07 3.531000e-14
5.155690e-07 3.628400e-14
5.158430e-07 3.710100e-14
5.161180e-07 3.592700e-14
5.163920e-07 3.538900e-14
5.166670e-07 3.386400e-14
5.169410e-07 3.272700e-14
5.172160e-07 3.191500e-14
5.174900e-07 3.176200e-14
5.177640e-07 3.283900e-14
5.180390e-07 3.467700e-14
5.183130e-07 3.439200e-14
5.185880e-07 3.341700e-14
5.188620e-07 3.487600e-14
5.191370e-07 3.467500e-14
5.194110e-07 3.480500e-14
5.196860e-07 3.569900e-14
5.199600e-07 3.477600e-14
5.202350e-07 3.585700e-14
5.205090e-07 3.643000e-14
5.207830e-07 3.561900e-14
5.210580e-07 3.549800e-14
5.213320e-07 3.487900e-14
5.216070e-07 3.617700e-14
5.218810e-07 3.771200e-14
5.221560e-07 3.635400e-14
5.224300e-07 3.571600e-14
5.227050e-07 3.444500e-14
5.229790e-07 3.340000e-14
5.232540e-07 3.484200e-14
5.235280e-07 3.517500e-14
5.238030e-07 3.568200e-14
5.240770e-07 3.617300e-14
5.243510e-07 3.625600e-14
5.246260e-07 3.752700e-14
5.249000e-07 3.719300e-14
5.251750e-07 3.631700e-14
5.254490e-07 3.557200e-14
5.257240e-07 3.523600e-14
5.259980e-07 3.604700e-14
5.262730e-07 3.464400e-14
5.265470e-07 3.327200e-14
5.268220e-07 3.255300e-14
5.270960e-07 3.203700e-14
5.273700e-07 3.322100e-14
5.276450e-07 3.453300e-14
5.279190e-07 3.463300e-14
5.281940e-07 3.581800e-14
5.284680e-07 3.720900e-14
5.287430e-07 3.647900e-14
5.290170e-07 3.775500e-14
5.292920e-07 3.700200e-14
5.295660e-07 3.604000e-14
5.298410e-07 3.498900e-14
5.301150e-07 3.662100e-14
5.303890e-07 3.541900e-14
5.306640e-07 3.515000e-14
5.309380e-07 3.573000e-14
5.312130e-07 3.680900e-14
5.314870e-07 3.601200e-14
5.317620e-07 3.640600e-14
5.320360e-07 3.712000e-14
5.323110e-07 3.593100e-14
5.325850e-07 3.579000e-14
5.328600e-07 3.388900e-14
5.331340e-07 3.387100e-14
5.334090e-07 3.511400e-14
5.336830e-07 3.720300e-14
5.339570e-07 3.675200e-14
5.342320e-07 3.654400e-14
5.345060e-07 3.735300e-14
5.347810e-07 3.680900e-14
5.350550e-07 3.603400e-14
5.353300e-07 3.673000e-14
5.356040e-07 3.724000e-14
5.358790e-07 3.842200e-14
5.361530e-07 3.751400e-14
5.364280e-07 3.660200e-14
5.367020e-07 3.709100e-14
5.369760e-07 3.738000e-14
5.372510e-07 3.675600e-14
5.375250e-07 3.650700e-14
5.378000e-07 3.776600e-14
5.380740e-07 3.764100e-14
5.383490e-07 3.629800e-14
5.386230e-07 3.572300e-14
5.388980e-07 3.516000e-14
5.391720e-07 3.692700e-14
5.394470e-07 3.603800e-14
5.397210e-07 3.483500e-14
5.399960e-07 3.579600e-14
5.402700e-07 3.423000e-14
5.405440e-07 3.367600e-14
5.408190e-07 3.451500e-14
5.410930e-07 3.460600e-14
5.413680e-07 3.349100e-14
5.416420e-07 3.577300e-14
5.419170e-07 3.483800e-14
5.421910e-07 3.598300e-14
5.424660e-07 3.681300e-14
5.427400e-07 3.591400e-14
5.430150e-07 3.684800e-14
5.432890e-07 3.716900e-14
5.435630e-07 3.492700e-14
5.438380e-07 3.651200e-14
5.441120e-07 3.728700e-14
5.443870e-07 3.657900e-14
5.446610e-07 3.613000e-14
5.449360e-07 3.732100e-14
5.452100e-07 3.728100e-14
5.454850e-07 3.761700e-14
5.457590e-07 3.600800e-14
5.460340e-07 3.560600e-14
5.463080e-07 3.662200e-14
5.465830e-07 3.554700e-14
5.468570e-07 3.749800e-14
5.471310e-07 3.713600e-14
5.474060e-07 3.658200e-14
5.476800e-07 3.450300e-14
5.479550e-07 3.448700e-14
5.482290e-07 3.496100e-14
5.485040e-07 3.604200e-14
5.487780e-07 3.752600e-14
5.490530e-07 3.682600e-14
5.493270e-07 3.591300e-14
5.496020e-07 3.661300e-14
5.498760e-07 3.661600e-14
5.501500e-07 3.598000e-14
5.504250e-07 3.652400e-14
5.506990e-07 3.590100e-14
5.509740e-07 3.527400e-14
5.512480e-07 3.579000e-14
5.515230e-07 3.441900e-14
5.517970e-07 3.697200e-14
5.520720e-07 3.538400e-14
5.523460e-07 3.703100e-14
5.526210e-07 3.641900e-14
5.528950e-07 3.566800e-14
5.531700e-07 3.451000e-14
5.534440e-07 3.421500e-14
5.537180e-07 3.338000e-14
5.539930e-07 3.572900e-14
5.542670e-07 3.571100e-14
5.545420e-07 3.661000e-14
5.548160e-07 3.477400e-14
5.550910e-07 3.766900e-14
5.553650e-07 3.668800e-14
5.556400e-07 3.575300e-14
5.559140e-07 3.667700e-14
5.561890e-07 3.503200e-14
5.564630e-07 3.749900e-14
5.567370e-07 3.564900e-14
5.570120e-07 3.369200e-14
5.572860e-07 3.528200e-14
5.575610e-07 3.448200e-14
5.578350e-07 3.656900e-14
5.581100e-07 3.294800e-14
5.583840e-07 3.499200e-14
5.586590e-07 3.585300e-14
5.589330e-07 3.194700e-14
5.592080e-07 3.513500e-14
5.594820e-07 3.455300e-14
5.597560e-07 3.548200e-14
5.600310e-07 3.600700e-14
5.603050e-07 3.509400e-14
5.605800e-07 3.540500e-14
5.608540e-07 3.641600e-14
5.611290e-07 3.526600e-14
5.614030e-07 3.567800e-14
5.616780e-07 3.564400e-14
5.619520e-07 3.669300e-14
5.622270e-07 3.481500e-14
5.625010e-07 3.358000e-14
5.627760e-07 3.449200e-14
5.630500e-07 3.568600e-14
5.633240e-07 3.529500e-14
5.635990e-07 3.483000e-14
5.638730e-07 3.676300e-14
5.641480e-07 3.796300e-14
5.644220e-07 3.476100e-14
5.646970e-07 3.363000e-14
5.649710e-07 3.479600e-14
5.652460e-07 3.629300e-14
5.655200e-07 3.580900e-14
5.657950e-07 3.510300e-14
5.660690e-07 3.535400e-14
5.663430e-07 3.486000e-14
5.666180e-07 3.464900e-14
5.668920e-07 3.509500e-14
5.671670e-07 3.693400e-14
5.674410e-07 3.672200e-14
5.677160e-07 3.597300e-14
5.679900e-07 3.682000e-14
5.682650e-07 3.802200e-14
5.685390e-07 3.354400e-14
5.688140e-07 3.402200e-14
5.690880e-07 3.584700e-14
5.693630e-07 3.567400e-14
5.696370e-07 3.679900e-14
5.699110e-07 3.624200e-14
5.701860e-07 3.527400e-14
5.704600e-07 3.524100e-14
5.707350e-07 3.441300e-14
5.710090e-07 3.275000e-14
5.712840e-07 3.484200e-14
5.715580e-07 3.613800e-14
5.718330e-07 3.512900e-14
5.721070e-07 3.646600e-14
5.723820e-07 3.669500e-14
5.726560e-07 3.560500e-14
5.729300e-07 3.439700e-14
5.732050e-07 3.539400e-14
5.734790e-07 3.667700e-14
5.737540e-07 3.626300e-14
5.740280e-07 3.519900e-14
5.743030e-07 3.514600e-14
5.745770e-07 3.514800e-14
5.748520e-07 3.512100e-14
5.751260e-07 3.451700e-14
5.754010e-07 3.669200e-14
5.756750e-07 3.671600e-14
5.759500e-07 3.551900e-14
5.762240e-07 3.605100e-14
5.764980e-07 3.484100e-14
5.767730e-07 3.576600e-14
5.770470e-07 3.376300e-14
5.773220e-07 3.615900e-14
5.775960e-07 3.506100e-14
5.778710e-07 3.435600e-14
5.781450e-07 3.399100e-14
5.784200e-07 3.330400e-14
5.786940e-07 3.428700e-14
5.789690e-07 3.426600e-14
5.792430e-07 3.533000e-14
5.795170e-07 3.521800e-14
5.797920e-07 3.559400e-14
5.800660e-07 3.550300e-14
5.803410e-07 3.776300e-14
5.806150e-07 3.470500e-14
5.808900e-07 3.711500e-14
5.811640e-07 3.357900e-14
5.814390e-07 3.595700e-14
5.817130e-07 3.344800e-14
5.819880e-07 3.582000e-14
5.822620e-07 3.324700e-14
5.825370e-07 3.674000e-14
5.828110e-07 3.538000e-14
5.830850e-07 3.610000e-14
5.833600e-07 3.430900e-14
5.836340e-07 3.709000e-14
5.839090e-07 3.624600e-14
5.841830e-07 3.784500e-14
5.844580e-07 3.448600e-14
5.847320e-07 3.717900e-14
5.850070e-07 3.860500e-14
5.852810e-07 3.381900e-14
5.855560e-07 3.536900e-14
5.858300e-07 3.379600e-14
5.861040e-07 3.464900e-14
5.863790e-07 3.426200e-14
5.866530e-07 3.550800e-14
5.869280e-07 3.602600e-14
5.872020e-07 3.484100e-14
5.874770e-07 3.526500e-14
5.877510e-07 3.480200e-14
5.880260e-07 3.949600e-14
5.883000e-07 2.965900e-14
5.885750e-07 3.025300e-14
5.888490e-07 2.439000e-14
5.891230e-07 2.514800e-14
5.893980e-07 2.758700e-14
5.896720e-07 3.094200e-14
5.899470e-07 3.187000e-14
5.902210e-07 3.600500e-14
5.904960e-07 3.367100e-14
5.907700e-07 3.441600e-14
5.910450e-07 3.325300e-14
5.913190e-07 3.421300e-14
5.915940e-07 3.448900e-14
5.918680e-07 3.530300e-14
5.921430e-07 3.397600e-14
5.924170e-07 3.675100e-14
5.926910e-07 3.573000e-14
5.929660e-07 3.357700e-14
5.932400e-07 3.402400e-14
5.935150e-07 3.433200e-14
5.937890e-07 3.366700e-14
5.940640e-07 3.321200e-14
5.943380e-07 3.380500e-14
5.946130e-07 3.287200e-14
5.948870e-07 3.388200e-14
5.951620e-07 3.371300e-14
5.954360e-07 3.325500e-14
5.957100e-07 3.322800e-14
5.959850e-07 3.279100e-14
5.962590e-07 3.424100e-14
5.965340e-07 3.506100e-14
5.968080e-07 3.384100e-14
5.970830e-07 3.399900e-14
5.973570e-07 3.421900e-14
5.976320e-07 3.362300e-14
5.979060e-07 3.388800e-14
5.981810e-07 3.427500e-14
5.984550e-07 3.372300e-14
5.987300e-07 3.490000e-14
5.990040e-07 3.308100e-14
5.992780e-07 3.470000e-14
5.995530e-07 3.345500e-14
5.998270e-07 3.162500e-14
6.001020e-07 3.424600e-14
6.003760e-07 3.199800e-14
6.006510e-07 3.436300e-14
6.009250e-07 3.424100e-14
6.012000e-07 3.377100e-14
6.014740e-07 3.400300e-14
6.017490e-07 3.467200e-14
6.020230e-07 3.604200e-14
6.022970e-07 3.388700e-14
6.025720e-07 3.301700e-14
6.028460e-07 3.421200e-14
6.031210e-07 3.474200e-14
6.033950e-07 3.273000e-14
6.036700e-07 3.372800e-14
6.039440e-07 3.580800e-14
6.042190e-07 3.440700e-14
6.044930e-07 3.580300e-14
6.047680e-07 3.499400e-14
6.050420e-07 3.444600e-14
6.053170e-07 3.414700e-14
6.055910e-07 3.551400e-14
6.058650e-07 3.429200e-14
6.061400e-07 3.386400e-14
6.064140e-07 3.345000e-14
6.066890e-07 3.308700e-14
6.069630e-07 3.300100e-14
6.072380e-07 3.386400e-14
6.075120e-07 3.449400e-14
6.077870e-07 3.509000e-14
6.080610e-07 3.398500e-14
6.083360e-07 3.327000e-14
6.086100e-07 3.478600e-14
6.088840e-07 3.447600e-14
6.091590e-07 3.561000e-14
6.094330e-07 3.424600e-14
6.097080e-07 3.401000e-14
6.099820e-07 3.363100e-14
6.102570e-07 3.424500e-14
6.105310e-07 3.243800e-14
6.108060e-07 3.242000e-14
6.110800e-07 3.449800e-14
6.113550e-07 3.550300e-14
6.116290e-07 3.360600e-14
6.119040e-07 3.381300e-14
6.121780e-07 3.399500e-14
6.124520e-07 3.335200e-14
6.127270e-07 3.352600e-14
6.130010e-07 3.380100e-14
6.132760e-07 3.332200e-14
6.135500e-07 3.382500e-14
6.138250e-07 3.509500e-14
6.140990e-07 3.238800e-14
6.143740e-07 3.343800e-14
6.146480e-07 3.356100e-14
6.149230e-07 3.386700e-14
6.151970e-07 3.514900e-14
6.154710e-07 3.395600e-14
6.157460e-07 3.199500e-14
6.160200e-07 3.163000e-14
6.162950e-07 3.094500e-14
6.165690e-07 3.182700e-14
6.168440e-07 3.123700e-14
6.171180e-07 3.177600e-14
6.173930e-07 3.080000e-14
6.176670e-07 3.373700e-14
6.179420e-07 3.397400e-14
6.182160e-07 3.459700e-14
6.184900e-07 3.253700e-14
6.187650e-07 3.448800e-14
6.190390e-07 3.207000e-14
6.193140e-07 3.258400e-14
6.195880e-07 3.197800e-14
6.198630e-07 3.356100e-14
6.201370e-07 3.255600e-14
6.204120e-07 3.311000e-14
6.206860e-07 3.449900e-14
6.209610e-07 3.387700e-14
6.212350e-07 3.367600e-14
6.215100e-07 3.238600e-14
6.217840e-07 2.978800e-14
6.220580e-07 3.199900e-14
6.223330e-07 3.444200e-14
6.226070e-07 3.178200e-14
6.228820e-07 3.369900e-14
6.231560e-07 3.235200e-14
6.234310e-07 3.228300e-14
6.237050e-07 3.276200e-14
6.239800e-07 3.236800e-14
6.242540e-07 3.349000e-14
6.245290e-07 3.480200e-14
6.248030e-07 3.156600e-14
6.250770e-07 3.147400e-14
6.253520e-07 3.119500e-14
6.256260e-07 3.319800e-14
6.259010e-07 3.272900e-14
6.261750e-07 2.986600e-14
6.264500e-07 3.112300e-14
6.267240e-07 3.213000e-14
6.269990e-07 3.209300e-14
6.272730e-07 3.289000e-14
6.275480e-07 3.312100e-14
6.278220e-07 3.183200e-14
6.280970e-07 3.315500e-14
6.283710e-07 3.250900e-14
6.286450e-07 3.654500e-14
6.289200e-07 3.855300e-14
6.291940e-07 3.039100e-14
6.294690e-07 2.869100e-14
6.297430e-07 2.914400e-14
6.300180e-07 3.050500e-14
6.302920e-07 3.166900e-14
6.305670e-07 3.474900e-14
6.308410e-07 3.490800e-14
6.311160e-07 3.172900e-14
6.313900e-07 3.183900e-14
6.316640e-07 3.203300e-14
6.319390e-07 3.357900e-14
6.322130e-07 3.293000e-14
6.324880e-07 3.328200e-14
6.327620e-07 3.383800e-14
6.330370e-07 3.239600e-14
6.333110e-07 3.290400e-14
6.335860e-07 3.357600e-14
6.338600e-07 3.236700e-14
6.341350e-07 3.113300e-14
6.344090e-07 3.549200e-14
6.346840e-07 3.344900e-14
6.349580e-07 3.370700e-14
6.352320e-07 3.370600e-14
6.355070e-07 3.202900e-14
6.357810e-07 3.292700e-14
6.360560e-07 3.286200e-14
6.363300e-07 3.151100e-14
6.366050e-07 3.167900e-14
6.368790e-07 3.237700e-14
6.371540e-07 3.209000e-14
6.374280e-07 3.415400e-14
6.377030e-07 3.358700e-14
6.379770e-07 3.231600e-14
6.382510e-07 3.108400e-14
6.385260e-07 3.306400e-14
6.388000e-07 3.300000e-14
6.390750e-07 3.402100e-14
6.393490e-07 3.393100e-14
6.396240e-07 3.303700e-14
6.398980e-07 3.081300e-14
6.401730e-07 3.312900e-14
6.404470e-07 3.316900e-14
6.407220e-07 3.272900e-14
6.409960e-07 3.253500e-14
6.412710e-07 3.305100e-14
6.415450e-07 3.050400e-14
6.418190e-07 3.382700e-14
6.420940e-07 3.284600e-14
6.423680e-07 3.279700e-14
6.426430e-07 3.355700e-14
6.429170e-07 3.309500e-14
6.431920e-07 3.353200e-14
6.434660e-07 3.261900e-14
6.437410e-07 3.235500e-14
6.440150e-07 3.245800e-14
6.442900e-07 3.277500e-14
6.445640e-07 3.418700e-14
6.448380e-07 3.300900e-14
6.451130e-07 3.231100e-14
6.453870e-07 3.175800e-14
6.456620e-07 3.114900e-14
6.459360e-07 3.273800e-14
6.462110e-07 3.193000e-14
6.464850e-07 3.192700e-14
6.467600e-07 3.260200e-14
6.470340e-07 3.356700e-14
6.473090e-07 3.287900e-14
6.475830e-07 3.248000e-14
6.478570e-07 3.304500e-14
6.481320e-07 3.358700e-14
6.484060e-07 3.296800e-14
6.486810e-07 3.514900e-14
6.489550e-07 3.337900e-14
6.492300e-07 3.208400e-14
6.495040e-07 2.949500e-14
6.497790e-07 3.139200e-14
6.500530e-07 3.112800e-14
6.503280e-07 3.170000e-14
6.506020e-07 3.156400e-14
6.508770e-07 3.447500e-14
6.511510e-07 3.346600e-14
6.514250e-07 3.210000e-14
6.517000e-07 3.148600e-14
6.519740e-07 3.417300e-14
6.522490e-07 3.319500e-14
6.525230e-07 3.356500e-14
6.527980e-07 3.078900e-14
6.530720e-07 3.505000e-14
6.533470e-07 3.331500e-14
6.536210e-07 3.203600e-14
6.538960e-07 3.541600e-14
6.541700e-07 3.553500e-14
6.544440e-07 3.413000e-14
6.547190e-07 3.351100e-14
6.549930e-07 3.663300e-14
6.552680e-07 3.478900e-14
6.555420e-07 3.459400e-14
6.558170e-07 4.006000e-14
6.560910e-07 6.273000e-14
6.563660e-07 9.915500e-14
6.566400e-07 1.052200e-13
6.569150e-07 7.884800e-14
6.571890e-07 4.483500e-14
6.574640e-07 3.553600e-14
6.577380e-07 3.268900e-14
6.580120e-07 3.500700e-14
6.582870e-07 3.955700e-14
6.585610e-07 4.375900e-14
6.588360e-07 4.105100e-14
6.591100e-07 3.530100e-14
6.593850e-07 2.954800e-14
6.596590e-07 3.029300e-14
6.599340e-07 3.105900e-14
6.602080e-07 3.220000e-14
6.604830e-07 3.154200e-14
6.607570e-07 3.158000e-14
6.610310e-07 3.139700e-14
6.613060e-07 3.176100e-14
6.615800e-07 3.265200e-14
6.618550e-07 3.364000e-14
6.621290e-07 3.270000e-14
6.624040e-07 3.317000e-14
6.626780e-07 3.227700e-14
6.629530e-07 3.272300e-14
6.632270e-07 3.219300e-14
6.635020e-07 3.300300e-14
6.637760e-07 3.291600e-14
6.640510e-07 3.400300e-14
6.643250e-07 3.235100e-14
6.645990e-07 3.236000e-14
6.648740e-07 3.029800e-14
6.651480e-07 3.184100e-14
6.654230e-07 3.372900e-14
6.656970e-07 3.395200e-14
6.659720e-07 3.251200e-14
6.662460e-07 3.098500e-14
6.665210e-07 3.350700e-14
6.667950e-07 3.195600e-14
6.670700e-07 3.405100e-14
6.673440e-07 3.283900e-14
6.676180e-07 3.174800e-14
6.678930e-07 3.353200e-14
6.681670e-07 3.467300e-14
6.684420e-07 3.434400e-14
6.687160e-07 3.384300e-14
6.689910e-07 3.133700e-14
6.692650e-07 3.126400e-14
6.695400e-07 3.161600e-14
6.698140e-07 3.400100e-14
6.700890e-07 3.250900e-14
6.703630e-07 3.062600e-14
6.706380e-07 3.142600e-14
6.709120e-07 3.333300e-14
6.711860e-07 3.421400e-14
6.714610e-07 3.838900e-14
6.717350e-07 4.947400e-14
6.720100e-07 5.282200e-14
6.722840e-07 4.581600e-14
6.725590e-07 3.889100e-14
6.728330e-07 4.093400e-14
6.731080e-07 4.229600e-14
6.733820e-07 4.715500e-14
6.736570e-07 4.552200e-14
6.739310e-07 3.708900e-14
6.742050e-07 3.274700e-14
6.744800e-07 3.363800e-14
6.747540e-07 3.100200e-14
6.750290e-07 3.046500e-14
6.753030e-07 2.976600e-14
6.755780e-07 3.196600e-14
6.758520e-07 3.165200e-14
6.761270e-07 3.092600e-14
6.764010e-07 3.446900e-14
6.766760e-07 3.362900e-14
6.769500e-07 3.326200e-14
6.772240e-07 3.212400e-14
6.774990e-07 3.276900e-14
6.777730e-07 3.198700e-14
6.780480e-07 3.234100e-14
6.783220e-07 3.241400e-14
6.785970e-07 3.249100e-14
6.788710e-07 3.128300e-14
6.791460e-07 2.994800e-14
6.794200e-07 3.193300e-14
6.796950e-07 3.044800e-14
6.799690e-07 3.337500e-14
6.802440e-07 3.134600e-14
6.805180e-07 3.155500e-14
6.807920e-07 3.039900e-14
6.810670e-07 2.958900e-14
6.813410e-07 2.988200e-14
6.816160e-07 3.301100e-14
6.825640e-07 3.156400e-14
6.841370e-07 3.163300e-14
6.857140e-07 3.119600e-14
6.872950e-07 3.112100e-14
6.888790e-07 3.126100e-14
6.904670e-07 3.125800e-14
6.920590e-07 3.132700e-14
6.936540e-07 3.139600e-14
6.952530e-07 3.153800e-14
6.968560e-07 3.138900e-14
6.984630e-07 3.081300e-14
7.000730e-07 3.123900e-14
7.016860e-07 3.130700e-14
7.033040e-07 3.108900e-14
7.049250e-07 3.210400e-14
7.065500e-07 3.101100e-14
7.081790e-07 3.143900e-14
7.098120e-07 3.043800e-14
7.114480e-07 3.064600e-14
7.130880e-07 3.071300e-14
7.147320e-07 3.021900e-14
7.163790e-07 3.042500e-14
7.180310e-07 2.959300e-14
7.196860e-07 2.885000e-14
7.213450e-07 2.891300e-14
7.230080e-07 2.999500e-14
7.246750e-07 2.971600e-14
7.263450e-07 3.040500e-14
7.280200e-07 3.005400e-14
7.296980e-07 2.936700e-14
7.313800e-07 3.046500e-14
7.330660e-07 3.102800e-14
7.347560e-07 3.145700e-14
7.364500e-07 3.066700e-14
7.381470e-07 3.123300e-14
7.398490e-07 3.073000e-14
7.415550e-07 3.051500e-14
7.432640e-07 3.086500e-14
7.449770e-07 3.093300e-14
7.466950e-07 3.107200e-14
7.484160e-07 3.099700e-14
7.501410e-07 3.042800e-14
7.518710e-07 3.056500e-14
7.536040e-07 3.098700e-14
7.553410e-07 3.112600e-14
7.570830e-07 3.098000e-14
7.588280e-07 3.097600e-14
7.605770e-07 2.999000e-14
7.623300e-07 3.040400e-14
7.640880e-07 2.957200e-14
7.658490e-07 2.998000e-14
7.676140e-07 2.659400e-14
7.693840e-07 2.902200e-14
7.711580e-07 2.784100e-14
7.729350e-07 2.894900e-14
7.747170e-07 2.914600e-14
7.765030e-07 2.880900e-14
7.782930e-07 2.776400e-14
7.800870e-07 2.860400e-14
7.818860e-07 2.879900e-14
7.836880e-07 2.892800e-14
7.854940e-07 2.905900e-14
7.873050e-07 2.885500e-14
7.891200e-07 2.891800e-14
7.909390e-07 2.871600e-14
7.927630e-07 2.805900e-14
7.945900e-07 2.805500e-14
7.964220e-07 2.844200e-14
7.982580e-07 2.870200e-14
8.000980e-07 2.850100e-14
8.019420e-07 2.849800e-14
8.037910e-07 2.836300e-14
8.056440e-07 2.829500e-14
8.075010e-07 2.881700e-14
8.093620e-07 2.835300e-14
8.112280e-07 2.887600e-14
8.130980e-07 2.900600e-14
8.149730e-07 2.847300e-14
8.168520e-07 2.756700e-14
8.187350e-07 2.762700e-14
8.206220e-07 2.548500e-14
8.225130e-07 2.826300e-14
8.244100e-07 2.813000e-14
8.263100e-07 2.832100e-14
8.282150e-07 2.761000e-14
8.301240e-07 2.747900e-14
8.320380e-07 2.766600e-14
8.339560e-07 2.715800e-14
8.358790e-07 2.785100e-14
8.378050e-07 2.778400e-14
8.397370e-07 2.634700e-14
8.416730e-07 2.764900e-14
8.436130e-07 2.720300e-14
8.455570e-07 2.645900e-14
8.475060e-07 2.657700e-14
8.494600e-07 2.725600e-14
8.514190e-07 2.687800e-14
8.533810e-07 2.712300e-14
8.553490e-07 2.057300e-14
8.573200e-07 2.705400e-14
8.592970e-07 2.674100e-14
8.612780e-07 2.649200e-14
8.632630e-07 2.655000e-14
8.652530e-07 2.660800e-14
8.672470e-07 1.922900e-14
8.692470e-07 2.587600e-14
8.712510e-07 2.587200e-14
8.732590e-07 2.641000e-14
8.752720e-07 2.556900e-14
8.772900e-07 2.604100e-14
8.793120e-07 2.621800e-14
8.813390e-07 2.526700e-14
8.833710e-07 2.514700e-14
8.854070e-07 2.578900e-14
8.874480e-07 2.395400e-14
8.894940e-07 2.537000e-14
8.915450e-07 2.571900e-14
8.936000e-07 2.495700e-14
8.956600e-07 2.495400e-14
8.977250e-07 2.427000e-14
8.997940e-07 2.249200e-14
9.018690e-07 2.365700e-14
9.039470e-07 2.522900e-14
9.060310e-07 2.635400e-14
9.081200e-07 2.431000e-14
9.102130e-07 2.464500e-14
9.123110e-07 2.521500e-14
9.144140e-07 2.315300e-14
9.165230e-07 2.251900e-14
9.186350e-07 2.330700e-14
9.207530e-07 2.434600e-14
9.228760e-07 2.400800e-14
9.250030e-07 2.411600e-14
9.271350e-07 2.439100e-14
9.292730e-07 2.427600e-14
9.314150e-07 2.416100e-14
9.335620e-07 2.410200e-14
9.357140e-07 2.398800e-14
9.378710e-07 2.381900e-14
9.400330e-07 2.387100e-14
9.422000e-07 2.370300e-14
9.443720e-07 2.353700e-14
9.465490e-07 2.353300e-14
9.487310e-07 2.342200e-14
9.509180e-07 2.320400e-14
9.531100e-07 2.288200e-14
9.553070e-07 2.189900e-14
9.575100e-07 2.277000e-14
9.597170e-07 2.297700e-14
9.619290e-07 2.286900e-14
9.641460e-07 2.265600e-14
9.663690e-07 2.260000e-14
9.685970e-07 2.259700e-14
9.708300e-07 2.249000e-14
9.730680e-07 2.238300e-14
9.753110e-07 2.227700e-14
9.775590e-07 2.222200e-14
9.798130e-07 2.206600e-14
9.820720e-07 2.211400e-14
9.843350e-07 2.195800e-14
9.866040e-07 2.185400e-14
9.888790e-07 2.175000e-14
9.911580e-07 2.164700e-14
9.934430e-07 2.164400e-14
9.957340e-07 2.154100e-14
9.980290e-07 2.148800e-14
1.002635e-06 2.089600e-14
1.007264e-06 2.050900e-14
1.011913e-06 2.074000e-14
1.016583e-06 2.049600e-14
1.023631e-06 2.039200e-14
1.028355e-06 2.024500e-14
1.030726e-06 2.010300e-14
1.049888e-06 1.930700e-14
1.069408e-06 1.845800e-14
1.089289e-06 1.750600e-14
1.109540e-06 1.710700e-14
1.130168e-06 1.645100e-14
1.151179e-06 1.603900e-14
1.169884e-06 1.545900e-14
1.188895e-06 1.490000e-14
1.210997e-06 1.442700e-14
1.230674e-06 1.403400e-14
1.250671e-06 1.362000e-14
1.270993e-06 1.321900e-14
1.288674e-06 1.282900e-14
1.309614e-06 1.253700e-14
1.330893e-06 1.216700e-14
1.349408e-06 1.194500e-14
1.371334e-06 1.164600e-14
1.390411e-06 1.135500e-14
1.409754e-06 1.107100e-14
1.429365e-06 1.084400e-14
1.449250e-06 1.072000e-14
1.469411e-06 1.050000e-14
1.489851e-06 1.038000e-14
1.510577e-06 1.023700e-14
1.531592e-06 1.021400e-14
1.549327e-06 1.012000e-14
1.570881e-06 9.889700e-15
1.589071e-06 9.642400e-15
1.611177e-06 9.598100e-15
1.629832e-06 9.510100e-15
1.648705e-06 9.208400e-15
1.671641e-06 9.019600e-15
1.690998e-06 8.713400e-15
1.710580e-06 8.495400e-15
1.730386e-06 8.113100e-15
1.750423e-06 7.946700e-15
1.770693e-06 7.694600e-15
1.791197e-06 7.467700e-15
1.811936e-06 7.148000e-15
1.828703e-06 7.001400e-15
1.849879e-06 6.794900e-15
1.871298e-06 6.519100e-15
1.888613e-06 6.370700e-15
1.910483e-06 6.211300e-15
1.928159e-06 5.986700e-15
1.950487e-06 5.730400e-15
1.968535e-06 5.612900e-15
1.991330e-06 5.447400e-15
2.009755e-06 5.335600e-15
2.028351e-06 5.154500e-15
2.051839e-06 5.048800e-15
2.070823e-06 4.888600e-15
2.089985e-06 4.766300e-15
2.109322e-06 4.647100e-15
2.128840e-06 4.520500e-15
2.148539e-06 4.407400e-15
2.168418e-06 4.238200e-15
2.188483e-06 4.170500e-15
2.208731e-06 4.047500e-15
2.229169e-06 3.937200e-15
2.249797e-06 3.838700e-15
2.270612e-06 3.734100e-15
2.291623e-06 3.429100e-15
2.307507e-06 3.397700e-15
2.328859e-06 3.056200e-15
2.350408e-06 2.925400e-15
2.372155e-06 2.945700e-15
2.388599e-06 2.730100e-15
2.410699e-06 2.668000e-15
2.427411e-06 2.643500e-15
2.449870e-06 2.507200e-15
2.472539e-06 2.489900e-15
2.489677e-06 2.234500e-15
2.512715e-06 2.208900e-15
2.530131e-06 2.198800e-15
2.547670e-06 2.168600e-15
2.571242e-06 2.168600e-15
2.589066e-06 2.119300e-15
2.607011e-06 2.090200e-15
2.631135e-06 2.037900e-15
2.649372e-06 2.019200e-15
2.667738e-06 1.968700e-15
2.692423e-06 1.941700e-15
2.711085e-06 1.906300e-15
2.729876e-06 1.867200e-15
2.748800e-06 1.828900e-15
2.767853e-06 1.795500e-15
2.787040e-06 1.766800e-15
2.812826e-06 1.726600e-15
2.832326e-06 1.695100e-15
2.851957e-06 1.656500e-15
2.871728e-06 1.611300e-15
2.891632e-06 1.589200e-15
2.911678e-06 1.556600e-15
2.931859e-06 1.521200e-15
2.952183e-06 1.486600e-15
2.972645e-06 1.456100e-15
2.993252e-06 1.426200e-15
3.007068e-06 1.393800e-15
3.027910e-06 1.358900e-15
3.048900e-06 1.337200e-15
3.070033e-06 1.312800e-15
3.091315e-06 1.282900e-15
3.112742e-06 1.256600e-15
3.127108e-06 1.233600e-15
3.148786e-06 1.205600e-15
3.170611e-06 1.180800e-15
3.192591e-06 1.159300e-15
3.207326e-06 1.135500e-15
3.229560e-06 1.114800e-15
3.251945e-06 1.099500e-15
3.266954e-06 1.094400e-15
3.289601e-06 1.114800e-15
3.312402e-06 1.096900e-15
3.327690e-06 1.026100e-15
3.350758e-06 9.889800e-16
3.366224e-06 9.598100e-16
3.389560e-06 9.358000e-16
3.413053e-06 9.145000e-16
3.428806e-06 8.957500e-16
3.452575e-06 8.773800e-16
3.468510e-06 8.593800e-16
3.492555e-06 8.417500e-16
3.508675e-06 8.244900e-16
3.532994e-06 8.057200e-16
3.549304e-06 7.910200e-16
3.573905e-06 7.730100e-16
3.590404e-06 7.589000e-16
3.606975e-06 7.433400e-16
3.631976e-06 7.297700e-16
3.648743e-06 7.131600e-16
3.674033e-06 7.001400e-16
3.690991e-06 6.842000e-16
3.708031e-06 6.717200e-16
3.733731e-06 6.579400e-16
3.750964e-06 6.414800e-16
3.768281e-06 6.341400e-16
3.785673e-06 6.211300e-16
3.811912e-06 6.098000e-16
3.829510e-06 5.986700e-16
3.847185e-06 5.877400e-16
3.873855e-06 5.756900e-16
3.891735e-06 5.651800e-16
3.909697e-06 5.548600e-16
3.927742e-06 5.459900e-16
3.945874e-06 5.347900e-16
3.973224e-06 5.250300e-16
3.991566e-06 5.142600e-16
4.009989e-06 5.048800e-16
4.028497e-06 4.968000e-16
4.047091e-06 4.866100e-16
4.065774e-06 4.799400e-16
4.093955e-06 4.722600e-16
4.112850e-06 4.647100e-16
4.131837e-06 4.572800e-16
4.150908e-06 4.489400e-16
4.170066e-06 4.407400e-16
4.189318e-06 4.337000e-16
4.208653e-06 4.267600e-16
4.228078e-06 4.209100e-16
4.247597e-06 4.132200e-16
4.267202e-06 4.066200e-16
4.286897e-06 3.910100e-16
4.306687e-06 3.768600e-16
4.326565e-06 3.760000e-16
4.346534e-06 3.615600e-16
4.366595e-06 3.533300e-16
4.386754e-06 3.476800e-16
4.407000e-06 3.351100e-16
4.427341e-06 3.312700e-16
4.447780e-06 3.259800e-16
4.468308e-06 3.156400e-16
4.488932e-06 3.149100e-16
4.509655e-06 3.084500e-16
4.530469e-06 3.007400e-16
4.551379e-06 2.993500e-16
4.572386e-06 2.952500e-16
4.593495e-06 2.865400e-16
4.614696e-06 2.865400e-16
4.625333e-06 2.813100e-16
4.646686e-06 2.774500e-16
4.668133e-06 2.749100e-16
4.689678e-06 2.717600e-16
4.711323e-06 2.674100e-16
4.733073e-06 2.668000e-16
4.754919e-06 2.619300e-16
4.765879e-06 2.589300e-16
4.787881e-06 2.559700e-16
4.809979e-06 2.507200e-16
4.832179e-06 2.507200e-16
4.854482e-06 2.467100e-16
4.865677e-06 2.427600e-16
4.888135e-06 2.399900e-16
4.910696e-06 2.366900e-16
4.933361e-06 2.339800e-16
4.944738e-06 2.307700e-16
4.967560e-06 2.291800e-16
4.990488e-06 2.260300e-16
5.013527e-06 2.231800e-16
5.025083e-06 2.202400e-16
5.048276e-06 2.154600e-16
5.071576e-06 2.127300e-16
5.083267e-06 2.113800e-16
5.094990e-06 2.100300e-16
5.106734e-06 2.077300e-16
5.118505e-06 2.054600e-16
5.130304e-06 2.041400e-16
5.142129e-06 2.023700e-16
5.153983e-06 2.006100e-16
5.165869e-06 1.997800e-16
5.177776e-06 1.989500e-16
5.189711e-06 1.963100e-16
5.201674e-06 1.946000e-16
5.213664e-06 1.933500e-16
5.225682e-06 1.912100e-16
5.237727e-06 1.899800e-16
5.249807e-06 1.887500e-16
5.261908e-06 1.879600e-16
5.274037e-06 1.867400e-16
5.286194e-06 1.846700e-16
5.298379e-06 1.826300e-16
5.310592e-06 1.810200e-16
5.322839e-06 1.798400e-16
5.335109e-06 1.786700e-16
5.347406e-06 1.775000e-16
5.359733e-06 1.759300e-16
5.372087e-06 1.747800e-16
5.384470e-06 1.736300e-16
5.396882e-06 1.724900e-16
5.409328e-06 1.709600e-16
5.421797e-06 1.694500e-16
5.434295e-06 1.679400e-16
5.446821e-06 1.672200e-16
5.459376e-06 1.661100e-16
5.471960e-06 1.646300e-16
5.484574e-06 1.635400e-16
5.497222e-06 1.624500e-16
5.509894e-06 1.610000e-16
5.522594e-06 1.603000e-16
5.535324e-06 1.603400e-16
5.548084e-06 1.581700e-16
5.560872e-06 1.567500e-16
5.573697e-06 1.564200e-16
5.586544e-06 1.553700e-16
5.599422e-06 1.543300e-16
5.612329e-06 1.536400e-16
5.625266e-06 1.522600e-16
5.638232e-06 1.512300e-16
5.651229e-06 1.509100e-16
5.664262e-06 1.502300e-16
5.677318e-06 1.492100e-16
5.690405e-06 1.478600e-16
5.703521e-06 1.475300e-16
5.716669e-06 1.472100e-16
5.729846e-06 1.465400e-16
5.743060e-06 1.458800e-16
5.756298e-06 1.452200e-16
5.769567e-06 1.445600e-16
5.782866e-06 1.442300e-16
5.796196e-06 1.442300e-16
5.809557e-06 1.435700e-16
5.822948e-06 1.432400e-16
5.836377e-06 1.432400e-16
5.849830e-06 1.432400e-16
5.863314e-06 1.429000e-16
5.876830e-06 1.429000e-16
5.890376e-06 1.432200e-16
5.912817e-06 1.815700e-16
5.943742e-06 1.607400e-16
5.974666e-06 3.999100e-17
6.005590e-06 1.285100e-16
6.036515e-06 1.388200e-16
6.067439e-06 1.044300e-16
6.098363e-06 1.377200e-16
6.129288e-06 2.506900e-16
6.160212e-06 3.642800e-16
6.191135e-06 5.339100e-16
6.222060e-06 5.102000e-16
6.252984e-06 4.437700e-16
6.283908e-06 3.149700e-16
6.314833e-06 4.031900e-16
6.345757e-06 2.602400e-16
6.376682e-06 2.036200e-16
6.407606e-06 1.969700e-16
6.438530e-06 1.901000e-16
6.469455e-06 2.502400e-16
6.500379e-06 1.327100e-16
6.531303e-06 1.235400e-16
6.562228e-06 1.910700e-16
6.593151e-06 1.754700e-16
6.624075e-06 1.488100e-16
6.655001e-06 1.875200e-16
6.685924e-06 2.181600e-16
6.716848e-06 2.279400e-16
6.747773e-06 3.069300e-16
6.778697e-06 2.365100e-16
6.809622e-06 2.191100e-16
6.840546e-06 2.380100e-16
6.871470e-06 1.468200e-16
6.902395e-06 1.014600e-16
6.933318e-06 1.109200e-16
6.964243e-06 1.112200e-16
6.995167e-06 2.072200e-16
7.026091e-06 3.208000e-16
7.057016e-06 1.636800e-16
7.087940e-06 1.991400e-16
7.118864e-06 1.084200e-16
7.149789e-06 1.825200e-16
7.180713e-06 1.507900e-16
7.211638e-06 1.102000e-16
7.242562e-06 8.178800e-17
7.273486e-06 2.058000e-16
7.304411e-06 2.720400e-16
7.335335e-06 2.628200e-16
7.366259e-06 2.019700e-16
7.397184e-06 2.041200e-16
7.428108e-06 3.773100e-16
7.459032e-06 3.757000e-16
7.489956e-06 3.201900e-16
7.518857e-06 4.430200e-16
7.520881e-06 3.080800e-16
7.551805e-06 5.673500e-16
7.580827e-06 4.323700e-16
7.582729e-06 5.540200e-16
7.642799e-06 4.199100e-16
7.704771e-06 4.136500e-16
7.766743e-06 3.958500e-16
7.828714e-06 3.459600e-16
7.890687e-06 2.769100e-16
7.952658e-06 2.894300e-16
8.014630e-06 2.629600e-16
8.076603e-06 1.764600e-16
8.138574e-06 2.375800e-16
8.200545e-06 1.909100e-16
8.262517e-06 2.151100e-16
8.324489e-06 2.158100e-16
8.386462e-06 2.020000e-16
8.448433e-06 1.632200e-16
8.510405e-06 2.289200e-16
8.572377e-06 2.429400e-16
8.634350e-06 2.170000e-16
8.696320e-06 2.261600e-16
8.758292e-06 1.628700e-16
8.820264e-06 1.414600e-16
8.882236e-06 1.058300e-16
8.944207e-06 1.204500e-16
9.006179e-06 7.493000e-17
9.068151e-06 1.079900e-16
9.130123e-06 1.074800e-16
9.192095e-06 1.135300e-16
9.254067e-06 5.343200e-17
9.316039e-06 6.298600e-17
9.378010e-06 7.122900e-17
9.439982e-06 9.918300e-17
9.501953e-06 9.288300e-17
9.563926e-06 6.305000e-17
9.625897e-06 8.059200e-17
9.687869e-06 1.022600e-16
9.749842e-06 7.323600e-17
9.811814e-06 3.535400e-17
9.873785e-06 6.492800e-17
9.935757e-06 4.431800e-17
9.997725e-06 6.482400e-17
1.005970e-05 7.634200e-17
1.012167e-05 4.464600e-17
1.018365e-05 5.098300e-17
1.024561e-05 5.010600e-17
1.030759e-05 5.174400e-17
1.036956e-05 7.570000e-17
1.043153e-05 5.787500e-17
1.049351e-05 8.925100e-17
1.055547e-05 6.711700e-17
1.061745e-05 8.326400e-17
1.067942e-05 7.201700e-17
1.074139e-05 9.527400e-17
1.080336e-05 9.391400e-17
1.086533e-05 5.290100e-17
1.092731e-05 8.856400e-17
1.098928e-05 1.173500e-16
1.105125e-05 1.356100e-16
1.111322e-05 1.639700e-16
1.117519e-05 2.939900e-16
1.123717e-05 3.573300e-16
1.129913e-05 2.924400e-16
1.136111e-05 2.327100e-16
1.142308e-05 1.693200e-16
1.148506e-05 1.433800e-16
1.154702e-05 1.026400e-16
1.160899e-05 1.093800e-16
1.167097e-05 9.436300e-17
1.173294e-05 1.051900e-16
1.179491e-05 9.285900e-17
1.185688e-05 1.043300e-16
1.191886e-05 1.062000e-16
1.198083e-05 1.082300e-16
1.204279e-05 8.583900e-17
1.210477e-05 6.513100e-17
1.216674e-05 9.607900e-17
1.222872e-05 6.775500e-17
1.229069e-05 9.396700e-17
1.235265e-05 9.867300e-17
1.241463e-05 8.652000e-17
1.247660e-05 8.502700e-17
1.253858e-05 1.154000e-16
1.260054e-05 1.340500e-16
1.266252e-05 1.257400e-16
1.272449e-05 1.515400e-16
1.278646e-05 1.635600e-16
1.284843e-05 1.488600e-16
1.291040e-05 1.057500e-16
1.297238e-05 7.365800e-17
1.303435e-05 5.000200e-17
1.309631e-05 6.191100e-17
1.315829e-05 9.196500e-17
1.322026e-05 7.253100e-17
1.328224e-05 4.706300e-17
1.334420e-05 5.138000e-17
1.340618e-05 5.353400e-17
1.346815e-05 6.277800e-17
1.353012e-05 7.026000e-17
1.359210e-05 4.582900e-17
1.365406e-05 5.244700e-17
1.371604e-05 6.313800e-17
1.377801e-05 5.500700e-17
1.383999e-05 6.093800e-17
1.390195e-05 6.657600e-17
1.396392e-05 3.909200e-17
1.402590e-05 2.386900e-17
1.408787e-05 1.548200e-17
1.414984e-05 3.458800e-17
1.421181e-05 5.341700e-17
1.427379e-05 5.313500e-17
1.433576e-05 5.231500e-17
1.439772e-05 5.848900e-17
1.445970e-05 4.333100e-17
1.451303e-05 3.522500e-17
1.460454e-05 2.990700e-17
1.469605e-05 2.823800e-17
1.478756e-05 2.136700e-17
1.487907e-05 3.127400e-17
1.497058e-05 2.708100e-17
1.506210e-05 1.830800e-17
1.515361e-05 2.578900e-17
1.524512e-05 1.699000e-17
1.533664e-05 1.978400e-17
1.542815e-05 4.177400e-17
1.551966e-05 7.538600e-17
1.561117e-05 7.469400e-17
1.570269e-05 4.317900e-17
1.579420e-05 1.816300e-17
1.588570e-05 2.756700e-17
1.597722e-05 2.258100e-17
1.606873e-05 2.077400e-17
1.616024e-05 3.979100e-17
1.625176e-05 3.495300e-17
1.634327e-05 4.161600e-17
1.643478e-05 5.911100e-17
1.652629e-05 5.526600e-17
1.661781e-05 5.347300e-17
1.670932e-05 3.783500e-17
1.680083e-05 4.811700e-17
1.689234e-05 4.417100e-17
1.698386e-05 4.594500e-17
1.707537e-05 5.341000e-17
1.716688e-05 4.847500e-17
1.725840e-05 5.331900e-17
1.734990e-05 5.419000e-17
1.744141e-05 4.255100e-17
1.753293e-05 3.319300e-17
1.762444e-05 3.513900e-17
1.771595e-05 2.758400e-17
1.780746e-05 3.188000e-17
1.789898e-05 3.163400e-17
1.799049e-05 3.466800e-17
1.808200e-05 2.661100e-17
1.817352e-05 1.865800e-17
1.826503e-05 3.063400e-17
1.835654e-05 1.297800e-17
1.844805e-05 1.740100e-17
1.853956e-05 3.636600e-17
1.863107e-05 5.480800e-17
1.872258e-05 7.972600e-17
1.881410e-05 4.756000e-17
1.890561e-05 3.750200e-17
1.899712e-05 2.247700e-17
1.908864e-05 2.645200e-17
1.918015e-05 2.355300e-17
1.927166e-05 2.262000e-17
1.936317e-05 2.239100e-17
1.945469e-05 2.393500e-17
1.954620e-05 1.444000e-17
1.963771e-05 2.746200e-17
1.972922e-05 2.478300e-17
1.982073e-05 7.679900e-18
1.991224e-05 1.756500e-17
2.000375e-05 3.349800e-17
2.009527e-05 2.965600e-17
2.018678e-05 3.570200e-17
2.027829e-05 2.344500e-17
2.047960e-05 3.319000e-17
2.065579e-05 3.289500e-17
2.083208e-05 3.934400e-17
2.100846e-05 3.269000e-17
2.118495e-05 4.234700e-17
2.136154e-05 4.285400e-17
2.153824e-05 4.510500e-17
2.171503e-05 3.609900e-17
2.189193e-05 4.669400e-17
2.206893e-05 4.166400e-17
2.224604e-05 3.584200e-17
2.242325e-05 3.614100e-17
2.260056e-05 4.410600e-17
2.277798e-05 4.218500e-17
2.295550e-05 4.049300e-17
2.313312e-05 3.900200e-17
2.331085e-05 3.685800e-17
2.348868e-05 4.208200e-17
2.366662e-05 4.849300e-17
2.384467e-05 4.169200e-17
2.402281e-05 4.564300e-17
2.420106e-05 4.753900e-17
2.437942e-05 4.526100e-17
2.455788e-05 3.848600e-17
2.473646e-05 4.098700e-17
2.491512e-05 3.987500e-17
2.509390e-05 4.686200e-17
2.527279e-05 4.690000e-17
2.545178e-05 4.634200e-17
2.563088e-05 4.757400e-17
2.581008e-05 4.993300e-17
2.598940e-05 5.509900e-17
2.616883e-05 4.292000e-17
2.634835e-05 4.595900e-17
2.652798e-05 4.463400e-17
2.670773e-05 4.629400e-17
2.688758e-05 4.726200e-17
2.706754e-05 4.669800e-17
2.724761e-05 4.630300e-17
2.742778e-05 4.413100e-17
2.760807e-05 4.590100e-17
2.778846e-05 4.882600e-17
2.796896e-05 5.199100e-17
2.814957e-05 4.857100e-17
2.833030e-05 4.480400e-17
2.851113e-05 4.592600e-17
2.869207e-05 4.982400e-17
2.887313e-05 4.818500e-17
2.905429e-05 5.283300e-17
2.923556e-05 5.074400e-17
2.941694e-05 4.964400e-17
2.959843e-05 4.959600e-17
2.978004e-05 5.068400e-17
2.996177e-05 5.366800e-17
3.014358e-05 5.147900e-17
3.032553e-05 5.239800e-17
3.050758e-05 5.304400e-17
3.068975e-05 5.520100e-17
3.087202e-05 5.515200e-17
3.105441e-05 5.861700e-17
3.123692e-05 5.555800e-17
3.141953e-05 5.508600e-17
3.160226e-05 5.261000e-17
3.178510e-05 5.718700e-17
3.196805e-05 5.618800e-17
3.215112e-05 5.794300e-17
3.233431e-05 5.893400e-17
3.251761e-05 5.758300e-17
3.270101e-05 5.929700e-17
3.288454e-05 5.926000e-17
3.306819e-05 6.439100e-17
3.325195e-05 7.561000e-17
3.343581e-05 1.062900e-16
3.361980e-05 9.661400e-17
3.380391e-05 7.409700e-17
3.398813e-05 6.215000e-17
3.417247e-05 5.905700e-17
3.435692e-05 6.127700e-17
3.454149e-05 7.249800e-17
3.472618e-05 1.037700e-16
3.491098e-05 1.186300e-16
