1.020600e-08 9.823800e-24
1.039600e-08 1.387600e-23
1.058900e-08 1.982800e-23
1.081100e-08 2.879200e-23
1.101200e-08 4.658900e-23
1.139800e-08 8.536500e-23
1.179900e-08 1.456400e-22
1.210200e-08 6.328200e-22
1.249800e-08 9.778600e-22
1.270100e-08 1.172900e-21
1.278900e-08 1.307000e-21
1.308700e-08 1.679900e-21
1.320800e-08 2.085800e-21
1.339200e-08 2.433800e-21
1.370400e-08 3.534100e-21
1.399100e-08 4.398200e-21
1.428400e-08 1.423200e-20
1.468400e-08 4.378000e-20
1.509600e-08 5.448500e-20
1.548300e-08 6.827800e-20
1.591700e-08 8.516800e-20
1.621200e-08 9.960400e-20
1.659000e-08 1.236700e-19
1.701600e-08 1.493800e-19
1.729200e-08 1.723000e-19
1.769500e-08 2.052500e-19
1.798200e-08 2.329600e-19
1.819100e-08 2.542600e-19
1.861400e-08 2.987300e-19
1.909200e-08 3.624800e-19
1.940200e-08 4.095200e-19
1.980800e-08 4.712800e-19
2.022300e-08 5.448500e-19
2.050400e-08 6.043400e-19
2.098200e-08 6.796400e-19
2.162000e-08 8.575900e-19
2.202200e-08 9.733700e-19
2.227700e-08 1.050200e-18
2.269100e-08 1.189300e-18
2.300600e-08 1.928800e-18
2.338000e-08 3.485600e-18
2.398000e-08 4.723700e-18
2.459500e-08 4.923600e-18
2.522600e-08 5.718500e-18
2.569500e-08 5.215300e-18
2.599200e-08 6.227000e-18
2.641500e-08 6.890900e-18
2.690600e-08 7.349900e-18
2.740600e-08 7.803300e-18
2.791600e-08 8.284700e-18
2.836900e-08 8.775600e-18
2.903000e-08 8.959400e-18
2.957000e-08 9.711300e-18
3.011900e-08 1.014600e-17
3.082100e-08 1.097200e-17
3.183100e-08 1.225400e-17
3.279800e-08 1.331300e-17
3.379500e-08 1.429800e-17
3.482200e-08 1.525000e-17
3.571500e-08 1.615400e-17
3.663100e-08 1.715100e-17
3.748400e-08 1.795900e-17
3.853400e-08 1.829300e-17
3.952300e-08 1.978200e-17
4.053700e-08 2.081000e-17
4.138500e-08 2.149200e-17
4.215500e-08 2.194200e-17
4.303800e-08 2.250500e-17
4.414200e-08 2.345700e-17
4.506600e-08 2.400400e-17
4.601000e-08 2.445000e-17
4.697300e-08 2.502000e-17
4.795700e-08 2.578000e-17
4.896100e-08 2.595800e-17
4.998600e-08 2.680900e-17
5.056500e-08 2.680900e-17
5.115000e-08 2.833200e-17
5.198100e-08 2.879200e-17
5.294800e-08 2.899200e-17
5.405600e-08 2.879200e-17
5.506100e-08 2.946300e-17
5.595600e-08 3.071000e-17
5.699600e-08 3.178900e-17
5.805600e-08 3.171600e-17
5.899900e-08 3.290600e-17
5.995800e-08 3.268000e-17
6.093200e-08 3.063900e-17
6.206500e-08 3.517900e-17
6.292900e-08 3.558600e-17
6.395100e-08 3.633100e-17
6.499000e-08 3.734900e-17
6.574300e-08 3.769500e-17
6.650400e-08 3.892900e-17
6.742900e-08 3.947100e-17
6.852500e-08 3.884000e-17
6.947800e-08 4.288200e-17
7.044500e-08 4.152200e-17
7.158900e-08 4.563300e-17
7.258500e-08 4.680400e-17
7.342600e-08 4.800400e-17
7.444700e-08 5.061500e-17
7.548300e-08 5.251400e-17
7.653300e-08 5.179400e-17
7.741900e-08 5.744900e-17
7.849600e-08 5.919400e-17
7.958800e-08 6.212700e-17
8.051000e-08 6.475600e-17
8.144200e-08 6.703100e-17
8.257500e-08 7.182600e-17
8.353100e-08 6.241400e-17
8.449800e-08 7.590700e-17
8.547700e-08 7.821300e-17
8.646600e-08 8.361400e-17
8.746800e-08 8.918200e-17
8.848100e-08 9.578100e-17
8.950500e-08 1.012200e-16
9.054200e-08 1.019200e-16
9.159000e-08 1.459800e-16
9.243700e-08 8.477700e-16
9.350800e-08 1.846200e-15
9.459100e-08 3.558600e-15
9.546600e-08 5.215300e-15
9.657100e-08 5.627000e-15
9.746500e-08 8.816100e-16
9.859300e-08 4.347900e-15
9.950600e-08 5.003600e-15
1.004260e-07 8.003500e-15
1.015890e-07 8.003500e-15
1.025290e-07 3.591500e-15
1.034780e-07 5.361400e-15
1.044350e-07 1.117600e-14
1.054020e-07 1.107300e-14
1.066220e-07 8.361400e-15
1.076090e-07 1.038200e-14
1.086040e-07 7.857400e-15
1.096090e-07 1.125300e-14
1.106240e-07 1.089600e-14
1.113900e-07 1.038200e-14
1.124210e-07 9.252900e-15
1.134610e-07 1.253900e-14
1.145110e-07 1.133100e-14
1.155710e-07 1.239600e-14
1.163720e-07 1.283200e-14
1.174490e-07 8.458200e-15
1.185350e-07 1.262600e-14
1.196320e-07 8.133500e-15
1.204610e-07 5.601200e-15
1.215760e-07 4.318000e-15
1.224190e-07 8.856800e-15
1.235510e-07 1.410200e-14
1.244080e-07 1.567800e-14
1.255590e-07 1.483500e-14
1.264290e-07 1.256800e-14
1.275990e-07 1.711100e-14
1.284840e-07 1.820900e-14
1.293740e-07 1.368600e-14
1.305710e-07 1.356100e-14
1.314760e-07 1.795900e-14
1.323880e-07 1.719000e-14
1.336130e-07 1.483500e-14
1.345390e-07 1.863300e-14
1.354710e-07 1.808300e-14
1.364100e-07 1.589600e-14
1.373560e-07 1.699300e-14
1.386270e-07 1.726900e-14
1.395880e-07 1.486900e-14
1.405550e-07 1.549800e-14
1.415300e-07 1.604300e-14
1.425110e-07 1.676000e-14
1.434990e-07 1.672200e-14
1.441610e-07 1.787600e-14
1.448260e-07 1.829300e-14
1.454950e-07 1.771200e-14
1.465030e-07 1.622900e-14
1.475190e-07 1.634100e-14
1.485410e-07 1.687600e-14
1.495710e-07 1.734900e-14
1.506080e-07 1.634100e-14
1.513030e-07 1.433100e-14
1.516520e-07 1.560600e-14
1.523520e-07 1.504100e-14
1.534080e-07 1.283200e-14
1.544710e-07 1.439700e-14
1.555420e-07 1.365500e-14
1.566200e-07 1.403700e-14
1.573430e-07 1.511100e-14
1.584340e-07 1.615400e-14
1.595320e-07 1.653000e-14
1.606380e-07 1.634100e-14
1.613790e-07 1.649200e-14
1.624980e-07 1.557000e-14
1.636240e-07 1.679900e-14
1.643790e-07 1.719000e-14
1.655190e-07 1.582300e-14
1.666660e-07 1.751000e-14
1.670510e-07 1.528500e-14
1.678220e-07 1.775300e-14
1.685960e-07 1.876200e-14
1.693740e-07 1.755000e-14
1.705480e-07 1.687600e-14
1.713360e-07 1.589600e-14
1.725230e-07 1.589600e-14
1.733200e-07 1.719000e-14
1.745210e-07 1.683800e-14
1.753270e-07 1.820900e-14
1.765420e-07 1.656800e-14
1.773570e-07 1.703300e-14
1.785860e-07 1.751000e-14
1.794100e-07 1.893600e-14
1.806540e-07 1.884900e-14
1.814880e-07 1.726900e-14
1.823260e-07 1.779400e-14
1.835890e-07 1.707200e-14
1.844370e-07 1.564200e-14
1.852880e-07 1.575000e-14
1.865730e-07 1.637900e-14
1.874340e-07 1.795900e-14
1.882990e-07 1.645400e-14
1.896040e-07 1.589600e-14
1.904790e-07 1.695400e-14
1.913590e-07 1.630300e-14
1.926850e-07 1.604300e-14
1.935740e-07 1.656800e-14
1.944680e-07 1.746900e-14
1.953650e-07 1.634100e-14
1.967200e-07 1.816700e-14
1.976280e-07 1.871900e-14
1.985400e-07 1.775300e-14
1.994560e-07 1.726900e-14
2.003770e-07 1.787600e-14
2.013020e-07 1.726900e-14
2.026970e-07 1.816700e-14
2.036330e-07 1.723000e-14
2.045730e-07 1.808300e-14
2.055170e-07 1.703300e-14
2.064660e-07 1.719000e-14
2.074190e-07 1.876200e-14
2.078970e-07 1.808300e-14
2.083760e-07 1.897900e-14
2.093380e-07 1.795900e-14
2.103040e-07 1.804200e-14
2.112750e-07 1.837700e-14
2.127390e-07 1.859000e-14
2.137210e-07 1.726900e-14
2.147080e-07 1.791800e-14
2.156990e-07 1.867600e-14
2.166940e-07 1.804200e-14
2.176950e-07 1.795900e-14
2.186990e-07 1.783500e-14
2.197090e-07 1.871900e-14
2.207230e-07 1.820900e-14
2.217420e-07 1.719000e-14
2.222530e-07 1.676000e-14
2.232790e-07 1.816700e-14
2.243100e-07 1.738900e-14
2.253450e-07 1.645400e-14
2.263850e-07 1.687600e-14
2.274300e-07 1.747000e-14
2.284800e-07 1.816900e-14
2.295340e-07 1.699700e-14
2.305940e-07 1.727500e-14
2.316580e-07 1.634700e-14
2.327270e-07 1.277900e-14
2.332640e-07 1.498000e-14
2.343410e-07 1.443900e-14
2.354220e-07 1.598000e-14
2.365090e-07 1.440800e-14
2.376010e-07 1.498500e-14
2.386970e-07 1.373000e-14
2.392480e-07 1.478100e-14
2.403520e-07 1.421500e-14
2.414610e-07 1.471600e-14
2.425760e-07 1.598900e-14
2.436960e-07 1.544700e-14
2.442570e-07 1.647700e-14
2.453850e-07 1.640300e-14
2.465170e-07 1.610500e-14
2.476550e-07 1.548800e-14
2.482260e-07 1.552400e-14
2.493720e-07 1.445600e-14
2.505230e-07 1.679100e-14
2.511010e-07 1.439200e-14
2.516790e-07 1.472700e-14
2.522600e-07 1.422800e-14
2.534240e-07 1.476300e-14
2.545940e-07 1.456200e-14
2.557690e-07 1.622800e-14
2.563580e-07 1.546300e-14
2.575420e-07 1.657000e-14
2.587300e-07 1.623200e-14
2.593270e-07 1.590000e-14
2.605240e-07 1.529100e-14
2.617270e-07 1.497900e-14
2.623300e-07 1.601400e-14
2.635410e-07 1.739900e-14
2.647570e-07 1.943400e-14
2.653680e-07 2.087300e-14
2.665920e-07 1.772700e-14
2.672070e-07 1.890800e-14
2.684400e-07 1.926200e-14
2.696790e-07 1.777200e-14
2.703010e-07 1.882600e-14
2.715490e-07 1.725100e-14
2.728020e-07 1.689800e-14
2.734310e-07 1.802500e-14
2.746930e-07 1.492500e-14
2.753260e-07 1.566500e-14
2.765970e-07 1.671000e-14
2.772350e-07 1.757900e-14
2.785140e-07 1.585000e-14
2.798000e-07 1.247600e-14
2.804450e-07 1.343100e-14
2.817400e-07 1.722500e-14
2.823890e-07 1.910600e-14
2.836920e-07 1.850200e-14
2.843460e-07 1.754800e-14
2.856590e-07 1.600600e-14
2.863170e-07 1.937800e-14
2.876390e-07 2.029300e-14
2.883020e-07 1.974100e-14
2.896330e-07 2.025000e-14
2.909700e-07 2.314500e-14
2.929870e-07 2.180400e-14
2.950170e-07 2.126200e-14
2.970620e-07 2.206300e-14
2.991220e-07 2.216900e-14
3.011950e-07 2.263700e-14
3.032830e-07 2.290200e-14
3.046830e-07 2.311700e-14
3.067950e-07 2.371400e-14
3.089210e-07 2.393700e-14
3.110630e-07 2.466900e-14
3.132190e-07 2.405600e-14
3.146640e-07 2.416900e-14
3.168460e-07 2.479400e-14
3.190420e-07 2.293100e-14
3.212530e-07 2.440600e-14
3.227360e-07 2.236400e-14
3.249730e-07 2.562200e-14
3.272260e-07 2.758600e-14
3.287360e-07 2.721100e-14
3.310150e-07 2.696600e-14
3.325430e-07 2.696900e-14
3.333100e-07 2.817700e-14
3.340780e-07 2.581800e-14
3.348480e-07 2.957700e-14
3.356200e-07 2.824700e-14
3.363940e-07 2.312100e-14
3.371690e-07 2.421200e-14
3.379460e-07 2.838300e-14
3.387250e-07 2.799500e-14
3.395060e-07 2.661400e-14
3.402890e-07 3.048800e-14
3.410730e-07 2.661700e-14
3.418600e-07 2.637500e-14
3.426480e-07 2.781100e-14
3.434380e-07 3.000800e-14
3.442290e-07 2.619800e-14
3.450230e-07 2.743400e-14
3.458180e-07 2.794600e-14
3.466150e-07 2.712400e-14
3.474140e-07 2.879900e-14
3.482150e-07 2.756800e-14
3.490180e-07 2.886900e-14
3.498220e-07 2.602900e-14
3.506290e-07 2.968100e-14
3.514370e-07 2.713400e-14
3.522470e-07 2.961700e-14
3.530590e-07 2.676500e-14
3.538730e-07 2.982600e-14
3.546890e-07 3.059300e-14
3.555070e-07 3.073600e-14
3.563260e-07 2.962600e-14
3.571480e-07 2.646700e-14
3.579710e-07 2.708500e-14
3.587960e-07 2.364600e-14
3.596230e-07 2.810500e-14
3.604520e-07 3.018700e-14
3.612830e-07 2.611200e-14
3.617780e-07 2.879600e-14
3.620500e-07 2.637600e-14
3.623210e-07 2.570800e-14
3.625920e-07 2.824900e-14
3.628630e-07 2.914000e-14
3.631340e-07 2.912100e-14
3.634050e-07 2.893700e-14
3.636760e-07 3.186600e-14
3.639480e-07 3.029400e-14
3.642190e-07 2.842900e-14
3.644900e-07 2.793700e-14
3.647610e-07 3.147600e-14
3.650320e-07 3.158800e-14
3.653030e-07 2.942400e-14
3.655740e-07 3.008700e-14
3.658450e-07 3.143600e-14
3.661170e-07 2.995800e-14
3.663880e-07 3.224700e-14
3.666590e-07 3.195700e-14
3.669300e-07 3.252800e-14
3.672010e-07 2.945900e-14
3.674720e-07 2.633500e-14
3.677430e-07 2.732000e-14
3.680150e-07 2.909300e-14
3.682860e-07 2.922800e-14
3.685570e-07 2.384400e-14
3.688280e-07 2.483700e-14
3.690990e-07 3.257400e-14
3.693700e-07 3.162600e-14
3.696410e-07 2.638100e-14
3.699120e-07 2.900700e-14
3.701840e-07 2.931900e-14
3.704550e-07 3.081500e-14
3.707260e-07 3.158500e-14
3.709970e-07 3.234000e-14
3.712680e-07 3.200300e-14
3.715390e-07 3.584700e-14
3.718100e-07 3.167700e-14
3.720820e-07 3.642200e-14
3.723530e-07 4.024100e-14
3.726240e-07 4.793600e-14
3.728950e-07 5.542500e-14
3.731660e-07 4.661100e-14
3.734370e-07 4.177000e-14
3.737080e-07 3.574100e-14
3.739790e-07 3.483200e-14
3.742510e-07 2.891400e-14
3.745220e-07 3.148100e-14
3.747930e-07 2.607600e-14
3.750640e-07 2.804300e-14
3.753350e-07 2.721200e-14
3.756060e-07 3.413400e-14
3.758770e-07 3.209600e-14
3.761480e-07 3.368700e-14
3.764200e-07 3.145700e-14
3.766910e-07 3.450300e-14
3.769620e-07 3.398600e-14
3.772330e-07 3.351000e-14
3.775040e-07 3.611400e-14
3.777750e-07 3.912000e-14
3.780460e-07 3.765200e-14
3.783180e-07 4.187300e-14
3.785890e-07 3.810900e-14
3.788600e-07 3.929900e-14
3.791310e-07 3.566600e-14
3.794020e-07 3.349300e-14
3.796730e-07 3.142800e-14
3.799440e-07 3.107600e-14
3.802150e-07 3.561700e-14
3.804870e-07 3.670400e-14
3.807580e-07 3.888100e-14
3.810290e-07 4.289700e-14
3.813000e-07 4.072800e-14
3.815710e-07 3.858500e-14
3.818420e-07 3.904600e-14
3.821130e-07 3.885300e-14
3.823850e-07 3.375900e-14
3.826560e-07 3.411100e-14
3.829270e-07 3.114900e-14
3.831980e-07 2.980500e-14
3.834690e-07 2.763200e-14
3.837400e-07 2.778400e-14
3.840110e-07 2.999800e-14
3.842820e-07 3.369500e-14
3.845540e-07 3.708000e-14
3.848250e-07 4.005800e-14
3.850960e-07 4.056200e-14
3.853670e-07 4.069900e-14
3.856380e-07 4.117900e-14
3.859090e-07 4.148600e-14
3.861800e-07 4.207100e-14
3.864510e-07 4.338800e-14
3.867230e-07 4.524400e-14
3.869940e-07 4.205000e-14
3.872650e-07 4.139900e-14
3.875360e-07 3.843400e-14
3.878070e-07 3.686500e-14
3.880780e-07 3.607000e-14
3.883490e-07 3.422200e-14
3.886210e-07 3.516800e-14
3.888920e-07 3.552000e-14
3.891630e-07 3.430900e-14
3.894340e-07 3.791900e-14
3.897050e-07 3.735700e-14
3.899760e-07 3.743100e-14
3.902470e-07 4.172600e-14
3.905180e-07 4.069000e-14
3.907900e-07 4.324300e-14
3.910610e-07 4.345300e-14
3.913320e-07 4.544300e-14
3.916030e-07 4.635100e-14
3.918740e-07 4.717100e-14
3.921450e-07 4.336000e-14
3.924160e-07 3.945500e-14
3.926880e-07 3.650400e-14
3.929590e-07 3.553400e-14
3.932300e-07 3.184500e-14
3.935010e-07 3.104900e-14
3.937720e-07 3.301500e-14
3.940430e-07 3.476600e-14
3.943140e-07 3.880100e-14
3.945850e-07 4.090800e-14
3.948570e-07 4.146500e-14
3.951280e-07 4.177400e-14
3.953990e-07 4.267300e-14
3.956700e-07 4.190900e-14
3.959410e-07 4.174700e-14
3.962120e-07 3.923400e-14
3.964830e-07 3.352700e-14
3.967540e-07 2.960500e-14
3.970260e-07 2.859600e-14
3.972970e-07 2.999900e-14
3.975680e-07 3.296000e-14
3.978390e-07 4.001800e-14
3.981100e-07 4.489400e-14
3.983810e-07 4.620500e-14
3.986520e-07 4.857300e-14
3.989240e-07 4.917700e-14
3.991950e-07 5.080000e-14
3.994660e-07 4.893600e-14
3.997370e-07 5.078200e-14
4.000080e-07 5.234200e-14
4.002790e-07 5.090200e-14
4.005500e-07 5.217800e-14
4.008210e-07 5.230200e-14
4.010930e-07 5.387500e-14
4.013640e-07 5.391800e-14
4.016350e-07 5.591900e-14
4.019060e-07 5.599900e-14
4.021770e-07 5.592700e-14
4.024480e-07 5.419400e-14
4.027190e-07 5.170900e-14
4.029910e-07 5.399100e-14
4.032620e-07 5.432400e-14
4.035330e-07 5.657600e-14
4.038040e-07 5.379300e-14
4.040750e-07 5.359200e-14
4.043460e-07 5.390900e-14
4.046170e-07 5.163900e-14
4.048880e-07 5.271900e-14
4.051600e-07 5.326400e-14
4.054310e-07 5.378700e-14
4.057020e-07 5.371800e-14
4.059730e-07 5.191200e-14
4.062440e-07 5.108900e-14
4.065150e-07 5.094400e-14
4.067860e-07 5.247400e-14
4.070580e-07 5.163000e-14
4.073290e-07 5.028800e-14
4.076000e-07 4.997800e-14
4.078710e-07 4.942100e-14
4.081420e-07 5.162600e-14
4.084130e-07 5.297900e-14
4.086840e-07 5.308600e-14
4.089550e-07 5.302800e-14
4.092270e-07 5.085100e-14
4.094980e-07 4.814300e-14
4.097690e-07 4.498200e-14
4.100400e-07 4.361300e-14
4.103110e-07 4.463600e-14
4.105820e-07 4.659500e-14
4.108530e-07 4.675600e-14
4.111240e-07 4.697100e-14
4.113960e-07 4.801500e-14
4.116670e-07 4.796100e-14
4.119380e-07 4.834900e-14
4.122090e-07 4.916300e-14
4.124800e-07 5.095800e-14
4.127510e-07 5.417200e-14
4.130220e-07 5.257900e-14
4.132940e-07 5.385800e-14
4.135650e-07 5.372900e-14
4.138360e-07 5.440000e-14
4.141070e-07 5.302500e-14
4.143780e-07 5.245600e-14
4.146490e-07 5.211200e-14
4.149200e-07 5.234300e-14
4.151910e-07 5.188200e-14
4.154630e-07 5.355900e-14
4.157340e-07 5.315900e-14
4.160050e-07 5.401100e-14
4.162760e-07 5.362000e-14
4.165470e-07 5.354400e-14
4.168180e-07 5.316400e-14
4.170890e-07 5.403100e-14
4.173610e-07 5.240300e-14
4.176320e-07 5.144700e-14
4.179030e-07 5.218400e-14
4.181740e-07 5.185200e-14
4.184450e-07 5.262700e-14
4.187160e-07 5.289300e-14
4.189870e-07 5.206300e-14
4.192580e-07 5.161300e-14
4.195300e-07 5.188100e-14
4.198010e-07 5.206600e-14
4.200720e-07 5.050000e-14
4.203430e-07 5.168200e-14
4.206140e-07 5.334100e-14
4.208850e-07 5.304300e-14
4.211560e-07 5.447300e-14
4.214270e-07 5.463700e-14
4.216990e-07 5.396800e-14
4.219700e-07 5.247400e-14
4.222410e-07 5.076900e-14
4.225120e-07 5.209500e-14
4.227830e-07 5.193800e-14
4.230540e-07 5.043000e-14
4.233250e-07 5.117600e-14
4.235970e-07 5.368800e-14
4.238680e-07 5.421900e-14
4.241390e-07 5.594600e-14
4.244100e-07 5.516200e-14
4.246810e-07 5.517100e-14
4.249520e-07 5.432400e-14
4.252230e-07 5.508100e-14
4.254940e-07 5.404400e-14
4.257660e-07 5.274800e-14
4.260370e-07 5.322700e-14
4.263080e-07 5.635900e-14
4.265790e-07 5.699200e-14
4.268500e-07 5.593900e-14
4.271210e-07 5.363300e-14
4.273920e-07 5.353900e-14
4.276640e-07 5.352500e-14
4.279350e-07 5.602700e-14
4.282060e-07 5.586700e-14
4.284770e-07 5.308600e-14
4.287480e-07 5.450200e-14
4.290190e-07 5.391300e-14
4.292900e-07 5.383100e-14
4.295610e-07 5.174600e-14
4.298330e-07 4.871100e-14
4.301040e-07 4.901400e-14
4.303750e-07 4.566400e-14
4.306460e-07 4.629500e-14
4.309170e-07 4.619500e-14
4.311880e-07 4.859100e-14
4.314590e-07 5.040800e-14
4.317300e-07 5.343100e-14
4.320020e-07 5.546400e-14
4.322730e-07 5.424300e-14
4.325440e-07 5.441900e-14
4.328150e-07 5.240100e-14
4.330860e-07 5.300000e-14
4.333570e-07 5.234600e-14
4.336280e-07 5.251000e-14
4.339000e-07 5.127800e-14
4.341710e-07 4.952100e-14
4.344420e-07 5.119500e-14
4.347130e-07 5.284600e-14
4.349840e-07 5.304500e-14
4.352550e-07 5.373800e-14
4.355260e-07 5.312200e-14
4.357970e-07 5.586600e-14
4.360690e-07 5.793200e-14
4.363400e-07 5.852900e-14
4.366110e-07 5.893000e-14
4.368820e-07 5.882300e-14
4.371530e-07 5.648100e-14
4.374240e-07 5.640500e-14
4.376950e-07 5.616500e-14
4.379670e-07 5.702600e-14
4.382380e-07 5.422300e-14
4.385090e-07 5.441100e-14
4.387800e-07 5.334000e-14
4.390510e-07 5.350000e-14
4.393220e-07 5.559300e-14
4.395930e-07 5.770600e-14
4.398640e-07 5.712100e-14
4.401360e-07 5.798300e-14
4.404070e-07 5.838000e-14
4.406780e-07 5.801700e-14
4.409490e-07 5.845500e-14
4.412200e-07 5.813900e-14
4.414910e-07 6.008100e-14
4.417620e-07 5.997900e-14
4.420330e-07 5.957600e-14
4.423050e-07 6.017700e-14
4.425760e-07 6.048400e-14
4.428470e-07 6.018000e-14
4.431180e-07 5.967800e-14
4.433890e-07 6.010900e-14
4.436600e-07 5.903800e-14
4.439310e-07 5.955700e-14
4.442030e-07 6.172700e-14
4.444740e-07 6.299000e-14
4.447450e-07 6.286600e-14
4.450160e-07 6.234300e-14
4.452870e-07 5.994000e-14
4.455580e-07 6.231200e-14
4.458290e-07 6.038500e-14
4.461000e-07 6.001400e-14
4.463720e-07 5.886600e-14
4.466430e-07 5.989500e-14
4.469140e-07 6.106500e-14
4.471850e-07 6.166200e-14
4.474560e-07 6.312900e-14
4.477270e-07 6.285600e-14
4.479980e-07 6.383800e-14
4.482700e-07 6.454700e-14
4.485410e-07 6.289300e-14
4.488120e-07 6.196900e-14
4.490830e-07 6.272800e-14
4.493540e-07 6.294900e-14
4.496250e-07 6.403700e-14
4.498960e-07 6.373000e-14
4.501670e-07 6.533900e-14
4.504390e-07 6.704500e-14
4.507100e-07 6.624900e-14
4.509810e-07 6.660500e-14
4.512520e-07 6.674500e-14
4.515230e-07 6.769800e-14
4.517940e-07 6.642400e-14
4.520650e-07 6.648600e-14
4.523370e-07 6.610000e-14
4.526080e-07 6.449500e-14
4.528790e-07 6.195900e-14
4.531500e-07 6.119600e-14
4.534210e-07 6.178600e-14
4.536920e-07 6.164600e-14
4.539630e-07 6.237200e-14
4.542340e-07 6.464000e-14
4.545060e-07 6.493600e-14
4.547770e-07 6.353900e-14
4.550480e-07 6.338000e-14
4.553190e-07 6.397200e-14
4.555900e-07 6.412600e-14
4.558610e-07 6.354600e-14
4.561320e-07 6.603000e-14
4.564030e-07 6.570700e-14
4.566750e-07 6.747400e-14
4.569460e-07 6.787100e-14
4.572170e-07 6.727800e-14
4.574880e-07 6.691200e-14
4.577590e-07 6.663200e-14
4.580300e-07 6.575100e-14
4.583010e-07 6.644800e-14
4.585730e-07 6.599800e-14
4.588440e-07 6.559200e-14
4.591150e-07 6.597700e-14
4.593860e-07 6.648100e-14
4.596570e-07 6.665800e-14
4.599280e-07 6.489600e-14
4.601990e-07 6.363600e-14
4.604700e-07 6.587300e-14
4.607420e-07 6.653700e-14
4.610130e-07 6.814000e-14
4.612840e-07 6.827300e-14
4.615550e-07 6.751200e-14
4.618260e-07 6.847400e-14
4.620970e-07 6.852900e-14
4.623680e-07 6.783000e-14
4.626400e-07 6.907700e-14
4.629110e-07 6.818000e-14
4.631820e-07 6.739300e-14
4.634530e-07 6.669600e-14
4.637240e-07 6.755000e-14
4.639950e-07 6.687900e-14
4.642660e-07 6.553300e-14
4.645370e-07 6.500200e-14
4.648090e-07 6.368000e-14
4.650800e-07 6.390400e-14
4.653510e-07 6.522200e-14
4.656220e-07 6.591300e-14
4.658930e-07 6.603300e-14
4.661640e-07 6.633000e-14
4.664350e-07 6.546900e-14
4.667060e-07 6.444600e-14
4.669780e-07 6.446100e-14
4.672490e-07 6.423300e-14
4.675200e-07 6.458000e-14
4.677910e-07 6.356300e-14
4.680620e-07 6.486700e-14
4.683330e-07 6.585900e-14
4.686040e-07 6.543100e-14
4.688760e-07 6.492100e-14
4.691470e-07 6.423000e-14
4.694180e-07 6.401700e-14
4.696890e-07 6.385800e-14
4.699600e-07 6.395600e-14
4.702310e-07 6.496100e-14
4.705020e-07 6.406900e-14
4.707730e-07 6.333000e-14
4.710450e-07 6.407300e-14
4.713160e-07 6.353900e-14
4.715870e-07 6.492800e-14
4.718580e-07 6.681100e-14
4.721290e-07 6.758200e-14
4.724000e-07 6.710500e-14
4.726710e-07 6.709100e-14
4.729430e-07 6.645700e-14
4.732140e-07 6.473300e-14
4.734850e-07 6.514100e-14
4.737560e-07 6.698500e-14
4.740270e-07 6.773100e-14
4.742980e-07 6.641800e-14
4.745690e-07 6.740800e-14
4.748400e-07 6.606800e-14
4.751120e-07 6.837300e-14
4.753830e-07 6.765900e-14
4.756540e-07 6.715100e-14
4.759250e-07 6.678100e-14
4.761960e-07 6.576400e-14
4.764670e-07 6.503300e-14
4.767380e-07 6.487800e-14
4.770090e-07 6.544300e-14
4.772810e-07 6.543400e-14
4.775520e-07 6.665300e-14
4.778230e-07 6.674700e-14
4.780940e-07 6.735600e-14
4.783650e-07 6.883400e-14
4.786360e-07 6.746000e-14
4.789070e-07 6.804300e-14
4.791790e-07 6.902200e-14
4.794500e-07 6.838000e-14
4.797210e-07 6.882600e-14
4.799920e-07 6.798900e-14
4.802630e-07 6.757800e-14
4.805340e-07 6.737400e-14
4.808050e-07 6.668400e-14
4.810760e-07 6.803600e-14
4.813480e-07 6.692500e-14
4.816190e-07 6.760300e-14
4.818900e-07 6.902700e-14
4.821610e-07 6.853100e-14
4.824320e-07 6.648200e-14
4.827030e-07 6.823000e-14
4.829740e-07 6.713000e-14
4.832460e-07 6.610800e-14
4.835170e-07 6.563600e-14
4.837880e-07 6.533500e-14
4.840590e-07 6.575800e-14
4.843300e-07 6.521700e-14
4.846010e-07 6.274300e-14
4.848720e-07 6.305000e-14
4.851430e-07 6.472200e-14
4.854150e-07 6.240100e-14
4.856860e-07 6.264100e-14
4.859570e-07 6.505000e-14
4.862280e-07 6.717800e-14
4.864990e-07 6.673100e-14
4.867700e-07 6.556700e-14
4.870410e-07 6.296700e-14
4.873130e-07 5.980700e-14
4.875840e-07 5.993100e-14
4.878550e-07 6.165600e-14
4.881260e-07 6.239400e-14
4.883970e-07 6.234400e-14
4.886680e-07 6.310900e-14
4.889390e-07 6.235000e-14
4.892100e-07 6.421700e-14
4.894820e-07 6.584400e-14
4.897530e-07 6.659900e-14
4.900240e-07 6.784800e-14
4.902950e-07 6.837300e-14
4.905660e-07 6.782400e-14
4.908370e-07 6.810000e-14
4.911080e-07 6.611000e-14
4.913790e-07 6.668200e-14
4.916510e-07 6.463200e-14
4.919220e-07 6.539000e-14
4.921930e-07 6.207300e-14
4.924640e-07 6.441100e-14
4.927350e-07 6.533100e-14
4.930060e-07 6.658700e-14
4.932770e-07 6.670600e-14
4.935490e-07 6.731400e-14
4.938200e-07 6.571100e-14
4.940910e-07 6.727800e-14
4.943620e-07 6.792800e-14
4.946330e-07 6.976700e-14
4.949040e-07 6.858800e-14
4.951750e-07 6.838200e-14
4.954460e-07 7.032800e-14
4.957180e-07 6.920100e-14
4.959890e-07 6.796200e-14
4.962600e-07 6.669800e-14
4.965310e-07 6.598600e-14
4.968020e-07 6.657000e-14
4.970730e-07 6.733900e-14
4.973440e-07 6.722900e-14
4.976160e-07 6.510100e-14
4.978870e-07 6.504100e-14
4.981580e-07 6.481800e-14
4.984290e-07 6.387800e-14
4.987000e-07 6.361400e-14
4.989710e-07 6.322500e-14
4.992420e-07 6.490600e-14
4.995130e-07 6.291600e-14
4.997850e-07 6.575000e-14
5.000560e-07 6.591800e-14
5.003270e-07 6.543600e-14
5.005980e-07 6.708700e-14
5.008690e-07 6.684000e-14
5.011400e-07 6.605800e-14
5.014110e-07 6.554800e-14
5.016820e-07 6.539600e-14
5.019540e-07 6.135000e-14
5.022250e-07 6.226800e-14
5.024960e-07 6.103300e-14
5.027670e-07 6.371800e-14
5.030380e-07 6.344600e-14
5.033090e-07 6.433400e-14
5.035800e-07 6.360100e-14
5.038520e-07 6.323900e-14
5.041230e-07 6.245300e-14
5.043940e-07 6.301700e-14
5.046650e-07 6.419600e-14
5.049360e-07 6.532800e-14
5.052070e-07 6.564200e-14
5.054780e-07 6.589100e-14
5.057490e-07 6.779100e-14
5.060210e-07 6.759200e-14
5.062920e-07 6.665500e-14
5.065630e-07 6.587900e-14
5.068340e-07 6.475000e-14
5.071050e-07 6.644600e-14
5.073760e-07 6.566300e-14
5.076470e-07 6.299400e-14
5.079190e-07 6.247800e-14
5.081900e-07 6.487100e-14
5.084610e-07 6.330100e-14
5.087320e-07 6.350900e-14
5.090030e-07 6.254000e-14
5.092740e-07 6.517200e-14
5.095450e-07 6.644800e-14
5.098160e-07 6.635500e-14
5.100880e-07 6.486000e-14
5.103590e-07 6.372400e-14
5.106300e-07 6.532000e-14
5.109010e-07 6.555100e-14
5.111720e-07 6.526100e-14
5.114430e-07 6.502800e-14
5.117140e-07 6.709900e-14
5.119850e-07 6.436200e-14
5.122570e-07 6.398600e-14
5.125280e-07 6.313500e-14
5.127990e-07 6.288900e-14
5.130700e-07 6.271000e-14
5.133410e-07 6.292200e-14
5.136120e-07 6.383000e-14
5.138830e-07 6.359300e-14
5.141550e-07 6.288500e-14
5.144260e-07 6.335100e-14
5.146970e-07 6.219800e-14
5.149680e-07 6.133700e-14
5.152390e-07 6.106800e-14
5.155100e-07 6.359600e-14
5.157810e-07 6.514500e-14
5.160520e-07 6.427200e-14
5.163240e-07 6.296100e-14
5.165950e-07 5.960000e-14
5.168660e-07 5.746900e-14
5.171370e-07 5.742700e-14
5.174080e-07 5.441400e-14
5.176790e-07 5.644900e-14
5.179500e-07 5.755900e-14
5.182220e-07 5.821200e-14
5.184930e-07 5.912300e-14
5.187640e-07 5.999000e-14
5.190350e-07 6.056300e-14
5.193060e-07 6.242300e-14
5.195770e-07 6.401300e-14
5.198480e-07 6.413600e-14
5.201190e-07 6.547500e-14
5.203910e-07 6.525300e-14
5.206620e-07 6.384100e-14
5.209330e-07 6.471600e-14
5.212040e-07 6.283600e-14
5.214750e-07 6.281400e-14
5.217460e-07 6.429400e-14
5.220170e-07 6.458600e-14
5.222890e-07 6.600900e-14
5.225600e-07 6.426700e-14
5.228310e-07 6.400800e-14
5.231020e-07 6.452900e-14
5.233730e-07 6.505400e-14
5.236440e-07 6.547800e-14
5.239150e-07 6.877100e-14
5.241860e-07 6.948600e-14
5.244580e-07 6.903500e-14
5.247290e-07 6.871800e-14
5.250000e-07 6.790900e-14
5.252710e-07 6.704200e-14
5.255420e-07 6.759800e-14
5.258130e-07 6.704200e-14
5.260840e-07 6.478000e-14
5.263550e-07 6.508000e-14
5.266270e-07 6.349400e-14
5.268980e-07 6.180300e-14
5.271690e-07 6.170500e-14
5.274400e-07 6.411400e-14
5.277110e-07 6.590200e-14
5.279820e-07 6.683100e-14
5.282530e-07 7.044600e-14
5.285250e-07 7.101100e-14
5.287960e-07 7.064100e-14
5.290670e-07 7.087400e-14
5.293380e-07 6.994000e-14
5.296090e-07 7.054800e-14
5.298800e-07 7.132200e-14
5.301510e-07 7.198200e-14
5.304220e-07 7.178800e-14
5.306940e-07 7.251800e-14
5.309650e-07 7.295500e-14
5.312360e-07 7.320000e-14
5.315070e-07 7.254500e-14
5.317780e-07 7.309200e-14
5.320490e-07 7.034300e-14
5.323200e-07 6.920800e-14
5.325920e-07 6.610400e-14
5.328630e-07 6.747000e-14
5.331340e-07 6.759600e-14
5.334050e-07 6.896600e-14
5.336760e-07 6.834600e-14
5.339470e-07 6.892800e-14
5.342180e-07 6.967300e-14
5.344890e-07 6.978800e-14
5.347610e-07 7.137300e-14
5.350320e-07 6.916300e-14
5.353030e-07 7.172500e-14
5.355740e-07 7.378600e-14
5.358450e-07 7.358700e-14
5.361160e-07 7.404600e-14
5.363870e-07 7.164700e-14
5.366580e-07 6.990200e-14
5.369300e-07 6.894500e-14
5.372010e-07 6.911800e-14
5.374720e-07 6.880500e-14
5.377430e-07 7.000200e-14
5.380140e-07 7.112300e-14
5.382850e-07 7.147200e-14
5.385560e-07 7.118800e-14
5.388280e-07 6.935000e-14
5.390990e-07 6.942200e-14
5.393700e-07 6.984200e-14
5.396410e-07 6.894800e-14
5.399120e-07 6.860800e-14
5.401830e-07 6.771700e-14
5.404540e-07 6.809400e-14
5.407250e-07 6.755200e-14
5.409970e-07 6.784600e-14
5.412680e-07 6.791600e-14
5.415390e-07 6.955200e-14
5.418100e-07 7.174700e-14
5.420810e-07 7.103400e-14
5.423520e-07 7.140200e-14
5.426230e-07 7.058800e-14
5.428950e-07 6.818900e-14
5.431660e-07 6.936700e-14
5.434370e-07 6.930600e-14
5.437080e-07 6.983200e-14
5.439790e-07 7.165600e-14
5.442500e-07 7.190600e-14
5.445210e-07 7.340200e-14
5.447920e-07 7.155400e-14
5.450640e-07 7.038900e-14
5.453350e-07 7.027000e-14
5.456060e-07 6.959200e-14
5.458770e-07 7.013000e-14
5.461480e-07 7.030400e-14
5.464190e-07 7.092900e-14
5.466900e-07 7.159900e-14
5.469610e-07 7.019000e-14
5.472330e-07 6.923900e-14
5.475040e-07 6.830100e-14
5.477750e-07 6.672300e-14
5.480460e-07 6.683400e-14
5.483170e-07 6.880100e-14
5.485880e-07 6.836300e-14
5.488590e-07 6.950800e-14
5.491310e-07 7.064400e-14
5.494020e-07 6.874200e-14
5.496730e-07 7.007600e-14
5.499440e-07 6.995900e-14
5.502150e-07 6.920500e-14
5.504860e-07 6.816400e-14
5.507570e-07 6.837800e-14
5.510280e-07 6.738700e-14
5.513000e-07 6.825600e-14
5.515710e-07 6.840800e-14
5.518420e-07 6.926300e-14
5.521130e-07 7.028400e-14
5.523840e-07 7.061100e-14
5.526550e-07 6.981400e-14
5.529260e-07 7.131100e-14
5.531980e-07 7.132600e-14
5.534690e-07 7.031000e-14
5.537400e-07 7.034900e-14
5.540110e-07 7.160200e-14
5.542820e-07 7.161900e-14
5.545530e-07 7.166300e-14
5.548240e-07 7.182500e-14
5.550950e-07 7.375100e-14
5.553670e-07 7.403900e-14
5.556380e-07 7.345900e-14
5.559090e-07 7.220300e-14
5.561800e-07 7.238600e-14
5.564510e-07 7.281300e-14
5.567220e-07 7.140000e-14
5.569930e-07 7.043300e-14
5.572640e-07 7.233500e-14
5.575360e-07 7.128300e-14
5.578070e-07 7.089200e-14
5.580780e-07 7.043700e-14
5.583490e-07 7.015700e-14
5.586200e-07 6.899600e-14
5.588910e-07 6.869400e-14
5.591620e-07 6.758900e-14
5.594340e-07 6.817700e-14
5.597050e-07 7.003800e-14
5.599760e-07 6.917600e-14
5.602470e-07 6.981900e-14
5.605180e-07 7.043600e-14
5.607890e-07 7.210900e-14
5.610600e-07 7.139800e-14
5.613310e-07 7.122000e-14
5.616030e-07 7.179900e-14
5.618740e-07 6.901800e-14
5.621450e-07 6.966200e-14
5.624160e-07 7.034200e-14
5.626870e-07 6.980200e-14
5.629580e-07 7.119200e-14
5.632290e-07 7.033100e-14
5.635010e-07 7.225700e-14
5.637720e-07 7.238100e-14
5.640430e-07 7.193400e-14
5.643140e-07 7.064500e-14
5.645850e-07 7.130200e-14
5.648560e-07 7.182700e-14
5.651270e-07 7.005700e-14
5.653980e-07 7.068200e-14
5.656700e-07 7.213800e-14
5.659410e-07 6.949100e-14
5.662120e-07 6.958100e-14
5.664830e-07 7.087900e-14
5.667540e-07 7.037600e-14
5.670250e-07 7.247600e-14
5.672960e-07 7.538400e-14
5.675680e-07 7.393300e-14
5.678390e-07 7.321300e-14
5.681100e-07 7.127300e-14
5.683810e-07 7.098600e-14
5.686520e-07 7.024700e-14
5.689230e-07 6.961400e-14
5.691940e-07 7.251800e-14
5.694650e-07 7.238700e-14
5.697370e-07 7.194700e-14
5.700080e-07 7.029900e-14
5.702790e-07 7.045300e-14
5.705500e-07 7.038800e-14
5.708210e-07 6.931900e-14
5.710920e-07 6.978400e-14
5.713630e-07 6.926100e-14
5.716340e-07 7.051200e-14
5.719060e-07 7.453000e-14
5.721770e-07 7.425900e-14
5.724480e-07 7.245800e-14
5.727190e-07 7.336000e-14
5.729900e-07 7.407300e-14
5.732610e-07 7.386700e-14
5.735320e-07 7.428500e-14
5.738040e-07 7.437700e-14
5.740750e-07 7.326400e-14
5.743460e-07 7.222800e-14
5.746170e-07 7.345500e-14
5.748880e-07 7.339400e-14
5.751590e-07 7.301000e-14
5.754300e-07 7.425300e-14
5.757010e-07 7.347800e-14
5.759730e-07 7.337200e-14
5.762440e-07 7.122300e-14
5.765150e-07 7.179400e-14
5.767860e-07 7.334100e-14
5.770570e-07 7.330300e-14
5.773280e-07 7.191200e-14
5.775990e-07 7.182000e-14
5.778710e-07 7.241900e-14
5.781420e-07 7.148500e-14
5.784130e-07 7.019000e-14
5.786840e-07 7.015100e-14
5.789550e-07 6.910400e-14
5.792260e-07 7.096200e-14
5.794970e-07 7.092700e-14
5.797680e-07 7.368700e-14
5.800400e-07 7.309000e-14
5.803110e-07 7.360300e-14
5.805820e-07 7.441200e-14
5.808530e-07 7.443900e-14
5.811240e-07 7.308700e-14
5.813950e-07 7.509600e-14
5.816660e-07 7.240600e-14
5.819370e-07 7.423900e-14
5.822090e-07 7.299200e-14
5.824800e-07 7.523100e-14
5.827510e-07 7.500700e-14
5.830220e-07 7.474400e-14
5.832930e-07 7.650200e-14
5.835640e-07 7.400700e-14
5.838350e-07 7.217100e-14
5.841070e-07 7.382700e-14
5.843780e-07 7.128300e-14
5.846490e-07 7.472100e-14
5.849200e-07 7.387900e-14
5.851910e-07 7.315800e-14
5.854620e-07 7.090700e-14
5.857330e-07 7.042900e-14
5.860040e-07 7.268700e-14
5.862760e-07 7.183200e-14
5.865470e-07 6.969100e-14
5.868180e-07 7.198500e-14
5.870890e-07 7.310500e-14
5.873600e-07 7.228200e-14
5.876310e-07 7.117800e-14
5.879020e-07 7.195700e-14
5.881740e-07 6.986100e-14
5.884450e-07 6.875300e-14
5.887160e-07 6.587900e-14
5.889870e-07 6.033500e-14
5.892580e-07 5.771600e-14
5.895290e-07 5.959900e-14
5.898000e-07 5.967200e-14
5.900710e-07 6.207200e-14
5.903430e-07 6.551000e-14
5.906140e-07 6.611700e-14
5.908850e-07 6.905500e-14
5.911560e-07 7.023300e-14
5.914270e-07 7.084000e-14
5.916980e-07 6.973400e-14
5.919690e-07 7.119500e-14
5.922400e-07 7.009600e-14
5.925120e-07 6.989800e-14
5.927830e-07 7.148500e-14
5.930540e-07 7.117900e-14
5.933250e-07 7.015800e-14
5.935960e-07 7.073000e-14
5.938670e-07 7.117300e-14
5.941380e-07 7.338500e-14
5.944100e-07 7.204300e-14
5.946810e-07 7.206500e-14
5.949520e-07 7.182400e-14
5.952230e-07 7.085900e-14
5.954940e-07 7.116400e-14
5.957650e-07 7.198900e-14
5.960360e-07 7.221500e-14
5.963070e-07 7.367800e-14
5.965790e-07 7.225900e-14
5.968500e-07 7.190200e-14
5.971210e-07 7.217400e-14
5.973920e-07 7.192700e-14
5.976630e-07 7.092600e-14
5.979340e-07 7.113100e-14
5.982050e-07 7.282900e-14
5.984770e-07 7.230600e-14
5.987480e-07 7.123100e-14
5.990190e-07 7.111800e-14
5.992900e-07 7.251000e-14
5.995610e-07 7.159100e-14
5.998320e-07 7.144700e-14
6.001030e-07 7.187000e-14
6.003740e-07 7.160900e-14
6.006460e-07 7.171400e-14
6.009170e-07 7.060500e-14
6.011880e-07 7.110500e-14
6.014590e-07 7.100800e-14
6.017300e-07 7.096200e-14
6.020010e-07 7.103200e-14
6.022720e-07 7.052200e-14
6.025440e-07 7.164500e-14
6.028150e-07 7.214500e-14
6.030860e-07 7.210000e-14
6.033570e-07 7.366500e-14
6.036280e-07 7.586600e-14
6.038990e-07 7.363100e-14
6.041700e-07 7.224400e-14
6.044410e-07 7.303800e-14
6.047130e-07 7.257000e-14
6.049840e-07 7.335600e-14
6.052550e-07 7.309500e-14
6.055260e-07 7.365800e-14
6.057970e-07 7.352300e-14
6.060680e-07 7.203600e-14
6.063390e-07 7.139400e-14
6.066100e-07 7.261800e-14
6.068820e-07 7.324500e-14
6.071530e-07 7.213700e-14
6.074240e-07 7.281900e-14
6.076950e-07 7.186900e-14
6.079660e-07 7.293500e-14
6.082370e-07 7.215100e-14
6.085080e-07 7.226800e-14
6.087800e-07 7.143400e-14
6.090510e-07 7.087000e-14
6.093220e-07 7.181500e-14
6.095930e-07 7.094200e-14
6.098640e-07 7.210400e-14
6.101350e-07 7.069200e-14
6.104060e-07 6.947900e-14
6.106770e-07 7.225800e-14
6.109490e-07 7.164400e-14
6.112200e-07 7.235100e-14
6.114910e-07 7.332500e-14
6.117620e-07 7.210200e-14
6.120330e-07 7.031100e-14
6.123040e-07 7.162100e-14
6.125750e-07 7.188700e-14
6.128470e-07 7.149400e-14
6.131180e-07 6.924000e-14
6.133890e-07 7.039700e-14
6.136600e-07 7.155100e-14
6.139310e-07 6.991600e-14
6.142020e-07 6.757100e-14
6.144730e-07 6.903100e-14
6.147440e-07 7.046500e-14
6.150160e-07 7.271000e-14
6.152870e-07 6.905100e-14
6.155580e-07 6.806200e-14
6.158290e-07 6.930200e-14
6.161000e-07 6.761900e-14
6.163710e-07 6.680700e-14
6.166420e-07 6.503100e-14
6.169130e-07 6.841400e-14
6.171850e-07 6.517800e-14
6.174560e-07 6.592600e-14
6.177270e-07 6.566500e-14
6.179980e-07 6.815300e-14
6.182690e-07 6.797600e-14
6.185400e-07 6.892200e-14
6.188110e-07 7.076400e-14
6.190830e-07 6.840500e-14
6.193540e-07 6.949500e-14
6.196250e-07 7.134300e-14
6.198960e-07 6.935300e-14
6.201670e-07 6.950900e-14
6.204380e-07 7.114400e-14
6.207090e-07 7.152100e-14
6.209800e-07 7.140900e-14
6.212520e-07 6.927200e-14
6.215230e-07 6.873400e-14
6.217940e-07 6.861400e-14
6.220650e-07 6.858000e-14
6.223360e-07 6.871300e-14
6.226070e-07 6.786200e-14
6.228780e-07 6.809200e-14
6.231500e-07 6.707900e-14
6.234210e-07 6.802700e-14
6.236920e-07 6.513900e-14
6.239630e-07 6.670800e-14
6.242340e-07 6.570700e-14
6.245050e-07 6.550300e-14
6.247760e-07 6.666600e-14
6.250470e-07 6.652800e-14
6.253190e-07 6.537900e-14
6.255900e-07 6.634700e-14
6.258610e-07 6.558400e-14
6.261320e-07 6.677900e-14
6.264030e-07 6.804500e-14
6.266740e-07 6.811400e-14
6.269450e-07 6.874200e-14
6.272160e-07 6.864500e-14
6.274880e-07 6.945400e-14
6.277590e-07 6.899400e-14
6.280300e-07 6.842300e-14
6.283010e-07 6.839300e-14
6.285720e-07 6.949500e-14
6.288430e-07 6.931200e-14
6.291140e-07 6.909600e-14
6.293860e-07 7.092500e-14
6.296570e-07 7.182800e-14
6.299280e-07 7.234300e-14
6.301990e-07 7.150100e-14
6.304700e-07 7.114800e-14
6.307410e-07 7.084300e-14
6.310120e-07 6.847100e-14
6.312830e-07 6.901600e-14
6.315550e-07 6.808900e-14
6.318260e-07 6.896300e-14
6.320970e-07 6.917900e-14
6.323680e-07 6.963800e-14
6.326390e-07 6.884100e-14
6.329100e-07 6.999500e-14
6.331810e-07 7.132500e-14
6.334530e-07 6.944200e-14
6.337240e-07 6.985000e-14
6.339950e-07 6.859600e-14
6.342660e-07 6.840800e-14
6.345370e-07 6.921600e-14
6.348080e-07 6.966500e-14
6.350790e-07 7.087400e-14
6.353500e-07 7.084700e-14
6.356220e-07 7.013000e-14
6.358930e-07 6.779100e-14
6.361640e-07 6.891000e-14
6.364350e-07 6.998800e-14
6.367060e-07 6.856700e-14
6.369770e-07 7.226600e-14
6.372480e-07 7.272100e-14
6.375190e-07 6.853100e-14
6.377910e-07 6.995100e-14
6.380620e-07 6.955100e-14
6.383330e-07 7.023400e-14
6.386040e-07 7.058600e-14
6.388750e-07 7.143700e-14
6.391460e-07 6.965400e-14
6.394170e-07 7.156800e-14
6.396890e-07 6.926700e-14
6.399600e-07 7.080100e-14
6.402310e-07 6.854200e-14
6.405020e-07 7.076800e-14
6.407730e-07 7.261400e-14
6.410440e-07 7.057600e-14
6.413150e-07 6.580400e-14
6.415860e-07 6.859100e-14
6.418580e-07 7.079800e-14
6.421290e-07 7.079100e-14
6.424000e-07 7.073500e-14
6.426710e-07 7.097500e-14
6.429420e-07 7.107300e-14
6.432130e-07 6.830400e-14
6.434840e-07 6.982500e-14
6.437560e-07 7.169500e-14
6.440270e-07 7.088400e-14
6.442980e-07 7.041800e-14
6.445690e-07 6.868000e-14
6.448400e-07 6.933700e-14
6.451110e-07 7.036900e-14
6.453820e-07 6.996700e-14
6.456530e-07 6.834100e-14
6.459250e-07 7.037600e-14
6.461960e-07 7.033100e-14
6.464670e-07 6.784300e-14
6.467380e-07 6.872000e-14
6.470090e-07 6.895300e-14
6.472800e-07 7.130400e-14
6.475510e-07 7.013500e-14
6.478230e-07 7.073000e-14
6.480940e-07 7.137400e-14
6.483650e-07 7.112200e-14
6.486360e-07 6.992500e-14
6.489070e-07 6.924300e-14
6.491780e-07 6.890600e-14
6.494490e-07 6.869400e-14
6.497200e-07 6.804500e-14
6.499920e-07 6.763300e-14
6.502630e-07 6.703500e-14
6.505340e-07 6.862400e-14
6.508050e-07 7.024000e-14
6.510760e-07 7.122000e-14
6.513470e-07 7.181400e-14
6.516180e-07 6.926500e-14
6.518890e-07 6.952000e-14
6.521610e-07 7.097400e-14
6.524320e-07 7.187100e-14
6.527030e-07 7.117600e-14
6.529740e-07 7.094700e-14
6.532450e-07 7.193500e-14
6.535160e-07 7.308800e-14
6.537870e-07 7.204200e-14
6.540590e-07 7.419700e-14
6.543300e-07 7.682300e-14
6.546010e-07 7.811900e-14
6.548720e-07 8.057600e-14
6.551430e-07 8.402300e-14
6.554140e-07 8.961900e-14
6.556850e-07 9.660900e-14
6.559560e-07 1.088800e-13
6.562280e-07 1.196800e-13
6.564990e-07 1.258700e-13
6.567700e-07 1.270600e-13
6.570410e-07 1.206800e-13
6.573120e-07 1.023000e-13
6.575830e-07 8.953000e-14
6.578540e-07 8.747600e-14
6.581260e-07 9.555200e-14
6.583970e-07 9.899700e-14
6.586680e-07 1.033000e-13
6.589390e-07 1.017200e-13
6.592100e-07 9.307700e-14
6.594810e-07 8.171400e-14
6.597520e-07 7.485300e-14
6.600230e-07 7.137500e-14
6.602950e-07 7.163200e-14
6.605660e-07 7.030200e-14
6.608370e-07 7.017000e-14
6.611080e-07 7.089400e-14
6.613790e-07 7.212400e-14
6.616500e-07 7.200800e-14
6.619210e-07 6.977500e-14
6.621920e-07 7.149800e-14
6.624640e-07 7.173300e-14
6.627350e-07 6.968400e-14
6.630060e-07 7.167400e-14
6.632770e-07 7.068000e-14
6.635480e-07 7.061700e-14
6.638190e-07 7.028200e-14
6.640900e-07 7.060900e-14
6.643620e-07 7.007200e-14
6.646330e-07 7.091800e-14
6.649040e-07 7.088500e-14
6.651750e-07 7.063300e-14
6.654460e-07 7.052200e-14
6.657170e-07 6.930500e-14
6.659880e-07 6.942400e-14
6.662590e-07 7.026800e-14
6.665310e-07 6.968200e-14
6.668020e-07 7.088100e-14
6.670730e-07 6.977500e-14
6.673440e-07 6.857200e-14
6.676150e-07 6.938400e-14
6.678860e-07 6.925300e-14
6.681570e-07 6.862800e-14
6.684290e-07 7.049600e-14
6.687000e-07 7.060600e-14
6.689710e-07 7.000000e-14
6.692420e-07 6.981500e-14
6.695130e-07 6.959800e-14
6.697840e-07 7.062500e-14
6.700550e-07 6.947100e-14
6.703260e-07 6.887800e-14
6.705980e-07 7.029300e-14
6.708690e-07 7.202300e-14
6.711400e-07 7.406300e-14
6.714110e-07 7.739400e-14
6.716820e-07 7.909900e-14
6.719530e-07 7.892900e-14
6.722240e-07 7.831500e-14
6.724950e-07 8.023200e-14
6.727670e-07 8.133200e-14
6.730380e-07 7.946200e-14
6.733090e-07 7.894500e-14
6.742920e-07 6.884700e-14
6.758460e-07 6.711900e-14
6.774040e-07 6.757900e-14
6.789660e-07 6.804100e-14
6.805310e-07 6.866400e-14
6.820990e-07 6.850000e-14
6.836720e-07 6.881000e-14
6.852480e-07 6.928100e-14
6.868270e-07 6.661500e-14
6.884110e-07 6.784800e-14
6.899980e-07 6.846900e-14
6.915880e-07 6.830500e-14
6.931820e-07 6.877300e-14
6.947810e-07 7.004500e-14
6.963820e-07 6.971600e-14
6.979870e-07 7.084300e-14
6.995970e-07 6.986400e-14
7.012090e-07 6.811100e-14
7.028260e-07 7.033500e-14
7.044460e-07 6.936400e-14
7.060700e-07 6.872200e-14
7.076970e-07 6.684200e-14
7.093290e-07 6.622300e-14
7.109640e-07 6.576100e-14
7.126030e-07 6.605900e-14
7.142460e-07 6.499600e-14
7.158920e-07 6.514000e-14
7.175430e-07 6.513400e-14
7.191970e-07 6.306200e-14
7.208550e-07 6.276600e-14
7.225160e-07 6.678500e-14
7.241820e-07 6.556000e-14
7.258520e-07 6.525300e-14
7.275250e-07 6.879500e-14
7.292020e-07 6.691400e-14
7.308830e-07 6.768200e-14
7.325680e-07 6.830100e-14
7.342560e-07 7.069500e-14
7.359490e-07 6.939800e-14
7.376460e-07 7.084400e-14
7.393460e-07 6.890700e-14
7.410500e-07 7.181500e-14
7.427590e-07 7.017400e-14
7.444710e-07 7.213300e-14
7.461870e-07 7.279300e-14
7.479070e-07 7.096500e-14
7.496310e-07 7.211100e-14
7.513590e-07 7.144300e-14
7.530910e-07 7.127100e-14
7.548280e-07 7.292400e-14
7.565680e-07 7.125700e-14
7.583110e-07 7.207500e-14
7.600600e-07 6.946100e-14
7.618120e-07 6.929400e-14
7.635680e-07 7.122800e-14
7.653280e-07 7.024400e-14
7.670930e-07 6.420400e-14
7.688610e-07 6.753400e-14
7.706330e-07 6.614200e-14
7.724100e-07 6.598300e-14
7.741900e-07 6.720300e-14
7.759750e-07 6.536400e-14
7.777640e-07 6.672600e-14
7.795570e-07 6.535100e-14
7.813540e-07 6.717500e-14
7.831550e-07 6.841600e-14
7.849600e-07 6.778200e-14
7.867700e-07 6.887600e-14
7.885840e-07 6.730100e-14
7.904010e-07 6.516000e-14
7.922230e-07 6.455600e-14
7.940500e-07 6.469700e-14
7.958800e-07 6.544000e-14
7.977150e-07 6.711100e-14
7.995540e-07 6.557700e-14
8.013970e-07 6.740700e-14
8.032440e-07 6.647500e-14
8.050960e-07 6.848700e-14
8.069520e-07 6.895500e-14
8.088120e-07 6.753300e-14
8.106770e-07 6.553400e-14
8.125450e-07 6.628600e-14
8.144190e-07 6.720100e-14
8.162960e-07 6.611900e-14
8.181780e-07 6.922800e-14
8.200640e-07 6.687000e-14
8.219540e-07 6.810600e-14
8.238490e-07 6.013600e-14
8.257490e-07 6.967700e-14
8.276520e-07 6.999100e-14
8.295600e-07 6.561400e-14
8.314720e-07 6.352500e-14
8.333890e-07 6.651200e-14
8.353100e-07 6.681100e-14
8.372350e-07 6.558400e-14
8.391660e-07 6.320500e-14
8.411000e-07 6.663500e-14
8.430390e-07 6.647400e-14
8.449830e-07 6.480400e-14
8.469300e-07 6.569900e-14
8.488830e-07 6.493900e-14
8.508400e-07 5.193500e-14
8.528010e-07 6.373900e-14
8.547670e-07 5.449500e-14
8.567370e-07 6.476000e-14
8.587120e-07 6.580500e-14
8.606920e-07 6.254700e-14
8.626760e-07 6.488700e-14
8.646650e-07 6.548000e-14
8.666580e-07 5.984900e-14
8.686560e-07 6.223100e-14
8.706580e-07 6.338100e-14
8.726650e-07 6.470000e-14
8.746770e-07 6.336600e-14
8.766930e-07 6.335900e-14
8.787140e-07 6.542700e-14
8.807400e-07 6.557000e-14
8.827700e-07 6.541100e-14
8.848050e-07 6.274800e-14
8.868450e-07 6.216500e-14
8.888890e-07 6.116400e-14
8.909390e-07 6.272600e-14
8.929920e-07 6.185800e-14
8.950510e-07 6.213600e-14
8.971140e-07 6.127600e-14
8.991820e-07 6.226400e-14
9.012550e-07 5.918100e-14
9.033320e-07 5.716500e-14
9.054150e-07 6.623400e-14
9.075020e-07 6.516700e-14
9.095940e-07 5.847500e-14
9.116910e-07 5.955500e-14
9.137930e-07 6.107500e-14
9.158990e-07 6.163300e-14
9.180110e-07 5.831200e-14
9.201270e-07 6.161800e-14
9.222480e-07 5.870200e-14
9.243740e-07 6.020000e-14
9.265050e-07 5.964100e-14
9.286410e-07 6.144600e-14
9.307810e-07 5.577500e-14
9.329270e-07 6.344300e-14
9.350780e-07 6.328900e-14
9.372330e-07 6.226900e-14
9.393940e-07 6.327300e-14
9.415590e-07 6.196700e-14
9.437300e-07 6.384200e-14
9.459060e-07 6.295800e-14
9.480860e-07 6.456500e-14
9.502710e-07 6.294200e-14
9.524620e-07 6.337000e-14
9.546580e-07 6.135200e-14
9.568580e-07 6.306300e-14
9.590640e-07 6.437500e-14
9.612750e-07 6.348400e-14
9.634910e-07 6.391600e-14
9.657120e-07 6.288600e-14
9.679390e-07 6.287700e-14
9.701700e-07 6.258000e-14
9.724060e-07 6.185600e-14
9.746480e-07 6.170500e-14
9.768950e-07 6.212500e-14
9.791470e-07 6.126500e-14
9.814030e-07 6.282800e-14
9.836660e-07 6.224400e-14
9.859340e-07 6.266700e-14
9.882060e-07 6.222700e-14
9.904840e-07 6.164800e-14
9.927670e-07 6.235400e-14
9.950570e-07 6.263300e-14
9.973500e-07 6.262500e-14
9.996500e-07 6.247200e-14
1.001954e-06 6.275200e-14
1.006578e-06 6.187500e-14
1.013556e-06 6.343600e-14
1.018234e-06 6.298200e-14
1.022934e-06 6.369400e-14
1.027656e-06 6.411700e-14
1.030025e-06 6.396100e-14
1.049174e-06 6.186200e-14
1.071143e-06 5.905800e-14
1.091058e-06 5.771400e-14
1.108786e-06 5.461100e-14
1.129400e-06 5.448500e-14
1.150397e-06 5.486300e-14
1.169089e-06 5.373800e-14
1.190824e-06 5.096600e-14
1.210174e-06 5.084900e-14
1.229838e-06 5.049900e-14
1.249821e-06 4.878400e-14
1.270129e-06 4.789400e-14
1.290767e-06 4.702000e-14
1.308723e-06 4.637400e-14
1.329988e-06 4.490300e-14
1.348490e-06 4.378000e-14
1.370402e-06 4.308000e-14
1.389466e-06 4.123600e-14
1.408795e-06 3.910900e-14
1.428392e-06 3.866200e-14
1.451603e-06 3.910900e-14
1.468411e-06 3.769500e-14
1.488839e-06 3.848400e-14
1.509551e-06 3.892900e-14
1.530551e-06 3.983600e-14
1.548274e-06 3.947100e-14
1.569813e-06 3.875100e-14
1.591651e-06 3.726300e-14
1.610080e-06 3.726300e-14
1.628725e-06 3.717700e-14
1.651382e-06 3.683700e-14
1.670505e-06 3.692100e-14
1.689849e-06 3.666700e-14
1.709415e-06 3.616400e-14
1.729210e-06 3.485600e-14
1.749234e-06 3.367300e-14
1.769489e-06 3.215700e-14
1.789977e-06 3.063900e-14
1.810705e-06 2.899200e-14
1.831672e-06 2.826700e-14
1.848619e-06 2.724500e-14
1.870026e-06 2.589900e-14
1.891680e-06 2.525100e-14
1.909185e-06 2.502000e-14
1.931290e-06 2.433800e-14
1.949161e-06 2.340300e-14
1.971732e-06 2.255700e-14
1.989975e-06 2.189200e-14
2.008389e-06 2.159100e-14
2.031645e-06 2.090600e-14
2.050442e-06 2.076200e-14
2.069416e-06 2.038400e-14
2.088565e-06 2.001100e-14
2.107888e-06 1.978200e-14
2.132297e-06 1.942100e-14
2.152028e-06 1.911100e-14
2.171939e-06 1.850500e-14
2.192037e-06 1.825100e-14
2.212318e-06 1.775300e-14
2.227654e-06 1.726900e-14
2.248265e-06 1.691500e-14
2.269069e-06 1.645400e-14
2.290065e-06 1.476800e-14
2.311253e-06 1.460000e-14
2.332640e-06 1.277600e-14
2.348808e-06 1.200700e-14
2.370543e-06 1.214700e-14
2.392478e-06 1.118200e-14
2.409061e-06 1.072900e-14
2.431352e-06 1.050900e-14
2.448204e-06 9.696400e-15
2.470858e-06 9.433100e-15
2.487984e-06 7.937500e-15
2.511007e-06 7.793400e-15
2.519554e-06 8.064600e-15
2.529097e-06 7.811700e-15
2.538641e-06 8.215400e-15
2.548175e-06 7.792500e-15
2.557719e-06 7.634100e-15
2.567263e-06 8.057700e-15
2.576797e-06 7.923600e-15
2.586341e-06 7.783200e-15
2.595875e-06 8.187500e-15
2.605419e-06 8.034800e-15
2.614962e-06 8.094700e-15
2.624496e-06 7.425600e-15
2.634040e-06 7.427800e-15
2.643584e-06 7.132800e-15
2.653118e-06 7.206900e-15
2.662662e-06 7.331200e-15
2.672196e-06 6.895000e-15
2.681740e-06 6.728600e-15
2.691284e-06 7.128400e-15
2.700817e-06 6.939600e-15
2.710361e-06 6.851300e-15
2.719905e-06 6.939600e-15
2.729439e-06 6.977200e-15
2.738983e-06 6.614700e-15
2.748517e-06 6.966700e-15
2.758061e-06 6.348900e-15
2.767605e-06 6.772100e-15
2.777139e-06 6.601500e-15
2.786682e-06 6.243600e-15
2.796226e-06 5.753700e-15
2.805760e-06 6.373900e-15
2.815304e-06 6.205000e-15
2.824838e-06 6.441500e-15
2.834382e-06 6.219100e-15
2.843926e-06 6.019400e-15
2.863004e-06 5.827100e-15
2.872547e-06 5.715900e-15
2.882081e-06 5.660900e-15
2.891625e-06 5.503100e-15
2.901159e-06 5.363300e-15
2.910703e-06 4.950100e-15
2.920247e-06 5.137800e-15
2.929781e-06 5.133200e-15
2.939325e-06 5.028600e-15
2.948869e-06 4.806300e-15
2.958403e-06 4.700300e-15
2.967946e-06 4.875300e-15
2.977480e-06 4.596500e-15
2.987024e-06 4.445300e-15
2.996568e-06 4.749700e-15
3.006102e-06 4.490200e-15
3.015646e-06 4.610400e-15
3.025190e-06 4.666300e-15
3.034724e-06 4.343900e-15
3.044267e-06 4.681000e-15
3.053801e-06 4.604800e-15
3.063345e-06 4.892400e-15
3.072889e-06 4.265800e-15
3.082423e-06 4.292900e-15
3.091967e-06 4.323500e-15
3.101511e-06 4.417300e-15
3.111045e-06 4.232800e-15
3.120589e-06 4.608500e-15
3.130122e-06 4.504400e-15
3.139666e-06 4.498800e-15
3.149210e-06 3.842200e-15
3.158744e-06 4.245800e-15
3.168288e-06 4.337800e-15
3.177832e-06 4.199400e-15
3.187366e-06 3.936900e-15
3.196910e-06 3.978900e-15
3.206444e-06 4.198900e-15
3.215987e-06 4.130100e-15
3.225531e-06 4.372800e-15
3.235065e-06 5.110200e-15
3.244609e-06 5.443900e-15
3.254153e-06 5.968000e-15
3.263687e-06 6.489300e-15
3.273231e-06 7.018900e-15
3.282765e-06 6.584000e-15
3.292309e-06 6.295400e-15
3.301852e-06 5.981800e-15
3.311387e-06 5.360500e-15
3.320930e-06 4.940100e-15
3.330474e-06 4.915800e-15
3.340008e-06 4.728700e-15
3.349552e-06 4.232800e-15
3.359086e-06 3.894400e-15
3.368630e-06 4.236800e-15
3.378174e-06 4.252200e-15
3.387707e-06 4.435100e-15
3.397251e-06 4.624600e-15
3.406795e-06 4.499200e-15
3.416329e-06 4.394000e-15
3.425873e-06 3.937000e-15
3.435407e-06 4.210700e-15
3.444951e-06 4.460000e-15
3.454495e-06 3.984400e-15
3.464029e-06 4.027400e-15
3.473573e-06 4.172500e-15
3.483117e-06 4.125100e-15
3.492650e-06 3.820900e-15
3.502194e-06 3.847500e-15
3.511728e-06 3.615900e-15
3.521272e-06 3.763300e-15
3.530816e-06 3.621400e-15
3.540350e-06 3.921300e-15
3.549894e-06 3.791200e-15
3.559437e-06 3.632300e-15
3.568971e-06 3.540500e-15
3.578515e-06 3.371400e-15
3.588049e-06 3.718400e-15
3.597593e-06 3.689000e-15
3.607137e-06 3.283700e-15
3.616671e-06 3.499300e-15
3.626215e-06 3.586200e-15
3.635759e-06 3.479600e-15
3.645293e-06 3.357700e-15
3.654837e-06 3.384500e-15
3.673914e-06 3.427200e-15
3.683458e-06 3.520800e-15
3.692992e-06 3.242300e-15
3.702536e-06 3.251500e-15
3.712080e-06 3.312300e-15
3.721614e-06 3.488000e-15
3.731157e-06 3.392100e-15
3.740692e-06 3.238300e-15
3.750235e-06 3.327300e-15
3.759779e-06 2.997100e-15
3.769313e-06 3.373900e-15
3.778857e-06 2.964900e-15
3.788401e-06 3.288200e-15
3.797935e-06 2.929700e-15
3.807479e-06 3.161900e-15
3.817013e-06 3.299000e-15
3.826557e-06 3.143200e-15
3.836100e-06 3.017800e-15
3.845634e-06 2.890100e-15
3.855178e-06 2.923600e-15
3.864722e-06 3.047900e-15
3.874256e-06 2.936800e-15
3.883800e-06 2.865800e-15
3.893334e-06 2.929400e-15
3.902878e-06 2.859500e-15
3.921956e-06 2.880300e-15
3.931500e-06 2.761600e-15
3.941043e-06 2.695300e-15
3.960121e-06 2.865000e-15
3.969665e-06 2.724900e-15
3.979199e-06 2.810300e-15
3.988743e-06 2.762400e-15
3.998277e-06 2.898500e-15
4.007820e-06 2.648000e-15
4.017364e-06 3.076400e-15
4.026898e-06 3.212300e-15
4.036442e-06 3.190600e-15
4.045976e-06 3.166100e-15
4.055520e-06 3.167200e-15
4.065064e-06 2.888500e-15
4.074598e-06 2.735400e-15
4.093686e-06 2.286000e-15
4.103219e-06 2.278800e-15
4.112763e-06 2.359100e-15
4.122307e-06 2.183000e-15
4.131841e-06 2.250600e-15
4.141385e-06 2.278600e-15
4.150919e-06 2.306000e-15
4.160463e-06 2.417200e-15
4.170007e-06 2.427200e-15
4.179540e-06 2.410900e-15
4.189084e-06 2.371500e-15
4.198619e-06 2.257500e-15
4.208162e-06 2.233300e-15
4.217706e-06 2.117400e-15
4.227240e-06 2.112400e-15
4.236783e-06 2.117400e-15
4.246328e-06 2.156400e-15
4.255861e-06 1.884700e-15
4.265406e-06 1.984800e-15
4.274949e-06 2.087900e-15
4.284483e-06 2.030700e-15
4.294027e-06 2.141300e-15
4.303561e-06 2.301400e-15
4.313105e-06 2.378300e-15
4.322649e-06 2.271100e-15
4.332183e-06 2.073300e-15
4.341727e-06 2.221500e-15
4.351261e-06 2.095200e-15
4.360804e-06 2.088200e-15
4.370348e-06 2.108500e-15
4.379882e-06 2.160800e-15
4.389426e-06 2.090300e-15
4.398970e-06 2.095300e-15
4.408503e-06 1.871000e-15
4.418048e-06 1.658000e-15
4.427591e-06 1.837400e-15
4.437126e-06 1.796900e-15
4.446669e-06 1.476400e-15
4.456203e-06 1.711400e-15
4.465747e-06 1.804200e-15
4.475291e-06 1.767800e-15
4.484825e-06 1.631800e-15
4.494369e-06 1.691600e-15
4.503903e-06 1.411200e-15
4.513447e-06 1.437100e-15
4.522991e-06 1.631500e-15
4.532524e-06 1.737000e-15
4.542069e-06 1.349300e-15
4.551612e-06 1.544600e-15
4.561146e-06 1.413600e-15
4.570690e-06 1.595400e-15
4.580233e-06 1.323500e-15
4.589768e-06 1.379500e-15
4.599311e-06 1.342100e-15
4.608846e-06 1.576900e-15
4.618390e-06 1.319200e-15
4.627933e-06 1.533800e-15
4.637467e-06 1.545200e-15
4.647011e-06 1.813400e-15
4.656555e-06 1.662100e-15
4.666089e-06 1.909700e-15
4.675633e-06 1.798100e-15
4.685166e-06 1.901200e-15
4.694711e-06 1.780400e-15
4.704254e-06 1.684400e-15
4.713789e-06 1.732500e-15
4.732876e-06 1.528300e-15
4.742410e-06 1.531000e-15
4.751954e-06 1.163300e-15
4.761488e-06 1.486700e-15
4.771032e-06 1.331800e-15
4.780576e-06 1.661600e-15
4.790110e-06 1.386300e-15
4.799653e-06 1.428100e-15
4.809187e-06 1.369400e-15
4.818731e-06 1.539400e-15
4.828275e-06 1.377200e-15
4.837809e-06 1.553300e-15
4.847353e-06 1.587000e-15
4.856897e-06 1.621700e-15
4.866431e-06 1.106800e-15
4.876073e-06 1.338200e-15
4.924833e-06 1.403300e-15
4.974082e-06 1.469000e-15
5.023822e-06 1.535400e-15
5.074061e-06 1.602500e-15
5.124801e-06 1.670200e-15
5.176049e-06 1.738600e-15
5.227810e-06 1.807700e-15
5.260718e-06 1.851600e-15
5.291267e-06 1.910000e-15
5.321818e-06 2.017800e-15
5.352367e-06 2.131600e-15
5.382916e-06 1.648800e-15
5.413466e-06 1.085900e-15
5.444015e-06 1.614000e-15
5.474564e-06 1.418500e-15
5.505114e-06 1.587700e-15
5.535664e-06 2.027500e-15
5.566214e-06 1.406500e-15
5.596763e-06 1.614000e-15
5.627313e-06 1.954800e-15
5.657862e-06 2.103600e-15
5.688411e-06 1.997500e-15
5.718960e-06 1.969100e-15
5.749511e-06 1.972000e-15
5.780061e-06 1.617400e-15
5.810610e-06 1.716900e-15
5.841159e-06 1.641900e-15
5.871709e-06 1.630800e-15
5.902258e-06 1.816600e-15
5.932807e-06 1.955600e-15
5.963358e-06 2.020600e-15
5.993907e-06 2.201000e-15
6.024456e-06 2.533600e-15
6.055007e-06 2.489400e-15
6.085556e-06 2.419900e-15
6.116104e-06 2.953500e-15
6.146655e-06 4.008400e-15
6.177204e-06 5.622700e-15
6.207753e-06 6.520200e-15
6.238303e-06 6.284900e-15
6.268853e-06 5.222900e-15
6.299403e-06 4.421100e-15
6.329952e-06 3.972800e-15
6.360500e-06 3.182800e-15
6.391051e-06 2.943800e-15
6.421600e-06 2.549400e-15
6.452149e-06 2.416200e-15
6.482700e-06 2.240100e-15
6.513248e-06 2.175800e-15
6.543797e-06 2.163600e-15
6.574348e-06 2.117200e-15
6.604897e-06 2.119900e-15
6.635446e-06 2.204600e-15
6.665996e-06 1.832500e-15
6.696546e-06 2.016500e-15
6.727096e-06 2.200200e-15
6.757645e-06 2.126800e-15
6.788194e-06 2.094200e-15
6.818744e-06 2.199500e-15
6.849293e-06 2.197500e-15
6.879843e-06 2.296300e-15
6.910392e-06 2.493400e-15
6.940942e-06 2.722000e-15
6.971492e-06 3.127400e-15
7.002041e-06 3.423700e-15
7.032590e-06 2.795000e-15
7.063140e-06 2.861400e-15
7.093689e-06 2.815300e-15
7.124240e-06 2.765300e-15
7.154788e-06 2.897900e-15
7.185338e-06 3.029900e-15
7.215888e-06 3.127200e-15
7.246437e-06 3.166200e-15
7.276986e-06 3.225100e-15
7.307536e-06 3.403800e-15
7.338086e-06 3.313700e-15
7.368635e-06 3.665300e-15
7.399184e-06 4.505700e-15
7.427735e-06 4.228700e-15
7.429734e-06 4.543500e-15
7.460284e-06 4.923200e-15
7.488954e-06 5.385900e-15
7.490833e-06 5.380800e-15
7.550175e-06 6.294300e-15
7.611396e-06 6.881600e-15
7.672617e-06 6.606100e-15
7.733837e-06 6.334200e-15
7.795059e-06 6.278300e-15
7.856279e-06 5.975700e-15
7.917500e-06 5.137900e-15
7.978721e-06 4.471600e-15
8.039942e-06 3.885100e-15
8.101162e-06 3.403600e-15
8.162383e-06 3.075300e-15
8.223604e-06 2.992800e-15
8.284825e-06 2.849600e-15
8.346046e-06 2.815200e-15
8.407267e-06 2.880100e-15
8.468487e-06 2.973800e-15
8.529709e-06 2.944500e-15
8.590929e-06 3.125300e-15
8.652150e-06 2.818500e-15
8.713371e-06 2.323900e-15
8.774591e-06 1.929700e-15
8.835811e-06 1.568700e-15
8.897032e-06 1.274600e-15
8.958253e-06 1.179300e-15
9.019475e-06 1.049100e-15
9.080695e-06 9.489000e-16
9.141916e-06 8.650700e-16
9.203137e-06 7.864800e-16
9.264357e-06 7.621000e-16
9.325578e-06 6.990500e-16
9.386798e-06 6.555500e-16
9.448020e-06 6.547100e-16
9.509240e-06 6.373100e-16
9.570461e-06 6.877300e-16
9.631682e-06 9.053200e-16
9.692904e-06 8.048700e-16
9.754124e-06 6.876000e-16
9.815345e-06 6.294200e-16
9.876561e-06 6.690900e-16
9.937787e-06 5.735400e-16
9.999004e-06 5.570100e-16
1.006023e-05 5.851900e-16
1.012145e-05 6.095300e-16
1.018267e-05 5.507000e-16
1.024389e-05 5.152100e-16
1.030511e-05 5.615400e-16
1.036633e-05 6.245100e-16
1.042755e-05 5.567100e-16
1.048878e-05 6.585100e-16
1.054999e-05 7.512700e-16
1.061121e-05 7.412600e-16
1.067244e-05 7.597700e-16
1.073365e-05 7.713600e-16
1.079488e-05 7.756600e-16
1.085610e-05 8.275300e-16
1.091732e-05 9.541500e-16
1.097854e-05 1.139000e-15
1.103976e-05 1.253200e-15
1.110098e-05 1.465400e-15
1.116220e-05 2.432900e-15
1.122343e-05 3.411800e-15
1.128464e-05 3.326500e-15
1.134587e-05 2.748700e-15
1.140709e-05 2.226700e-15
1.146830e-05 1.824000e-15
1.152953e-05 1.612300e-15
1.159075e-05 1.402100e-15
1.165197e-05 1.287000e-15
1.171319e-05 1.240100e-15
1.177441e-05 1.222200e-15
1.183563e-05 1.289500e-15
1.189685e-05 1.364900e-15
1.195807e-05 1.413700e-15
1.201929e-05 1.395700e-15
1.208052e-05 1.360000e-15
1.214173e-05 1.313600e-15
1.220295e-05 1.290600e-15
1.226418e-05 1.470300e-15
1.232539e-05 1.523200e-15
1.238662e-05 1.510100e-15
1.244784e-05 1.584100e-15
1.250906e-05 1.667100e-15
1.257028e-05 1.728700e-15
1.263150e-05 1.812100e-15
1.269272e-05 1.914200e-15
1.275394e-05 2.416100e-15
1.281517e-05 3.069700e-15
1.287638e-05 1.985300e-15
1.293760e-05 1.228800e-15
1.299883e-05 1.093000e-15
1.306004e-05 9.734600e-16
1.312127e-05 1.018000e-15
1.318249e-05 1.014900e-15
1.324371e-05 1.003000e-15
1.330493e-05 9.868100e-16
1.336615e-05 9.802900e-16
1.342737e-05 9.866500e-16
1.348859e-05 9.520200e-16
1.354981e-05 9.408700e-16
1.361103e-05 9.385700e-16
1.367226e-05 8.943200e-16
1.373347e-05 8.596500e-16
1.379469e-05 8.383000e-16
1.385592e-05 8.295800e-16
1.391714e-05 8.672900e-16
1.397836e-05 8.471000e-16
1.403958e-05 8.527900e-16
1.410080e-05 8.461700e-16
1.416202e-05 8.337300e-16
1.422324e-05 8.091500e-16
1.428446e-05 7.685500e-16
1.433714e-05 7.768500e-16
1.442754e-05 7.300900e-16
1.451795e-05 6.644100e-16
1.460835e-05 6.825300e-16
1.469875e-05 6.230800e-16
1.478915e-05 6.373000e-16
1.487956e-05 6.281500e-16
1.496996e-05 6.316900e-16
1.506036e-05 6.169700e-16
1.515077e-05 6.253700e-16
1.524117e-05 5.816300e-16
1.533157e-05 6.116000e-16
1.542198e-05 6.354300e-16
1.551238e-05 7.087000e-16
1.560279e-05 7.665400e-16
1.569318e-05 6.718000e-16
1.578360e-05 6.676100e-16
1.587400e-05 6.639500e-16
1.596440e-05 6.613300e-16
1.605480e-05 6.655900e-16
1.614521e-05 6.723200e-16
1.623561e-05 7.043900e-16
1.632601e-05 8.111000e-16
1.641642e-05 9.910600e-16
1.650682e-05 9.951600e-16
1.659722e-05 8.939300e-16
1.668762e-05 8.917900e-16
1.677803e-05 8.956500e-16
1.686843e-05 9.002800e-16
1.695883e-05 1.080300e-15
1.704924e-05 1.269800e-15
1.713964e-05 1.045700e-15
1.723004e-05 9.217900e-16
1.732045e-05 9.277600e-16
1.741085e-05 9.054700e-16
1.750125e-05 8.048400e-16
1.759165e-05 7.343600e-16
1.768206e-05 7.156800e-16
1.777246e-05 7.077400e-16
1.786286e-05 7.426600e-16
1.795327e-05 6.554800e-16
1.804367e-05 6.190400e-16
1.813407e-05 6.161200e-16
1.822448e-05 6.018900e-16
1.831488e-05 5.925400e-16
1.840528e-05 6.048300e-16
1.849568e-05 6.151300e-16
1.858609e-05 6.406500e-16
1.867649e-05 8.757100e-16
1.876689e-05 8.912900e-16
1.885730e-05 6.603600e-16
1.894770e-05 6.364600e-16
1.903810e-05 6.335100e-16
1.912850e-05 6.148100e-16
1.921892e-05 6.129200e-16
1.930931e-05 6.303600e-16
1.939972e-05 6.024000e-16
1.949013e-05 6.179600e-16
1.958052e-05 6.108800e-16
1.967093e-05 6.334700e-16
1.976133e-05 6.315500e-16
1.985174e-05 6.262100e-16
1.994214e-05 6.242800e-16
2.003254e-05 6.408300e-16
2.012295e-05 6.357400e-16
2.026610e-05 5.903000e-16
2.043913e-05 6.874200e-16
2.061226e-05 6.526600e-16
2.078549e-05 6.098800e-16
2.095881e-05 6.739000e-16
2.113222e-05 6.754000e-16
2.130572e-05 6.195300e-16
2.147932e-05 6.629900e-16
2.165301e-05 7.247800e-16
2.182680e-05 6.824400e-16
2.200068e-05 6.460000e-16
2.217465e-05 6.831400e-16
2.234872e-05 7.235000e-16
2.252288e-05 6.882400e-16
2.269715e-05 6.614700e-16
2.287150e-05 7.016400e-16
2.304595e-05 7.380000e-16
2.322050e-05 7.276300e-16
2.339514e-05 7.081700e-16
2.356989e-05 7.065300e-16
2.374472e-05 7.509800e-16
2.391965e-05 7.732200e-16
2.409468e-05 7.524500e-16
2.426980e-05 7.344100e-16
2.444502e-05 7.516300e-16
2.462034e-05 7.706400e-16
2.479575e-05 7.815300e-16
2.497127e-05 7.788600e-16
2.514687e-05 7.802400e-16
2.532258e-05 7.920800e-16
2.549838e-05 8.067000e-16
2.567429e-05 8.279200e-16
2.585029e-05 8.675500e-16
2.602638e-05 8.594200e-16
2.620258e-05 8.336800e-16
2.637887e-05 8.302800e-16
2.655527e-05 8.290900e-16
2.673176e-05 8.484800e-16
2.690835e-05 8.510800e-16
2.708504e-05 8.449900e-16
2.726184e-05 8.479900e-16
2.743872e-05 8.613700e-16
2.761571e-05 8.740200e-16
2.779280e-05 8.989100e-16
2.796999e-05 8.947100e-16
2.814727e-05 9.429300e-16
2.832466e-05 9.278900e-16
2.850215e-05 9.069500e-16
2.867975e-05 9.058700e-16
2.885744e-05 9.416400e-16
2.903523e-05 9.353200e-16
2.921313e-05 9.362300e-16
2.939112e-05 9.402000e-16
2.956921e-05 9.510600e-16
2.974741e-05 9.317300e-16
2.992571e-05 9.827200e-16
3.010411e-05 9.765400e-16
3.028262e-05 9.771200e-16
3.046122e-05 9.854600e-16
3.063993e-05 1.011400e-15
3.081875e-05 1.000800e-15
3.099767e-05 9.885500e-16
3.117668e-05 1.021400e-15
3.135580e-05 1.066200e-15
3.153503e-05 1.028900e-15
3.171435e-05 1.049000e-15
3.189379e-05 1.075800e-15
3.207332e-05 1.046200e-15
3.225297e-05 1.100800e-15
3.243271e-05 1.083800e-15
3.261255e-05 1.091500e-15
3.279251e-05 1.105100e-15
3.297257e-05 1.075200e-15
3.315274e-05 1.139500e-15
3.333301e-05 1.249700e-15
3.351338e-05 1.370900e-15
3.369386e-05 1.092000e-15
3.387444e-05 1.089800e-15
3.405515e-05 1.086600e-15
3.423594e-05 1.174200e-15
3.441685e-05 1.164700e-15
