1.020800e-08 2.336300e-20
1.039800e-08 3.023600e-20
1.059100e-08 3.976700e-20
1.078800e-08 5.327500e-20
1.098900e-08 7.989600e-20
1.140100e-08 1.266300e-19
1.180200e-08 1.877300e-19
1.210500e-08 7.337100e-19
1.250100e-08 1.001200e-18
1.270400e-08 1.133800e-18
1.279200e-08 1.226100e-18
1.309000e-08 1.447200e-18
1.321100e-08 1.747900e-18
1.339500e-08 1.934300e-18
1.370700e-08 2.597300e-18
1.399400e-08 3.002800e-18
1.428700e-08 8.964500e-18
1.468800e-08 2.474700e-17
1.509900e-08 2.821800e-17
1.548600e-08 3.247300e-17
1.588400e-08 3.737000e-17
1.621600e-08 4.126000e-17
1.659400e-08 4.748200e-17
1.702000e-08 5.339800e-17
1.729600e-08 5.841500e-17
1.769900e-08 6.524200e-17
1.798700e-08 7.055500e-17
1.819500e-08 7.456300e-17
1.861900e-08 8.251400e-17
1.909600e-08 9.322400e-17
1.940700e-08 1.008200e-16
1.981300e-08 1.100300e-16
2.018100e-08 1.206500e-16
2.050900e-08 1.286800e-16
2.098700e-08 1.360000e-16
2.162500e-08 1.601500e-16
2.197600e-08 1.735900e-16
2.228200e-08 1.809400e-16
2.269600e-08 1.961200e-16
2.301200e-08 3.072700e-16
2.338600e-08 5.401600e-16
2.398500e-08 6.879000e-16
2.460100e-08 6.784600e-16
2.517400e-08 7.439200e-16
2.570100e-08 6.494200e-16
2.599800e-08 7.560100e-16
2.642100e-08 8.100800e-16
2.691200e-08 8.289500e-16
2.741200e-08 8.463000e-16
2.792200e-08 8.640200e-16
2.837600e-08 8.821200e-16
2.897000e-08 8.620400e-16
2.957700e-08 8.964500e-16
3.012600e-08 9.047400e-16
3.082800e-08 9.365400e-16
3.176500e-08 9.829400e-16
3.280600e-08 1.008200e-15
3.380200e-08 1.024500e-15
3.483000e-08 1.036400e-15
3.572300e-08 1.048400e-15
3.663900e-08 1.063000e-15
3.749300e-08 1.067900e-15
3.854300e-08 1.041200e-15
3.953200e-08 1.075300e-15
4.054600e-08 1.080300e-15
4.139500e-08 1.077800e-15
4.216500e-08 1.070400e-15
4.304800e-08 1.065400e-15
4.405000e-08 1.065400e-15
4.507600e-08 1.050800e-15
4.602000e-08 1.043600e-15
4.698400e-08 1.034000e-15
4.796800e-08 1.029300e-15
4.897200e-08 1.010500e-15
4.999700e-08 1.008200e-15
5.057600e-08 9.989100e-16
5.116200e-08 1.034000e-15
5.199300e-08 1.026900e-15
5.296000e-08 1.010500e-15
5.394500e-08 9.829400e-16
5.494800e-08 9.829400e-16
5.596900e-08 9.966100e-16
5.701000e-08 1.005800e-15
5.793600e-08 9.829400e-16
5.901300e-08 9.966100e-16
5.997200e-08 9.739300e-16
6.094600e-08 8.964500e-16
6.193700e-08 1.008200e-15
6.294300e-08 1.001200e-15
6.396600e-08 1.008200e-15
6.500500e-08 1.017500e-15
6.575800e-08 1.012800e-15
6.651900e-08 1.036400e-15
6.744500e-08 1.043600e-15
6.854100e-08 1.010500e-15
6.949400e-08 1.092800e-15
7.046100e-08 1.043600e-15
7.160600e-08 1.139000e-15
7.260200e-08 1.157500e-15
7.344300e-08 1.176300e-15
7.446400e-08 1.214900e-15
7.550000e-08 1.246000e-15
7.655100e-08 1.206500e-15
7.743700e-08 1.329000e-15
7.851400e-08 1.341300e-15
7.942300e-08 1.404500e-15
8.052800e-08 1.453900e-15
8.146100e-08 1.494600e-15
8.259400e-08 1.575900e-15
8.355000e-08 1.378900e-15
8.451800e-08 1.646400e-15
8.549600e-08 1.680800e-15
8.648600e-08 1.776300e-15
8.748800e-08 1.864300e-15
8.850100e-08 1.965700e-15
8.952600e-08 2.048900e-15
9.056200e-08 2.067900e-15
9.140000e-08 2.639500e-15
9.245900e-08 1.214900e-14
9.352900e-08 2.532400e-14
9.439500e-08 4.650800e-14
9.548800e-08 6.509200e-14
9.659400e-08 7.303400e-14
9.748700e-08 1.329000e-14
9.838900e-08 6.102800e-14
9.952900e-08 6.494200e-14
1.004500e-07 9.539500e-14
1.016130e-07 9.258200e-14
1.025530e-07 4.193000e-14
1.035020e-07 6.584500e-14
1.044600e-07 1.246000e-13
1.054260e-07 1.220500e-13
1.064020e-07 9.627800e-14
1.073860e-07 1.149500e-13
1.083800e-07 9.110200e-14
1.093830e-07 1.212100e-13
1.103950e-07 1.162900e-13
1.114160e-07 1.118200e-13
1.124470e-07 9.989100e-14
1.134880e-07 1.280900e-13
1.145380e-07 1.165500e-13
1.155970e-07 1.240300e-13
1.163990e-07 1.275000e-13
1.174760e-07 8.720200e-14
1.185630e-07 1.240300e-13
1.193850e-07 8.680100e-14
1.204890e-07 6.331800e-14
1.216040e-07 4.451700e-14
1.224470e-07 8.660200e-14
1.235800e-07 1.289800e-13
1.244370e-07 1.411000e-13
1.255880e-07 1.350600e-13
1.264580e-07 1.170900e-13
1.276290e-07 1.501500e-13
1.285130e-07 1.572300e-13
1.294040e-07 1.243200e-13
1.306020e-07 1.234600e-13
1.315070e-07 1.543600e-13
1.324180e-07 1.477500e-13
1.336440e-07 1.313800e-13
1.345700e-07 1.557900e-13
1.355030e-07 1.508400e-13
1.364420e-07 1.350600e-13
1.373880e-07 1.414300e-13
1.386590e-07 1.427300e-13
1.396200e-07 1.217700e-13
1.405880e-07 1.260500e-13
1.415620e-07 1.325900e-13
1.425440e-07 1.356800e-13
1.435320e-07 1.356800e-13
1.441940e-07 1.427300e-13
1.448600e-07 1.450500e-13
1.455290e-07 1.407800e-13
1.465370e-07 1.301700e-13
1.475530e-07 1.301700e-13
1.485760e-07 1.325900e-13
1.496060e-07 1.347500e-13
1.506430e-07 1.275000e-13
1.513380e-07 1.139000e-13
1.516870e-07 1.214900e-13
1.523870e-07 1.181800e-13
1.534430e-07 1.024500e-13
1.545070e-07 1.100300e-13
1.555780e-07 1.048400e-13
1.566560e-07 1.085200e-13
1.573790e-07 1.160200e-13
1.584700e-07 1.214900e-13
1.595690e-07 1.237400e-13
1.606750e-07 1.214900e-13
1.614170e-07 1.217700e-13
1.625350e-07 1.157500e-13
1.636620e-07 1.231800e-13
1.644180e-07 1.248900e-13
1.655570e-07 1.165500e-13
1.663210e-07 1.263400e-13
1.670890e-07 1.133800e-13
1.678600e-07 1.278000e-13
1.686350e-07 1.325900e-13
1.694140e-07 1.246000e-13
1.705880e-07 1.201000e-13
1.713750e-07 1.139000e-13
1.725630e-07 1.131200e-13
1.733600e-07 1.206500e-13
1.745610e-07 1.181800e-13
1.753670e-07 1.251800e-13
1.765830e-07 1.157500e-13
1.773980e-07 1.176300e-13
1.786270e-07 1.201000e-13
1.794520e-07 1.278000e-13
1.806960e-07 1.269200e-13
1.815300e-07 1.170900e-13
1.823680e-07 1.198200e-13
1.836320e-07 1.154900e-13
1.844790e-07 1.063000e-13
1.853310e-07 1.070400e-13
1.866160e-07 1.105400e-13
1.874770e-07 1.187200e-13
1.883420e-07 1.095300e-13
1.896480e-07 1.055700e-13
1.905230e-07 1.118200e-13
1.914030e-07 1.077800e-13
1.922860e-07 1.048400e-13
1.936190e-07 1.080300e-13
1.945130e-07 1.136400e-13
1.954110e-07 1.060500e-13
1.967650e-07 1.162900e-13
1.976730e-07 1.189900e-13
1.985860e-07 1.133800e-13
1.995020e-07 1.105400e-13
2.004230e-07 1.136400e-13
2.013480e-07 1.102900e-13
2.022780e-07 1.144300e-13
2.036800e-07 1.095300e-13
2.046200e-07 1.136400e-13
2.055640e-07 1.067900e-13
2.065130e-07 1.080300e-13
2.074670e-07 1.168200e-13
2.079450e-07 1.157500e-13
2.084240e-07 1.220500e-13
2.093860e-07 1.154900e-13
2.103530e-07 1.154900e-13
2.113240e-07 1.179000e-13
2.122990e-07 1.176300e-13
2.132790e-07 1.102900e-13
2.142630e-07 1.146900e-13
2.152520e-07 1.187200e-13
2.167440e-07 1.139000e-13
2.177450e-07 1.133800e-13
2.187500e-07 1.144300e-13
2.192540e-07 1.187200e-13
2.202660e-07 1.154900e-13
2.212830e-07 1.077800e-13
2.223040e-07 1.065400e-13
2.233300e-07 1.157500e-13
2.243610e-07 1.113100e-13
2.253970e-07 1.038800e-13
2.264370e-07 1.053200e-13
2.274830e-07 1.087700e-13
2.285330e-07 1.144300e-13
2.295870e-07 1.060600e-13
2.306470e-07 1.098000e-13
2.317120e-07 1.034300e-13
2.322460e-07 8.350200e-14
2.333180e-07 9.327400e-14
2.343950e-07 8.807000e-14
2.354770e-07 9.928700e-14
2.365640e-07 8.809600e-14
2.376560e-07 9.205000e-14
2.387530e-07 8.300200e-14
2.393030e-07 8.874100e-14
2.404080e-07 8.593900e-14
2.415170e-07 8.897300e-14
2.426320e-07 9.915700e-14
2.437520e-07 9.624800e-14
2.443140e-07 1.029000e-13
2.454420e-07 1.029200e-13
2.465740e-07 9.989900e-14
2.477130e-07 9.541800e-14
2.482840e-07 9.176300e-14
2.494300e-07 8.664300e-14
2.505810e-07 1.029900e-13
2.511590e-07 8.391500e-14
2.517380e-07 8.469800e-14
2.523180e-07 8.277700e-14
2.534830e-07 8.769600e-14
2.546530e-07 8.730700e-14
2.552400e-07 1.000200e-13
2.564180e-07 9.314500e-14
2.576010e-07 1.005100e-13
2.587900e-07 9.734200e-14
2.593870e-07 9.447900e-14
2.605840e-07 8.982700e-14
2.617870e-07 8.759500e-14
2.623910e-07 9.495500e-14
2.636020e-07 1.077900e-13
2.642090e-07 1.237700e-13
2.654290e-07 1.366800e-13
2.666540e-07 1.124000e-13
2.672690e-07 1.201700e-13
2.685020e-07 1.247100e-13
2.697420e-07 1.114200e-13
2.703640e-07 1.199500e-13
2.716110e-07 1.064300e-13
2.722380e-07 1.028300e-13
2.734940e-07 1.109700e-13
2.747570e-07 8.755100e-14
2.753900e-07 9.447100e-14
2.766610e-07 1.031300e-13
2.772990e-07 1.087500e-13
2.785790e-07 9.236200e-14
2.792210e-07 7.039300e-14
2.805100e-07 7.579000e-14
2.818050e-07 1.039200e-13
2.824540e-07 1.212600e-13
2.837580e-07 1.179800e-13
2.844120e-07 1.091000e-13
2.857250e-07 9.288000e-14
2.863840e-07 1.233000e-13
2.877050e-07 1.324500e-13
2.883690e-07 1.262100e-13
2.897000e-07 1.324800e-13
2.910370e-07 1.546100e-13
2.930540e-07 1.433400e-13
2.950860e-07 1.391500e-13
2.971310e-07 1.450800e-13
2.991910e-07 1.457900e-13
3.012650e-07 1.495700e-13
3.026550e-07 1.509900e-13
3.047530e-07 1.538400e-13
3.068650e-07 1.578300e-13
3.089930e-07 1.586100e-13
3.111340e-07 1.653700e-13
3.132910e-07 1.605400e-13
3.147370e-07 1.598300e-13
3.169190e-07 1.658800e-13
3.191160e-07 1.516800e-13
3.213280e-07 1.629500e-13
3.228110e-07 1.462700e-13
3.250480e-07 1.738900e-13
3.273020e-07 1.898500e-13
3.288120e-07 1.868600e-13
3.310910e-07 1.839300e-13
3.318550e-07 1.839400e-13
3.326200e-07 1.810200e-13
3.333870e-07 1.989700e-13
3.341550e-07 1.810600e-13
3.349250e-07 2.036400e-13
3.356970e-07 1.958500e-13
3.364710e-07 1.538000e-13
3.372470e-07 1.603300e-13
3.380240e-07 1.936700e-13
3.388040e-07 1.954800e-13
3.395850e-07 1.816100e-13
3.403680e-07 2.085400e-13
3.411520e-07 1.808200e-13
3.419390e-07 1.833500e-13
3.427270e-07 1.885100e-13
3.435170e-07 1.965100e-13
3.443090e-07 1.661200e-13
3.451030e-07 1.938600e-13
3.458980e-07 1.912200e-13
3.466950e-07 1.843200e-13
3.474950e-07 1.979800e-13
3.482960e-07 1.873600e-13
3.490990e-07 1.971100e-13
3.499030e-07 1.693400e-13
3.507100e-07 2.008200e-13
3.515180e-07 1.798300e-13
3.523290e-07 1.944900e-13
3.531410e-07 1.905300e-13
3.539550e-07 2.046500e-13
3.547710e-07 2.123500e-13
3.555890e-07 2.046900e-13
3.564090e-07 2.009800e-13
3.572300e-07 1.738600e-13
3.580540e-07 1.816600e-13
3.588790e-07 1.514600e-13
3.597060e-07 1.898200e-13
3.605360e-07 1.956100e-13
3.613670e-07 1.763800e-13
3.622000e-07 1.739800e-13
3.626290e-07 1.900600e-13
3.629030e-07 1.878400e-13
3.631770e-07 1.895700e-13
3.634520e-07 1.845300e-13
3.637260e-07 1.925100e-13
3.640000e-07 2.014500e-13
3.642750e-07 2.005900e-13
3.645490e-07 1.878000e-13
3.648230e-07 1.886000e-13
3.650980e-07 1.965300e-13
3.653720e-07 2.102200e-13
3.656460e-07 2.176300e-13
3.659210e-07 2.117100e-13
3.661950e-07 2.189800e-13
3.664690e-07 2.188400e-13
3.667440e-07 2.154800e-13
3.670180e-07 2.156200e-13
3.672920e-07 2.121400e-13
3.675670e-07 2.144300e-13
3.678410e-07 2.115600e-13
3.681150e-07 2.073600e-13
3.683900e-07 2.029100e-13
3.686640e-07 2.025500e-13
3.689380e-07 2.064000e-13
3.692130e-07 2.204800e-13
3.694870e-07 2.235200e-13
3.697610e-07 2.237600e-13
3.700360e-07 2.163200e-13
3.703100e-07 1.998700e-13
3.705840e-07 1.967000e-13
3.708590e-07 2.070500e-13
3.711330e-07 2.174000e-13
3.714070e-07 2.120100e-13
3.716820e-07 2.185100e-13
3.719560e-07 2.278300e-13
3.722300e-07 2.517800e-13
3.725050e-07 2.857700e-13
3.727790e-07 2.943800e-13
3.730530e-07 2.712200e-13
3.733280e-07 2.219100e-13
3.736020e-07 2.111100e-13
3.738760e-07 2.137300e-13
3.741510e-07 2.098600e-13
3.744250e-07 1.983400e-13
3.746990e-07 1.977300e-13
3.749740e-07 1.947700e-13
3.752480e-07 2.080900e-13
3.755220e-07 2.217900e-13
3.757970e-07 2.312400e-13
3.760710e-07 2.228800e-13
3.763450e-07 2.224300e-13
3.766200e-07 2.225600e-13
3.768940e-07 2.301800e-13
3.771680e-07 2.269900e-13
3.774430e-07 2.437400e-13
3.777170e-07 2.665500e-13
3.779910e-07 2.813000e-13
3.782660e-07 2.779900e-13
3.785400e-07 2.677800e-13
3.788140e-07 2.624900e-13
3.790890e-07 2.416800e-13
3.793630e-07 2.227200e-13
3.796370e-07 2.170600e-13
3.799120e-07 2.217900e-13
3.801860e-07 2.313700e-13
3.804600e-07 2.509800e-13
3.807350e-07 2.684900e-13
3.810090e-07 2.747800e-13
3.812830e-07 2.797300e-13
3.815580e-07 2.673600e-13
3.818320e-07 2.525500e-13
3.821060e-07 2.475600e-13
3.823810e-07 2.361700e-13
3.826550e-07 2.155600e-13
3.829290e-07 1.956300e-13
3.832040e-07 1.847300e-13
3.834780e-07 1.765900e-13
3.837520e-07 1.924100e-13
3.840270e-07 2.141900e-13
3.843010e-07 2.346300e-13
3.845750e-07 2.473400e-13
3.848500e-07 2.664000e-13
3.851240e-07 2.661500e-13
3.853980e-07 2.614200e-13
3.856730e-07 2.615700e-13
3.859470e-07 2.634200e-13
3.862210e-07 2.739200e-13
3.864960e-07 2.872700e-13
3.867700e-07 2.847400e-13
3.870440e-07 2.783500e-13
3.873190e-07 2.696000e-13
3.875930e-07 2.657400e-13
3.878670e-07 2.598900e-13
3.881420e-07 2.390600e-13
3.884160e-07 2.314500e-13
3.886900e-07 2.166400e-13
3.889650e-07 2.144400e-13
3.892390e-07 2.375400e-13
3.895130e-07 2.628600e-13
3.897880e-07 2.703500e-13
3.900620e-07 2.820600e-13
3.903360e-07 2.881300e-13
3.906110e-07 2.938700e-13
3.908850e-07 3.002100e-13
3.911590e-07 3.133800e-13
3.914340e-07 3.047500e-13
3.917080e-07 2.979000e-13
3.919820e-07 2.920500e-13
3.922570e-07 2.749200e-13
3.925310e-07 2.566700e-13
3.928050e-07 2.245500e-13
3.930800e-07 1.894200e-13
3.933540e-07 1.824600e-13
3.936280e-07 2.052600e-13
3.939030e-07 2.421200e-13
3.941770e-07 2.622400e-13
3.944510e-07 2.747400e-13
3.947260e-07 2.862800e-13
3.950000e-07 2.948900e-13
3.952740e-07 2.950300e-13
3.955490e-07 2.817900e-13
3.958230e-07 2.622000e-13
3.960970e-07 2.342600e-13
3.963720e-07 1.974200e-13
3.966460e-07 1.758800e-13
3.969200e-07 1.723700e-13
3.971950e-07 1.943200e-13
3.974690e-07 2.310900e-13
3.977430e-07 2.633400e-13
3.980180e-07 2.878300e-13
3.982920e-07 3.030500e-13
3.985660e-07 3.190800e-13
3.988410e-07 3.279900e-13
3.991150e-07 3.376200e-13
3.993890e-07 3.380100e-13
3.996640e-07 3.478800e-13
3.999380e-07 3.529800e-13
4.002120e-07 3.466900e-13
4.004870e-07 3.556400e-13
4.007610e-07 3.549200e-13
4.010350e-07 3.592500e-13
4.013100e-07 3.644700e-13
4.015840e-07 3.690000e-13
4.018590e-07 3.635400e-13
4.021330e-07 3.579200e-13
4.024070e-07 3.552000e-13
4.026820e-07 3.528900e-13
4.029560e-07 3.501600e-13
4.032300e-07 3.476400e-13
4.035050e-07 3.563600e-13
4.037790e-07 3.663500e-13
4.040530e-07 3.643300e-13
4.043280e-07 3.553100e-13
4.046020e-07 3.527700e-13
4.048760e-07 3.551300e-13
4.051510e-07 3.614700e-13
4.054250e-07 3.499000e-13
4.056990e-07 3.484900e-13
4.059740e-07 3.468500e-13
4.062480e-07 3.467500e-13
4.065220e-07 3.439900e-13
4.067970e-07 3.505200e-13
4.070710e-07 3.464400e-13
4.073450e-07 3.386200e-13
4.076200e-07 3.397200e-13
4.078940e-07 3.470500e-13
4.081680e-07 3.498900e-13
4.084430e-07 3.605000e-13
4.087170e-07 3.588100e-13
4.089910e-07 3.478600e-13
4.092660e-07 3.304500e-13
4.095400e-07 3.061100e-13
4.098140e-07 2.885600e-13
4.100890e-07 2.827300e-13
4.103630e-07 2.908200e-13
4.106370e-07 3.068800e-13
4.109120e-07 3.248400e-13
4.111860e-07 3.357400e-13
4.114600e-07 3.415800e-13
4.117350e-07 3.415200e-13
4.120090e-07 3.506100e-13
4.122830e-07 3.524300e-13
4.125580e-07 3.491100e-13
4.128320e-07 3.460900e-13
4.131060e-07 3.501300e-13
4.133810e-07 3.533100e-13
4.136550e-07 3.574200e-13
4.139290e-07 3.598100e-13
4.142040e-07 3.531900e-13
4.144780e-07 3.531500e-13
4.147520e-07 3.594800e-13
4.150270e-07 3.573400e-13
4.153010e-07 3.493900e-13
4.155750e-07 3.498500e-13
4.158500e-07 3.528200e-13
4.161240e-07 3.605000e-13
4.163980e-07 3.683400e-13
4.166730e-07 3.652900e-13
4.169470e-07 3.513400e-13
4.172210e-07 3.398100e-13
4.174960e-07 3.431000e-13
4.177700e-07 3.453300e-13
4.180440e-07 3.476500e-13
4.183190e-07 3.505800e-13
4.185930e-07 3.558500e-13
4.188670e-07 3.592400e-13
4.191420e-07 3.620900e-13
4.194160e-07 3.571400e-13
4.196900e-07 3.497400e-13
4.199650e-07 3.456100e-13
4.202390e-07 3.524300e-13
4.205130e-07 3.549300e-13
4.207880e-07 3.626200e-13
4.210620e-07 3.695700e-13
4.213360e-07 3.692500e-13
4.216110e-07 3.714400e-13
4.218850e-07 3.756500e-13
4.221590e-07 3.687400e-13
4.224340e-07 3.465700e-13
4.227080e-07 3.437900e-13
4.229820e-07 3.489100e-13
4.232570e-07 3.578800e-13
4.235310e-07 3.613600e-13
4.238050e-07 3.634900e-13
4.240800e-07 3.709000e-13
4.243540e-07 3.762900e-13
4.246280e-07 3.743200e-13
4.249030e-07 3.677500e-13
4.251770e-07 3.605400e-13
4.254510e-07 3.610600e-13
4.257260e-07 3.663700e-13
4.260000e-07 3.669600e-13
4.262740e-07 3.746500e-13
4.265490e-07 3.755800e-13
4.268230e-07 3.563300e-13
4.270970e-07 3.496100e-13
4.273720e-07 3.485700e-13
4.276460e-07 3.573700e-13
4.279200e-07 3.620500e-13
4.281950e-07 3.647000e-13
4.284690e-07 3.527300e-13
4.287430e-07 3.518000e-13
4.290180e-07 3.422300e-13
4.292920e-07 3.415200e-13
4.295660e-07 3.305700e-13
4.298410e-07 3.165100e-13
4.301150e-07 3.053900e-13
4.303890e-07 3.065000e-13
4.306640e-07 3.068000e-13
4.309380e-07 3.179400e-13
4.312120e-07 3.429900e-13
4.314870e-07 3.634400e-13
4.317610e-07 3.779900e-13
4.320350e-07 3.683200e-13
4.323100e-07 3.596200e-13
4.325840e-07 3.547800e-13
4.328580e-07 3.549000e-13
4.331330e-07 3.538900e-13
4.334070e-07 3.417300e-13
4.336810e-07 3.337700e-13
4.339560e-07 3.188300e-13
4.342300e-07 3.323700e-13
4.345040e-07 3.352000e-13
4.347790e-07 3.466800e-13
4.350530e-07 3.543900e-13
4.353270e-07 3.632900e-13
4.356020e-07 3.745300e-13
4.358760e-07 3.840700e-13
4.361500e-07 3.980000e-13
4.364250e-07 3.978600e-13
4.366990e-07 3.958700e-13
4.369730e-07 3.883500e-13
4.372480e-07 3.735200e-13
4.375220e-07 3.776400e-13
4.377960e-07 3.742100e-13
4.380710e-07 3.588000e-13
4.383450e-07 3.535500e-13
4.386190e-07 3.551500e-13
4.388940e-07 3.574600e-13
4.391680e-07 3.719700e-13
4.394420e-07 3.742300e-13
4.397170e-07 3.808500e-13
4.399910e-07 3.783400e-13
4.402650e-07 3.689400e-13
4.405400e-07 3.751100e-13
4.408140e-07 3.767600e-13
4.410880e-07 3.872300e-13
4.413630e-07 3.907100e-13
4.416370e-07 3.881300e-13
4.419110e-07 3.897400e-13
4.421860e-07 3.964800e-13
4.424600e-07 4.003400e-13
4.427340e-07 3.905800e-13
4.430090e-07 3.954900e-13
4.432830e-07 3.898700e-13
4.435570e-07 3.937800e-13
4.438320e-07 3.965900e-13
4.441060e-07 4.000500e-13
4.443800e-07 4.021400e-13
4.446550e-07 4.154800e-13
4.449290e-07 4.092700e-13
4.452030e-07 3.966100e-13
4.454780e-07 3.893600e-13
4.457520e-07 3.883400e-13
4.460260e-07 3.863500e-13
4.463010e-07 3.967800e-13
4.465750e-07 3.961400e-13
4.468490e-07 4.038800e-13
4.471240e-07 4.146300e-13
4.473980e-07 4.250600e-13
4.476720e-07 4.165400e-13
4.479470e-07 4.135200e-13
4.482210e-07 4.112900e-13
4.484950e-07 4.158500e-13
4.487700e-07 4.170300e-13
4.490440e-07 4.122700e-13
4.493180e-07 4.171900e-13
4.495930e-07 4.145400e-13
4.498670e-07 4.213200e-13
4.501410e-07 4.310500e-13
4.504160e-07 4.413400e-13
4.506900e-07 4.379400e-13
4.509640e-07 4.367200e-13
4.512390e-07 4.289400e-13
4.515130e-07 4.239600e-13
4.517870e-07 4.225500e-13
4.520620e-07 4.212200e-13
4.523360e-07 4.085800e-13
4.526100e-07 4.013000e-13
4.528850e-07 3.954200e-13
4.531590e-07 3.956500e-13
4.534330e-07 4.014900e-13
4.537080e-07 4.109000e-13
4.539820e-07 4.153800e-13
4.542560e-07 4.234000e-13
4.545310e-07 4.163500e-13
4.548050e-07 4.112300e-13
4.550790e-07 4.089100e-13
4.553540e-07 4.090400e-13
4.556280e-07 4.170300e-13
4.559020e-07 4.274500e-13
4.561770e-07 4.331000e-13
4.564510e-07 4.290100e-13
4.567250e-07 4.302600e-13
4.570000e-07 4.295100e-13
4.572740e-07 4.306100e-13
4.575480e-07 4.301500e-13
4.578230e-07 4.256900e-13
4.580970e-07 4.183800e-13
4.583710e-07 4.184900e-13
4.586460e-07 4.226400e-13
4.589200e-07 4.252800e-13
4.591940e-07 4.257100e-13
4.594690e-07 4.214300e-13
4.597430e-07 4.210600e-13
4.600170e-07 4.252900e-13
4.602920e-07 4.298300e-13
4.605660e-07 4.393500e-13
4.608400e-07 4.375000e-13
4.611150e-07 4.427700e-13
4.613890e-07 4.401600e-13
4.616630e-07 4.398500e-13
4.619380e-07 4.397000e-13
4.622120e-07 4.400700e-13
4.624860e-07 4.418100e-13
4.627610e-07 4.406500e-13
4.630350e-07 4.363500e-13
4.633090e-07 4.325600e-13
4.635840e-07 4.273700e-13
4.638580e-07 4.258400e-13
4.641320e-07 4.179200e-13
4.644070e-07 4.174100e-13
4.646810e-07 4.139300e-13
4.649550e-07 4.191100e-13
4.652300e-07 4.229200e-13
4.655040e-07 4.292600e-13
4.657780e-07 4.302200e-13
4.660530e-07 4.313500e-13
4.663270e-07 4.203400e-13
4.666010e-07 4.089600e-13
4.668760e-07 4.058900e-13
4.671500e-07 4.116300e-13
4.674250e-07 4.181500e-13
4.676990e-07 4.227000e-13
4.679730e-07 4.198000e-13
4.682480e-07 4.208000e-13
4.685220e-07 4.244600e-13
4.687960e-07 4.260900e-13
4.690710e-07 4.253300e-13
4.693450e-07 4.264800e-13
4.696190e-07 4.216500e-13
4.698940e-07 4.140800e-13
4.701680e-07 4.072500e-13
4.704420e-07 4.103400e-13
4.707170e-07 4.136600e-13
4.709910e-07 4.176100e-13
4.712650e-07 4.220000e-13
4.715400e-07 4.264300e-13
4.718140e-07 4.323000e-13
4.720880e-07 4.325700e-13
4.723630e-07 4.351800e-13
4.726370e-07 4.221200e-13
4.729110e-07 4.123000e-13
4.731860e-07 4.150300e-13
4.734600e-07 4.141300e-13
4.737340e-07 4.236000e-13
4.740090e-07 4.314600e-13
4.742830e-07 4.318300e-13
4.745570e-07 4.389700e-13
4.748320e-07 4.401400e-13
4.751060e-07 4.372900e-13
4.753800e-07 4.343100e-13
4.756550e-07 4.306600e-13
4.759290e-07 4.248000e-13
4.762030e-07 4.176300e-13
4.764780e-07 4.117900e-13
4.767520e-07 4.159100e-13
4.770260e-07 4.225000e-13
4.773010e-07 4.296000e-13
4.775750e-07 4.347200e-13
4.778490e-07 4.378500e-13
4.781240e-07 4.337600e-13
4.783980e-07 4.298800e-13
4.786720e-07 4.302800e-13
4.789470e-07 4.321900e-13
4.792210e-07 4.403000e-13
4.794950e-07 4.421500e-13
4.797700e-07 4.396800e-13
4.800440e-07 4.453800e-13
4.803180e-07 4.381800e-13
4.805930e-07 4.369700e-13
4.808670e-07 4.385500e-13
4.811410e-07 4.417000e-13
4.814160e-07 4.454600e-13
4.816900e-07 4.482600e-13
4.819640e-07 4.465800e-13
4.822390e-07 4.446900e-13
4.825130e-07 4.365400e-13
4.827870e-07 4.338700e-13
4.830620e-07 4.296500e-13
4.833360e-07 4.284900e-13
4.836100e-07 4.336800e-13
4.838850e-07 4.297700e-13
4.841590e-07 4.242900e-13
4.844330e-07 4.238700e-13
4.847080e-07 4.172500e-13
4.849820e-07 4.098200e-13
4.852560e-07 3.946600e-13
4.855310e-07 3.889400e-13
4.858050e-07 4.028900e-13
4.860790e-07 4.091900e-13
4.863540e-07 4.033100e-13
4.866280e-07 3.894600e-13
4.869020e-07 3.800600e-13
4.871770e-07 3.806900e-13
4.874510e-07 3.924400e-13
4.877250e-07 4.044000e-13
4.880000e-07 4.054400e-13
4.882740e-07 4.009900e-13
4.885480e-07 3.994600e-13
4.888230e-07 4.042300e-13
4.890970e-07 4.162400e-13
4.893710e-07 4.271100e-13
4.896460e-07 4.345700e-13
4.899200e-07 4.379100e-13
4.901940e-07 4.366200e-13
4.904690e-07 4.360300e-13
4.907430e-07 4.294700e-13
4.910170e-07 4.288800e-13
4.912920e-07 4.220100e-13
4.915660e-07 4.154700e-13
4.918400e-07 4.071200e-13
4.921150e-07 4.033300e-13
4.923890e-07 4.152200e-13
4.926630e-07 4.275500e-13
4.929380e-07 4.337900e-13
4.932120e-07 4.290100e-13
4.934860e-07 4.236500e-13
4.937610e-07 4.207700e-13
4.940350e-07 4.280600e-13
4.943090e-07 4.346100e-13
4.945840e-07 4.451800e-13
4.948580e-07 4.449700e-13
4.951320e-07 4.493100e-13
4.954070e-07 4.441000e-13
4.956810e-07 4.365600e-13
4.959550e-07 4.362500e-13
4.962300e-07 4.370600e-13
4.965040e-07 4.325900e-13
4.967780e-07 4.309000e-13
4.970530e-07 4.304700e-13
4.973270e-07 4.317600e-13
4.976010e-07 4.294200e-13
4.978760e-07 4.189800e-13
4.981500e-07 4.089100e-13
4.984240e-07 4.058700e-13
4.986990e-07 4.105000e-13
4.989730e-07 4.166500e-13
4.992470e-07 4.250000e-13
4.995220e-07 4.258300e-13
4.997960e-07 4.200800e-13
5.000700e-07 4.219900e-13
5.003450e-07 4.240300e-13
5.006190e-07 4.273000e-13
5.008930e-07 4.251000e-13
5.011680e-07 4.090500e-13
5.014420e-07 3.972600e-13
5.017160e-07 3.950800e-13
5.019910e-07 3.980400e-13
5.022650e-07 4.059800e-13
5.025390e-07 4.109100e-13
5.028140e-07 4.180900e-13
5.030880e-07 4.168100e-13
5.033620e-07 4.129500e-13
5.036370e-07 4.073300e-13
5.039110e-07 4.040200e-13
5.041850e-07 4.079300e-13
5.044600e-07 4.154000e-13
5.047340e-07 4.152900e-13
5.050080e-07 4.180400e-13
5.052830e-07 4.253100e-13
5.055570e-07 4.279100e-13
5.058310e-07 4.343900e-13
5.061060e-07 4.365200e-13
5.063800e-07 4.244400e-13
5.066540e-07 4.196700e-13
5.069290e-07 4.177100e-13
5.072030e-07 4.175000e-13
5.074770e-07 4.104600e-13
5.077520e-07 4.082100e-13
5.080260e-07 4.024700e-13
5.083000e-07 4.052100e-13
5.085750e-07 4.137300e-13
5.088490e-07 4.259700e-13
5.091230e-07 4.240100e-13
5.093980e-07 4.213900e-13
5.096720e-07 4.132700e-13
5.099460e-07 4.112600e-13
5.102210e-07 4.085400e-13
5.104950e-07 4.076100e-13
5.107690e-07 4.106200e-13
5.110440e-07 4.165700e-13
5.113180e-07 4.209900e-13
5.115920e-07 4.279300e-13
5.118670e-07 4.216300e-13
5.121410e-07 4.178000e-13
5.124150e-07 4.026000e-13
5.126900e-07 4.055000e-13
5.129640e-07 4.039600e-13
5.132380e-07 4.076100e-13
5.135130e-07 4.046800e-13
5.137870e-07 4.029300e-13
5.140610e-07 4.007300e-13
5.143360e-07 3.996000e-13
5.146100e-07 3.985200e-13
5.148840e-07 4.015900e-13
5.151590e-07 3.994900e-13
5.154330e-07 4.051400e-13
5.157070e-07 4.084300e-13
5.159820e-07 4.049400e-13
5.162560e-07 3.878200e-13
5.165300e-07 3.716200e-13
5.168050e-07 3.519700e-13
5.170790e-07 3.476900e-13
5.173530e-07 3.561400e-13
5.176280e-07 3.709600e-13
5.179020e-07 3.714400e-13
5.181760e-07 3.685400e-13
5.184510e-07 3.667600e-13
5.187250e-07 3.838800e-13
5.189990e-07 3.933200e-13
5.192740e-07 3.977200e-13
5.195480e-07 4.040300e-13
5.198220e-07 4.137300e-13
5.200970e-07 4.087800e-13
5.203710e-07 4.008700e-13
5.206450e-07 3.928700e-13
5.209200e-07 3.911800e-13
5.211940e-07 3.997600e-13
5.214680e-07 4.048300e-13
5.217430e-07 4.133800e-13
5.220170e-07 4.129900e-13
5.222910e-07 4.015900e-13
5.225660e-07 3.998400e-13
5.228400e-07 3.993000e-13
5.231140e-07 4.051100e-13
5.233890e-07 4.144800e-13
5.236630e-07 4.264200e-13
5.239370e-07 4.311600e-13
5.242120e-07 4.291300e-13
5.244860e-07 4.249400e-13
5.247600e-07 4.197200e-13
5.250350e-07 4.187900e-13
5.253090e-07 4.223100e-13
5.255830e-07 4.210000e-13
5.258580e-07 4.196600e-13
5.261320e-07 4.017400e-13
5.264060e-07 3.849400e-13
5.266810e-07 3.780100e-13
5.269550e-07 3.842100e-13
5.272290e-07 3.929700e-13
5.275040e-07 4.121500e-13
5.277780e-07 4.197500e-13
5.280520e-07 4.296200e-13
5.283270e-07 4.344300e-13
5.286010e-07 4.439700e-13
5.288750e-07 4.497800e-13
5.291500e-07 4.520400e-13
5.294240e-07 4.420500e-13
5.296980e-07 4.324300e-13
5.299730e-07 4.311400e-13
5.302470e-07 4.418000e-13
5.305210e-07 4.532500e-13
5.307960e-07 4.548700e-13
5.310700e-07 4.509100e-13
5.313440e-07 4.574400e-13
5.316190e-07 4.459600e-13
5.318930e-07 4.397700e-13
5.321680e-07 4.330300e-13
5.324420e-07 4.227300e-13
5.327160e-07 4.149200e-13
5.329910e-07 4.193600e-13
5.332650e-07 4.289400e-13
5.335390e-07 4.370200e-13
5.338140e-07 4.374700e-13
5.340880e-07 4.314900e-13
5.343620e-07 4.325100e-13
5.346370e-07 4.376700e-13
5.349110e-07 4.436000e-13
5.351850e-07 4.568000e-13
5.354600e-07 4.617400e-13
5.357340e-07 4.634100e-13
5.360080e-07 4.580900e-13
5.362830e-07 4.444500e-13
5.365570e-07 4.371100e-13
5.368310e-07 4.317100e-13
5.371060e-07 4.346600e-13
5.373800e-07 4.406700e-13
5.376540e-07 4.490700e-13
5.379290e-07 4.505800e-13
5.382030e-07 4.510900e-13
5.384770e-07 4.485400e-13
5.387520e-07 4.442500e-13
5.390260e-07 4.363200e-13
5.393000e-07 4.293300e-13
5.395750e-07 4.264100e-13
5.398490e-07 4.215500e-13
5.401230e-07 4.147900e-13
5.403980e-07 4.134200e-13
5.406720e-07 4.153400e-13
5.409460e-07 4.192100e-13
5.412210e-07 4.311000e-13
5.414950e-07 4.414700e-13
5.417690e-07 4.418500e-13
5.420440e-07 4.401200e-13
5.423180e-07 4.380900e-13
5.425920e-07 4.377800e-13
5.428670e-07 4.330800e-13
5.431410e-07 4.306800e-13
5.434150e-07 4.356500e-13
5.436900e-07 4.425700e-13
5.439640e-07 4.474100e-13
5.442380e-07 4.450500e-13
5.445130e-07 4.404200e-13
5.447870e-07 4.353800e-13
5.450610e-07 4.314300e-13
5.453360e-07 4.286600e-13
5.456100e-07 4.325900e-13
5.458840e-07 4.348400e-13
5.461590e-07 4.367800e-13
5.464330e-07 4.405900e-13
5.467070e-07 4.392300e-13
5.469820e-07 4.347300e-13
5.472560e-07 4.302000e-13
5.475300e-07 4.253200e-13
5.478050e-07 4.277700e-13
5.480790e-07 4.344700e-13
5.483530e-07 4.329800e-13
5.486280e-07 4.338900e-13
5.489020e-07 4.366400e-13
5.491760e-07 4.432900e-13
5.494510e-07 4.435500e-13
5.497250e-07 4.403000e-13
5.499990e-07 4.366500e-13
5.502740e-07 4.324500e-13
5.505480e-07 4.331800e-13
5.508220e-07 4.310200e-13
5.510970e-07 4.321200e-13
5.513710e-07 4.350300e-13
5.516450e-07 4.394800e-13
5.519200e-07 4.448300e-13
5.521940e-07 4.431900e-13
5.524680e-07 4.450800e-13
5.527430e-07 4.424500e-13
5.530170e-07 4.405300e-13
5.532910e-07 4.447500e-13
5.535660e-07 4.311200e-13
5.538400e-07 4.423900e-13
5.541140e-07 4.377900e-13
5.543890e-07 4.463400e-13
5.546630e-07 4.524200e-13
5.549370e-07 4.475100e-13
5.552120e-07 4.518000e-13
5.554860e-07 4.493700e-13
5.557600e-07 4.407900e-13
5.560350e-07 4.364700e-13
5.563090e-07 4.360500e-13
5.565830e-07 4.368000e-13
5.568580e-07 4.360000e-13
5.571320e-07 4.387800e-13
5.574060e-07 4.420800e-13
5.576810e-07 4.336200e-13
5.579550e-07 4.443900e-13
5.582290e-07 4.294700e-13
5.585040e-07 4.145000e-13
5.587780e-07 4.219300e-13
5.590520e-07 4.189100e-13
5.593270e-07 4.280300e-13
5.596010e-07 4.296500e-13
5.598750e-07 4.242800e-13
5.601500e-07 4.316300e-13
5.604240e-07 4.410700e-13
5.606980e-07 4.480400e-13
5.609730e-07 4.468100e-13
5.612470e-07 4.432100e-13
5.615210e-07 4.371200e-13
5.617960e-07 4.303400e-13
5.620700e-07 4.307800e-13
5.623440e-07 4.320400e-13
5.626190e-07 4.342800e-13
5.628930e-07 4.436900e-13
5.631670e-07 4.412400e-13
5.634420e-07 4.363500e-13
5.637160e-07 4.358100e-13
5.639900e-07 4.357400e-13
5.642650e-07 4.387200e-13
5.645390e-07 4.425300e-13
5.648130e-07 4.467800e-13
5.650880e-07 4.412300e-13
5.653620e-07 4.403300e-13
5.656360e-07 4.329400e-13
5.659110e-07 4.300500e-13
5.661850e-07 4.291900e-13
5.664590e-07 4.396400e-13
5.667340e-07 4.374600e-13
5.670080e-07 4.392600e-13
5.672820e-07 4.429400e-13
5.675570e-07 4.538300e-13
5.678310e-07 4.481800e-13
5.681050e-07 4.400300e-13
5.683800e-07 4.394900e-13
5.686540e-07 4.368300e-13
5.689280e-07 4.433000e-13
5.692030e-07 4.485100e-13
5.694770e-07 4.408700e-13
5.697510e-07 4.413600e-13
5.700260e-07 4.371000e-13
5.703000e-07 4.321800e-13
5.705740e-07 4.233800e-13
5.708490e-07 4.264200e-13
5.711230e-07 4.302500e-13
5.713970e-07 4.376200e-13
5.716720e-07 4.509600e-13
5.719460e-07 4.556400e-13
5.722200e-07 4.576200e-13
5.724950e-07 4.553100e-13
5.727690e-07 4.558600e-13
5.730430e-07 4.506200e-13
5.733180e-07 4.504900e-13
5.735920e-07 4.562800e-13
5.738660e-07 4.651000e-13
5.741410e-07 4.515000e-13
5.744150e-07 4.498000e-13
5.746890e-07 4.462600e-13
5.749640e-07 4.453600e-13
5.752380e-07 4.404300e-13
5.755120e-07 4.495200e-13
5.757870e-07 4.433200e-13
5.760610e-07 4.408900e-13
5.763350e-07 4.503200e-13
5.766100e-07 4.456900e-13
5.768840e-07 4.557200e-13
5.771580e-07 4.450400e-13
5.774330e-07 4.523100e-13
5.777070e-07 4.359600e-13
5.779810e-07 4.346700e-13
5.782560e-07 4.248000e-13
5.785300e-07 4.315000e-13
5.788040e-07 4.343300e-13
5.790790e-07 4.424300e-13
5.793530e-07 4.479500e-13
5.796270e-07 4.513700e-13
5.799020e-07 4.468500e-13
5.801760e-07 4.576600e-13
5.804500e-07 4.516400e-13
5.807250e-07 4.505800e-13
5.809990e-07 4.485800e-13
5.812730e-07 4.562700e-13
5.815480e-07 4.523800e-13
5.818220e-07 4.520600e-13
5.820960e-07 4.555000e-13
5.823710e-07 4.544200e-13
5.826450e-07 4.586100e-13
5.829190e-07 4.595400e-13
5.831940e-07 4.566300e-13
5.834680e-07 4.511500e-13
5.837420e-07 4.609000e-13
5.840170e-07 4.525800e-13
5.842910e-07 4.495400e-13
5.845650e-07 4.544400e-13
5.848400e-07 4.504000e-13
5.851140e-07 4.380300e-13
5.853880e-07 4.414000e-13
5.856630e-07 4.296400e-13
5.859370e-07 4.275100e-13
5.862110e-07 4.373500e-13
5.864860e-07 4.406300e-13
5.867600e-07 4.516800e-13
5.870340e-07 4.425200e-13
5.873090e-07 4.487100e-13
5.875830e-07 4.388500e-13
5.878570e-07 4.212900e-13
5.881320e-07 4.309300e-13
5.884060e-07 4.145000e-13
5.886800e-07 3.929100e-13
5.889550e-07 3.806500e-13
5.892290e-07 3.784100e-13
5.895030e-07 3.886100e-13
5.897780e-07 4.031900e-13
5.900520e-07 4.153500e-13
5.903260e-07 4.268500e-13
5.906010e-07 4.378900e-13
5.908750e-07 4.406400e-13
5.911490e-07 4.318500e-13
5.914240e-07 4.401800e-13
5.916980e-07 4.423100e-13
5.919720e-07 4.433500e-13
5.922470e-07 4.389300e-13
5.925210e-07 4.338400e-13
5.927950e-07 4.363200e-13
5.930700e-07 4.387500e-13
5.933440e-07 4.367100e-13
5.936180e-07 4.409300e-13
5.938930e-07 4.432100e-13
5.941670e-07 4.435600e-13
5.944410e-07 4.415000e-13
5.947160e-07 4.394600e-13
5.949900e-07 4.381000e-13
5.952640e-07 4.397100e-13
5.955390e-07 4.385600e-13
5.958130e-07 4.428500e-13
5.960870e-07 4.455300e-13
5.963620e-07 4.457500e-13
5.966360e-07 4.444200e-13
5.969100e-07 4.389700e-13
5.971850e-07 4.394800e-13
5.974590e-07 4.403200e-13
5.977340e-07 4.374300e-13
5.980080e-07 4.335600e-13
5.982820e-07 4.338200e-13
5.985570e-07 4.335400e-13
5.988310e-07 4.361700e-13
5.991050e-07 4.392300e-13
5.993800e-07 4.417200e-13
5.996540e-07 4.389900e-13
5.999280e-07 4.377900e-13
6.002030e-07 4.353200e-13
6.004770e-07 4.324500e-13
6.007510e-07 4.345000e-13
6.010260e-07 4.261600e-13
6.013000e-07 4.238000e-13
6.015740e-07 4.282900e-13
6.018490e-07 4.268600e-13
6.021230e-07 4.319500e-13
6.023970e-07 4.327500e-13
6.026720e-07 4.364100e-13
6.029460e-07 4.413400e-13
6.032200e-07 4.434800e-13
6.034950e-07 4.467200e-13
6.037690e-07 4.468600e-13
6.040430e-07 4.499300e-13
6.043180e-07 4.468500e-13
6.045920e-07 4.468900e-13
6.048660e-07 4.478600e-13
6.051410e-07 4.492900e-13
6.054150e-07 4.455700e-13
6.056890e-07 4.472800e-13
6.059640e-07 4.423500e-13
6.062380e-07 4.407200e-13
6.065120e-07 4.412000e-13
6.067870e-07 4.454600e-13
6.070610e-07 4.474700e-13
6.073350e-07 4.524200e-13
6.076100e-07 4.425000e-13
6.078840e-07 4.413300e-13
6.081580e-07 4.447800e-13
6.084330e-07 4.375000e-13
6.087070e-07 4.368200e-13
6.089810e-07 4.352700e-13
6.092560e-07 4.356400e-13
6.095300e-07 4.398800e-13
6.098040e-07 4.382300e-13
6.100790e-07 4.354600e-13
6.103530e-07 4.327100e-13
6.106270e-07 4.353700e-13
6.109020e-07 4.378300e-13
6.111760e-07 4.446200e-13
6.114500e-07 4.385800e-13
6.117250e-07 4.378400e-13
6.119990e-07 4.336300e-13
6.122730e-07 4.335700e-13
6.125480e-07 4.390300e-13
6.128220e-07 4.336200e-13
6.130960e-07 4.314300e-13
6.133710e-07 4.312800e-13
6.136450e-07 4.202100e-13
6.139190e-07 4.227500e-13
6.141940e-07 4.337200e-13
6.144680e-07 4.361500e-13
6.147420e-07 4.318200e-13
6.150170e-07 4.321700e-13
6.152910e-07 4.281300e-13
6.155650e-07 4.240400e-13
6.158400e-07 4.070600e-13
6.161140e-07 4.087300e-13
6.163880e-07 4.040000e-13
6.166630e-07 4.087100e-13
6.169370e-07 4.171100e-13
6.172110e-07 4.171700e-13
6.174860e-07 4.178900e-13
6.177600e-07 4.169800e-13
6.180340e-07 4.262000e-13
6.183090e-07 4.246500e-13
6.185830e-07 4.167200e-13
6.188570e-07 4.142000e-13
6.191320e-07 4.164000e-13
6.194060e-07 4.186200e-13
6.196800e-07 4.191700e-13
6.199550e-07 4.248300e-13
6.202290e-07 4.285700e-13
6.205030e-07 4.262300e-13
6.207780e-07 4.247000e-13
6.210520e-07 4.111900e-13
6.213260e-07 4.087600e-13
6.216010e-07 4.115800e-13
6.218750e-07 4.134400e-13
6.221490e-07 4.112600e-13
6.224240e-07 4.107000e-13
6.226980e-07 4.130100e-13
6.229720e-07 4.098200e-13
6.232470e-07 4.104300e-13
6.235210e-07 4.147000e-13
6.237950e-07 4.172300e-13
6.240700e-07 4.101000e-13
6.243440e-07 4.037300e-13
6.246180e-07 4.055000e-13
6.248930e-07 4.122700e-13
6.251670e-07 4.080400e-13
6.254410e-07 4.013400e-13
6.257160e-07 4.074800e-13
6.259900e-07 4.042400e-13
6.262640e-07 4.175800e-13
6.265390e-07 4.161400e-13
6.268130e-07 4.144700e-13
6.270870e-07 4.245700e-13
6.273620e-07 4.137500e-13
6.276360e-07 4.118200e-13
6.279100e-07 4.107800e-13
6.281850e-07 4.133500e-13
6.284590e-07 4.163500e-13
6.287330e-07 4.230000e-13
6.290080e-07 4.170100e-13
6.292820e-07 4.182100e-13
6.295560e-07 4.227400e-13
6.298310e-07 4.268400e-13
6.301050e-07 4.272600e-13
6.303790e-07 4.263000e-13
6.306540e-07 4.225400e-13
6.309280e-07 4.216300e-13
6.312020e-07 4.201900e-13
6.314770e-07 4.138000e-13
6.317510e-07 4.143500e-13
6.320250e-07 4.133600e-13
6.323000e-07 4.207500e-13
6.325740e-07 4.303000e-13
6.328480e-07 4.198100e-13
6.331230e-07 4.201400e-13
6.333970e-07 4.089700e-13
6.336710e-07 4.340500e-13
6.339460e-07 4.185400e-13
6.342200e-07 4.265100e-13
6.344940e-07 4.254100e-13
6.347690e-07 4.262900e-13
6.350430e-07 4.260500e-13
6.353170e-07 4.190400e-13
6.355920e-07 4.264200e-13
6.358660e-07 4.181800e-13
6.361400e-07 4.147400e-13
6.364150e-07 4.223800e-13
6.366890e-07 4.263800e-13
6.369630e-07 4.364100e-13
6.372380e-07 4.319000e-13
6.375120e-07 4.283900e-13
6.377860e-07 4.315200e-13
6.380610e-07 4.270300e-13
6.383350e-07 4.271800e-13
6.386090e-07 4.299900e-13
6.388840e-07 4.337100e-13
6.391580e-07 4.316200e-13
6.394320e-07 4.196900e-13
6.397070e-07 4.237600e-13
6.399810e-07 4.253500e-13
6.402550e-07 4.251500e-13
6.405300e-07 4.244300e-13
6.408040e-07 4.235700e-13
6.410780e-07 4.192300e-13
6.413530e-07 4.182500e-13
6.416270e-07 4.290900e-13
6.419010e-07 4.310600e-13
6.421760e-07 4.282800e-13
6.424500e-07 4.316600e-13
6.427240e-07 4.261100e-13
6.429990e-07 4.263400e-13
6.432730e-07 4.218400e-13
6.435470e-07 4.220200e-13
6.438220e-07 4.325400e-13
6.440960e-07 4.309100e-13
6.443700e-07 4.251400e-13
6.446450e-07 4.264800e-13
6.449190e-07 4.211800e-13
6.451930e-07 4.232100e-13
6.454680e-07 4.226500e-13
6.457420e-07 4.267400e-13
6.460160e-07 4.250300e-13
6.462910e-07 4.247800e-13
6.465650e-07 4.293700e-13
6.468390e-07 4.284300e-13
6.471140e-07 4.341700e-13
6.473880e-07 4.318700e-13
6.476620e-07 4.301100e-13
6.479370e-07 4.394000e-13
6.482110e-07 4.348800e-13
6.484850e-07 4.282000e-13
6.487600e-07 4.246700e-13
6.490340e-07 4.166300e-13
6.493080e-07 4.057500e-13
6.495830e-07 4.034000e-13
6.498570e-07 4.056900e-13
6.501310e-07 4.147100e-13
6.504060e-07 4.273600e-13
6.506800e-07 4.332300e-13
6.509540e-07 4.309300e-13
6.512290e-07 4.256600e-13
6.515030e-07 4.276800e-13
6.517770e-07 4.324700e-13
6.520520e-07 4.355100e-13
6.523260e-07 4.365700e-13
6.526000e-07 4.341100e-13
6.528750e-07 4.286500e-13
6.531490e-07 4.280700e-13
6.534230e-07 4.292700e-13
6.536980e-07 4.309400e-13
6.539720e-07 4.375100e-13
6.542460e-07 4.555200e-13
6.545210e-07 4.728800e-13
6.547950e-07 4.720300e-13
6.550690e-07 4.571400e-13
6.553440e-07 4.517800e-13
6.556180e-07 4.884700e-13
6.558920e-07 6.001800e-13
6.561670e-07 6.898200e-13
6.564410e-07 6.663500e-13
6.567150e-07 5.438200e-13
6.569900e-07 4.511100e-13
6.572640e-07 4.181900e-13
6.575380e-07 4.411500e-13
6.578130e-07 4.911500e-13
6.580870e-07 5.578300e-13
6.583610e-07 5.779900e-13
6.586360e-07 5.321900e-13
6.589100e-07 4.641000e-13
6.591840e-07 4.289900e-13
6.594590e-07 4.179500e-13
6.597330e-07 4.230500e-13
6.600070e-07 4.239400e-13
6.602820e-07 4.264000e-13
6.605560e-07 4.196800e-13
6.608300e-07 4.181500e-13
6.611050e-07 4.270700e-13
6.613790e-07 4.246800e-13
6.616530e-07 4.326700e-13
6.619280e-07 4.280100e-13
6.622020e-07 4.226500e-13
6.624770e-07 4.282400e-13
6.627510e-07 4.201100e-13
6.630250e-07 4.130200e-13
6.633000e-07 4.210900e-13
6.635740e-07 4.189200e-13
6.638480e-07 4.204900e-13
6.641230e-07 4.214500e-13
6.643970e-07 4.248300e-13
6.646710e-07 4.200400e-13
6.649460e-07 4.258700e-13
6.652200e-07 4.273300e-13
6.654940e-07 4.200700e-13
6.657690e-07 4.179200e-13
6.660430e-07 4.152300e-13
6.663170e-07 4.151600e-13
6.665920e-07 4.186100e-13
6.668660e-07 4.174400e-13
6.671400e-07 4.143900e-13
6.674150e-07 4.172400e-13
6.676890e-07 4.236200e-13
6.679630e-07 4.217000e-13
6.682380e-07 4.156300e-13
6.685120e-07 4.141100e-13
6.687860e-07 4.174600e-13
6.690610e-07 4.232200e-13
6.693350e-07 4.192500e-13
6.696090e-07 4.136200e-13
6.698840e-07 4.150700e-13
6.701580e-07 4.178300e-13
6.704320e-07 4.134000e-13
6.707070e-07 4.198300e-13
6.709810e-07 4.338500e-13
6.712550e-07 4.564100e-13
6.715300e-07 4.700600e-13
6.718040e-07 4.588800e-13
6.720780e-07 4.416200e-13
6.723530e-07 4.368400e-13
6.726270e-07 4.489100e-13
6.729010e-07 4.572200e-13
6.731760e-07 4.547300e-13
6.734500e-07 4.299100e-13
6.737240e-07 4.192600e-13
6.739990e-07 4.043100e-13
6.742730e-07 4.081200e-13
6.745470e-07 4.045400e-13
6.748220e-07 4.039300e-13
6.750960e-07 4.033600e-13
6.753700e-07 4.031500e-13
6.756450e-07 4.094900e-13
6.759190e-07 4.085500e-13
6.761930e-07 4.136300e-13
6.764680e-07 4.070200e-13
6.767420e-07 4.010300e-13
6.770160e-07 4.064800e-13
6.772910e-07 4.125400e-13
6.775650e-07 4.141900e-13
6.778390e-07 4.145600e-13
6.781140e-07 4.072500e-13
6.783880e-07 4.051200e-13
6.786620e-07 4.079800e-13
6.789370e-07 4.067900e-13
6.792110e-07 4.050800e-13
6.794850e-07 4.004600e-13
6.797600e-07 3.992200e-13
6.800340e-07 4.009000e-13
6.803080e-07 4.018300e-13
6.805830e-07 4.085900e-13
6.808570e-07 4.137600e-13
6.811310e-07 4.067600e-13
6.822570e-07 4.128800e-13
6.838300e-07 4.186400e-13
6.854060e-07 4.176900e-13
6.869860e-07 3.998200e-13
6.885700e-07 4.082100e-13
6.901570e-07 4.101100e-13
6.917480e-07 4.120200e-13
6.933430e-07 4.054400e-13
6.949410e-07 4.187400e-13
6.965430e-07 4.168300e-13
6.981490e-07 4.158900e-13
6.997580e-07 4.159000e-13
7.013710e-07 4.073900e-13
7.029880e-07 4.074000e-13
7.046090e-07 4.093000e-13
7.062330e-07 4.055600e-13
7.078610e-07 4.083900e-13
7.094930e-07 3.945400e-13
7.111280e-07 3.954600e-13
7.127680e-07 3.900500e-13
7.144110e-07 3.909600e-13
7.160580e-07 3.909800e-13
7.177090e-07 3.883000e-13
7.193630e-07 3.574200e-13
7.210210e-07 3.760100e-13
7.226830e-07 3.964700e-13
7.243500e-07 3.910500e-13
7.260190e-07 3.830400e-13
7.276930e-07 4.057500e-13
7.293700e-07 3.965300e-13
7.310520e-07 4.011400e-13
7.327370e-07 4.076700e-13
7.344260e-07 4.220100e-13
7.361190e-07 4.067600e-13
7.378160e-07 4.230200e-13
7.395170e-07 4.012100e-13
7.412220e-07 4.269600e-13
7.429300e-07 4.068300e-13
7.446430e-07 4.221100e-13
7.463600e-07 4.260300e-13
7.480800e-07 4.182700e-13
7.498040e-07 4.202200e-13
7.515330e-07 4.251000e-13
7.532660e-07 4.221900e-13
7.550020e-07 4.330400e-13
7.567430e-07 4.212500e-13
7.584870e-07 4.232100e-13
7.602350e-07 4.174200e-13
7.619880e-07 4.098200e-13
7.637450e-07 4.145800e-13
7.655050e-07 4.070300e-13
7.672700e-07 3.807500e-13
7.690390e-07 3.996300e-13
7.708110e-07 3.738300e-13
7.725880e-07 3.914700e-13
7.743690e-07 3.987600e-13
7.761540e-07 3.915000e-13
7.779440e-07 3.879200e-13
7.797370e-07 3.852700e-13
7.815350e-07 3.915400e-13
7.833360e-07 4.016000e-13
7.851420e-07 3.997700e-13
7.869520e-07 4.016400e-13
7.887660e-07 3.943200e-13
7.905840e-07 3.871400e-13
7.924070e-07 3.800900e-13
7.942330e-07 3.836200e-13
7.960640e-07 3.907700e-13
7.979000e-07 3.898900e-13
7.997390e-07 3.926000e-13
8.015820e-07 3.917200e-13
8.034300e-07 3.741000e-13
8.052820e-07 3.908500e-13
8.071390e-07 4.018200e-13
8.089990e-07 3.873000e-13
8.108640e-07 3.900000e-13
8.127330e-07 3.927200e-13
8.146070e-07 3.972800e-13
8.164850e-07 3.936600e-13
8.183670e-07 3.918600e-13
8.202530e-07 3.657200e-13
8.221440e-07 3.910000e-13
8.240400e-07 3.557900e-13
8.259390e-07 4.075800e-13
8.278430e-07 4.075900e-13
8.297520e-07 3.734600e-13
8.316640e-07 3.821800e-13
8.335810e-07 3.743500e-13
8.355030e-07 3.813300e-13
8.374290e-07 3.822200e-13
8.393600e-07 3.744000e-13
8.412950e-07 3.911600e-13
8.432340e-07 3.822700e-13
8.451780e-07 3.753100e-13
8.471260e-07 3.823100e-13
8.490790e-07 3.753500e-13
8.510360e-07 3.471000e-13
8.529980e-07 3.745100e-13
8.549650e-07 2.508900e-13
8.569360e-07 3.754100e-13
8.589110e-07 3.771600e-13
8.608910e-07 3.711500e-13
8.628750e-07 3.763300e-13
8.648650e-07 3.807000e-13
8.668580e-07 3.080400e-13
8.688570e-07 3.610900e-13
8.708590e-07 3.627800e-13
8.728670e-07 3.798900e-13
8.748790e-07 3.772900e-13
8.768960e-07 3.816800e-13
8.789170e-07 3.808200e-13
8.809440e-07 3.825900e-13
8.829740e-07 3.791000e-13
8.850100e-07 3.730600e-13
8.870500e-07 3.410300e-13
8.890950e-07 3.563000e-13
8.911440e-07 3.646200e-13
8.931990e-07 3.637900e-13
8.952580e-07 3.547100e-13
8.973220e-07 3.387600e-13
8.993900e-07 3.580300e-13
9.014640e-07 3.498900e-13
9.035420e-07 3.403700e-13
9.056240e-07 3.836800e-13
9.077120e-07 3.689700e-13
9.098050e-07 3.228600e-13
9.119020e-07 3.622700e-13
9.140040e-07 3.365500e-13
9.161110e-07 3.404700e-13
9.182230e-07 3.259100e-13
9.203390e-07 3.492300e-13
9.224610e-07 3.397300e-13
9.245880e-07 3.460600e-13
9.267190e-07 3.444900e-13
9.288560e-07 3.297600e-13
9.309970e-07 3.178500e-13
9.331430e-07 3.624400e-13
9.352940e-07 3.616300e-13
9.374500e-07 3.558600e-13
9.396110e-07 3.608300e-13
9.417770e-07 3.534400e-13
9.439480e-07 3.625300e-13
9.461240e-07 3.650600e-13
9.483050e-07 3.650800e-13
9.504910e-07 3.576100e-13
9.526820e-07 3.592700e-13
9.548780e-07 3.495000e-13
9.570800e-07 3.568400e-13
9.592860e-07 3.634900e-13
9.614970e-07 3.593400e-13
9.637140e-07 3.601900e-13
9.659360e-07 3.560800e-13
9.681620e-07 3.594000e-13
9.703940e-07 3.544800e-13
9.726310e-07 3.512500e-13
9.748730e-07 3.496500e-13
9.771200e-07 3.512900e-13
9.793730e-07 3.464800e-13
9.816310e-07 3.537600e-13
9.838930e-07 3.513400e-13
9.861610e-07 3.497400e-13
9.884350e-07 3.497600e-13
9.907140e-07 3.465700e-13
9.929970e-07 3.489900e-13
9.952870e-07 3.498100e-13
9.975810e-07 3.498300e-13
9.998800e-07 3.482400e-13
1.002185e-06 3.482600e-13
1.006812e-06 3.427200e-13
1.011459e-06 3.483300e-13
1.018469e-06 3.444000e-13
1.023171e-06 3.460200e-13
1.027893e-06 3.460600e-13
1.030263e-06 3.444800e-13
1.049417e-06 3.344700e-13
1.068928e-06 3.210200e-13
1.088800e-06 3.101200e-13
1.109042e-06 2.968400e-13
1.129661e-06 2.914200e-13
1.150662e-06 2.894200e-13
1.169359e-06 2.815300e-13
1.191100e-06 2.719700e-13
1.210454e-06 2.663900e-13
1.230122e-06 2.621400e-13
1.250110e-06 2.549900e-13
1.270422e-06 2.491900e-13
1.291065e-06 2.435200e-13
1.309026e-06 2.390700e-13
1.330295e-06 2.320200e-13
1.348802e-06 2.272600e-13
1.370718e-06 2.231100e-13
1.389787e-06 2.150400e-13
1.409121e-06 2.058400e-13
1.428724e-06 2.025500e-13
1.448599e-06 2.034800e-13
1.468752e-06 1.965700e-13
1.489182e-06 1.983900e-13
1.509899e-06 1.988500e-13
1.530904e-06 2.016200e-13
1.548631e-06 1.997700e-13
1.570175e-06 1.961200e-13
1.588358e-06 1.894600e-13
1.610454e-06 1.899000e-13
1.629101e-06 1.881600e-13
1.651764e-06 1.855800e-13
1.670891e-06 1.834500e-13
1.690239e-06 1.801000e-13
1.709812e-06 1.764100e-13
1.729609e-06 1.692500e-13
1.749637e-06 1.642600e-13
1.769898e-06 1.575900e-13
1.790393e-06 1.515400e-13
1.811123e-06 1.443900e-13
1.832095e-06 1.404500e-13
1.849048e-06 1.353700e-13
1.870458e-06 1.292800e-13
1.892117e-06 1.257600e-13
1.909625e-06 1.234600e-13
1.931738e-06 1.195400e-13
1.949611e-06 1.146900e-13
1.972187e-06 1.110500e-13
1.990436e-06 1.075300e-13
2.008852e-06 1.055700e-13
2.032114e-06 1.017500e-13
2.050918e-06 1.001200e-13
2.069894e-06 9.761700e-14
2.089047e-06 9.517600e-14
2.108375e-06 9.343900e-14
2.127885e-06 9.110200e-14
2.147575e-06 8.923300e-14
2.172441e-06 8.620400e-14
2.187501e-06 8.463000e-14
2.207740e-06 8.213500e-14
2.228169e-06 7.989600e-14
2.248787e-06 7.789800e-14
2.269593e-06 7.577500e-14
2.290594e-06 6.800300e-14
2.311787e-06 6.737900e-14
2.327813e-06 5.895600e-14
2.349353e-06 5.553000e-14
2.371090e-06 5.630200e-14
2.387527e-06 5.170400e-14
2.409617e-06 5.006400e-14
2.431914e-06 4.949100e-14
2.448770e-06 4.608100e-14
2.471429e-06 4.544900e-14
2.488559e-06 3.859500e-14
2.511587e-06 3.806500e-14
2.528995e-06 3.841700e-14
2.552396e-06 3.815300e-14
2.570087e-06 3.877300e-14
2.587904e-06 3.806500e-14
2.611851e-06 3.789000e-14
2.629954e-06 3.685800e-14
2.648182e-06 3.643600e-14
2.672687e-06 3.568800e-14
2.691215e-06 3.519900e-14
2.709868e-06 3.463600e-14
2.728650e-06 3.384700e-14
2.747566e-06 3.330600e-14
2.772987e-06 3.254800e-14
2.792210e-06 3.210200e-14
2.811564e-06 3.144300e-14
2.831054e-06 3.094000e-14
2.850677e-06 3.030600e-14
2.870438e-06 2.968400e-14
2.890334e-06 2.914200e-14
2.910370e-06 2.861100e-14
2.930543e-06 2.802400e-14
2.950858e-06 2.744900e-14
2.971311e-06 2.701000e-14
2.991909e-06 2.645600e-14
3.012646e-06 2.597300e-14
3.026551e-06 2.549900e-14
3.047532e-06 2.514900e-14
3.068655e-06 2.480400e-14
3.089927e-06 2.435200e-14
3.111344e-06 2.401700e-14
3.132913e-06 2.368800e-14
3.147373e-06 2.330900e-14
3.169188e-06 2.293600e-14
3.191157e-06 2.262200e-14
3.213276e-06 2.236300e-14
3.228110e-06 2.215800e-14
3.250485e-06 2.210700e-14
3.273015e-06 2.251800e-14
3.288124e-06 2.424000e-14
3.310915e-06 2.390700e-14
3.326196e-06 2.145500e-14
3.349254e-06 2.039500e-14
3.372469e-06 1.974800e-14
3.388038e-06 1.925400e-14
3.411521e-06 1.881600e-14
3.427267e-06 1.851500e-14
3.451025e-06 1.813500e-14
3.466953e-06 1.780400e-14
3.490987e-06 1.747900e-14
3.507100e-06 1.716000e-14
3.531408e-06 1.684700e-14
3.547711e-06 1.654000e-14
3.572301e-06 1.623800e-14
3.588792e-06 1.594100e-14
3.613667e-06 1.568600e-14
3.630346e-06 1.540000e-14
3.647105e-06 1.508400e-14
3.672384e-06 1.480900e-14
3.689334e-06 1.450500e-14
3.706366e-06 1.424100e-14
3.732055e-06 1.401300e-14
3.749280e-06 1.369400e-14
3.766589e-06 1.353700e-14
3.792696e-06 1.329000e-14
3.810201e-06 1.304700e-14
3.827791e-06 1.283900e-14
3.854322e-06 1.263400e-14
3.872116e-06 1.237400e-14
3.889987e-06 1.217700e-14
3.907942e-06 1.195400e-14
3.925978e-06 1.176300e-14
3.953194e-06 1.152200e-14
3.971440e-06 1.133800e-14
3.989774e-06 1.110500e-14
4.008189e-06 1.092800e-14
4.026689e-06 1.077800e-14
4.054603e-06 1.055700e-14
4.073317e-06 1.038800e-14
4.092117e-06 1.024500e-14
4.111004e-06 1.008200e-14
4.129982e-06 9.920300e-15
4.149044e-06 9.761700e-15
4.168194e-06 9.605600e-15
4.187437e-06 9.452000e-15
4.206763e-06 9.279500e-15
4.226180e-06 9.173300e-15
4.245690e-06 9.026600e-15
4.265286e-06 8.902800e-15
4.294849e-06 8.580800e-15
4.314677e-06 8.251400e-15
4.334591e-06 8.213500e-15
4.354597e-06 7.934600e-15
4.374700e-06 7.771900e-15
4.394892e-06 7.647600e-15
4.405022e-06 7.405000e-15
4.425353e-06 7.303400e-15
4.445783e-06 7.203200e-15
4.466302e-06 7.023100e-15
4.486916e-06 6.990800e-15
4.507631e-06 6.863200e-15
4.528435e-06 6.737900e-15
4.549336e-06 6.691500e-15
4.570333e-06 6.599700e-15
4.591433e-06 6.449500e-15
4.612624e-06 6.434700e-15
4.633914e-06 6.331800e-15
4.655306e-06 6.259300e-15
4.666037e-06 6.216200e-15
4.687573e-06 6.130900e-15
4.709208e-06 6.046800e-15
4.730949e-06 6.032900e-15
4.752784e-06 5.936400e-15
4.774721e-06 5.868500e-15
4.785732e-06 5.814700e-15
4.807820e-06 5.721700e-15
4.830010e-06 5.721700e-15
4.852303e-06 5.630200e-15
4.874704e-06 5.553000e-15
4.885940e-06 5.489400e-15
4.908491e-06 5.426600e-15
4.931146e-06 5.389200e-15
4.953911e-06 5.315300e-15
4.965330e-06 5.290900e-15
4.988248e-06 5.219200e-15
5.011276e-06 5.232100e-15
5.034405e-06 5.244600e-15
5.046010e-06 5.202600e-15
5.069300e-06 5.226400e-15
5.080985e-06 5.232200e-15
5.092703e-06 5.237900e-15
5.104441e-06 5.243400e-15
5.116208e-06 5.236900e-15
5.128001e-06 5.242200e-15
5.139821e-06 5.247500e-15
5.151669e-06 5.240700e-15
5.163549e-06 5.257900e-15
5.175452e-06 5.275000e-15
5.187382e-06 5.267800e-15
5.199339e-06 5.260500e-15
5.211323e-06 5.277400e-15
5.223336e-06 5.269900e-15
5.235376e-06 5.274500e-15
5.247450e-06 5.278900e-15
5.259546e-06 5.307700e-15
5.271669e-06 5.324300e-15
5.283821e-06 5.316300e-15
5.296001e-06 5.308200e-15
5.308208e-06 5.312300e-15
5.320450e-06 5.316200e-15
5.332714e-06 5.332400e-15
5.345006e-06 5.348500e-15
5.357327e-06 5.352200e-15
5.369676e-06 5.368300e-15
5.382053e-06 5.371800e-15
5.394459e-06 5.387700e-15
5.406900e-06 5.403600e-15
5.419363e-06 5.407000e-15
5.431855e-06 5.397800e-15
5.444376e-06 5.413400e-15
5.456926e-06 5.441600e-15
5.469504e-06 5.444600e-15
5.482112e-06 5.447600e-15
5.494755e-06 5.463100e-15
5.507420e-06 5.478500e-15
5.520115e-06 5.493900e-15
5.532840e-06 5.534700e-15
5.545593e-06 5.537300e-15
5.558376e-06 5.539800e-15
5.571195e-06 5.580700e-15
5.584036e-06 5.596000e-15
5.596908e-06 5.611300e-15
5.609809e-06 5.639500e-15
5.622741e-06 5.654700e-15
5.635701e-06 5.669900e-15
5.648692e-06 5.711200e-15
5.661719e-06 5.739600e-15
5.674770e-06 5.768100e-15
5.687850e-06 5.796600e-15
5.700961e-06 5.825200e-15
5.714102e-06 5.880800e-15
5.727273e-06 5.923300e-15
5.740482e-06 5.952300e-15
5.753714e-06 5.995100e-15
5.766977e-06 6.052100e-15
5.780270e-06 6.095500e-15
5.793594e-06 6.167500e-15
5.806949e-06 6.225800e-15
5.820334e-06 6.284700e-15
5.833757e-06 6.358700e-15
5.847204e-06 6.433500e-15
5.860682e-06 6.509000e-15
5.874191e-06 6.600600e-15
5.887732e-06 6.693400e-15
5.910163e-06 6.687100e-15
5.941074e-06 7.350600e-15
5.971984e-06 7.751000e-15
6.002894e-06 8.556800e-15
6.033805e-06 9.013500e-15
6.064715e-06 9.187600e-15
6.095625e-06 9.517100e-15
6.126537e-06 1.058100e-14
6.157446e-06 1.291800e-14
6.188356e-06 1.556900e-14
6.219267e-06 1.578900e-14
6.250177e-06 1.424700e-14
6.281088e-06 1.265900e-14
6.311998e-06 1.067400e-14
6.342909e-06 1.036500e-14
6.373820e-06 9.432800e-15
6.404729e-06 8.504600e-15
6.435639e-06 8.254300e-15
6.466551e-06 7.510300e-15
6.497460e-06 7.078200e-15
6.528371e-06 7.207400e-15
6.559282e-06 7.193300e-15
6.590191e-06 6.535700e-15
6.621102e-06 6.608100e-15
6.652013e-06 6.240800e-15
6.682923e-06 6.075000e-15
6.713833e-06 6.241000e-15
6.744744e-06 6.668900e-15
6.775654e-06 6.830100e-15
6.806565e-06 6.979000e-15
6.837475e-06 6.761000e-15
6.868386e-06 7.039200e-15
6.899297e-06 7.767800e-15
6.930206e-06 7.759100e-15
6.961117e-06 7.772500e-15
6.992027e-06 7.676100e-15
7.022937e-06 7.389200e-15
7.053848e-06 7.352000e-15
7.084759e-06 7.627400e-15
7.115669e-06 7.275700e-15
7.146580e-06 7.854400e-15
7.177489e-06 8.302900e-15
7.208401e-06 7.922600e-15
7.239310e-06 8.157200e-15
7.270220e-06 8.659500e-15
7.301132e-06 8.892200e-15
7.332042e-06 8.483000e-15
7.362952e-06 9.578700e-15
7.393863e-06 1.054000e-14
7.424773e-06 1.064400e-14
7.455683e-06 1.247700e-14
7.486593e-06 1.304800e-14
7.515481e-06 1.427600e-14
7.517504e-06 1.352700e-14
7.548415e-06 1.370100e-14
7.577424e-06 1.678900e-14
7.579325e-06 1.359200e-14
7.639368e-06 1.639500e-14
7.701312e-06 1.600800e-14
7.763256e-06 1.588400e-14
7.825200e-06 1.516900e-14
7.887145e-06 1.462100e-14
7.949088e-06 1.304300e-14
8.011032e-06 1.218800e-14
8.072977e-06 1.036500e-14
8.134920e-06 9.330600e-15
8.196864e-06 9.137900e-15
8.258808e-06 9.083900e-15
8.320752e-06 8.570800e-15
8.382697e-06 8.203400e-15
8.444640e-06 8.613600e-15
8.506585e-06 8.907800e-15
8.568528e-06 9.331200e-15
8.630473e-06 8.782400e-15
8.692416e-06 7.778400e-15
8.754361e-06 6.834200e-15
8.816305e-06 5.599900e-15
8.878248e-06 5.023800e-15
8.940192e-06 4.279300e-15
9.002136e-06 4.091100e-15
9.064080e-06 3.931100e-15
9.126025e-06 3.853700e-15
9.187968e-06 3.610400e-15
9.249913e-06 3.470000e-15
9.311857e-06 3.374400e-15
9.373801e-06 3.395200e-15
9.435744e-06 3.466700e-15
9.497688e-06 3.397800e-15
9.559633e-06 3.523300e-15
9.621576e-06 3.842800e-15
9.683520e-06 4.160500e-15
9.745465e-06 3.324900e-15
9.807409e-06 3.066800e-15
9.869353e-06 2.814400e-15
9.931297e-06 2.686100e-15
9.993237e-06 2.729900e-15
1.005519e-05 2.870300e-15
1.011713e-05 2.748600e-15
1.017908e-05 2.558200e-15
1.024102e-05 2.595500e-15
1.030296e-05 2.697500e-15
1.036491e-05 2.833900e-15
1.042684e-05 2.865900e-15
1.048879e-05 2.895800e-15
1.055073e-05 3.255700e-15
1.061268e-05 3.262200e-15
1.067462e-05 3.194900e-15
1.073656e-05 3.354400e-15
1.079851e-05 3.319200e-15
1.086045e-05 3.377500e-15
1.092240e-05 3.676800e-15
1.098434e-05 4.173700e-15
1.104629e-05 4.712900e-15
1.110823e-05 6.062500e-15
1.117017e-05 9.566400e-15
1.123212e-05 1.255500e-14
1.129406e-05 1.196700e-14
1.135601e-05 9.755100e-15
1.141795e-05 7.972400e-15
1.147990e-05 6.664400e-15
1.154184e-05 5.854500e-15
1.160378e-05 5.014200e-15
1.166573e-05 4.595000e-15
1.172767e-05 4.405800e-15
1.178962e-05 4.383800e-15
1.185156e-05 4.454200e-15
1.191351e-05 4.846900e-15
1.197545e-05 4.973300e-15
1.203739e-05 4.978900e-15
1.209934e-05 4.617800e-15
1.216128e-05 4.427900e-15
1.222323e-05 4.688000e-15
1.228517e-05 5.033700e-15
1.234711e-05 4.940800e-15
1.240906e-05 4.853200e-15
1.247100e-05 5.108800e-15
1.253295e-05 5.290000e-15
1.259489e-05 5.540400e-15
1.265684e-05 5.764200e-15
1.271878e-05 5.941700e-15
1.278072e-05 6.458800e-15
1.284267e-05 5.794300e-15
1.290461e-05 4.159100e-15
1.296656e-05 3.602800e-15
1.302850e-05 3.487000e-15
1.309043e-05 3.299400e-15
1.315239e-05 3.200900e-15
1.321433e-05 3.257200e-15
1.327628e-05 3.125400e-15
1.333821e-05 3.099300e-15
1.340016e-05 2.934700e-15
1.346210e-05 2.933500e-15
1.352405e-05 2.880900e-15
1.358600e-05 2.789900e-15
1.364793e-05 2.770500e-15
1.370988e-05 2.591900e-15
1.377182e-05 2.475400e-15
1.383377e-05 2.312900e-15
1.389571e-05 2.237300e-15
1.395765e-05 2.255200e-15
1.401960e-05 2.274000e-15
1.408154e-05 2.351800e-15
1.414349e-05 2.238100e-15
1.420543e-05 2.310200e-15
1.426738e-05 2.226400e-15
1.432932e-05 2.066000e-15
1.439126e-05 2.089600e-15
1.445321e-05 1.892700e-15
1.450651e-05 1.880100e-15
1.459798e-05 1.819200e-15
1.468946e-05 1.788300e-15
1.478093e-05 1.732400e-15
1.487239e-05 1.697800e-15
1.496386e-05 1.672700e-15
1.505534e-05 1.648200e-15
1.514681e-05 1.639400e-15
1.523828e-05 1.655700e-15
1.532976e-05 1.616200e-15
1.542122e-05 1.667200e-15
1.551269e-05 1.926400e-15
1.560416e-05 1.996700e-15
1.569564e-05 1.786100e-15
1.578711e-05 1.758500e-15
1.587857e-05 1.823700e-15
1.597005e-05 1.847800e-15
1.606152e-05 1.825400e-15
1.615299e-05 1.851200e-15
1.624447e-05 2.001200e-15
1.633593e-05 2.466000e-15
1.642740e-05 2.944200e-15
1.651887e-05 2.864200e-15
1.661035e-05 2.620300e-15
1.670182e-05 2.614700e-15
1.679329e-05 2.620800e-15
1.688475e-05 2.760100e-15
1.697623e-05 3.371200e-15
1.706770e-05 3.661700e-15
1.715917e-05 2.978600e-15
1.725065e-05 2.735000e-15
1.734212e-05 2.722200e-15
1.743358e-05 2.559300e-15
1.752506e-05 2.206900e-15
1.761653e-05 1.978200e-15
1.770800e-05 1.949100e-15
1.779947e-05 1.901900e-15
1.789094e-05 1.808600e-15
1.798241e-05 1.706000e-15
1.807388e-05 1.601700e-15
1.816536e-05 1.571400e-15
1.825683e-05 1.544700e-15
1.834829e-05 1.560800e-15
1.843977e-05 1.528800e-15
1.853124e-05 1.581100e-15
1.862271e-05 1.853600e-15
1.871418e-05 2.267600e-15
1.880566e-05 1.957300e-15
1.889712e-05 1.609400e-15
1.898859e-05 1.534800e-15
1.908007e-05 1.520700e-15
1.917154e-05 1.459500e-15
1.926301e-05 1.449000e-15
1.935448e-05 1.413300e-15
1.944595e-05 1.407800e-15
1.953742e-05 1.410900e-15
1.962889e-05 1.404700e-15
1.972037e-05 1.398600e-15
1.981184e-05 1.384300e-15
1.990331e-05 1.357400e-15
1.999477e-05 1.315600e-15
2.008625e-05 1.346900e-15
2.017772e-05 1.344400e-15
2.026919e-05 1.319500e-15
2.036067e-05 1.344200e-15
2.047041e-05 1.255700e-15
2.064651e-05 1.366100e-15
2.082273e-05 1.288800e-15
2.099903e-05 1.253100e-15
2.117544e-05 1.302300e-15
2.135195e-05 1.291200e-15
2.152857e-05 1.236500e-15
2.170528e-05 1.275500e-15
2.188210e-05 1.321800e-15
2.205903e-05 1.283500e-15
2.223606e-05 1.235700e-15
2.241319e-05 1.303500e-15
2.259042e-05 1.343900e-15
2.276776e-05 1.326200e-15
2.294520e-05 1.298400e-15
2.312274e-05 1.323800e-15
2.330039e-05 1.362300e-15
2.347814e-05 1.377200e-15
2.365599e-05 1.361700e-15
2.383396e-05 1.340300e-15
2.401203e-05 1.360000e-15
2.419020e-05 1.347800e-15
2.436848e-05 1.343300e-15
2.454685e-05 1.327200e-15
2.472535e-05 1.334200e-15
2.490394e-05 1.336600e-15
2.508263e-05 1.386200e-15
2.526144e-05 1.370900e-15
2.544036e-05 1.356100e-15
2.561937e-05 1.396900e-15
2.579850e-05 1.476100e-15
2.597773e-05 1.498400e-15
2.615708e-05 1.421700e-15
2.633652e-05 1.355500e-15
2.651608e-05 1.358900e-15
2.669574e-05 1.368400e-15
2.687550e-05 1.366500e-15
2.705539e-05 1.368200e-15
2.723537e-05 1.377700e-15
2.741547e-05 1.360800e-15
2.759567e-05 1.360900e-15
2.777598e-05 1.369400e-15
2.795641e-05 1.407900e-15
2.813694e-05 1.517400e-15
2.831758e-05 1.517200e-15
2.849833e-05 1.402700e-15
2.867919e-05 1.372000e-15
2.886016e-05 1.385200e-15
2.904124e-05 1.397900e-15
2.922244e-05 1.414400e-15
2.940374e-05 1.422700e-15
2.958515e-05 1.424500e-15
2.976667e-05 1.424700e-15
2.994832e-05 1.420000e-15
3.013005e-05 1.422100e-15
3.031191e-05 1.457800e-15
3.049388e-05 1.460100e-15
3.067597e-05 1.488600e-15
3.085816e-05 1.486100e-15
3.104047e-05 1.508500e-15
3.122289e-05 1.498600e-15
3.140542e-05 1.485100e-15
3.158807e-05 1.525800e-15
3.177083e-05 1.551300e-15
3.195370e-05 1.560500e-15
3.213669e-05 1.586100e-15
3.231980e-05 1.643900e-15
3.250301e-05 1.625200e-15
3.268633e-05 1.639500e-15
3.286978e-05 1.654300e-15
3.305335e-05 1.687600e-15
3.323702e-05 1.795100e-15
3.342080e-05 2.187200e-15
3.360471e-05 2.233700e-15
3.378873e-05 1.807600e-15
3.397287e-05 1.749500e-15
3.415713e-05 1.655800e-15
3.434149e-05 1.687500e-15
3.452598e-05 1.809100e-15
3.471059e-05 2.495700e-15
3.489531e-05 3.111300e-15
