1.000800e-08 6.965900e-21
1.019400e-08 9.953600e-21
1.040700e-08 1.300100e-20
1.060100e-08 1.721800e-20
1.079800e-08 2.328000e-20
1.099800e-08 3.531700e-20
1.141100e-08 5.675200e-20
1.181200e-08 8.550200e-20
1.208700e-08 3.380500e-19
1.251200e-08 4.666400e-19
1.268600e-08 5.333100e-19
1.280300e-08 5.780700e-19
1.310200e-08 6.902100e-19
1.319200e-08 8.336400e-19
1.340700e-08 9.310600e-19
1.368800e-08 1.258900e-18
1.400600e-08 1.468900e-18
1.430000e-08 4.415500e-18
1.470000e-08 1.210500e-17
1.511200e-08 1.399500e-17
1.550000e-08 1.629200e-17
1.589700e-08 1.892300e-17
1.619300e-08 2.098800e-17
1.660800e-08 2.443300e-17
1.699500e-08 2.773200e-17
1.731100e-08 3.054800e-17
1.771400e-08 3.435400e-17
1.800200e-08 3.749500e-17
1.821100e-08 3.971700e-17
1.859200e-08 4.435900e-17
1.911300e-08 5.058000e-17
1.937900e-08 5.495100e-17
1.978500e-08 6.039200e-17
2.019900e-08 6.667700e-17
2.048000e-08 7.161100e-17
2.100500e-08 7.638000e-17
2.159400e-08 9.077800e-17
2.199500e-08 9.885000e-17
2.230100e-08 1.037500e-16
2.271600e-08 1.129700e-16
2.297900e-08 1.766000e-16
2.340600e-08 3.133100e-16
2.400600e-08 4.008500e-16
2.462200e-08 3.990100e-16
2.519600e-08 4.415500e-16
2.572300e-08 3.881300e-16
2.602100e-08 4.528800e-16
2.638300e-08 4.863800e-16
2.687400e-08 5.011600e-16
2.737300e-08 5.152000e-16
2.788200e-08 5.284200e-16
2.840100e-08 5.419700e-16
2.899500e-08 5.333100e-16
2.960200e-08 5.584400e-16
3.008300e-08 5.662100e-16
3.078400e-08 5.888100e-16
3.179300e-08 6.237000e-16
3.283400e-08 6.456200e-16
3.383200e-08 6.606600e-16
3.478000e-08 6.729400e-16
3.567200e-08 6.854500e-16
3.658700e-08 6.982000e-16
3.752600e-08 7.062800e-16
3.848800e-08 6.933900e-16
3.947500e-08 7.194100e-16
4.048800e-08 7.277400e-16
4.143100e-08 7.294200e-16
4.220100e-08 7.277400e-16
4.298600e-08 7.277400e-16
4.408900e-08 7.311000e-16
4.511600e-08 7.244000e-16
4.595400e-08 7.227300e-16
4.702500e-08 7.194100e-16
4.800900e-08 7.194100e-16
4.901500e-08 7.079100e-16
5.004100e-08 7.095400e-16
5.062100e-08 7.030400e-16
5.120700e-08 7.210700e-16
5.203900e-08 7.161100e-16
5.300600e-08 7.062800e-16
5.399200e-08 6.886200e-16
5.499500e-08 6.823100e-16
5.601800e-08 6.870300e-16
5.705900e-08 6.886200e-16
5.798600e-08 6.744900e-16
5.906500e-08 6.744900e-16
6.002400e-08 6.561100e-16
6.100000e-08 5.901700e-16
6.199100e-08 6.561100e-16
6.299800e-08 6.441400e-16
6.402200e-08 6.426600e-16
6.506200e-08 6.338400e-16
6.581500e-08 6.237000e-16
6.642400e-08 6.280300e-16
6.750400e-08 6.222700e-16
6.844300e-08 6.011400e-16
6.955500e-08 6.123200e-16
7.052200e-08 5.888100e-16
7.166800e-08 6.025300e-16
7.266500e-08 5.970100e-16
7.350700e-08 5.929000e-16
7.452900e-08 5.874600e-16
7.556600e-08 5.820700e-16
7.644100e-08 5.407300e-16
7.750500e-08 5.754100e-16
7.858300e-08 5.662100e-16
7.949300e-08 5.675200e-16
8.041300e-08 5.662100e-16
8.153200e-08 5.623100e-16
8.247600e-08 5.649100e-16
8.343100e-08 5.187700e-16
8.459200e-08 5.533200e-16
8.557100e-08 5.482500e-16
8.656200e-08 5.495100e-16
8.756400e-08 5.533200e-16
8.857800e-08 5.571600e-16
8.939800e-08 5.584400e-16
9.043300e-08 5.507800e-16
9.148000e-08 6.998100e-16
9.253900e-08 2.259300e-15
9.339600e-08 4.425700e-15
9.447700e-08 7.924600e-15
9.557100e-08 1.101500e-14
9.645500e-08 1.233000e-14
9.757200e-08 2.500200e-15
9.847500e-08 1.044700e-14
9.938600e-08 1.109100e-14
1.005370e-07 1.610600e-14
1.014670e-07 1.555900e-14
1.024060e-07 6.870300e-15
1.035920e-07 1.099000e-14
1.045510e-07 2.089200e-14
1.055180e-07 2.051100e-14
1.064940e-07 1.618000e-14
1.074800e-07 1.927400e-14
1.084740e-07 1.513500e-14
1.094780e-07 2.027600e-14
1.104910e-07 1.949700e-14
1.115130e-07 1.870600e-14
1.125450e-07 1.678700e-14
1.135870e-07 2.142800e-14
1.143740e-07 1.945300e-14
1.154320e-07 2.074800e-14
1.165000e-07 2.137900e-14
1.175780e-07 1.475600e-14
1.183930e-07 2.074800e-14
1.194890e-07 1.419000e-14
1.205940e-07 1.020900e-14
1.214300e-07 6.870300e-15
1.225540e-07 1.406000e-14
1.234030e-07 2.137900e-14
1.245450e-07 2.360400e-14
1.254080e-07 2.248900e-14
1.265690e-07 1.923000e-14
1.274460e-07 2.511800e-14
1.286250e-07 2.636200e-14
1.295170e-07 2.070000e-14
1.304150e-07 2.036900e-14
1.316210e-07 2.576200e-14
1.325340e-07 2.460200e-14
1.334530e-07 2.167600e-14
1.343780e-07 2.600000e-14
1.356210e-07 2.517600e-14
1.365610e-07 2.238600e-14
1.375080e-07 2.360400e-14
1.384610e-07 2.382200e-14
1.394210e-07 2.074800e-14
1.403870e-07 2.152700e-14
1.413600e-07 2.197800e-14
1.423400e-07 2.264500e-14
1.436570e-07 2.243800e-14
1.443200e-07 2.376700e-14
1.446530e-07 2.420900e-14
1.456560e-07 2.344100e-14
1.466650e-07 2.157600e-14
1.473420e-07 2.147700e-14
1.483630e-07 2.192700e-14
1.493920e-07 2.233500e-14
1.504270e-07 2.108500e-14
1.511220e-07 1.870600e-14
1.518190e-07 2.009000e-14
1.525200e-07 1.940800e-14
1.535770e-07 1.682600e-14
1.546420e-07 1.862000e-14
1.553560e-07 1.753800e-14
1.564320e-07 1.782300e-14
1.575170e-07 1.905400e-14
1.586090e-07 2.004400e-14
1.593410e-07 2.046300e-14
1.604450e-07 2.004400e-14
1.615570e-07 2.009000e-14
1.626770e-07 1.892300e-14
1.634280e-07 2.018300e-14
1.645610e-07 2.051100e-14
1.653210e-07 1.883600e-14
1.664660e-07 2.070000e-14
1.672350e-07 1.828000e-14
1.676200e-07 2.079600e-14
1.683940e-07 2.177600e-14
1.695610e-07 2.032300e-14
1.703440e-07 1.949700e-14
1.715250e-07 1.849200e-14
1.723170e-07 1.840700e-14
1.735110e-07 1.967800e-14
1.743120e-07 1.918600e-14
1.755200e-07 2.055800e-14
1.763300e-07 1.866300e-14
1.775530e-07 1.923000e-14
1.783720e-07 1.958700e-14
1.796090e-07 2.103700e-14
1.804380e-07 2.074800e-14
1.816880e-07 1.914200e-14
1.825270e-07 1.954200e-14
1.833690e-07 1.870600e-14
1.846400e-07 1.709900e-14
1.854930e-07 1.725800e-14
1.863490e-07 1.786400e-14
1.876410e-07 1.931900e-14
1.885070e-07 1.782300e-14
1.893770e-07 1.717800e-14
1.906900e-07 1.811300e-14
1.915700e-07 1.749800e-14
1.924540e-07 1.713900e-14
1.933420e-07 1.737700e-14
1.946820e-07 1.849200e-14
1.955810e-07 1.737700e-14
1.964840e-07 1.909800e-14
1.973910e-07 1.949700e-14
1.983020e-07 1.857700e-14
1.996770e-07 1.807100e-14
2.005980e-07 1.849200e-14
2.015240e-07 1.786400e-14
2.024540e-07 1.849200e-14
2.033890e-07 1.782300e-14
2.043280e-07 1.866300e-14
2.052710e-07 1.778200e-14
2.066940e-07 1.782300e-14
2.071700e-07 1.914200e-14
2.076480e-07 1.976900e-14
2.086060e-07 2.118300e-14
2.095690e-07 1.990600e-14
2.105360e-07 1.981400e-14
2.115080e-07 2.041600e-14
2.124840e-07 2.022900e-14
2.134650e-07 1.874900e-14
2.144500e-07 2.018300e-14
2.154400e-07 2.074800e-14
2.164350e-07 1.963300e-14
2.174340e-07 1.954200e-14
2.184370e-07 2.036900e-14
2.194460e-07 2.098800e-14
2.204590e-07 2.041600e-14
2.214760e-07 1.849200e-14
2.224980e-07 1.866300e-14
2.235250e-07 2.123100e-14
2.245570e-07 2.022900e-14
2.255940e-07 1.819600e-14
2.266350e-07 1.819600e-14
2.276810e-07 1.905400e-14
2.287320e-07 2.113400e-14
2.292590e-07 1.914200e-14
2.303170e-07 2.035900e-14
2.313810e-07 1.863900e-14
2.324490e-07 1.469200e-14
2.335210e-07 1.609700e-14
2.345990e-07 1.450100e-14
2.356820e-07 1.782600e-14
2.367700e-07 1.467900e-14
2.373160e-07 1.590400e-14
2.384110e-07 1.355700e-14
2.395120e-07 1.488700e-14
2.406170e-07 1.437000e-14
2.417280e-07 1.517400e-14
2.422850e-07 1.840400e-14
2.434040e-07 1.801200e-14
2.445270e-07 1.996200e-14
2.456560e-07 2.031600e-14
2.462220e-07 1.890800e-14
2.473590e-07 1.767200e-14
2.485000e-07 1.559200e-14
2.496470e-07 1.575900e-14
2.502230e-07 1.969500e-14
2.513780e-07 1.425500e-14
2.519570e-07 1.392500e-14
2.525380e-07 1.366500e-14
2.537040e-07 1.567500e-14
2.542890e-07 1.581400e-14
2.554620e-07 2.126400e-14
2.566420e-07 1.820800e-14
2.572330e-07 2.099300e-14
2.584210e-07 1.971000e-14
2.596130e-07 1.863300e-14
2.602120e-07 1.718300e-14
2.614130e-07 1.639500e-14
2.626200e-07 1.906800e-14
2.632250e-07 2.588900e-14
2.644400e-07 3.211500e-14
2.656600e-07 4.076700e-14
2.662730e-07 2.851700e-14
2.675020e-07 3.167400e-14
2.687370e-07 3.501900e-14
2.693560e-07 2.793200e-14
2.706000e-07 3.256000e-14
2.712230e-07 2.585100e-14
2.724750e-07 2.249400e-14
2.737330e-07 2.646400e-14
2.743640e-07 1.809000e-14
2.756300e-07 2.143000e-14
2.762660e-07 2.563400e-14
2.775410e-07 2.712600e-14
2.781810e-07 1.982400e-14
2.794650e-07 1.266900e-14
2.807550e-07 1.416900e-14
2.814020e-07 2.495200e-14
2.827010e-07 3.278500e-14
2.833520e-07 3.129400e-14
2.846600e-07 2.512100e-14
2.853170e-07 1.840000e-14
2.866330e-07 3.201600e-14
2.872940e-07 4.000800e-14
2.886200e-07 3.678800e-14
2.892860e-07 4.300200e-14
2.912910e-07 5.569500e-14
2.933100e-07 4.933300e-14
2.946640e-07 4.620400e-14
2.967060e-07 4.841700e-14
2.987630e-07 4.901200e-14
3.008340e-07 4.961400e-14
3.029190e-07 5.222800e-14
3.050190e-07 5.397500e-14
3.071330e-07 5.814000e-14
3.092620e-07 5.724700e-14
3.106900e-07 6.490400e-14
3.128430e-07 6.074900e-14
3.150120e-07 6.078500e-14
3.171960e-07 6.592500e-14
3.186600e-07 5.761700e-14
3.208680e-07 6.350300e-14
3.230930e-07 5.408000e-14
3.253320e-07 7.349600e-14
3.268340e-07 8.486900e-14
3.290990e-07 8.317000e-14
3.313800e-07 7.855600e-14
3.321440e-07 7.532100e-14
3.329100e-07 8.291800e-14
3.336770e-07 8.305900e-14
3.344470e-07 7.782500e-14
3.352180e-07 7.258600e-14
3.359900e-07 8.083200e-14
3.367650e-07 8.096800e-14
3.375410e-07 6.040100e-14
3.383190e-07 6.543000e-14
3.390990e-07 8.213100e-14
3.398810e-07 8.039600e-14
3.406650e-07 8.259600e-14
3.414500e-07 8.103800e-14
3.422370e-07 9.045100e-14
3.430260e-07 8.377900e-14
3.438170e-07 8.567700e-14
3.446090e-07 5.842300e-14
3.454040e-07 8.304400e-14
3.462000e-07 6.887000e-14
3.469980e-07 7.758000e-14
3.477980e-07 6.783800e-14
3.486000e-07 7.712400e-14
3.494030e-07 6.806300e-14
3.502090e-07 8.682100e-14
3.510160e-07 8.596900e-14
3.518250e-07 7.657000e-14
3.526360e-07 6.914700e-14
3.534490e-07 8.501300e-14
3.542640e-07 9.665000e-14
3.550810e-07 9.330700e-14
3.558990e-07 8.642200e-14
3.567200e-07 8.041500e-14
3.575420e-07 7.063900e-14
3.583660e-07 5.831200e-14
3.591920e-07 6.115900e-14
3.600200e-07 9.619900e-14
3.608500e-07 7.796100e-14
3.610040e-07 7.160000e-14
3.612790e-07 5.618800e-14
3.615530e-07 8.412000e-14
3.618280e-07 7.223300e-14
3.621020e-07 8.795500e-14
3.623770e-07 9.272400e-14
3.626520e-07 1.158800e-13
3.629260e-07 9.023400e-14
3.632010e-07 7.578400e-14
3.634750e-07 9.123300e-14
3.637500e-07 8.988300e-14
3.640240e-07 9.309500e-14
3.642990e-07 9.728200e-14
3.645740e-07 9.136600e-14
3.648480e-07 8.363100e-14
3.651230e-07 7.332600e-14
3.653970e-07 7.745500e-14
3.656720e-07 8.652800e-14
3.659460e-07 9.760100e-14
3.662210e-07 1.135400e-13
3.664960e-07 1.016300e-13
3.667700e-07 8.303800e-14
3.670450e-07 1.077700e-13
3.673190e-07 1.016900e-13
3.675940e-07 9.870800e-14
3.678680e-07 1.125700e-13
3.681430e-07 9.262100e-14
3.684180e-07 8.183200e-14
3.686920e-07 1.048800e-13
3.689670e-07 9.556600e-14
3.692410e-07 8.239300e-14
3.695160e-07 1.103200e-13
3.697900e-07 9.554100e-14
3.700650e-07 9.859300e-14
3.703400e-07 7.311000e-14
3.706140e-07 9.563500e-14
3.708890e-07 7.774000e-14
3.711630e-07 8.857700e-14
3.714380e-07 1.032300e-13
3.717120e-07 8.093700e-14
3.719870e-07 8.580800e-14
3.722620e-07 1.161000e-13
3.725360e-07 1.253800e-13
3.728110e-07 1.621000e-13
3.730850e-07 1.514200e-13
3.733600e-07 1.096200e-13
3.736340e-07 1.218900e-13
3.739090e-07 9.520700e-14
3.741840e-07 1.039900e-13
3.744580e-07 7.445000e-14
3.747330e-07 9.716500e-14
3.750070e-07 9.415500e-14
3.752820e-07 7.537500e-14
3.755570e-07 1.123200e-13
3.758310e-07 1.093200e-13
3.761060e-07 1.083400e-13
3.763800e-07 9.707200e-14
3.766550e-07 9.033600e-14
3.769290e-07 9.814100e-14
3.772040e-07 9.875400e-14
3.774790e-07 9.732800e-14
3.777530e-07 1.281500e-13
3.780280e-07 1.091100e-13
3.783020e-07 1.083400e-13
3.785770e-07 1.125000e-13
3.788510e-07 1.252600e-13
3.791260e-07 1.235900e-13
3.794010e-07 1.104500e-13
3.796750e-07 1.066000e-13
3.799500e-07 8.139500e-14
3.802240e-07 1.093300e-13
3.804990e-07 1.185100e-13
3.807730e-07 1.137400e-13
3.810480e-07 1.394700e-13
3.813230e-07 1.249100e-13
3.815970e-07 1.108500e-13
3.818720e-07 1.287400e-13
3.821460e-07 1.320500e-13
3.824210e-07 1.176000e-13
3.826950e-07 1.020200e-13
3.829700e-07 8.360600e-14
3.832450e-07 8.471900e-14
3.835190e-07 8.690600e-14
3.837940e-07 7.401500e-14
3.840680e-07 8.114400e-14
3.843430e-07 9.802400e-14
3.846170e-07 1.126300e-13
3.848920e-07 1.119700e-13
3.851670e-07 1.145300e-13
3.854410e-07 1.150300e-13
3.857160e-07 1.139100e-13
3.859900e-07 1.311600e-13
3.862650e-07 1.481200e-13
3.865390e-07 1.342000e-13
3.868140e-07 1.431800e-13
3.870890e-07 1.416500e-13
3.873630e-07 1.306600e-13
3.876380e-07 1.297200e-13
3.879120e-07 1.315200e-13
3.881870e-07 1.219000e-13
3.884610e-07 1.070100e-13
3.887360e-07 1.197200e-13
3.890110e-07 1.156600e-13
3.892850e-07 1.309000e-13
3.895600e-07 1.257800e-13
3.898340e-07 1.160000e-13
3.901090e-07 1.242100e-13
3.903840e-07 1.342600e-13
3.906580e-07 1.358400e-13
3.909330e-07 1.202700e-13
3.912070e-07 1.411700e-13
3.914820e-07 1.604600e-13
3.917560e-07 1.564200e-13
3.920310e-07 1.480800e-13
3.923060e-07 1.342400e-13
3.925800e-07 1.147800e-13
3.928550e-07 1.043400e-13
3.931290e-07 9.216200e-14
3.934040e-07 7.400500e-14
3.936780e-07 8.498700e-14
3.939530e-07 1.004100e-13
3.942280e-07 1.198200e-13
3.945020e-07 1.130200e-13
3.947770e-07 1.180200e-13
3.950510e-07 1.349700e-13
3.953260e-07 1.326500e-13
3.956000e-07 1.378400e-13
3.958750e-07 1.289600e-13
3.961500e-07 1.171400e-13
3.964240e-07 9.837300e-14
3.966990e-07 8.895900e-14
3.969730e-07 9.589000e-14
3.972480e-07 8.040400e-14
3.975220e-07 1.066000e-13
3.977970e-07 1.289800e-13
3.980720e-07 1.447800e-13
3.983460e-07 1.464700e-13
3.986210e-07 1.505400e-13
3.988950e-07 1.600500e-13
3.991700e-07 1.754100e-13
3.994440e-07 1.695900e-13
3.997190e-07 1.789100e-13
3.999940e-07 1.694900e-13
4.002680e-07 1.716000e-13
4.005430e-07 1.657700e-13
4.008170e-07 1.745300e-13
4.010920e-07 1.786700e-13
4.013660e-07 1.761800e-13
4.016410e-07 1.747500e-13
4.019160e-07 1.766900e-13
4.021900e-07 1.837800e-13
4.024650e-07 1.864100e-13
4.027390e-07 1.830600e-13
4.030140e-07 1.790500e-13
4.032880e-07 1.613300e-13
4.035630e-07 1.657600e-13
4.038380e-07 1.680700e-13
4.041120e-07 1.725000e-13
4.043870e-07 1.732900e-13
4.046610e-07 1.787000e-13
4.049360e-07 1.716700e-13
4.052110e-07 1.799400e-13
4.054850e-07 1.768400e-13
4.057600e-07 1.833400e-13
4.060340e-07 1.748100e-13
4.063090e-07 1.671000e-13
4.065830e-07 1.787700e-13
4.068580e-07 1.623000e-13
4.071330e-07 1.628200e-13
4.074070e-07 1.634400e-13
4.076820e-07 1.687900e-13
4.079560e-07 1.654100e-13
4.082310e-07 1.686900e-13
4.085050e-07 1.865900e-13
4.087800e-07 1.868100e-13
4.090550e-07 1.695700e-13
4.093290e-07 1.666900e-13
4.096040e-07 1.551900e-13
4.098780e-07 1.346900e-13
4.101530e-07 1.369400e-13
4.104270e-07 1.545900e-13
4.107020e-07 1.505300e-13
4.109770e-07 1.590700e-13
4.112510e-07 1.615100e-13
4.115260e-07 1.630400e-13
4.118000e-07 1.807900e-13
4.120750e-07 1.637800e-13
4.123490e-07 1.868800e-13
4.126240e-07 1.779000e-13
4.128990e-07 1.925900e-13
4.131730e-07 1.804600e-13
4.134480e-07 1.768500e-13
4.137220e-07 1.798600e-13
4.139970e-07 1.799300e-13
4.142710e-07 1.919300e-13
4.145460e-07 1.854700e-13
4.148210e-07 1.924700e-13
4.150950e-07 1.949000e-13
4.153700e-07 1.930300e-13
4.156440e-07 1.947300e-13
4.159190e-07 1.944700e-13
4.161930e-07 1.917100e-13
4.164680e-07 1.870600e-13
4.167430e-07 2.002100e-13
4.170170e-07 1.853600e-13
4.172920e-07 1.884200e-13
4.175660e-07 1.726800e-13
4.178410e-07 1.802800e-13
4.181160e-07 1.829500e-13
4.183900e-07 1.874200e-13
4.186650e-07 1.837200e-13
4.189390e-07 1.760600e-13
4.192140e-07 1.879400e-13
4.194880e-07 1.924300e-13
4.197630e-07 1.797900e-13
4.200380e-07 1.797500e-13
4.203120e-07 1.913100e-13
4.205870e-07 1.897500e-13
4.208610e-07 1.907200e-13
4.211360e-07 2.005500e-13
4.214100e-07 1.990800e-13
4.216850e-07 2.025200e-13
4.219600e-07 1.988100e-13
4.222340e-07 2.017400e-13
4.225090e-07 1.845900e-13
4.227830e-07 1.768400e-13
4.230580e-07 1.825100e-13
4.233320e-07 1.875500e-13
4.236070e-07 1.905800e-13
4.238820e-07 1.968500e-13
4.241560e-07 1.982200e-13
4.244310e-07 1.919200e-13
4.247050e-07 1.915900e-13
4.249800e-07 1.924900e-13
4.252540e-07 1.914700e-13
4.255290e-07 1.937700e-13
4.258040e-07 1.984200e-13
4.260780e-07 1.916000e-13
4.263530e-07 2.023000e-13
4.266270e-07 2.032400e-13
4.269020e-07 1.894500e-13
4.271760e-07 1.914000e-13
4.274510e-07 1.906000e-13
4.277260e-07 1.846200e-13
4.280000e-07 1.953700e-13
4.282750e-07 1.966000e-13
4.285490e-07 1.864900e-13
4.288240e-07 1.810800e-13
4.290980e-07 1.731100e-13
4.293730e-07 1.757100e-13
4.296480e-07 1.743800e-13
4.299220e-07 1.694400e-13
4.301970e-07 1.662400e-13
4.304710e-07 1.564600e-13
4.307460e-07 1.530400e-13
4.310210e-07 1.601600e-13
4.312950e-07 1.784600e-13
4.315700e-07 1.981700e-13
4.318440e-07 2.074800e-13
4.321190e-07 2.029600e-13
4.323930e-07 1.933600e-13
4.326680e-07 1.964700e-13
4.329430e-07 2.034800e-13
4.332170e-07 1.976800e-13
4.334920e-07 1.927600e-13
4.337660e-07 1.830000e-13
4.340410e-07 1.723200e-13
4.343150e-07 1.735500e-13
4.345900e-07 1.777500e-13
4.348650e-07 1.858100e-13
4.351390e-07 1.938800e-13
4.354140e-07 2.017800e-13
4.356880e-07 2.034300e-13
4.359630e-07 2.099500e-13
4.362370e-07 2.203500e-13
4.365120e-07 2.213000e-13
4.367870e-07 2.223400e-13
4.370610e-07 2.227400e-13
4.373360e-07 2.164900e-13
4.376100e-07 2.098100e-13
4.378850e-07 2.058600e-13
4.381590e-07 1.980400e-13
4.384340e-07 1.933800e-13
4.387090e-07 1.957500e-13
4.389830e-07 1.911600e-13
4.392580e-07 2.071100e-13
4.395320e-07 2.113500e-13
4.398070e-07 2.113100e-13
4.400810e-07 2.143100e-13
4.403560e-07 2.114300e-13
4.406310e-07 2.079000e-13
4.409050e-07 2.097100e-13
4.411800e-07 2.121500e-13
4.414540e-07 2.084800e-13
4.417290e-07 2.076800e-13
4.420030e-07 2.108500e-13
4.422780e-07 2.195100e-13
4.425530e-07 2.191700e-13
4.428270e-07 2.188100e-13
4.431020e-07 2.179300e-13
4.433760e-07 2.163700e-13
4.436510e-07 2.260400e-13
4.439250e-07 2.290500e-13
4.442000e-07 2.207500e-13
4.444750e-07 2.158900e-13
4.447490e-07 2.267900e-13
4.450240e-07 2.252600e-13
4.452980e-07 2.210100e-13
4.455730e-07 2.275000e-13
4.458480e-07 2.163000e-13
4.461220e-07 2.152500e-13
4.463970e-07 2.170500e-13
4.466710e-07 2.159300e-13
4.469460e-07 2.260200e-13
4.472200e-07 2.346200e-13
4.474950e-07 2.466500e-13
4.477700e-07 2.427100e-13
4.480440e-07 2.360200e-13
4.483190e-07 2.426400e-13
4.485930e-07 2.360200e-13
4.488680e-07 2.352100e-13
4.491420e-07 2.371300e-13
4.494170e-07 2.375000e-13
4.496920e-07 2.454200e-13
4.499660e-07 2.466400e-13
4.502410e-07 2.491000e-13
4.505150e-07 2.459200e-13
4.507900e-07 2.604100e-13
4.510640e-07 2.569200e-13
4.513390e-07 2.540100e-13
4.516140e-07 2.513400e-13
4.518880e-07 2.548200e-13
4.521630e-07 2.484800e-13
4.524370e-07 2.363900e-13
4.527120e-07 2.247100e-13
4.529860e-07 2.202400e-13
4.532610e-07 2.236800e-13
4.535360e-07 2.297700e-13
4.538100e-07 2.374500e-13
4.540850e-07 2.481100e-13
4.543590e-07 2.457500e-13
4.546340e-07 2.488600e-13
4.549080e-07 2.466400e-13
4.551830e-07 2.434100e-13
4.554580e-07 2.377000e-13
4.557320e-07 2.488700e-13
4.560070e-07 2.496700e-13
4.562810e-07 2.521600e-13
4.565560e-07 2.548600e-13
4.568300e-07 2.529200e-13
4.571050e-07 2.559100e-13
4.573800e-07 2.612900e-13
4.576540e-07 2.495900e-13
4.579290e-07 2.540000e-13
4.582030e-07 2.551200e-13
4.584780e-07 2.420400e-13
4.587520e-07 2.460500e-13
4.590270e-07 2.536100e-13
4.593020e-07 2.577800e-13
4.595760e-07 2.518400e-13
4.598510e-07 2.522100e-13
4.601250e-07 2.417200e-13
4.604000e-07 2.526300e-13
4.606750e-07 2.581500e-13
4.609490e-07 2.693500e-13
4.612240e-07 2.665300e-13
4.614980e-07 2.640700e-13
4.617730e-07 2.696900e-13
4.620470e-07 2.620500e-13
4.623220e-07 2.628000e-13
4.625970e-07 2.627600e-13
4.628710e-07 2.628800e-13
4.631460e-07 2.657100e-13
4.634200e-07 2.635400e-13
4.636950e-07 2.592500e-13
4.639690e-07 2.514600e-13
4.642440e-07 2.507100e-13
4.645190e-07 2.563500e-13
4.647930e-07 2.502700e-13
4.650680e-07 2.438400e-13
4.653420e-07 2.497800e-13
4.656170e-07 2.565900e-13
4.658910e-07 2.567900e-13
4.661660e-07 2.532900e-13
4.664410e-07 2.516600e-13
4.667150e-07 2.552700e-13
4.669900e-07 2.447200e-13
4.672640e-07 2.446400e-13
4.675390e-07 2.614600e-13
4.678130e-07 2.512300e-13
4.680880e-07 2.559800e-13
4.683630e-07 2.622700e-13
4.686370e-07 2.565200e-13
4.689120e-07 2.553400e-13
4.691860e-07 2.552200e-13
4.694610e-07 2.623200e-13
4.697350e-07 2.562800e-13
4.700100e-07 2.476800e-13
4.702850e-07 2.413700e-13
4.705590e-07 2.334900e-13
4.708340e-07 2.373800e-13
4.711080e-07 2.499600e-13
4.713830e-07 2.481900e-13
4.716570e-07 2.585600e-13
4.719320e-07 2.714800e-13
4.722070e-07 2.649300e-13
4.724810e-07 2.700600e-13
4.727560e-07 2.679600e-13
4.730300e-07 2.573300e-13
4.733050e-07 2.465800e-13
4.735790e-07 2.553600e-13
4.738540e-07 2.515000e-13
4.741290e-07 2.640900e-13
4.744030e-07 2.601300e-13
4.746780e-07 2.711100e-13
4.749520e-07 2.692500e-13
4.752270e-07 2.654700e-13
4.755020e-07 2.612200e-13
4.757760e-07 2.546900e-13
4.760510e-07 2.600500e-13
4.763250e-07 2.606100e-13
4.766000e-07 2.519200e-13
4.768740e-07 2.527400e-13
4.771490e-07 2.597600e-13
4.774240e-07 2.691100e-13
4.776980e-07 2.677300e-13
4.779730e-07 2.665700e-13
4.782470e-07 2.751600e-13
4.785220e-07 2.645900e-13
4.787960e-07 2.676700e-13
4.790710e-07 2.695100e-13
4.793460e-07 2.643600e-13
4.796200e-07 2.699400e-13
4.798950e-07 2.675400e-13
4.801690e-07 2.702800e-13
4.804440e-07 2.728700e-13
4.807180e-07 2.756800e-13
4.809930e-07 2.709600e-13
4.812680e-07 2.779400e-13
4.815420e-07 2.759300e-13
4.818170e-07 2.775300e-13
4.820910e-07 2.743200e-13
4.823660e-07 2.758300e-13
4.826400e-07 2.708100e-13
4.829150e-07 2.710900e-13
4.831900e-07 2.653800e-13
4.834640e-07 2.635500e-13
4.837390e-07 2.664000e-13
4.840130e-07 2.617700e-13
4.842880e-07 2.682100e-13
4.845620e-07 2.717400e-13
4.848370e-07 2.683600e-13
4.851120e-07 2.555600e-13
4.853860e-07 2.538300e-13
4.856610e-07 2.572100e-13
4.859350e-07 2.484700e-13
4.862100e-07 2.321900e-13
4.864840e-07 2.270800e-13
4.867590e-07 2.307900e-13
4.870340e-07 2.313800e-13
4.873080e-07 2.419300e-13
4.875830e-07 2.515200e-13
4.878570e-07 2.548400e-13
4.881320e-07 2.661500e-13
4.884060e-07 2.715200e-13
4.886810e-07 2.648900e-13
4.889560e-07 2.532600e-13
4.892300e-07 2.589200e-13
4.895050e-07 2.717200e-13
4.897790e-07 2.748400e-13
4.900540e-07 2.828200e-13
4.903290e-07 2.926500e-13
4.906030e-07 2.897300e-13
4.908780e-07 2.823300e-13
4.911520e-07 2.812900e-13
4.914270e-07 2.736800e-13
4.917010e-07 2.653800e-13
4.919760e-07 2.718100e-13
4.922510e-07 2.619000e-13
4.925250e-07 2.588500e-13
4.928000e-07 2.800700e-13
4.930740e-07 2.820500e-13
4.933490e-07 2.818400e-13
4.936230e-07 2.716600e-13
4.938980e-07 2.693100e-13
4.941730e-07 2.837900e-13
4.944470e-07 2.858300e-13
4.947220e-07 2.835000e-13
4.949960e-07 2.925500e-13
4.952710e-07 2.979400e-13
4.955450e-07 2.935400e-13
4.958200e-07 2.908700e-13
4.960950e-07 2.945500e-13
4.963690e-07 2.949400e-13
4.966440e-07 2.763400e-13
4.969180e-07 2.762300e-13
4.971930e-07 2.889800e-13
4.974670e-07 2.824800e-13
4.977420e-07 2.808300e-13
4.980170e-07 2.791900e-13
4.982910e-07 2.574400e-13
4.985660e-07 2.630200e-13
4.988400e-07 2.663900e-13
4.991150e-07 2.696400e-13
4.993890e-07 2.718900e-13
4.996640e-07 2.817800e-13
4.999390e-07 2.796300e-13
5.002130e-07 2.841700e-13
5.004880e-07 2.925800e-13
5.007620e-07 2.818200e-13
5.010370e-07 2.843700e-13
5.013110e-07 2.797900e-13
5.015860e-07 2.719400e-13
5.018610e-07 2.496100e-13
5.021350e-07 2.612100e-13
5.024100e-07 2.647200e-13
5.026840e-07 2.638700e-13
5.029590e-07 2.875100e-13
5.032330e-07 2.767800e-13
5.035080e-07 2.720000e-13
5.037830e-07 2.749000e-13
5.040570e-07 2.724400e-13
5.043320e-07 2.635400e-13
5.046060e-07 2.699300e-13
5.048810e-07 2.773100e-13
5.051560e-07 2.678100e-13
5.054300e-07 2.738200e-13
5.057050e-07 2.846800e-13
5.059790e-07 2.868400e-13
5.062540e-07 2.875800e-13
5.065280e-07 2.848000e-13
5.068030e-07 2.924100e-13
5.070780e-07 2.707000e-13
5.073520e-07 2.792700e-13
5.076270e-07 2.726100e-13
5.079010e-07 2.711500e-13
5.081760e-07 2.710300e-13
5.084500e-07 2.684500e-13
5.087250e-07 2.747700e-13
5.090000e-07 2.868300e-13
5.092740e-07 2.816500e-13
5.095490e-07 2.829900e-13
5.098230e-07 2.861900e-13
5.100980e-07 2.747700e-13
5.103720e-07 2.805100e-13
5.106470e-07 2.757500e-13
5.109220e-07 2.774600e-13
5.111960e-07 2.714000e-13
5.114710e-07 2.845700e-13
5.117450e-07 2.872200e-13
5.120200e-07 2.923500e-13
5.122940e-07 2.845600e-13
5.125690e-07 2.653900e-13
5.128440e-07 2.693500e-13
5.131180e-07 2.764100e-13
5.133930e-07 2.760300e-13
5.136670e-07 2.781900e-13
5.139420e-07 2.664800e-13
5.142160e-07 2.729500e-13
5.144910e-07 2.653500e-13
5.147660e-07 2.669700e-13
5.150400e-07 2.717200e-13
5.153150e-07 2.746400e-13
5.155890e-07 2.777600e-13
5.158640e-07 2.755100e-13
5.161380e-07 2.820600e-13
5.164130e-07 2.793500e-13
5.166880e-07 2.706900e-13
5.169620e-07 2.464500e-13
5.172370e-07 2.313300e-13
5.175110e-07 2.450500e-13
5.177860e-07 2.596700e-13
5.180610e-07 2.633000e-13
5.183350e-07 2.578600e-13
5.186100e-07 2.503600e-13
5.188840e-07 2.610100e-13
5.191590e-07 2.672800e-13
5.194330e-07 2.715500e-13
5.197080e-07 2.672400e-13
5.199830e-07 2.795600e-13
5.202570e-07 2.820700e-13
5.205320e-07 2.837000e-13
5.208060e-07 2.724100e-13
5.210810e-07 2.783300e-13
5.213550e-07 2.807800e-13
5.216300e-07 2.834800e-13
5.219050e-07 2.934300e-13
5.221790e-07 2.895700e-13
5.224540e-07 2.933400e-13
5.227280e-07 2.856400e-13
5.230030e-07 2.887700e-13
5.232770e-07 2.837500e-13
5.235520e-07 2.916200e-13
5.238270e-07 2.912700e-13
5.241010e-07 3.031000e-13
5.243760e-07 3.095200e-13
5.246500e-07 3.040500e-13
5.249250e-07 2.992700e-13
5.251990e-07 2.946100e-13
5.254740e-07 2.872700e-13
5.257490e-07 2.972100e-13
5.260230e-07 2.970300e-13
5.262980e-07 2.902000e-13
5.265720e-07 2.791200e-13
5.268470e-07 2.649600e-13
5.271210e-07 2.765200e-13
5.273960e-07 2.750200e-13
5.276710e-07 2.862300e-13
5.279450e-07 2.946200e-13
5.282200e-07 3.031800e-13
5.284940e-07 3.023800e-13
5.287690e-07 3.077300e-13
5.290430e-07 3.141900e-13
5.293180e-07 3.141500e-13
5.295930e-07 3.158200e-13
5.298670e-07 3.103500e-13
5.301420e-07 3.044600e-13
5.304160e-07 3.051600e-13
5.306910e-07 3.162400e-13
5.309650e-07 3.165300e-13
5.312400e-07 3.158100e-13
5.315150e-07 3.187800e-13
5.317890e-07 3.243900e-13
5.320640e-07 3.230800e-13
5.323380e-07 3.056800e-13
5.326130e-07 3.077700e-13
5.328880e-07 2.954500e-13
5.331620e-07 2.925000e-13
5.334370e-07 2.946800e-13
5.337110e-07 3.034800e-13
5.339860e-07 3.086500e-13
5.342600e-07 3.045500e-13
5.345350e-07 3.052800e-13
5.348100e-07 3.143000e-13
5.350840e-07 3.185000e-13
5.353590e-07 3.241100e-13
5.356330e-07 3.302400e-13
5.359080e-07 3.336200e-13
5.361820e-07 3.325500e-13
5.364570e-07 3.297200e-13
5.367320e-07 3.230800e-13
5.370060e-07 3.167700e-13
5.372810e-07 3.117700e-13
5.375550e-07 3.107200e-13
5.378300e-07 3.222000e-13
5.381040e-07 3.246900e-13
5.383790e-07 3.208500e-13
5.386540e-07 3.205600e-13
5.389280e-07 3.154000e-13
5.392030e-07 3.131800e-13
5.394770e-07 3.129400e-13
5.397520e-07 3.106000e-13
5.400260e-07 3.030500e-13
5.403010e-07 3.013500e-13
5.405760e-07 3.024300e-13
5.408500e-07 3.020500e-13
5.411250e-07 3.007900e-13
5.413990e-07 3.052500e-13
5.416740e-07 3.128400e-13
5.419480e-07 3.227400e-13
5.422230e-07 3.178700e-13
5.424980e-07 3.135300e-13
5.427720e-07 3.180500e-13
5.430470e-07 3.211600e-13
5.433210e-07 3.109000e-13
5.435960e-07 3.071300e-13
5.438700e-07 3.129800e-13
5.441450e-07 3.169700e-13
5.444200e-07 3.235500e-13
5.446940e-07 3.205900e-13
5.449690e-07 3.202700e-13
5.452430e-07 3.176700e-13
5.455180e-07 3.132300e-13
5.457920e-07 3.112900e-13
5.460670e-07 3.114300e-13
5.463420e-07 3.207600e-13
5.466160e-07 3.189300e-13
5.468910e-07 3.184700e-13
5.471650e-07 3.189900e-13
5.474400e-07 3.189000e-13
5.477150e-07 3.168800e-13
5.479890e-07 3.121100e-13
5.482640e-07 3.068200e-13
5.485380e-07 3.114800e-13
5.488130e-07 3.234500e-13
5.490870e-07 3.230700e-13
5.493620e-07 3.228200e-13
5.496370e-07 3.178100e-13
5.499110e-07 3.147500e-13
5.501860e-07 3.223600e-13
5.504600e-07 3.191800e-13
5.507350e-07 3.123500e-13
5.510090e-07 3.108800e-13
5.512840e-07 3.114200e-13
5.515590e-07 3.154000e-13
5.518330e-07 3.148500e-13
5.521080e-07 3.256500e-13
5.523820e-07 3.309200e-13
5.526570e-07 3.216200e-13
5.529310e-07 3.170900e-13
5.532060e-07 3.153600e-13
5.534810e-07 3.159100e-13
5.537550e-07 3.218700e-13
5.540300e-07 3.129700e-13
5.543040e-07 3.293300e-13
5.545790e-07 3.250700e-13
5.548530e-07 3.302500e-13
5.551280e-07 3.167300e-13
5.554030e-07 3.220100e-13
5.556770e-07 3.294900e-13
5.559520e-07 3.252300e-13
5.562260e-07 3.169000e-13
5.565010e-07 3.233500e-13
5.567750e-07 3.358000e-13
5.570500e-07 3.101400e-13
5.573250e-07 3.184600e-13
5.575990e-07 3.242100e-13
5.578740e-07 3.226200e-13
5.581480e-07 3.154700e-13
5.584230e-07 3.186500e-13
5.586970e-07 3.120500e-13
5.589720e-07 3.257900e-13
5.592470e-07 3.038600e-13
5.595210e-07 3.150500e-13
5.597960e-07 3.209700e-13
5.600700e-07 3.340900e-13
5.603450e-07 3.314600e-13
5.606190e-07 3.257500e-13
5.608940e-07 3.294100e-13
5.611690e-07 3.350000e-13
5.614430e-07 3.347200e-13
5.617180e-07 3.338500e-13
5.619920e-07 3.310600e-13
5.622670e-07 3.235500e-13
5.625420e-07 3.291800e-13
5.628160e-07 3.286100e-13
5.630910e-07 3.322100e-13
5.633650e-07 3.329500e-13
5.636400e-07 3.306700e-13
5.639140e-07 3.304400e-13
5.641890e-07 3.308600e-13
5.644640e-07 3.325500e-13
5.647380e-07 3.252900e-13
5.650130e-07 3.316700e-13
5.652870e-07 3.281100e-13
5.655620e-07 3.286900e-13
5.658360e-07 3.316200e-13
5.661110e-07 3.250800e-13
5.663860e-07 3.173000e-13
5.666600e-07 3.202100e-13
5.669350e-07 3.311500e-13
5.672090e-07 3.307300e-13
5.674840e-07 3.335900e-13
5.677580e-07 3.364300e-13
5.680330e-07 3.352000e-13
5.683080e-07 3.282000e-13
5.685820e-07 3.311100e-13
5.688570e-07 3.245500e-13
5.691310e-07 3.276800e-13
5.694060e-07 3.386700e-13
5.696800e-07 3.446100e-13
5.699550e-07 3.387900e-13
5.702300e-07 3.289500e-13
5.705040e-07 3.228400e-13
5.707790e-07 3.216500e-13
5.710530e-07 3.217000e-13
5.713280e-07 3.237800e-13
5.716020e-07 3.290000e-13
5.718770e-07 3.423100e-13
5.721520e-07 3.362900e-13
5.724260e-07 3.392200e-13
5.727010e-07 3.487900e-13
5.729750e-07 3.399400e-13
5.732500e-07 3.461600e-13
5.735240e-07 3.507900e-13
5.737990e-07 3.444800e-13
5.740740e-07 3.452600e-13
5.743480e-07 3.452200e-13
5.746230e-07 3.431000e-13
5.748970e-07 3.472200e-13
5.751720e-07 3.453000e-13
5.754460e-07 3.446900e-13
5.757210e-07 3.485300e-13
5.759960e-07 3.349600e-13
5.762700e-07 3.416600e-13
5.765450e-07 3.313300e-13
5.768190e-07 3.428900e-13
5.770940e-07 3.441800e-13
5.773690e-07 3.437000e-13
5.776430e-07 3.444400e-13
5.779180e-07 3.316700e-13
5.781920e-07 3.278400e-13
5.784670e-07 3.265600e-13
5.787410e-07 3.303900e-13
5.790160e-07 3.286000e-13
5.792910e-07 3.379400e-13
5.795650e-07 3.433600e-13
5.798400e-07 3.467700e-13
5.801140e-07 3.522900e-13
5.803890e-07 3.485700e-13
5.806630e-07 3.510500e-13
5.809380e-07 3.459500e-13
5.812130e-07 3.539300e-13
5.814870e-07 3.472800e-13
5.817620e-07 3.592300e-13
5.820360e-07 3.499200e-13
5.823110e-07 3.477600e-13
5.825850e-07 3.528700e-13
5.828600e-07 3.612200e-13
5.831350e-07 3.610300e-13
5.834090e-07 3.589200e-13
5.836840e-07 3.525800e-13
5.839580e-07 3.527100e-13
5.842330e-07 3.538700e-13
5.845070e-07 3.519900e-13
5.847820e-07 3.470500e-13
5.850570e-07 3.502100e-13
5.853310e-07 3.341700e-13
5.856060e-07 3.435100e-13
5.858800e-07 3.463700e-13
5.861550e-07 3.346500e-13
5.864290e-07 3.414000e-13
5.867040e-07 3.348900e-13
5.869790e-07 3.397200e-13
5.872530e-07 3.456200e-13
5.875280e-07 3.458900e-13
5.878020e-07 3.538600e-13
5.880770e-07 3.285300e-13
5.883510e-07 2.889600e-13
5.886260e-07 2.523300e-13
5.889010e-07 2.364800e-13
5.891750e-07 2.154500e-13
5.894500e-07 2.432000e-13
5.897240e-07 2.684900e-13
5.899990e-07 2.945500e-13
5.902730e-07 3.276700e-13
5.905480e-07 3.289000e-13
5.908230e-07 3.220700e-13
5.910970e-07 3.385400e-13
5.913720e-07 3.438900e-13
5.916460e-07 3.385600e-13
5.919210e-07 3.486600e-13
5.921960e-07 3.403700e-13
5.924700e-07 3.445500e-13
5.927450e-07 3.369900e-13
5.930190e-07 3.404700e-13
5.932940e-07 3.367700e-13
5.935680e-07 3.464300e-13
5.938430e-07 3.416400e-13
5.941180e-07 3.423600e-13
5.943920e-07 3.437000e-13
5.946670e-07 3.458100e-13
5.949410e-07 3.439500e-13
5.952160e-07 3.383600e-13
5.954900e-07 3.343400e-13
5.957650e-07 3.383200e-13
5.960400e-07 3.442300e-13
5.963140e-07 3.381500e-13
5.965890e-07 3.446500e-13
5.968630e-07 3.469400e-13
5.971380e-07 3.463600e-13
5.974120e-07 3.513000e-13
5.976870e-07 3.460600e-13
5.979620e-07 3.450700e-13
5.982360e-07 3.490300e-13
5.985110e-07 3.479100e-13
5.987850e-07 3.509100e-13
5.990600e-07 3.415000e-13
5.993340e-07 3.427900e-13
5.996090e-07 3.498800e-13
5.998840e-07 3.477400e-13
6.001580e-07 3.423000e-13
6.004330e-07 3.381300e-13
6.007070e-07 3.426800e-13
6.009820e-07 3.450800e-13
6.012560e-07 3.412000e-13
6.015310e-07 3.408400e-13
6.018060e-07 3.419500e-13
6.020800e-07 3.427300e-13
6.023550e-07 3.446000e-13
6.026290e-07 3.477200e-13
6.029040e-07 3.526000e-13
6.031780e-07 3.558200e-13
6.034530e-07 3.569500e-13
6.037280e-07 3.573300e-13
6.040020e-07 3.530500e-13
6.042770e-07 3.520000e-13
6.045510e-07 3.526200e-13
6.048260e-07 3.555000e-13
6.051010e-07 3.564100e-13
6.053750e-07 3.524800e-13
6.056500e-07 3.535200e-13
6.059240e-07 3.501900e-13
6.061990e-07 3.440200e-13
6.064730e-07 3.487300e-13
6.067480e-07 3.502100e-13
6.070230e-07 3.535100e-13
6.072970e-07 3.605300e-13
6.075720e-07 3.575600e-13
6.078460e-07 3.519300e-13
6.081210e-07 3.541300e-13
6.083950e-07 3.505400e-13
6.086700e-07 3.469500e-13
6.089450e-07 3.466700e-13
6.092190e-07 3.483100e-13
6.094940e-07 3.490200e-13
6.097680e-07 3.494700e-13
6.100430e-07 3.459300e-13
6.103170e-07 3.461000e-13
6.105920e-07 3.413600e-13
6.108670e-07 3.439300e-13
6.111410e-07 3.519000e-13
6.114160e-07 3.531000e-13
6.116900e-07 3.518900e-13
6.119650e-07 3.406900e-13
6.122390e-07 3.352700e-13
6.125140e-07 3.386000e-13
6.127890e-07 3.506600e-13
6.130630e-07 3.523500e-13
6.133380e-07 3.361900e-13
6.136120e-07 3.435400e-13
6.138870e-07 3.375000e-13
6.141610e-07 3.396000e-13
6.144360e-07 3.465200e-13
6.147110e-07 3.455300e-13
6.149850e-07 3.434000e-13
6.152600e-07 3.444000e-13
6.155340e-07 3.387700e-13
6.158090e-07 3.438800e-13
6.160830e-07 3.332600e-13
6.163580e-07 3.215900e-13
6.166330e-07 3.189400e-13
6.169070e-07 3.195900e-13
6.171820e-07 3.290800e-13
6.174560e-07 3.222200e-13
6.177310e-07 3.342900e-13
6.180050e-07 3.471200e-13
6.182800e-07 3.325200e-13
6.185550e-07 3.356700e-13
6.188290e-07 3.404300e-13
6.191040e-07 3.350300e-13
6.193780e-07 3.273800e-13
6.196530e-07 3.278100e-13
6.199280e-07 3.421200e-13
6.202020e-07 3.424800e-13
6.204770e-07 3.533400e-13
6.207510e-07 3.480600e-13
6.210260e-07 3.499800e-13
6.213000e-07 3.413000e-13
6.215750e-07 3.368700e-13
6.218500e-07 3.320300e-13
6.221240e-07 3.321900e-13
6.223990e-07 3.387600e-13
6.226730e-07 3.355900e-13
6.229480e-07 3.372100e-13
6.232220e-07 3.342200e-13
6.234970e-07 3.230600e-13
6.237720e-07 3.285600e-13
6.240460e-07 3.371100e-13
6.243210e-07 3.335600e-13
6.245950e-07 3.320600e-13
6.248700e-07 3.319100e-13
6.251440e-07 3.300200e-13
6.254190e-07 3.295700e-13
6.256940e-07 3.209700e-13
6.259680e-07 3.195500e-13
6.262430e-07 3.239600e-13
6.265170e-07 3.336800e-13
6.267920e-07 3.453200e-13
6.270660e-07 3.252300e-13
6.273410e-07 3.449200e-13
6.276160e-07 3.596300e-13
6.278900e-07 3.414300e-13
6.281650e-07 3.335600e-13
6.284390e-07 3.369100e-13
6.287140e-07 3.491800e-13
6.289880e-07 3.362700e-13
6.292630e-07 3.242300e-13
6.295380e-07 3.286200e-13
6.298120e-07 3.404900e-13
6.300870e-07 3.400200e-13
6.303610e-07 3.415900e-13
6.306360e-07 3.431600e-13
6.309100e-07 3.438900e-13
6.311850e-07 3.440400e-13
6.314600e-07 3.406500e-13
6.317340e-07 3.470600e-13
6.320090e-07 3.419900e-13
6.322830e-07 3.422700e-13
6.325580e-07 3.547400e-13
6.328320e-07 3.436000e-13
6.331070e-07 3.502800e-13
6.333820e-07 3.391400e-13
6.336560e-07 3.501300e-13
6.339310e-07 3.455000e-13
6.342050e-07 3.451500e-13
6.344800e-07 3.541100e-13
6.347550e-07 3.474200e-13
6.350290e-07 3.466200e-13
6.353040e-07 3.508900e-13
6.355780e-07 3.492700e-13
6.358530e-07 3.416800e-13
6.361270e-07 3.363000e-13
6.364020e-07 3.430600e-13
6.366770e-07 3.436200e-13
6.369510e-07 3.476800e-13
6.372260e-07 3.525000e-13
6.375000e-07 3.562600e-13
6.377750e-07 3.643900e-13
6.380490e-07 3.523800e-13
6.383240e-07 3.506000e-13
6.385990e-07 3.509400e-13
6.388730e-07 3.533700e-13
6.391480e-07 3.513200e-13
6.394220e-07 3.494900e-13
6.396970e-07 3.424400e-13
6.399710e-07 3.515300e-13
6.402460e-07 3.529600e-13
6.405210e-07 3.491300e-13
6.407950e-07 3.415100e-13
6.410700e-07 3.422100e-13
6.413440e-07 3.457200e-13
6.416190e-07 3.498300e-13
6.418930e-07 3.468700e-13
6.421680e-07 3.457000e-13
6.424430e-07 3.425100e-13
6.427170e-07 3.642800e-13
6.429920e-07 3.541500e-13
6.432660e-07 3.428600e-13
6.435410e-07 3.438200e-13
6.438150e-07 3.500800e-13
6.440900e-07 3.528200e-13
6.443650e-07 3.732500e-13
6.446390e-07 4.041500e-13
6.449140e-07 3.566600e-13
6.451880e-07 3.393500e-13
6.454630e-07 3.354000e-13
6.457370e-07 3.431800e-13
6.460120e-07 3.445700e-13
6.462870e-07 3.429200e-13
6.465610e-07 3.369200e-13
6.468360e-07 3.427700e-13
6.471100e-07 3.472300e-13
6.473850e-07 3.490400e-13
6.476590e-07 3.459600e-13
6.479340e-07 3.502200e-13
6.482090e-07 3.475100e-13
6.484830e-07 3.441300e-13
6.487580e-07 3.530400e-13
6.490320e-07 3.419200e-13
6.493070e-07 3.164000e-13
6.495820e-07 3.222400e-13
6.498560e-07 3.197700e-13
6.501310e-07 3.221400e-13
6.504050e-07 3.353300e-13
6.506800e-07 3.410500e-13
6.509540e-07 3.401200e-13
6.512290e-07 3.421400e-13
6.515040e-07 3.451900e-13
6.517780e-07 3.516200e-13
6.520530e-07 3.559700e-13
6.523270e-07 3.514700e-13
6.526020e-07 3.513100e-13
6.528760e-07 3.575900e-13
6.531510e-07 3.530400e-13
6.534260e-07 3.509900e-13
6.537000e-07 3.602500e-13
6.539750e-07 3.649900e-13
6.542490e-07 3.693100e-13
6.545240e-07 3.835500e-13
6.547980e-07 3.827300e-13
6.550730e-07 3.715500e-13
6.553480e-07 3.741200e-13
6.556220e-07 3.778900e-13
6.558970e-07 3.939500e-13
6.561710e-07 4.091100e-13
6.564460e-07 3.886900e-13
6.567200e-07 3.593600e-13
6.569950e-07 3.494100e-13
6.572700e-07 3.455700e-13
6.575440e-07 3.614800e-13
6.578190e-07 3.868300e-13
6.580930e-07 4.298500e-13
6.583680e-07 4.453300e-13
6.586420e-07 4.401600e-13
6.589170e-07 4.159100e-13
6.591920e-07 3.871900e-13
6.594660e-07 3.623600e-13
6.597410e-07 3.572100e-13
6.600150e-07 3.544600e-13
6.602900e-07 3.496200e-13
6.605640e-07 3.494700e-13
6.608390e-07 3.544300e-13
6.611140e-07 3.601500e-13
6.613880e-07 3.619700e-13
6.616630e-07 3.575000e-13
6.619370e-07 3.575800e-13
6.622120e-07 3.553700e-13
6.624860e-07 3.618000e-13
6.627610e-07 3.648500e-13
6.630360e-07 3.616300e-13
6.633100e-07 3.533300e-13
6.635850e-07 3.573500e-13
6.638590e-07 3.606400e-13
6.641340e-07 3.541500e-13
6.644090e-07 3.665300e-13
6.646830e-07 3.515000e-13
6.649580e-07 3.713000e-13
6.652320e-07 3.578900e-13
6.655070e-07 3.574600e-13
6.657810e-07 3.536700e-13
6.660560e-07 3.547400e-13
6.663310e-07 3.547500e-13
6.666050e-07 3.559700e-13
6.668800e-07 3.512600e-13
6.671540e-07 3.363000e-13
6.674290e-07 3.530400e-13
6.677030e-07 3.574800e-13
6.679780e-07 3.513800e-13
6.682530e-07 3.553200e-13
6.685270e-07 3.600700e-13
6.688020e-07 3.529000e-13
6.690760e-07 3.564800e-13
6.693510e-07 3.539300e-13
6.696250e-07 3.577600e-13
6.699000e-07 3.558500e-13
6.701750e-07 3.507500e-13
6.704490e-07 3.471300e-13
6.707240e-07 3.556100e-13
6.709980e-07 3.611400e-13
6.712730e-07 3.664800e-13
6.715470e-07 3.738800e-13
6.718220e-07 3.729500e-13
6.720970e-07 3.705700e-13
6.723710e-07 3.683300e-13
6.726460e-07 3.640000e-13
6.729200e-07 3.605100e-13
6.731950e-07 3.683500e-13
6.734690e-07 3.735200e-13
6.737440e-07 3.632900e-13
6.740190e-07 3.537100e-13
6.742930e-07 3.457800e-13
6.745680e-07 3.476800e-13
6.748420e-07 3.484600e-13
6.751170e-07 3.462400e-13
6.753910e-07 3.540000e-13
6.756660e-07 3.625500e-13
6.759410e-07 3.599700e-13
6.762150e-07 3.561800e-13
6.764900e-07 3.573200e-13
6.767640e-07 3.578700e-13
6.770390e-07 3.501500e-13
6.773140e-07 3.587700e-13
6.775880e-07 3.561000e-13
6.778630e-07 3.493600e-13
6.781370e-07 3.598400e-13
6.784120e-07 3.674000e-13
6.786860e-07 3.415200e-13
6.789610e-07 3.365100e-13
6.792360e-07 3.562700e-13
6.795100e-07 3.465000e-13
6.797850e-07 3.316500e-13
6.800590e-07 3.456700e-13
6.803340e-07 3.492900e-13
6.806080e-07 3.570400e-13
6.808830e-07 3.608100e-13
6.811580e-07 3.547400e-13
6.814320e-07 3.554300e-13
6.817070e-07 3.520900e-13
6.828530e-07 3.552500e-13
6.844270e-07 3.526800e-13
6.860040e-07 3.477100e-13
6.875860e-07 3.500000e-13
6.891710e-07 3.348900e-13
6.907590e-07 3.473300e-13
6.923520e-07 3.464100e-13
6.939480e-07 3.568000e-13
6.955480e-07 3.574900e-13
6.971510e-07 3.598300e-13
6.987580e-07 3.458900e-13
7.003690e-07 3.595600e-13
7.019830e-07 3.569600e-13
7.036020e-07 3.568200e-13
7.052240e-07 3.675200e-13
7.068490e-07 3.397200e-13
7.084790e-07 3.539600e-13
7.101120e-07 3.317400e-13
7.117490e-07 3.285700e-13
7.133900e-07 3.276900e-13
7.150340e-07 3.305900e-13
7.166830e-07 3.319900e-13
7.183350e-07 3.258100e-13
7.199910e-07 3.146200e-13
7.216500e-07 3.285700e-13
7.233140e-07 3.423400e-13
7.249820e-07 3.375100e-13
7.266530e-07 3.397200e-13
7.283280e-07 3.380200e-13
7.300070e-07 3.264200e-13
7.316900e-07 3.424600e-13
7.333760e-07 3.454900e-13
7.350670e-07 3.542100e-13
7.367620e-07 3.548900e-13
7.384600e-07 3.714600e-13
7.401620e-07 3.637000e-13
7.418690e-07 3.610500e-13
7.435790e-07 3.735900e-13
7.452930e-07 3.591100e-13
7.470110e-07 3.532200e-13
7.487330e-07 3.714200e-13
7.504590e-07 3.645000e-13
7.521890e-07 3.754200e-13
7.539230e-07 3.692700e-13
7.556610e-07 3.777100e-13
7.574030e-07 3.698200e-13
7.591490e-07 3.688100e-13
7.608990e-07 3.678100e-13
7.626530e-07 3.439100e-13
7.644110e-07 3.608000e-13
7.661730e-07 3.484100e-13
7.679390e-07 3.523000e-13
7.697100e-07 3.489200e-13
7.714840e-07 3.463700e-13
7.732620e-07 3.406900e-13
7.750450e-07 3.358800e-13
7.768320e-07 3.396200e-13
7.786220e-07 3.363700e-13
7.804170e-07 3.370000e-13
7.822170e-07 3.503000e-13
7.840200e-07 3.320900e-13
7.858270e-07 3.404600e-13
7.876390e-07 3.458500e-13
7.894540e-07 3.480900e-13
7.912740e-07 3.423800e-13
7.930980e-07 3.352100e-13
7.949260e-07 3.282000e-13
7.967590e-07 3.341500e-13
7.985960e-07 3.394300e-13
8.004370e-07 3.323300e-13
8.022820e-07 3.494400e-13
8.041310e-07 3.525200e-13
8.059850e-07 3.483300e-13
8.078430e-07 3.348100e-13
8.097050e-07 3.432500e-13
8.115720e-07 3.438800e-13
8.134430e-07 3.461100e-13
8.153180e-07 3.404300e-13
8.171980e-07 3.168300e-13
8.190810e-07 3.278200e-13
8.209690e-07 3.353000e-13
8.228620e-07 3.336100e-13
8.247590e-07 3.524100e-13
8.266600e-07 3.418600e-13
8.285650e-07 3.362400e-13
8.304760e-07 3.345400e-13
8.323900e-07 3.398200e-13
8.343090e-07 3.243800e-13
8.362320e-07 3.395100e-13
8.381600e-07 3.370200e-13
8.400920e-07 3.407600e-13
8.420290e-07 3.313200e-13
8.439700e-07 3.443900e-13
8.459150e-07 3.264700e-13
8.478650e-07 3.102000e-13
8.498200e-07 3.307000e-13
8.517790e-07 3.297800e-13
8.537420e-07 3.206500e-13
8.557110e-07 2.970400e-13
8.576830e-07 3.278000e-13
8.596600e-07 3.261400e-13
8.616420e-07 3.244900e-13
8.636280e-07 3.273300e-13
8.656190e-07 3.146200e-13
8.676150e-07 2.982400e-13
8.696150e-07 2.981000e-13
8.716190e-07 3.244500e-13
8.736290e-07 3.257900e-13
8.756430e-07 3.256300e-13
8.776610e-07 3.239800e-13
8.796840e-07 3.336600e-13
8.817130e-07 2.878000e-13
8.837450e-07 3.295200e-13
8.857820e-07 3.293500e-13
8.878240e-07 3.037000e-13
8.898710e-07 3.120500e-13
8.919220e-07 3.147800e-13
8.939780e-07 3.103100e-13
8.960390e-07 3.080200e-13
8.981050e-07 2.946900e-13
9.001750e-07 2.806300e-13
9.022500e-07 2.916900e-13
9.043300e-07 3.278700e-13
9.064150e-07 3.330300e-13
9.085040e-07 3.237900e-13
9.105990e-07 3.199200e-13
9.126980e-07 2.869600e-13
9.148010e-07 2.982600e-13
9.169110e-07 3.121500e-13
9.190240e-07 3.119900e-13
9.211430e-07 3.125500e-13
9.232660e-07 3.017800e-13
9.253950e-07 2.995500e-13
9.275280e-07 3.200600e-13
9.296660e-07 2.870800e-13
9.318090e-07 3.153400e-13
9.339570e-07 3.166300e-13
9.361100e-07 3.099700e-13
9.382680e-07 3.148400e-13
9.404310e-07 3.089300e-13
9.425990e-07 3.174200e-13
9.447720e-07 3.121700e-13
9.469500e-07 3.192800e-13
9.491320e-07 3.198400e-13
9.513210e-07 3.131100e-13
9.535140e-07 3.151100e-13
9.557120e-07 3.091900e-13
9.579150e-07 3.133200e-13
9.601230e-07 3.138700e-13
9.623360e-07 3.158800e-13
9.645550e-07 3.099400e-13
9.667790e-07 3.097700e-13
9.690070e-07 3.139100e-13
9.712410e-07 3.087200e-13
9.734800e-07 3.057200e-13
9.757240e-07 3.048400e-13
9.779730e-07 3.060800e-13
9.802280e-07 3.094500e-13
9.824870e-07 3.064400e-13
9.847520e-07 3.076800e-13
9.870220e-07 3.053900e-13
9.892980e-07 3.052200e-13
9.915780e-07 3.008600e-13
9.938640e-07 3.034700e-13
9.961550e-07 3.047000e-13
9.984510e-07 3.031200e-13
1.003060e-06 3.034700e-13
1.007690e-06 2.996500e-13
1.012341e-06 3.027700e-13
1.017014e-06 2.989500e-13
1.021709e-06 2.999800e-13
1.026425e-06 3.003200e-13
1.031162e-06 2.978900e-13
1.050332e-06 2.883800e-13
1.069860e-06 2.766800e-13
1.089750e-06 2.685200e-13
1.110010e-06 2.570300e-13
1.130646e-06 2.523400e-13
1.149018e-06 2.506000e-13
1.170379e-06 2.443300e-13
1.189398e-06 2.360400e-13
1.208724e-06 2.317300e-13
1.231195e-06 2.280200e-13
1.251201e-06 2.223200e-13
1.268607e-06 2.172600e-13
1.289220e-06 2.128000e-13
1.310168e-06 2.089200e-13
1.331456e-06 2.032300e-13
1.349979e-06 1.995200e-13
1.368759e-06 1.963300e-13
1.390999e-06 1.892300e-13
1.410350e-06 1.815400e-13
1.429970e-06 1.786400e-13
1.449863e-06 1.798800e-13
1.470033e-06 1.737700e-13
1.490482e-06 1.757800e-13
1.511217e-06 1.766000e-13
1.528716e-06 1.794600e-13
1.549983e-06 1.778200e-13
1.571546e-06 1.753800e-13
1.589744e-06 1.694300e-13
1.608151e-06 1.702100e-13
1.630522e-06 1.686500e-13
1.649403e-06 1.663300e-13
1.668503e-06 1.644300e-13
1.691714e-06 1.618000e-13
1.711304e-06 1.577500e-13
1.731118e-06 1.517000e-13
1.751164e-06 1.468900e-13
1.771442e-06 1.412500e-13
1.791955e-06 1.361400e-13
1.808535e-06 1.300100e-13
1.829477e-06 1.264700e-13
1.850662e-06 1.221700e-13
1.872090e-06 1.169400e-13
1.889413e-06 1.135000e-13
1.911292e-06 1.114200e-13
1.928976e-06 1.076400e-13
1.951312e-06 1.035100e-13
1.969369e-06 9.999500e-14
1.992173e-06 9.682300e-14
2.010605e-06 9.505600e-14
2.029210e-06 9.161800e-14
2.047985e-06 9.036000e-14
2.071700e-06 8.789800e-14
2.090870e-06 8.570000e-14
2.110215e-06 8.394200e-14
2.129742e-06 8.203100e-14
2.149449e-06 8.016400e-14
2.169336e-06 7.762100e-14
2.189409e-06 7.602900e-14
2.209666e-06 7.378700e-14
2.230113e-06 7.177600e-14
2.250749e-06 7.014200e-14
2.271573e-06 6.807400e-14
2.292593e-06 6.095100e-14
2.308483e-06 6.039200e-14
2.329845e-06 5.272000e-14
2.351403e-06 4.965700e-14
2.367701e-06 5.034800e-14
2.389611e-06 4.623600e-14
2.411720e-06 4.476900e-14
2.428438e-06 4.425700e-14
2.450907e-06 4.130300e-14
2.467897e-06 4.064200e-14
2.490731e-06 3.419600e-14
2.507997e-06 3.365000e-14
2.531202e-06 3.396100e-14
2.548749e-06 3.365000e-14
2.572330e-06 3.427500e-14
2.590162e-06 3.365000e-14
2.608115e-06 3.357200e-14
2.632249e-06 3.273200e-14
2.650493e-06 3.235800e-14
2.668867e-06 3.176700e-14
2.687366e-06 3.125900e-14
2.712233e-06 3.075900e-14
2.731032e-06 3.012900e-14
2.749964e-06 2.964700e-14
2.769024e-06 2.897200e-14
2.788220e-06 2.857400e-14
2.807545e-06 2.798800e-14
2.827008e-06 2.754100e-14
2.853164e-06 2.697600e-14
2.872943e-06 2.642300e-14
2.892856e-06 2.600000e-14
2.912910e-06 2.546700e-14
2.933100e-06 2.494500e-14
2.946638e-06 2.448900e-14
2.967064e-06 2.404200e-14
2.987630e-06 2.354900e-14
3.008341e-06 2.317300e-14
3.029192e-06 2.275000e-14
3.050191e-06 2.243800e-14
3.071333e-06 2.213000e-14
3.092624e-06 2.177600e-14
3.106898e-06 2.142800e-14
3.128432e-06 2.113400e-14
3.150119e-06 2.079600e-14
3.171953e-06 2.046300e-14
3.186597e-06 2.018300e-14
3.208684e-06 1.990600e-14
3.230927e-06 1.963300e-14
3.253321e-06 1.945300e-14
3.268337e-06 1.945300e-14
3.290994e-06 1.995200e-14
3.313804e-06 1.963300e-14
3.329099e-06 1.849200e-14
3.352177e-06 1.786400e-14
3.367649e-06 1.745700e-14
3.390994e-06 1.706000e-14
3.406645e-06 1.671000e-14
3.430257e-06 1.640500e-14
3.446093e-06 1.610600e-14
3.469979e-06 1.581200e-14
3.485998e-06 1.552300e-14
3.510160e-06 1.524000e-14
3.526361e-06 1.492700e-14
3.550807e-06 1.468900e-14
3.567195e-06 1.438700e-14
3.591924e-06 1.412500e-14
3.608502e-06 1.389900e-14
3.633514e-06 1.364500e-14
3.650288e-06 1.336500e-14
3.667136e-06 1.312100e-14
3.692553e-06 1.282300e-14
3.709600e-06 1.258900e-14
3.726722e-06 1.238700e-14
3.752552e-06 1.210500e-14
3.769876e-06 1.193900e-14
3.787276e-06 1.169400e-14
3.813526e-06 1.150700e-14
3.831131e-06 1.132300e-14
3.848814e-06 1.111700e-14
3.866578e-06 1.088900e-14
3.893382e-06 1.069000e-14
3.911352e-06 1.051900e-14
3.929404e-06 1.032700e-14
3.947545e-06 1.011500e-14
3.965764e-06 9.930700e-15
3.993256e-06 9.727000e-15
4.011687e-06 9.571500e-15
4.030203e-06 9.418400e-15
4.048804e-06 9.246500e-15
4.067495e-06 9.098700e-15
4.086269e-06 8.953200e-15
4.114591e-06 8.810100e-15
4.133586e-06 8.669200e-15
4.152665e-06 8.511000e-15
4.171831e-06 8.374900e-15
4.191091e-06 8.222000e-15
4.210434e-06 8.090600e-15
4.229868e-06 7.979600e-15
4.249395e-06 7.852000e-15
4.269008e-06 7.726400e-15
4.288711e-06 7.412700e-15
4.308510e-06 7.095400e-15
4.328396e-06 7.079100e-15
4.348374e-06 6.791700e-15
4.368444e-06 6.652400e-15
4.388611e-06 6.531000e-15
4.408866e-06 6.323800e-15
4.429215e-06 6.208400e-15
4.449663e-06 6.123200e-15
4.470200e-06 5.970100e-15
4.490832e-06 5.915300e-15
4.511564e-06 5.820700e-15
4.532387e-06 5.701400e-15
4.553306e-06 5.662100e-15
4.574322e-06 5.584400e-15
4.584871e-06 5.432200e-15
4.606032e-06 5.419700e-15
4.627291e-06 5.333100e-15
4.648653e-06 5.272000e-15
4.670109e-06 5.247800e-15
4.691663e-06 5.152000e-15
4.713318e-06 5.069700e-15
4.735077e-06 5.058000e-15
4.745992e-06 4.954300e-15
4.767897e-06 4.908800e-15
4.789908e-06 4.863800e-15
4.812015e-06 4.753100e-15
4.834225e-06 4.764100e-15
4.845368e-06 4.677100e-15
4.867737e-06 4.602300e-15
4.890204e-06 4.539200e-15
4.912775e-06 4.476900e-15
4.935449e-06 4.446100e-15
4.946831e-06 4.375000e-15
4.969663e-06 4.354900e-15
4.992601e-06 4.275600e-15
5.015649e-06 4.237400e-15
5.027211e-06 4.194300e-15
5.050413e-06 4.137800e-15
5.073723e-06 4.110400e-15
5.085419e-06 4.096700e-15
5.097147e-06 4.064400e-15
5.108896e-06 4.041600e-15
5.120672e-06 4.019000e-15
5.132475e-06 4.005600e-15
5.144306e-06 3.983200e-15
5.156165e-06 3.960900e-15
5.168055e-06 3.947800e-15
5.179968e-06 3.925700e-15
5.191908e-06 3.903700e-15
5.203876e-06 3.881900e-15
5.215871e-06 3.869100e-15
5.227894e-06 3.838600e-15
5.239945e-06 3.825900e-15
5.252029e-06 3.813300e-15
5.264135e-06 3.809500e-15
5.276270e-06 3.796900e-15
5.288432e-06 3.767000e-15
5.300622e-06 3.737400e-15
5.312840e-06 3.725100e-15
5.325093e-06 3.712800e-15
5.337367e-06 3.700600e-15
5.349670e-06 3.688400e-15
5.362002e-06 3.667900e-15
5.374362e-06 3.655800e-15
5.386750e-06 3.643800e-15
5.399167e-06 3.631800e-15
5.411618e-06 3.611600e-15
5.424092e-06 3.591500e-15
5.436595e-06 3.571500e-15
5.449127e-06 3.568000e-15
5.461688e-06 3.548100e-15
5.474277e-06 3.528300e-15
5.486896e-06 3.516800e-15
5.499549e-06 3.505300e-15
5.512226e-06 3.485800e-15
5.524932e-06 3.482400e-15
5.537668e-06 3.487000e-15
5.550432e-06 3.451700e-15
5.563227e-06 3.440400e-15
5.576056e-06 3.437100e-15
5.588909e-06 3.425900e-15
5.601792e-06 3.414700e-15
5.614705e-06 3.403600e-15
5.627647e-06 3.384700e-15
5.640619e-06 3.381400e-15
5.653621e-06 3.378200e-15
5.666659e-06 3.375000e-15
5.679722e-06 3.364000e-15
5.692814e-06 3.345300e-15
5.705936e-06 3.349800e-15
5.719089e-06 3.346700e-15
5.732271e-06 3.343500e-15
5.745491e-06 3.340300e-15
5.758735e-06 3.337100e-15
5.772009e-06 3.334000e-15
5.785314e-06 3.338500e-15
5.798650e-06 3.343000e-15
5.812016e-06 3.339900e-15
5.825413e-06 3.344400e-15
5.838847e-06 3.349000e-15
5.852306e-06 3.361300e-15
5.865796e-06 3.365800e-15
5.879318e-06 3.378200e-15
5.892870e-06 3.390600e-15
5.915321e-06 3.224300e-15
5.946258e-06 3.287000e-15
5.977195e-06 3.266200e-15
6.008132e-06 3.771300e-15
6.039071e-06 3.833500e-15
6.070007e-06 4.029500e-15
6.100944e-06 4.381400e-15
6.131883e-06 4.686300e-15
6.162820e-06 5.582500e-15
6.193756e-06 6.373500e-15
6.224694e-06 5.934200e-15
6.255631e-06 5.250700e-15
6.286569e-06 5.063300e-15
6.317506e-06 4.416500e-15
6.348444e-06 4.351600e-15
6.379382e-06 4.154000e-15
6.410319e-06 3.831100e-15
6.441255e-06 3.565100e-15
6.472194e-06 3.328400e-15
6.503130e-06 3.464700e-15
6.534068e-06 3.460600e-15
6.565006e-06 3.277500e-15
6.595942e-06 3.331100e-15
6.626880e-06 3.437700e-15
6.657818e-06 3.232400e-15
6.688755e-06 3.385300e-15
6.719692e-06 3.054900e-15
6.750630e-06 3.280900e-15
6.781567e-06 3.517200e-15
6.812505e-06 3.536000e-15
6.843442e-06 3.568000e-15
6.874379e-06 3.637600e-15
6.905317e-06 3.807800e-15
6.936254e-06 3.666400e-15
6.967192e-06 3.518300e-15
6.998129e-06 3.605900e-15
7.029066e-06 3.686900e-15
7.060004e-06 3.470000e-15
7.090941e-06 3.554000e-15
7.121878e-06 3.593000e-15
7.152816e-06 3.622700e-15
7.183753e-06 3.413900e-15
7.214691e-06 3.620700e-15
7.245628e-06 3.580100e-15
7.276565e-06 3.928300e-15
7.307504e-06 3.840200e-15
7.338440e-06 3.928800e-15
7.369377e-06 4.239300e-15
7.400315e-06 4.281500e-15
7.431252e-06 4.047600e-15
7.462189e-06 4.593900e-15
7.493127e-06 4.954900e-15
7.522040e-06 4.775900e-15
7.524065e-06 5.331300e-15
7.555003e-06 5.403600e-15
7.584036e-06 5.419000e-15
7.585939e-06 5.359900e-15
7.646035e-06 5.364300e-15
7.708032e-06 5.140700e-15
7.770031e-06 4.952200e-15
7.832028e-06 4.923600e-15
7.894027e-06 4.704200e-15
7.956025e-06 4.304900e-15
8.018023e-06 4.003300e-15
8.080022e-06 3.547000e-15
8.142019e-06 3.249000e-15
8.204017e-06 3.132400e-15
8.266015e-06 3.162600e-15
8.328013e-06 3.133200e-15
8.390012e-06 2.948400e-15
8.452010e-06 2.832400e-15
8.514008e-06 2.925000e-15
8.576006e-06 3.284600e-15
8.638005e-06 2.948500e-15
8.700002e-06 2.660800e-15
8.762000e-06 2.282300e-15
8.823998e-06 2.000100e-15
8.885996e-06 1.767900e-15
8.947994e-06 1.625400e-15
9.009992e-06 1.576900e-15
9.071990e-06 1.450700e-15
9.133989e-06 1.368900e-15
9.195986e-06 1.276600e-15
9.257985e-06 1.274100e-15
9.319983e-06 1.246900e-15
9.381981e-06 1.353800e-15
9.443978e-06 1.192100e-15
9.505976e-06 1.193900e-15
9.567975e-06 1.212200e-15
9.629973e-06 1.555600e-15
9.691970e-06 1.586600e-15
9.753969e-06 1.259900e-15
9.815968e-06 1.108700e-15
9.877965e-06 1.080400e-15
9.939964e-06 1.047100e-15
1.000196e-05 1.133000e-15
1.006396e-05 1.028700e-15
1.012595e-05 1.016000e-15
1.018796e-05 1.027000e-15
1.024995e-05 1.018300e-15
1.031196e-05 1.053700e-15
1.037395e-05 9.931200e-16
1.043594e-05 1.078700e-15
1.049795e-05 1.181000e-15
1.055994e-05 1.242500e-15
1.062195e-05 1.273600e-15
1.068394e-05 1.330200e-15
1.074593e-05 1.403800e-15
1.080794e-05 1.341300e-15
1.086993e-05 1.351200e-15
1.093193e-05 1.481800e-15
1.099393e-05 1.660600e-15
1.105593e-05 1.877800e-15
1.111793e-05 2.531300e-15
1.117992e-05 4.343100e-15
1.124192e-05 5.849700e-15
1.130392e-05 5.436600e-15
1.136592e-05 4.506900e-15
1.142791e-05 3.499200e-15
1.148992e-05 2.932200e-15
1.155191e-05 2.540200e-15
1.161391e-05 2.190300e-15
1.167591e-05 2.077200e-15
1.173791e-05 1.963800e-15
1.179991e-05 1.893500e-15
1.186190e-05 2.014000e-15
1.192391e-05 2.133800e-15
1.198590e-05 2.225600e-15
1.204789e-05 2.181900e-15
1.210990e-05 2.084600e-15
1.217189e-05 1.997100e-15
1.223389e-05 2.031700e-15
1.229589e-05 2.175200e-15
1.235788e-05 2.133600e-15
1.241989e-05 2.182400e-15
1.248188e-05 2.251400e-15
1.254388e-05 2.351200e-15
1.260588e-05 2.455300e-15
1.266788e-05 2.472700e-15
1.272988e-05 2.623600e-15
1.279187e-05 2.769600e-15
1.285387e-05 2.436100e-15
1.291587e-05 1.896000e-15
1.297787e-05 1.679100e-15
1.303986e-05 1.585400e-15
1.310186e-05 1.547100e-15
1.316386e-05 1.552400e-15
1.322586e-05 1.527700e-15
1.328786e-05 1.474200e-15
1.334985e-05 1.460100e-15
1.341186e-05 1.433300e-15
1.347385e-05 1.438800e-15
1.353585e-05 1.416600e-15
1.359785e-05 1.408000e-15
1.365984e-05 1.349300e-15
1.372185e-05 1.200700e-15
1.378384e-05 1.168900e-15
1.384585e-05 1.121300e-15
1.390784e-05 1.065500e-15
1.396983e-05 1.096800e-15
1.403184e-05 1.111800e-15
1.409383e-05 1.138400e-15
1.415583e-05 1.106100e-15
1.421783e-05 1.128800e-15
1.427983e-05 1.158700e-15
1.434183e-05 1.052200e-15
1.440382e-05 9.916900e-16
1.446582e-05 9.233900e-16
1.451917e-05 9.823700e-16
1.461072e-05 9.308200e-16
1.470228e-05 9.098100e-16
1.479383e-05 9.088400e-16
1.488537e-05 9.010800e-16
1.497692e-05 8.840100e-16
1.506848e-05 8.806600e-16
1.516003e-05 8.901700e-16
1.525157e-05 8.990700e-16
1.534313e-05 9.049600e-16
1.543468e-05 9.371100e-16
1.552623e-05 1.090500e-15
1.561778e-05 1.079300e-15
1.570934e-05 9.647800e-16
1.580088e-05 9.867600e-16
1.589243e-05 1.029700e-15
1.598399e-05 1.020000e-15
1.607554e-05 1.000700e-15
1.616708e-05 9.873200e-16
1.625864e-05 1.076900e-15
1.635019e-05 1.270500e-15
1.644174e-05 1.472600e-15
1.653329e-05 1.426400e-15
1.662485e-05 1.295100e-15
1.671639e-05 1.284400e-15
1.680794e-05 1.313700e-15
1.689949e-05 1.427900e-15
1.699105e-05 1.929300e-15
1.708260e-05 1.991100e-15
1.717414e-05 1.481700e-15
1.726570e-05 1.341300e-15
1.735725e-05 1.296000e-15
1.744880e-05 1.215400e-15
1.754036e-05 1.103300e-15
1.763190e-05 1.057200e-15
1.772345e-05 1.054800e-15
1.781500e-05 1.045400e-15
1.790656e-05 9.559400e-16
1.799811e-05 9.034300e-16
1.808965e-05 8.747000e-16
1.818121e-05 8.574100e-16
1.827276e-05 8.504300e-16
1.836431e-05 8.896900e-16
1.845586e-05 8.605300e-16
1.854741e-05 8.456400e-16
1.863896e-05 9.138500e-16
1.873051e-05 9.862100e-16
1.882207e-05 8.928400e-16
1.891361e-05 8.515000e-16
1.900516e-05 8.380900e-16
1.909672e-05 8.341100e-16
1.918827e-05 7.940600e-16
1.927982e-05 8.071800e-16
1.937136e-05 8.120300e-16
1.946292e-05 7.812500e-16
1.955447e-05 7.976000e-16
1.964602e-05 8.073200e-16
1.973758e-05 8.131300e-16
1.982913e-05 7.915200e-16
1.992067e-05 7.708900e-16
2.001222e-05 7.746600e-16
2.010378e-05 7.814700e-16
2.019533e-05 7.694700e-16
2.028688e-05 7.506800e-16
2.037843e-05 7.566000e-16
2.048827e-05 7.252200e-16
2.066453e-05 7.639300e-16
2.084090e-05 7.566700e-16
2.101735e-05 7.184200e-16
2.119392e-05 7.529600e-16
2.137058e-05 7.497900e-16
2.154736e-05 7.185600e-16
2.172422e-05 7.370600e-16
2.190120e-05 7.788000e-16
2.207828e-05 7.504200e-16
2.225546e-05 7.289600e-16
2.243275e-05 7.700100e-16
2.261013e-05 7.875300e-16
2.278763e-05 7.734300e-16
2.296522e-05 7.764000e-16
2.314291e-05 7.890300e-16
2.332072e-05 7.951100e-16
2.349862e-05 7.984100e-16
2.367664e-05 7.944000e-16
2.385476e-05 7.916500e-16
2.403298e-05 8.011400e-16
2.421131e-05 8.122800e-16
2.438974e-05 8.005700e-16
2.456827e-05 7.951500e-16
2.474693e-05 8.088100e-16
2.492567e-05 8.231000e-16
2.510452e-05 8.335800e-16
2.528349e-05 8.271300e-16
2.546256e-05 8.178600e-16
2.564173e-05 8.499900e-16
2.582101e-05 8.838700e-16
2.600040e-05 8.940400e-16
2.617990e-05 8.575900e-16
2.635951e-05 8.293500e-16
2.653922e-05 8.183700e-16
2.671904e-05 8.630800e-16
2.689896e-05 8.648000e-16
2.707900e-05 8.876200e-16
2.725914e-05 8.888800e-16
2.743939e-05 8.824800e-16
2.761975e-05 8.893800e-16
2.780022e-05 8.620300e-16
2.798080e-05 8.807500e-16
2.816149e-05 9.953400e-16
2.834229e-05 9.939600e-16
2.852320e-05 9.247400e-16
2.870422e-05 9.043500e-16
2.888535e-05 9.174500e-16
2.906659e-05 9.288000e-16
2.924794e-05 9.571700e-16
2.942940e-05 9.517800e-16
2.961096e-05 9.619700e-16
2.979265e-05 9.633000e-16
2.997445e-05 9.609700e-16
3.015635e-05 9.605800e-16
3.033836e-05 9.863700e-16
3.052049e-05 9.906100e-16
3.070274e-05 1.006800e-15
3.088509e-05 1.007200e-15
3.106755e-05 1.025100e-15
3.125014e-05 1.029100e-15
3.143283e-05 1.023200e-15
3.161564e-05 1.046500e-15
3.179856e-05 1.067000e-15
3.198158e-05 1.039000e-15
3.216473e-05 1.091400e-15
3.234800e-05 1.124400e-15
3.253137e-05 1.064300e-15
3.271486e-05 1.112900e-15
3.289847e-05 1.134600e-15
3.308219e-05 1.153000e-15
3.326602e-05 1.209400e-15
3.344997e-05 1.279200e-15
3.363403e-05 1.227800e-15
3.381822e-05 1.172600e-15
3.400252e-05 1.231200e-15
3.418693e-05 1.182100e-15
3.437146e-05 1.172300e-15
3.455611e-05 1.236100e-15
3.474088e-05 1.353700e-15
3.492576e-05 1.436800e-15
