1.020500e-08 5.296500e-20
1.039500e-08 6.208500e-20
1.058800e-08 7.498800e-20
1.081000e-08 9.183100e-20
1.101100e-08 1.355200e-19
1.139800e-08 1.857800e-19
1.179900e-08 2.404300e-19
1.210100e-08 7.655800e-19
1.249800e-08 9.682600e-19
1.270100e-08 1.066600e-18
1.278900e-08 1.132400e-18
1.308700e-08 1.288200e-18
1.320800e-08 1.485900e-18
1.339200e-08 1.610600e-18
1.370300e-08 2.013700e-18
1.399000e-08 2.264600e-18
1.431600e-08 4.819400e-18
1.468300e-08 9.772100e-18
1.509500e-08 1.101500e-17
1.551800e-08 1.253100e-17
1.591600e-08 1.419000e-17
1.621200e-08 1.552400e-17
1.658900e-08 1.757900e-17
1.701500e-08 1.954300e-17
1.729100e-08 2.123200e-17
1.769400e-08 2.344200e-17
1.798200e-08 2.523400e-17
1.819000e-08 2.648400e-17
1.861400e-08 2.904000e-17
1.909100e-08 3.243300e-17
1.940100e-08 3.483300e-17
1.980700e-08 3.775600e-17
2.022200e-08 4.101900e-17
2.050400e-08 4.345000e-17
2.098100e-08 4.602500e-17
2.161900e-08 5.308700e-17
2.202100e-08 5.701500e-17
2.227600e-08 5.942800e-17
2.269000e-08 6.382500e-17
2.300500e-08 9.794700e-17
2.337900e-08 1.674900e-16
2.397900e-08 2.108600e-16
2.459400e-08 2.079600e-16
2.522500e-08 2.243800e-16
2.569400e-08 1.940800e-16
2.599100e-08 2.259400e-16
2.641400e-08 2.398800e-16
2.690500e-08 2.443400e-16
2.740500e-08 2.477400e-16
2.791400e-08 2.517600e-16
2.836800e-08 2.558500e-16
2.902900e-08 2.494500e-16
2.956900e-08 2.582200e-16
3.011800e-08 2.564400e-16
3.082000e-08 2.648400e-16
3.182900e-08 2.773300e-16
3.279700e-08 2.831300e-16
3.379300e-08 2.870700e-16
3.482000e-08 2.910600e-16
3.571300e-08 2.999100e-16
3.662900e-08 3.162200e-16
3.748300e-08 3.235900e-16
3.853300e-08 3.169500e-16
3.952100e-08 3.523600e-16
4.053500e-08 3.837000e-16
4.138400e-08 3.999400e-16
4.215300e-08 4.055000e-16
4.303600e-08 4.159000e-16
4.414000e-08 4.645000e-16
4.506400e-08 4.954400e-16
4.600800e-08 5.000200e-16
4.697100e-08 5.345500e-16
4.795400e-08 5.984000e-16
4.895900e-08 5.915500e-16
4.998400e-08 6.982200e-16
5.056300e-08 6.854700e-16
5.114800e-08 9.593800e-16
5.197900e-08 9.862600e-16
5.294600e-08 1.006900e-15
5.405400e-08 9.571700e-16
5.505900e-08 1.011600e-15
5.595400e-08 1.291200e-15
5.699400e-08 1.475700e-15
5.805400e-08 1.534600e-15
5.899700e-08 1.667200e-15
5.995600e-08 1.581200e-15
6.107000e-08 1.595800e-15
6.206300e-08 2.051100e-15
6.307100e-08 2.079600e-15
6.394800e-08 2.333400e-15
6.498700e-08 2.398800e-15
6.574000e-08 2.355000e-15
6.650100e-08 2.648400e-15
6.742600e-08 2.870700e-15
6.852200e-08 2.685300e-15
6.947500e-08 3.147700e-15
7.044200e-08 2.811800e-15
7.158600e-08 3.523600e-15
7.258200e-08 3.689700e-15
7.342300e-08 3.837000e-15
7.444400e-08 3.899300e-15
7.548000e-08 4.017800e-15
7.653000e-08 3.810600e-15
7.741600e-08 4.315100e-15
7.849300e-08 4.226600e-15
7.958500e-08 4.581300e-15
8.050600e-08 4.797200e-15
8.143800e-08 4.965800e-15
8.257100e-08 5.175900e-15
8.352800e-08 4.436000e-15
8.449500e-08 5.382600e-15
8.547300e-08 5.457500e-15
8.646300e-08 5.754300e-15
8.746400e-08 5.929100e-15
8.847700e-08 6.095200e-15
8.950100e-08 6.251600e-15
9.053800e-08 6.280400e-15
9.158600e-08 6.516100e-15
9.243400e-08 1.757900e-14
9.350400e-08 3.040800e-14
9.458700e-08 4.720500e-14
9.546200e-08 5.984000e-14
9.656700e-08 6.807500e-14
9.746100e-08 2.187700e-14
9.858900e-08 6.095200e-14
9.950100e-08 6.067200e-14
1.004220e-07 7.852200e-14
1.015850e-07 7.638200e-14
1.025250e-07 4.216900e-14
1.034740e-07 6.251600e-14
1.044310e-07 9.727200e-14
1.053970e-07 9.571700e-14
1.066180e-07 8.072200e-14
1.076040e-07 9.140900e-14
1.086000e-07 7.762300e-14
1.096050e-07 9.484000e-14
1.106190e-07 9.162000e-14
1.113860e-07 8.994800e-14
1.124160e-07 8.165600e-14
1.134570e-07 9.704900e-14
1.145060e-07 9.057100e-14
1.155660e-07 9.353800e-14
1.163670e-07 9.505800e-14
1.174440e-07 6.934100e-14
1.185300e-07 9.140900e-14
1.196270e-07 7.194300e-14
1.204560e-07 5.874800e-14
1.215710e-07 4.111400e-14
1.224140e-07 6.854700e-14
1.235460e-07 9.119900e-14
1.244030e-07 9.772100e-14
1.255540e-07 9.549700e-14
1.264240e-07 8.709400e-14
1.275940e-07 1.035100e-13
1.284780e-07 1.069000e-13
1.293690e-07 9.119900e-14
1.305660e-07 9.036300e-14
1.314710e-07 1.054400e-13
1.323820e-07 1.016200e-13
1.336070e-07 9.397000e-14
1.345330e-07 1.049500e-13
1.354660e-07 1.020900e-13
1.364050e-07 9.440400e-14
1.373500e-07 9.682600e-14
1.386210e-07 9.727200e-14
1.395820e-07 8.260200e-14
1.405500e-07 8.317400e-14
1.415240e-07 9.162000e-14
1.425050e-07 9.140900e-14
1.434930e-07 9.225500e-14
1.441550e-07 9.549700e-14
1.448200e-07 9.638100e-14
1.454890e-07 9.375400e-14
1.464970e-07 8.851000e-14
1.475130e-07 8.851000e-14
1.485350e-07 8.932800e-14
1.495650e-07 8.994800e-14
1.506020e-07 8.629600e-14
1.512970e-07 7.924800e-14
1.516450e-07 8.279200e-14
1.523450e-07 8.109400e-14
1.534010e-07 7.194300e-14
1.544650e-07 7.328100e-14
1.555350e-07 7.063000e-14
1.566140e-07 7.395900e-14
1.573360e-07 7.816100e-14
1.584270e-07 8.072200e-14
1.595250e-07 8.203300e-14
1.606310e-07 7.961400e-14
1.613730e-07 7.906600e-14
1.624910e-07 7.638200e-14
1.636170e-07 7.979800e-14
1.643730e-07 8.035100e-14
1.655120e-07 7.638200e-14
1.666590e-07 8.109400e-14
1.670430e-07 7.378900e-14
1.678150e-07 8.260200e-14
1.685890e-07 8.394400e-14
1.693670e-07 7.979800e-14
1.705410e-07 7.744400e-14
1.713280e-07 7.447100e-14
1.725160e-07 7.378900e-14
1.733120e-07 7.762300e-14
1.745140e-07 7.603100e-14
1.753190e-07 7.924800e-14
1.765340e-07 7.412900e-14
1.773490e-07 7.516100e-14
1.785790e-07 7.620600e-14
1.794030e-07 7.943100e-14
1.806460e-07 7.870300e-14
1.814800e-07 7.430000e-14
1.823180e-07 7.498800e-14
1.835820e-07 7.277600e-14
1.844290e-07 6.776300e-14
1.857070e-07 6.839000e-14
1.865650e-07 6.998300e-14
1.874260e-07 7.328100e-14
1.882910e-07 6.854700e-14
1.895960e-07 6.652600e-14
1.904710e-07 6.934100e-14
1.913500e-07 6.745100e-14
1.926770e-07 6.546200e-14
1.935660e-07 6.667900e-14
1.944600e-07 6.982200e-14
1.953570e-07 6.576400e-14
1.967110e-07 7.046800e-14
1.976190e-07 7.177800e-14
1.985320e-07 6.870500e-14
1.994480e-07 6.698700e-14
2.003680e-07 6.807500e-14
2.012930e-07 6.667900e-14
2.026890e-07 6.807500e-14
2.036240e-07 6.576400e-14
2.045640e-07 6.745100e-14
2.055080e-07 6.266000e-14
2.064570e-07 6.382500e-14
2.074100e-07 6.886400e-14
2.078880e-07 6.729600e-14
2.083670e-07 6.918200e-14
2.093290e-07 6.591600e-14
2.102950e-07 6.606800e-14
2.112660e-07 6.683300e-14
2.127300e-07 6.698700e-14
2.137120e-07 6.324000e-14
2.146990e-07 6.471300e-14
2.156900e-07 6.622000e-14
2.166850e-07 6.397200e-14
2.176850e-07 6.367800e-14
2.186900e-07 6.338500e-14
2.197000e-07 6.561300e-14
2.207140e-07 6.382500e-14
2.217320e-07 6.067200e-14
2.227560e-07 5.970200e-14
2.232690e-07 6.324000e-14
2.243000e-07 6.095200e-14
2.253350e-07 5.820900e-14
2.263750e-07 5.874800e-14
2.274200e-07 5.997800e-14
2.284700e-07 6.151600e-14
2.295250e-07 5.795600e-14
2.305840e-07 5.914200e-14
2.316480e-07 5.697700e-14
2.327180e-07 4.813900e-14
2.332540e-07 5.319900e-14
2.343310e-07 5.089900e-14
2.354120e-07 5.540100e-14
2.364990e-07 5.085400e-14
2.375910e-07 5.249800e-14
2.386870e-07 4.830100e-14
2.392380e-07 5.085800e-14
2.403420e-07 4.956600e-14
2.414510e-07 5.058300e-14
2.425660e-07 5.430300e-14
2.436850e-07 5.268000e-14
2.442470e-07 5.521600e-14
2.453750e-07 5.481400e-14
2.465070e-07 5.404100e-14
2.476450e-07 5.218600e-14
2.482160e-07 5.163800e-14
2.493620e-07 4.817300e-14
2.505130e-07 5.503600e-14
2.510900e-07 4.820200e-14
2.516690e-07 4.858300e-14
2.522490e-07 4.752300e-14
2.534130e-07 4.883700e-14
2.545830e-07 4.859600e-14
2.557580e-07 5.265600e-14
2.563480e-07 5.056700e-14
2.575310e-07 5.329900e-14
2.587200e-07 5.255000e-14
2.593160e-07 5.152300e-14
2.605130e-07 4.975800e-14
2.617150e-07 4.872200e-14
2.623190e-07 5.154100e-14
2.635300e-07 5.470300e-14
2.647460e-07 6.010100e-14
2.653560e-07 6.314100e-14
2.665810e-07 5.599900e-14
2.671960e-07 5.856200e-14
2.684290e-07 5.963300e-14
2.696680e-07 5.538100e-14
2.702900e-07 5.778300e-14
2.715370e-07 5.378700e-14
2.727910e-07 5.291300e-14
2.734190e-07 5.559000e-14
2.746820e-07 4.774000e-14
2.753150e-07 4.981100e-14
2.765860e-07 5.250700e-14
2.772230e-07 5.465900e-14
2.785030e-07 4.972200e-14
2.797880e-07 3.994300e-14
2.804330e-07 4.235300e-14
2.817280e-07 5.355300e-14
2.823770e-07 5.810800e-14
2.836800e-07 5.638100e-14
2.843340e-07 5.389900e-14
2.856470e-07 4.948600e-14
2.863050e-07 5.766800e-14
2.876270e-07 5.954500e-14
2.882900e-07 5.838500e-14
2.896210e-07 5.945800e-14
2.909570e-07 6.608800e-14
2.929740e-07 6.287700e-14
2.950050e-07 6.149900e-14
2.970500e-07 6.298700e-14
2.991090e-07 6.318900e-14
3.011820e-07 6.397800e-14
3.032700e-07 6.448100e-14
3.046700e-07 6.521800e-14
3.067820e-07 6.618700e-14
3.089080e-07 6.640200e-14
3.110490e-07 6.785800e-14
3.132060e-07 6.637800e-14
3.146510e-07 6.652300e-14
3.168320e-07 6.798300e-14
3.190290e-07 6.380300e-14
3.212400e-07 6.687800e-14
3.227230e-07 6.255200e-14
3.249600e-07 6.977400e-14
3.272120e-07 7.415600e-14
3.287220e-07 7.347200e-14
3.310010e-07 7.270800e-14
3.325290e-07 7.203800e-14
3.332950e-07 7.482600e-14
3.340640e-07 6.927000e-14
3.348340e-07 7.816900e-14
3.356060e-07 7.490800e-14
3.363800e-07 6.339000e-14
3.371550e-07 6.584300e-14
3.379320e-07 7.533700e-14
3.387110e-07 7.387500e-14
3.394920e-07 7.112000e-14
3.402740e-07 8.062900e-14
3.410590e-07 7.095500e-14
3.418450e-07 7.054800e-14
3.426330e-07 7.395700e-14
3.434230e-07 7.970300e-14
3.442150e-07 7.030300e-14
3.450080e-07 7.336200e-14
3.458030e-07 7.429700e-14
3.466010e-07 7.235600e-14
3.474000e-07 7.673100e-14
3.482010e-07 7.103500e-14
3.490030e-07 7.673200e-14
3.498080e-07 6.957900e-14
3.506140e-07 7.762100e-14
3.514220e-07 7.152900e-14
3.522330e-07 7.744400e-14
3.530440e-07 7.071200e-14
3.538580e-07 7.852300e-14
3.546740e-07 8.026100e-14
3.554920e-07 8.035400e-14
3.563110e-07 7.771700e-14
3.571320e-07 6.998800e-14
3.579560e-07 7.120900e-14
3.587810e-07 6.368600e-14
3.596080e-07 7.354400e-14
3.603290e-07 1.481900e-13
3.606040e-07 9.126500e-14
3.608780e-07 1.252200e-13
3.611520e-07 7.301500e-14
3.614270e-07 5.709500e-14
3.617010e-07 3.269900e-14
3.619750e-07 7.444600e-15
3.622490e-07 3.482500e-14
3.625240e-07 -1.790700e-15
3.627980e-07 3.624400e-14
3.630720e-07 -9.039200e-15
3.633460e-07 4.851800e-14
3.636210e-07 8.460900e-14
3.638950e-07 -4.305200e-14
3.641690e-07 1.493100e-14
3.644430e-07 6.433000e-14
3.647180e-07 4.265700e-14
3.649920e-07 4.505600e-14
3.652660e-07 8.954500e-14
3.655400e-07 1.393500e-13
3.658150e-07 6.546000e-14
3.660890e-07 9.180000e-14
3.663630e-07 1.476400e-13
3.666370e-07 2.065300e-14
3.669120e-07 1.964900e-14
3.671860e-07 9.863200e-14
3.674600e-07 6.597800e-14
3.677340e-07 8.681900e-14
3.680090e-07 6.579600e-14
3.682830e-07 1.026300e-13
3.685570e-07 7.001800e-14
3.688320e-07 5.191300e-14
3.691060e-07 7.084600e-14
3.693800e-07 8.479000e-14
3.696540e-07 6.219800e-14
3.699290e-07 1.341100e-13
3.702030e-07 9.630800e-14
3.704770e-07 1.088700e-13
3.707510e-07 1.268400e-13
3.710260e-07 1.612500e-14
3.713000e-07 2.620300e-14
3.715740e-07 8.821200e-14
3.718480e-07 5.632100e-14
3.721230e-07 6.436800e-14
3.723970e-07 4.794900e-14
3.726710e-07 1.787200e-13
3.729450e-07 1.039700e-13
3.732200e-07 1.357800e-13
3.734940e-07 3.718200e-14
3.737680e-07 1.421700e-13
3.740420e-07 6.514900e-14
3.743170e-07 4.449700e-14
3.745910e-07 7.207000e-14
3.748650e-07 8.298400e-14
3.751400e-07 8.064600e-14
3.754140e-07 1.145700e-13
3.756880e-07 6.043600e-14
3.759620e-07 -5.821400e-15
3.762370e-07 3.654800e-14
3.765110e-07 8.009900e-14
3.767850e-07 9.133600e-14
3.770590e-07 1.147900e-13
3.773340e-07 4.882500e-14
3.776080e-07 5.768100e-14
3.778820e-07 8.866700e-14
3.781560e-07 5.013000e-14
3.784310e-07 1.315200e-13
3.787050e-07 9.272000e-14
3.789790e-07 9.852400e-14
3.792530e-07 1.040800e-13
3.795280e-07 5.046100e-14
3.798020e-07 6.336600e-14
3.800760e-07 9.930100e-14
3.803500e-07 9.977400e-14
3.806250e-07 1.227200e-13
3.808990e-07 6.011500e-14
3.811730e-07 1.008200e-13
3.814470e-07 6.559000e-14
3.817220e-07 7.824600e-14
3.819960e-07 7.129200e-14
3.822700e-07 9.758500e-14
3.825450e-07 7.594000e-14
3.828190e-07 5.426200e-14
3.830930e-07 5.047900e-14
3.833670e-07 3.853200e-14
3.836420e-07 5.443800e-14
3.839160e-07 8.151600e-14
3.841900e-07 5.263500e-14
3.844640e-07 5.907400e-14
3.847390e-07 6.670700e-14
3.850130e-07 8.166500e-14
3.852870e-07 4.390700e-14
3.855610e-07 5.016800e-14
3.858360e-07 1.273000e-13
3.861100e-07 8.487000e-14
3.863840e-07 7.582000e-14
3.866580e-07 9.544200e-14
3.869330e-07 5.550800e-14
3.872070e-07 5.495700e-14
3.874810e-07 8.774000e-14
3.877550e-07 9.695200e-14
3.880300e-07 8.232500e-14
3.883040e-07 5.942300e-14
3.885780e-07 3.996600e-14
3.888520e-07 5.998600e-14
3.891270e-07 1.048700e-13
3.894010e-07 8.387900e-14
3.896750e-07 7.974900e-14
3.899500e-07 1.219300e-13
3.902240e-07 1.254800e-13
3.904980e-07 9.890900e-14
3.907720e-07 6.964100e-14
3.910470e-07 7.786200e-14
3.913210e-07 7.887000e-14
3.915950e-07 6.082900e-14
3.918690e-07 7.917700e-14
3.921440e-07 7.716100e-14
3.924180e-07 1.015700e-13
3.926920e-07 8.717100e-14
3.929660e-07 9.399500e-14
3.932410e-07 5.627500e-14
3.935150e-07 5.819900e-14
3.937890e-07 1.144400e-13
3.940630e-07 7.812500e-14
3.943380e-07 8.553500e-14
3.946120e-07 9.933700e-14
3.948860e-07 8.255100e-14
3.951600e-07 1.257000e-13
3.954350e-07 1.119900e-13
3.957090e-07 9.759300e-14
3.959830e-07 8.992500e-14
3.962580e-07 1.022800e-13
3.965320e-07 6.416900e-14
3.968060e-07 6.082500e-14
3.970800e-07 7.593500e-14
3.973550e-07 3.233000e-14
3.976290e-07 2.365500e-14
3.979030e-07 1.014800e-13
3.981770e-07 8.371900e-14
3.984520e-07 1.141800e-13
3.987260e-07 1.115700e-13
3.990000e-07 1.147700e-13
3.992740e-07 1.200700e-13
3.995490e-07 1.111800e-13
3.998230e-07 8.289300e-14
4.000970e-07 9.877200e-14
4.003710e-07 1.230000e-13
4.006460e-07 8.191000e-14
4.009200e-07 5.542400e-14
4.011940e-07 1.364000e-13
4.014680e-07 1.088900e-13
4.017430e-07 1.245300e-13
4.020170e-07 1.524300e-13
4.022910e-07 1.259800e-13
4.025650e-07 8.534500e-14
4.028400e-07 1.094500e-13
4.031140e-07 1.264500e-13
4.033880e-07 1.426700e-13
4.036630e-07 1.368700e-13
4.039370e-07 1.031700e-13
4.042110e-07 1.420400e-13
4.044850e-07 1.197700e-13
4.047600e-07 1.179400e-13
4.050340e-07 9.503900e-14
4.053080e-07 1.421200e-13
4.055820e-07 9.524500e-14
4.058570e-07 9.146000e-14
4.061310e-07 9.750100e-14
4.064050e-07 8.556400e-14
4.066790e-07 9.938900e-14
4.069540e-07 1.123700e-13
4.072280e-07 1.415200e-13
4.075020e-07 7.038700e-14
4.077760e-07 5.126200e-14
4.080510e-07 1.373000e-13
4.083250e-07 1.238900e-13
4.085990e-07 1.123800e-13
4.088730e-07 1.215400e-13
4.091480e-07 7.282200e-14
4.094220e-07 1.042000e-13
4.096960e-07 8.329100e-14
4.099700e-07 1.067500e-13
4.102450e-07 8.817800e-14
4.105190e-07 6.033500e-14
4.107930e-07 9.639900e-14
4.110680e-07 1.332500e-13
4.113420e-07 9.560600e-14
4.116160e-07 1.066700e-13
4.118900e-07 1.362900e-13
4.121650e-07 1.060300e-13
4.124390e-07 1.391800e-13
4.127130e-07 1.086900e-13
4.129870e-07 1.249800e-13
4.132620e-07 8.208200e-14
4.135360e-07 1.140000e-13
4.138100e-07 1.406200e-13
4.140840e-07 1.385200e-13
4.143590e-07 1.531400e-13
4.146330e-07 1.276900e-13
4.149070e-07 9.447200e-14
4.151810e-07 9.130300e-14
4.154560e-07 9.267100e-14
4.157300e-07 1.186600e-13
4.160040e-07 1.217100e-13
4.162780e-07 1.244000e-13
4.165530e-07 1.240600e-13
4.168270e-07 1.257700e-13
4.171010e-07 1.482300e-13
4.173760e-07 1.359300e-13
4.176500e-07 1.463900e-13
4.179240e-07 1.381800e-13
4.181980e-07 9.464300e-14
4.184730e-07 8.359100e-14
4.187470e-07 1.320300e-13
4.190210e-07 1.238200e-13
4.192950e-07 1.192300e-13
4.195700e-07 8.789300e-14
4.198440e-07 1.017300e-13
4.201180e-07 1.162200e-13
4.203920e-07 1.119600e-13
4.206670e-07 1.233800e-13
4.209410e-07 1.079000e-13
4.212150e-07 9.994200e-14
4.214890e-07 9.390100e-14
4.217640e-07 1.038100e-13
4.220380e-07 1.261500e-13
4.223120e-07 1.325200e-13
4.225860e-07 1.434200e-13
4.228610e-07 1.318200e-13
4.231350e-07 1.227700e-13
4.234090e-07 1.113600e-13
4.236830e-07 9.637600e-14
4.239580e-07 1.188500e-13
4.242320e-07 1.258200e-13
4.245060e-07 1.134800e-13
4.247810e-07 9.542900e-14
4.250550e-07 1.110700e-13
4.253290e-07 1.431200e-13
4.256030e-07 1.183400e-13
4.258780e-07 9.283100e-14
4.261520e-07 8.968400e-14
4.264260e-07 1.003600e-13
4.267000e-07 9.463800e-14
4.269750e-07 9.102300e-14
4.272490e-07 9.768800e-14
4.275230e-07 1.078500e-13
4.277970e-07 9.477300e-14
4.280720e-07 9.096100e-14
4.283460e-07 1.114600e-13
4.286200e-07 1.143600e-13
4.288940e-07 9.541000e-14
4.291690e-07 9.722100e-14
4.294430e-07 1.010700e-13
4.297170e-07 8.061900e-14
4.299910e-07 9.040200e-14
4.302660e-07 8.873100e-14
4.305400e-07 9.379100e-14
4.308140e-07 9.863700e-14
4.310880e-07 1.018700e-13
4.313630e-07 1.258300e-13
4.316370e-07 1.283700e-13
4.319110e-07 1.185300e-13
4.321860e-07 1.132300e-13
4.324600e-07 9.764100e-14
4.327340e-07 9.935700e-14
4.330080e-07 9.961500e-14
4.332830e-07 1.057300e-13
4.335570e-07 1.062300e-13
4.338310e-07 1.043400e-13
4.341050e-07 1.027200e-13
4.343800e-07 1.023700e-13
4.346540e-07 9.185500e-14
4.349280e-07 8.404100e-14
4.352020e-07 9.144300e-14
4.354770e-07 9.850200e-14
4.357510e-07 1.013400e-13
4.360250e-07 1.082600e-13
4.362990e-07 1.013200e-13
4.365740e-07 1.094300e-13
4.368480e-07 1.259600e-13
4.371220e-07 1.490700e-13
4.373960e-07 1.259200e-13
4.376710e-07 1.093800e-13
4.379450e-07 1.043700e-13
4.382190e-07 1.070200e-13
4.384940e-07 1.081700e-13
4.387680e-07 9.370900e-14
4.390420e-07 7.402200e-14
4.393160e-07 9.491600e-14
4.395910e-07 9.555900e-14
4.398650e-07 9.435800e-14
4.401390e-07 1.205500e-13
4.404130e-07 1.037600e-13
4.406880e-07 9.038800e-14
4.409620e-07 1.095000e-13
4.412360e-07 1.113600e-13
4.415100e-07 1.127200e-13
4.417850e-07 1.178700e-13
4.420590e-07 1.031800e-13
4.423330e-07 1.210600e-13
4.426070e-07 1.126800e-13
4.428820e-07 9.131000e-14
4.431560e-07 9.968000e-14
4.434300e-07 9.229200e-14
4.437040e-07 1.064300e-13
4.439790e-07 1.063400e-13
4.442530e-07 1.204100e-13
4.445270e-07 1.210100e-13
4.448010e-07 1.266000e-13
4.450760e-07 1.277700e-13
4.453500e-07 1.048800e-13
4.456240e-07 1.000600e-13
4.458990e-07 1.137900e-13
4.461730e-07 1.344700e-13
4.464470e-07 1.139100e-13
4.467210e-07 1.273400e-13
4.469960e-07 1.160100e-13
4.472700e-07 1.077800e-13
4.475440e-07 1.007100e-13
4.478180e-07 1.299400e-13
4.480930e-07 1.469100e-13
4.483670e-07 1.003800e-13
4.486410e-07 1.115200e-13
4.489150e-07 1.205300e-13
4.491900e-07 1.022900e-13
4.494640e-07 1.086900e-13
4.497380e-07 1.247600e-13
4.500120e-07 1.344100e-13
4.502870e-07 1.063000e-13
4.505610e-07 9.167100e-14
4.508350e-07 1.402000e-13
4.511090e-07 1.188400e-13
4.513840e-07 1.215400e-13
4.516580e-07 1.438500e-13
4.519320e-07 1.315500e-13
4.522060e-07 1.281300e-13
4.524810e-07 1.256300e-13
4.527550e-07 1.379600e-13
4.530290e-07 1.098900e-13
4.533040e-07 1.086800e-13
4.535780e-07 9.193000e-14
4.538520e-07 1.333300e-13
4.541260e-07 1.142000e-13
4.544010e-07 1.192700e-13
4.546750e-07 1.159900e-13
4.549490e-07 1.195800e-13
4.552230e-07 1.396400e-13
4.554980e-07 1.236600e-13
4.557720e-07 1.110500e-13
4.560460e-07 1.050700e-13
4.563200e-07 8.553400e-14
4.565950e-07 9.058600e-14
4.568690e-07 1.271000e-13
4.571430e-07 1.369700e-13
4.574170e-07 1.198700e-13
4.576920e-07 1.181200e-13
4.579660e-07 1.248100e-13
4.582400e-07 1.276600e-13
4.585140e-07 8.937300e-14
4.587890e-07 1.395600e-13
4.590630e-07 1.056600e-13
4.593370e-07 1.117100e-13
4.596120e-07 1.069200e-13
4.598860e-07 1.110500e-13
4.601600e-07 1.132400e-13
4.604340e-07 1.297300e-13
4.607090e-07 1.168400e-13
4.609830e-07 1.329500e-13
4.612570e-07 1.069800e-13
4.615310e-07 1.214800e-13
4.618060e-07 1.133300e-13
4.620800e-07 1.062400e-13
4.623540e-07 1.221100e-13
4.626280e-07 1.148400e-13
4.629030e-07 1.112100e-13
4.631770e-07 1.039900e-13
4.634510e-07 1.024900e-13
4.637250e-07 1.136900e-13
4.640000e-07 1.147600e-13
4.642740e-07 1.149400e-13
4.645480e-07 1.250600e-13
4.648220e-07 1.030600e-13
4.650970e-07 1.529700e-13
4.653710e-07 1.106800e-13
4.656450e-07 1.347000e-13
4.659190e-07 1.139100e-13
4.661940e-07 1.536400e-13
4.664680e-07 1.161700e-13
4.667420e-07 1.030800e-13
4.670170e-07 1.363600e-13
4.672910e-07 1.202600e-13
4.675650e-07 1.117100e-13
4.678390e-07 1.121300e-13
4.681140e-07 1.311600e-13
4.683880e-07 1.116800e-13
4.686620e-07 1.190200e-13
4.689360e-07 1.077800e-13
4.692110e-07 9.623800e-14
4.694850e-07 8.473400e-14
4.697590e-07 7.322100e-14
4.700330e-07 8.504500e-14
4.703080e-07 1.322500e-13
4.705820e-07 1.182600e-13
4.708560e-07 1.503800e-13
4.711300e-07 1.024600e-13
4.714050e-07 9.813500e-14
4.716790e-07 9.993700e-14
4.719530e-07 1.154200e-13
4.722270e-07 1.199600e-13
4.725020e-07 8.114100e-14
4.727760e-07 1.208500e-13
4.730500e-07 9.860700e-14
4.733240e-07 1.230300e-13
4.735990e-07 1.032600e-13
4.738730e-07 1.191100e-13
4.741470e-07 1.364200e-13
4.744220e-07 1.340900e-13
4.746960e-07 1.150500e-13
4.749700e-07 1.434100e-13
4.752440e-07 1.056200e-13
4.755190e-07 1.153100e-13
4.757930e-07 1.218100e-13
4.760670e-07 1.315400e-13
4.763410e-07 9.326200e-14
4.766160e-07 1.425800e-13
4.768900e-07 1.215900e-13
4.771640e-07 1.434300e-13
4.774380e-07 1.291500e-13
4.777130e-07 1.413800e-13
4.779870e-07 1.324000e-13
4.782610e-07 1.203000e-13
4.785350e-07 1.092000e-13
4.788100e-07 1.310400e-13
4.790840e-07 1.238000e-13
4.793580e-07 1.112000e-13
4.796320e-07 1.125600e-13
4.799070e-07 1.105300e-13
4.801810e-07 9.336100e-14
4.804550e-07 1.303400e-13
4.807300e-07 1.213900e-13
4.810040e-07 1.230300e-13
4.812780e-07 1.141200e-13
4.815520e-07 1.154400e-13
4.818270e-07 9.940700e-14
4.821010e-07 1.118400e-13
4.823750e-07 9.554400e-14
4.826490e-07 1.104900e-13
4.829240e-07 1.071500e-13
4.831980e-07 1.029000e-13
4.834720e-07 1.403200e-13
4.837460e-07 9.339000e-14
4.840210e-07 1.260700e-13
4.842950e-07 1.445700e-13
4.845690e-07 1.248700e-13
4.848430e-07 9.160100e-14
4.851180e-07 1.145200e-13
4.853920e-07 8.463300e-14
4.856660e-07 1.254900e-13
4.859400e-07 1.220200e-13
4.862150e-07 1.386700e-13
4.864890e-07 1.103200e-13
4.867630e-07 1.009500e-13
4.870370e-07 1.108200e-13
4.873120e-07 1.021200e-13
4.875860e-07 1.015700e-13
4.878600e-07 9.767300e-14
4.881350e-07 1.044900e-13
4.884090e-07 1.252100e-13
4.886830e-07 8.932500e-14
4.889570e-07 9.481600e-14
4.892320e-07 1.226400e-13
4.895060e-07 1.192900e-13
4.897800e-07 1.180200e-13
4.900540e-07 1.166600e-13
4.903290e-07 1.198800e-13
4.906030e-07 1.462300e-13
4.908770e-07 1.067600e-13
4.911510e-07 1.302600e-13
4.914260e-07 1.395100e-13
4.917000e-07 1.015100e-13
4.919740e-07 7.490600e-14
4.922480e-07 1.251500e-13
4.925230e-07 1.038700e-13
4.927970e-07 1.085100e-13
4.930710e-07 1.004600e-13
4.933450e-07 1.333800e-13
4.936200e-07 1.380300e-13
4.938940e-07 1.206600e-13
4.941680e-07 1.041000e-13
4.944430e-07 1.483400e-13
4.947170e-07 1.282300e-13
4.949910e-07 1.221600e-13
4.952650e-07 1.278800e-13
4.955400e-07 1.335500e-13
4.958140e-07 1.437400e-13
4.960880e-07 1.138300e-13
4.963620e-07 1.389400e-13
4.966370e-07 1.031300e-13
4.969110e-07 1.187800e-13
4.971850e-07 1.356900e-13
4.974590e-07 1.282600e-13
4.977340e-07 1.316300e-13
4.980080e-07 1.214700e-13
4.982820e-07 1.156600e-13
4.985560e-07 8.808300e-14
4.988310e-07 9.597500e-14
4.991050e-07 9.875300e-14
4.993790e-07 9.676000e-14
4.996530e-07 1.028700e-13
4.999280e-07 9.278200e-14
5.002020e-07 9.880800e-14
5.004760e-07 1.125800e-13
5.007500e-07 1.298600e-13
5.010250e-07 1.286800e-13
5.012990e-07 9.879900e-14
5.015730e-07 1.167500e-13
5.018480e-07 1.048800e-13
5.021220e-07 9.120200e-14
5.023960e-07 1.283400e-13
5.026700e-07 1.043400e-13
5.029450e-07 1.001200e-13
5.032190e-07 1.004500e-13
5.034930e-07 1.008000e-13
5.037670e-07 1.208200e-13
5.040420e-07 9.546000e-14
5.043160e-07 8.890500e-14
5.045900e-07 1.082100e-13
5.048640e-07 9.032000e-14
5.051390e-07 1.047700e-13
5.054130e-07 1.087100e-13
5.056870e-07 1.111800e-13
5.059610e-07 9.993800e-14
5.062360e-07 1.299300e-13
5.065100e-07 1.220800e-13
5.067840e-07 1.252400e-13
5.070580e-07 9.821800e-14
5.073330e-07 1.326800e-13
5.076070e-07 1.066400e-13
5.078810e-07 1.063000e-13
5.081550e-07 1.002100e-13
5.084300e-07 9.105000e-14
5.087040e-07 1.079500e-13
5.089780e-07 1.039100e-13
5.092530e-07 1.038800e-13
5.095270e-07 1.082600e-13
5.098010e-07 1.180700e-13
5.100750e-07 1.218200e-13
5.103500e-07 9.279700e-14
5.106240e-07 1.092700e-13
5.108980e-07 9.672700e-14
5.111720e-07 1.196900e-13
5.114470e-07 1.092100e-13
5.117210e-07 1.171000e-13
5.119950e-07 1.188400e-13
5.122690e-07 9.054100e-14
5.125440e-07 1.259300e-13
5.128180e-07 1.024200e-13
5.130920e-07 7.277300e-14
5.133660e-07 1.067100e-13
5.136410e-07 1.213400e-13
5.139150e-07 1.158100e-13
5.141890e-07 1.052600e-13
5.144630e-07 1.056300e-13
5.147380e-07 1.084000e-13
5.150120e-07 1.136200e-13
5.152860e-07 1.068600e-13
5.155610e-07 8.949000e-14
5.158350e-07 1.087900e-13
5.161090e-07 1.095900e-13
5.163830e-07 1.083600e-13
5.166580e-07 1.028200e-13
5.169320e-07 8.586600e-14
5.172060e-07 8.837000e-14
5.174800e-07 1.064800e-13
5.177550e-07 8.863800e-14
5.180290e-07 1.100500e-13
5.183030e-07 8.294700e-14
5.185770e-07 9.137500e-14
5.188520e-07 9.292500e-14
5.191260e-07 1.042100e-13
5.194000e-07 8.284500e-14
5.196740e-07 1.230800e-13
5.199490e-07 1.061800e-13
5.202230e-07 1.114900e-13
5.204970e-07 9.581100e-14
5.207710e-07 1.067700e-13
5.210460e-07 9.977100e-14
5.213200e-07 9.109900e-14
5.215940e-07 9.163900e-14
5.218680e-07 1.325800e-13
5.221430e-07 1.030900e-13
5.224170e-07 1.002800e-13
5.226910e-07 1.078900e-13
5.229660e-07 9.045500e-14
5.232400e-07 1.006800e-13
5.235140e-07 9.944500e-14
5.237880e-07 1.162000e-13
5.240630e-07 1.215200e-13
5.243370e-07 9.930100e-14
5.246110e-07 1.135700e-13
5.248850e-07 1.187700e-13
5.251600e-07 8.663500e-14
5.254340e-07 1.108300e-13
5.257080e-07 1.047500e-13
5.259820e-07 9.596600e-14
5.262570e-07 9.402800e-14
5.265310e-07 8.431700e-14
5.268050e-07 9.632200e-14
5.270790e-07 1.047800e-13
5.273540e-07 1.128400e-13
5.276280e-07 1.131600e-13
5.279020e-07 1.250000e-13
5.281760e-07 1.128600e-13
5.284510e-07 1.085800e-13
5.287250e-07 1.039500e-13
5.289990e-07 1.298500e-13
5.292730e-07 1.184700e-13
5.295480e-07 9.728800e-14
5.298220e-07 1.063000e-13
5.300960e-07 9.890700e-14
5.303710e-07 1.076300e-13
5.306450e-07 1.152700e-13
5.309190e-07 1.196100e-13
5.311930e-07 1.274000e-13
5.314680e-07 1.205600e-13
5.317420e-07 1.108300e-13
5.320160e-07 1.153400e-13
5.322900e-07 1.182500e-13
5.325650e-07 1.302600e-13
5.328390e-07 1.123400e-13
5.331130e-07 1.227900e-13
5.333870e-07 9.801600e-14
5.336620e-07 1.106300e-13
5.339360e-07 1.030800e-13
5.342100e-07 1.213600e-13
5.344840e-07 1.092000e-13
5.347590e-07 1.086700e-13
5.350330e-07 1.007500e-13
5.353070e-07 1.025600e-13
5.355810e-07 1.114900e-13
5.358560e-07 1.299500e-13
5.361300e-07 1.289600e-13
5.364040e-07 1.197900e-13
5.366790e-07 1.359700e-13
5.369530e-07 1.349200e-13
5.372270e-07 1.047900e-13
5.375010e-07 1.026700e-13
5.377760e-07 1.170100e-13
5.380500e-07 1.081100e-13
5.383240e-07 1.237500e-13
5.385980e-07 1.174200e-13
5.388730e-07 1.156200e-13
5.391470e-07 8.712900e-14
5.394210e-07 9.109700e-14
5.396950e-07 1.240800e-13
5.399700e-07 1.105100e-13
5.402440e-07 1.078000e-13
5.405180e-07 1.075900e-13
5.407920e-07 9.864000e-14
5.410670e-07 1.047900e-13
5.413410e-07 1.096500e-13
5.416150e-07 9.068700e-14
5.418890e-07 1.003000e-13
5.421640e-07 1.096500e-13
5.424380e-07 1.200400e-13
5.427120e-07 1.129400e-13
5.429860e-07 1.237600e-13
5.432610e-07 1.138300e-13
5.435350e-07 1.109400e-13
5.438090e-07 9.340000e-14
5.440840e-07 1.015400e-13
5.443580e-07 1.055900e-13
5.446320e-07 1.023200e-13
5.449060e-07 1.015900e-13
5.451810e-07 1.159200e-13
5.454550e-07 1.224500e-13
5.457290e-07 1.213400e-13
5.460030e-07 1.076700e-13
5.462780e-07 9.437500e-14
5.465520e-07 9.186700e-14
5.468260e-07 1.181000e-13
5.471000e-07 1.231700e-13
5.473750e-07 1.063600e-13
5.476490e-07 1.127400e-13
5.479230e-07 1.086400e-13
5.481970e-07 1.186400e-13
5.484720e-07 1.098600e-13
5.487460e-07 9.933200e-14
5.490200e-07 1.050800e-13
5.492940e-07 1.108200e-13
5.495690e-07 1.212300e-13
5.498430e-07 1.267600e-13
5.501170e-07 1.172600e-13
5.503910e-07 1.149000e-13
5.506660e-07 1.076000e-13
5.509400e-07 1.018600e-13
5.512140e-07 1.030800e-13
5.514890e-07 1.024500e-13
5.517630e-07 1.004300e-13
5.520370e-07 1.094100e-13
5.523110e-07 1.090200e-13
5.525860e-07 1.016000e-13
5.528600e-07 1.179900e-13
5.531340e-07 1.143500e-13
5.534080e-07 9.383200e-14
5.536830e-07 1.092400e-13
5.539570e-07 1.036600e-13
5.542310e-07 1.266600e-13
5.545050e-07 9.110100e-14
5.547800e-07 1.067100e-13
5.550540e-07 9.052900e-14
5.553280e-07 1.188800e-13
5.556020e-07 1.138700e-13
5.558770e-07 9.558700e-14
5.561510e-07 9.270100e-14
5.564250e-07 1.262300e-13
5.566990e-07 1.042700e-13
5.569740e-07 1.131500e-13
5.572480e-07 9.751800e-14
5.575220e-07 1.215500e-13
5.577970e-07 1.103800e-13
5.580710e-07 1.420300e-13
5.583450e-07 1.154800e-13
5.586190e-07 1.009800e-13
5.588940e-07 1.002300e-13
5.591680e-07 1.148900e-13
5.594420e-07 1.104400e-13
5.597160e-07 1.043900e-13
5.599910e-07 1.195800e-13
5.602650e-07 1.279200e-13
5.605390e-07 1.265200e-13
5.608130e-07 1.185200e-13
5.610880e-07 1.037600e-13
5.613620e-07 1.052700e-13
5.616360e-07 1.138800e-13
5.619100e-07 1.041800e-13
5.621850e-07 8.876500e-14
5.624590e-07 8.587100e-14
5.627330e-07 9.653200e-14
5.630070e-07 1.083600e-13
5.632820e-07 1.090800e-13
5.635560e-07 1.144000e-13
5.638300e-07 1.174400e-13
5.641040e-07 1.124200e-13
5.643790e-07 1.094100e-13
5.646530e-07 1.126200e-13
5.649270e-07 1.228400e-13
5.652020e-07 1.120100e-13
5.654760e-07 1.138900e-13
5.657500e-07 1.112200e-13
5.660240e-07 1.133900e-13
5.662990e-07 1.121200e-13
5.665730e-07 1.087600e-13
5.668470e-07 1.207600e-13
5.671210e-07 1.255200e-13
5.673960e-07 9.615400e-14
5.676700e-07 1.107900e-13
5.679440e-07 1.225600e-13
5.682180e-07 1.314200e-13
5.684930e-07 1.031700e-13
5.687670e-07 9.880300e-14
5.690410e-07 1.251500e-13
5.693150e-07 1.040500e-13
5.695900e-07 9.872500e-14
5.698640e-07 1.101700e-13
5.701380e-07 9.122900e-14
5.704120e-07 9.504200e-14
5.706870e-07 9.821500e-14
5.709610e-07 1.076200e-13
5.712350e-07 8.160800e-14
5.715090e-07 1.206600e-13
5.717840e-07 1.059500e-13
5.720580e-07 1.021600e-13
5.723320e-07 1.293600e-13
5.726070e-07 1.238100e-13
5.728810e-07 1.132000e-13
5.731550e-07 9.383500e-14
5.734290e-07 9.796000e-14
5.737040e-07 1.161200e-13
5.739780e-07 1.137600e-13
5.742520e-07 1.214100e-13
5.745260e-07 1.192100e-13
5.748010e-07 1.223400e-13
5.750750e-07 1.215200e-13
5.753490e-07 1.313300e-13
5.756230e-07 1.149900e-13
5.758980e-07 9.185000e-14
5.761720e-07 1.035100e-13
5.764460e-07 1.138700e-13
5.767200e-07 1.036700e-13
5.769950e-07 1.133100e-13
5.772690e-07 1.009100e-13
5.775430e-07 1.056200e-13
5.778170e-07 1.286000e-13
5.780920e-07 1.408400e-13
5.783660e-07 8.720600e-14
5.786400e-07 1.020600e-13
5.789150e-07 1.051600e-13
5.791890e-07 1.058500e-13
5.794630e-07 1.097800e-13
5.797370e-07 1.084800e-13
5.800120e-07 9.150700e-14
5.802860e-07 1.064000e-13
5.805600e-07 1.046600e-13
5.808340e-07 1.101500e-13
5.811090e-07 1.261100e-13
5.813830e-07 1.014700e-13
5.816570e-07 8.803000e-14
5.819310e-07 9.464900e-14
5.822060e-07 9.416800e-14
5.824800e-07 1.012100e-13
5.827540e-07 1.076000e-13
5.830280e-07 1.296900e-13
5.833030e-07 9.336100e-14
5.835770e-07 1.107400e-13
5.838510e-07 8.620200e-14
5.841250e-07 8.811100e-14
5.844000e-07 1.078700e-13
5.846740e-07 1.149700e-13
5.849480e-07 1.120200e-13
5.852220e-07 1.090000e-13
5.854970e-07 1.093000e-13
5.857710e-07 1.043900e-13
5.860450e-07 1.218100e-13
5.863200e-07 9.146100e-14
5.865940e-07 1.072900e-13
5.868680e-07 7.097100e-14
5.871420e-07 2.625300e-14
5.874170e-07 8.419800e-14
5.876910e-07 9.692500e-14
5.879650e-07 1.324700e-13
5.882390e-07 1.363800e-13
5.885140e-07 1.178400e-13
5.887880e-07 1.118000e-13
5.890620e-07 9.326700e-14
5.893360e-07 9.094000e-14
5.896110e-07 1.235100e-13
5.898850e-07 1.317800e-13
5.901590e-07 9.288700e-14
5.904330e-07 8.954200e-14
5.907080e-07 9.283700e-14
5.909820e-07 1.413300e-13
5.912560e-07 1.131900e-13
5.915300e-07 1.057900e-13
5.918050e-07 1.059700e-13
5.920790e-07 1.227000e-13
5.923530e-07 1.098600e-13
5.926280e-07 9.870300e-14
5.929020e-07 9.327100e-14
5.931760e-07 1.143700e-13
5.934500e-07 9.534400e-14
5.937250e-07 1.301600e-13
5.939990e-07 1.233100e-13
5.942730e-07 1.341400e-13
5.945470e-07 1.456100e-13
5.948220e-07 1.214200e-13
5.950960e-07 1.026500e-13
5.953700e-07 1.114900e-13
5.956440e-07 1.139800e-13
5.959190e-07 1.058300e-13
5.961930e-07 1.051400e-13
5.964670e-07 1.044000e-13
5.967410e-07 9.877500e-14
5.970160e-07 1.150700e-13
5.972900e-07 1.189100e-13
5.975640e-07 9.645200e-14
5.978380e-07 9.344900e-14
5.981130e-07 9.509800e-14
5.983870e-07 1.008100e-13
5.986610e-07 1.092800e-13
5.989350e-07 1.270200e-13
5.992100e-07 1.056200e-13
5.994840e-07 1.004300e-13
5.997580e-07 1.200200e-13
6.000330e-07 1.111800e-13
6.003070e-07 1.107900e-13
6.005810e-07 1.090700e-13
6.008550e-07 1.125700e-13
6.011300e-07 1.210900e-13
6.014040e-07 1.282300e-13
6.016780e-07 1.092400e-13
6.019520e-07 1.087800e-13
6.022270e-07 1.192500e-13
6.025010e-07 1.148200e-13
6.027750e-07 1.122300e-13
6.030490e-07 1.149300e-13
6.033240e-07 1.173700e-13
6.035980e-07 1.242700e-13
6.038720e-07 1.257900e-13
6.041460e-07 1.174900e-13
6.044210e-07 1.081900e-13
6.046950e-07 8.446600e-14
6.049690e-07 8.097600e-14
6.052430e-07 9.903300e-14
6.055180e-07 1.047000e-13
6.057920e-07 1.026500e-13
6.060660e-07 1.052300e-13
6.063400e-07 1.125500e-13
6.066150e-07 9.990300e-14
6.068890e-07 1.039800e-13
6.071630e-07 1.173600e-13
6.074380e-07 1.158000e-13
6.077120e-07 1.123600e-13
6.079860e-07 1.038500e-13
6.082600e-07 1.023900e-13
6.085350e-07 1.007700e-13
6.088090e-07 9.891300e-14
6.090830e-07 1.095300e-13
6.093570e-07 1.063300e-13
6.096320e-07 1.061400e-13
6.099060e-07 1.103900e-13
6.101800e-07 1.123200e-13
6.104540e-07 1.145700e-13
6.107290e-07 1.095500e-13
6.110030e-07 1.012400e-13
6.112770e-07 1.022500e-13
6.115510e-07 9.157200e-14
6.118260e-07 1.080500e-13
6.121000e-07 1.027900e-13
6.123740e-07 1.099900e-13
6.126480e-07 8.443600e-14
6.129230e-07 9.903200e-14
6.131970e-07 1.024900e-13
6.134710e-07 1.209900e-13
6.137460e-07 1.067600e-13
6.140200e-07 9.472300e-14
6.142940e-07 9.742300e-14
6.145680e-07 1.081000e-13
6.148430e-07 9.888500e-14
6.151170e-07 9.882200e-14
6.153910e-07 9.473200e-14
6.156650e-07 8.423700e-14
6.159400e-07 8.549000e-14
6.162140e-07 9.753200e-14
6.164880e-07 8.857700e-14
6.167620e-07 8.458300e-14
6.170370e-07 8.175700e-14
6.173110e-07 9.140100e-14
6.175850e-07 8.998700e-14
6.178590e-07 9.790300e-14
6.181340e-07 1.046800e-13
6.184080e-07 1.133900e-13
6.186820e-07 1.107500e-13
6.189560e-07 1.098300e-13
6.192310e-07 1.132400e-13
6.195050e-07 1.149300e-13
6.197790e-07 8.564200e-14
6.200530e-07 1.188400e-13
6.203280e-07 9.786400e-14
6.206020e-07 1.086400e-13
6.208760e-07 9.567900e-14
6.211510e-07 1.042600e-13
6.214250e-07 9.986900e-14
6.216990e-07 1.150200e-13
6.219730e-07 1.031600e-13
6.222480e-07 1.012800e-13
6.225220e-07 1.049600e-13
6.227960e-07 1.187000e-13
6.230700e-07 9.514500e-14
6.233450e-07 9.784100e-14
6.236190e-07 9.404100e-14
6.238930e-07 8.812200e-14
6.241670e-07 6.100400e-14
6.244420e-07 8.124900e-14
6.247160e-07 8.664400e-14
6.249900e-07 1.143000e-13
6.252640e-07 1.076500e-13
6.255390e-07 1.195300e-13
6.258130e-07 8.763400e-14
6.260870e-07 1.118900e-13
6.263610e-07 1.002700e-13
6.266360e-07 1.175200e-13
6.269100e-07 8.889700e-14
6.271840e-07 9.557300e-14
6.274580e-07 9.613800e-14
6.277330e-07 9.981100e-14
6.280070e-07 1.014000e-13
6.282810e-07 1.027500e-13
6.285560e-07 1.158500e-13
6.288300e-07 1.051200e-13
6.291040e-07 1.226100e-13
6.293780e-07 1.057500e-13
6.296530e-07 9.013800e-14
6.299270e-07 1.057600e-13
6.302010e-07 9.712500e-14
6.304750e-07 9.455300e-14
6.307500e-07 9.737300e-14
6.310240e-07 8.973000e-14
6.312980e-07 1.078800e-13
6.315720e-07 9.278600e-14
6.318470e-07 1.094500e-13
6.321210e-07 9.896800e-14
6.323950e-07 1.089000e-13
6.326690e-07 9.602900e-14
6.329440e-07 1.086400e-13
6.332180e-07 1.163100e-13
6.334920e-07 1.035900e-13
6.337660e-07 9.320600e-14
6.340410e-07 9.444400e-14
6.343150e-07 1.041700e-13
6.345890e-07 9.161000e-14
6.348640e-07 9.628700e-14
6.351380e-07 8.990800e-14
6.354120e-07 8.914100e-14
6.356860e-07 1.099800e-13
6.359610e-07 1.093300e-13
6.362350e-07 9.354900e-14
6.365090e-07 7.715400e-14
6.367830e-07 1.120000e-13
6.370580e-07 1.185600e-13
6.373320e-07 1.288900e-13
6.376060e-07 1.251000e-13
6.378800e-07 1.219700e-13
6.381550e-07 1.081500e-13
6.384290e-07 9.928800e-14
6.387030e-07 9.627400e-14
6.389770e-07 9.349100e-14
6.392520e-07 9.475400e-14
6.395260e-07 1.034100e-13
6.398000e-07 1.081700e-13
6.400740e-07 1.006400e-13
6.403490e-07 1.059800e-13
6.406230e-07 9.690500e-14
6.408970e-07 9.120900e-14
6.411710e-07 8.951700e-14
6.414460e-07 1.030800e-13
6.417200e-07 8.897100e-14
6.419940e-07 1.080200e-13
6.422690e-07 8.633000e-14
6.425430e-07 8.505600e-14
6.428170e-07 8.753500e-14
6.430910e-07 8.904900e-14
6.433660e-07 1.011400e-13
6.436400e-07 1.073500e-13
6.439140e-07 8.919100e-14
6.441880e-07 9.428400e-14
6.444630e-07 1.127000e-13
6.447370e-07 9.693300e-14
6.450110e-07 1.109800e-13
6.452850e-07 1.274400e-13
6.455600e-07 1.164200e-13
6.458340e-07 1.259800e-13
6.461080e-07 1.082100e-13
6.463820e-07 8.149900e-14
6.466570e-07 9.018900e-14
6.469310e-07 1.183700e-13
6.472050e-07 1.044700e-13
6.474790e-07 9.293200e-14
6.477540e-07 1.023500e-13
6.480280e-07 9.263500e-14
6.483020e-07 1.069600e-13
6.485760e-07 1.241800e-13
6.488510e-07 9.175000e-14
6.491250e-07 8.134200e-14
6.493990e-07 7.729900e-14
6.496740e-07 9.074500e-14
6.499480e-07 1.088700e-13
6.502220e-07 1.007900e-13
6.504960e-07 1.130000e-13
6.507710e-07 8.893300e-14
6.510450e-07 9.232700e-14
6.513190e-07 1.175100e-13
6.515930e-07 1.059800e-13
6.518680e-07 9.882800e-14
6.521420e-07 1.140400e-13
6.524160e-07 1.068000e-13
6.526900e-07 1.025000e-13
6.529650e-07 8.718200e-14
6.532390e-07 7.341800e-14
6.535130e-07 8.748300e-14
6.537870e-07 9.683300e-14
6.540620e-07 1.042700e-13
6.543360e-07 1.114800e-13
6.546100e-07 1.244800e-13
6.548840e-07 1.165700e-13
6.551590e-07 9.254500e-14
6.554330e-07 8.686800e-14
6.557070e-07 1.237500e-13
6.559820e-07 1.919900e-13
6.562560e-07 2.396300e-13
6.565300e-07 2.399300e-13
6.568040e-07 1.971800e-13
6.570790e-07 1.319300e-13
6.573530e-07 1.093600e-13
6.576270e-07 1.208800e-13
6.579010e-07 1.070400e-13
6.581760e-07 1.351300e-13
6.584500e-07 1.597800e-13
6.587240e-07 1.348200e-13
6.589980e-07 1.181400e-13
6.592730e-07 9.472600e-14
6.595470e-07 8.982800e-14
6.598210e-07 1.052800e-13
6.600950e-07 9.494000e-14
6.603700e-07 1.127200e-13
6.606440e-07 9.447300e-14
6.609180e-07 1.143700e-13
6.611920e-07 1.070000e-13
6.614670e-07 8.976500e-14
6.617410e-07 8.086600e-14
6.620150e-07 1.098200e-13
6.622890e-07 1.114200e-13
6.625640e-07 1.094500e-13
6.628380e-07 1.021500e-13
6.631120e-07 7.474800e-14
6.633870e-07 8.810600e-14
6.636610e-07 8.729300e-14
6.639350e-07 1.141500e-13
6.642090e-07 1.062000e-13
6.644840e-07 8.678200e-14
6.647580e-07 1.000700e-13
6.650320e-07 1.233400e-13
6.653060e-07 1.223600e-13
6.655810e-07 9.670700e-14
6.658550e-07 1.246600e-13
6.661290e-07 9.634200e-14
6.664030e-07 9.709200e-14
6.666780e-07 9.897500e-14
6.669520e-07 1.016300e-13
6.672260e-07 1.072600e-13
6.675000e-07 1.200800e-13
6.677750e-07 8.811300e-14
6.680490e-07 7.591000e-14
6.683230e-07 9.602800e-14
6.685970e-07 1.132100e-13
6.688720e-07 1.111700e-13
6.691460e-07 1.069600e-13
6.694200e-07 8.828000e-14
6.696940e-07 1.103600e-13
6.699690e-07 9.893100e-14
6.702430e-07 1.012400e-13
6.705170e-07 1.107200e-13
6.707920e-07 1.177500e-13
6.710660e-07 1.284700e-13
6.713400e-07 1.031500e-13
6.716140e-07 9.831100e-14
6.718890e-07 1.157500e-13
6.721630e-07 1.095100e-13
6.724370e-07 1.165900e-13
6.727110e-07 1.315600e-13
6.729860e-07 1.238600e-13
6.732600e-07 1.069000e-13
6.735340e-07 1.067300e-13
6.738080e-07 1.092700e-13
6.740830e-07 1.038200e-13
6.743570e-07 1.018600e-13
6.746310e-07 9.845900e-14
6.749050e-07 9.177000e-14
6.751800e-07 7.916500e-14
6.754540e-07 7.138000e-14
6.757280e-07 8.555200e-14
6.760020e-07 9.106300e-14
6.762770e-07 1.051900e-13
6.765510e-07 1.212900e-13
6.768250e-07 1.100200e-13
6.771000e-07 9.062600e-14
6.773740e-07 8.708600e-14
6.776480e-07 8.811100e-14
6.779220e-07 9.174100e-14
6.781970e-07 8.471600e-14
6.784710e-07 9.068100e-14
6.787450e-07 7.717600e-14
6.790190e-07 8.867200e-14
6.792940e-07 1.068900e-13
6.795680e-07 9.967300e-14
6.798420e-07 9.979800e-14
6.801160e-07 9.982700e-14
6.803910e-07 1.126200e-13
6.806650e-07 6.918900e-14
6.809390e-07 9.755100e-14
6.820710e-07 1.004600e-13
6.836430e-07 1.004500e-13
6.852190e-07 1.009100e-13
6.867990e-07 9.726200e-14
6.883820e-07 9.861200e-14
6.899690e-07 9.952100e-14
6.915590e-07 9.929000e-14
6.931530e-07 9.951600e-14
6.947510e-07 1.006700e-13
6.963530e-07 1.002000e-13
6.979580e-07 1.013600e-13
6.995670e-07 9.973400e-14
7.011800e-07 9.768500e-14
7.027960e-07 1.008800e-13
7.044160e-07 9.858400e-14
7.060400e-07 9.858100e-14
7.076680e-07 9.655600e-14
7.092990e-07 9.522800e-14
7.109340e-07 9.566500e-14
7.125730e-07 9.544200e-14
7.142160e-07 9.456500e-14
7.158620e-07 9.478000e-14
7.175130e-07 9.369200e-14
7.191670e-07 9.071700e-14
7.208240e-07 9.071500e-14
7.224860e-07 9.586600e-14
7.241520e-07 9.346600e-14
7.258210e-07 9.432800e-14
7.274940e-07 9.786500e-14
7.291710e-07 9.541400e-14
7.308520e-07 9.563100e-14
7.325370e-07 9.584900e-14
7.342260e-07 9.830500e-14
7.359180e-07 9.717600e-14
7.376140e-07 9.875200e-14
7.393150e-07 9.605800e-14
7.410190e-07 9.943100e-14
7.427270e-07 9.783800e-14
7.444390e-07 1.001100e-13
7.461560e-07 1.005700e-13
7.478760e-07 9.850700e-14
7.496000e-07 9.918700e-14
7.513280e-07 9.850100e-14
7.530600e-07 9.827200e-14
7.547960e-07 1.003300e-13
7.565360e-07 9.826600e-14
7.582800e-07 9.917200e-14
7.600280e-07 9.602300e-14
7.617800e-07 9.579900e-14
7.635360e-07 9.802700e-14
7.652960e-07 9.690200e-14
7.670600e-07 8.939600e-14
7.688290e-07 9.296200e-14
7.706010e-07 9.126200e-14
7.723770e-07 9.105000e-14
7.741580e-07 9.295300e-14
7.759420e-07 9.083500e-14
7.777310e-07 9.209500e-14
7.795240e-07 9.020300e-14
7.813210e-07 9.251400e-14
7.831220e-07 9.401500e-14
7.849270e-07 9.336400e-14
7.867370e-07 9.444200e-14
7.885500e-07 9.207700e-14
7.903680e-07 8.977200e-14
7.921900e-07 8.813000e-14
7.940160e-07 8.833100e-14
7.958470e-07 8.955600e-14
7.976820e-07 9.121800e-14
7.995200e-07 8.934500e-14
8.013630e-07 9.142300e-14
8.032100e-07 9.142000e-14
8.050620e-07 9.268800e-14
8.069180e-07 9.332800e-14
8.087780e-07 9.120000e-14
8.106430e-07 8.891600e-14
8.125110e-07 9.015000e-14
8.143840e-07 9.077200e-14
8.162620e-07 8.911200e-14
8.181430e-07 9.330900e-14
8.200290e-07 9.097200e-14
8.219200e-07 9.181100e-14
8.238150e-07 7.959400e-14
8.257130e-07 9.286800e-14
8.276170e-07 9.350800e-14
8.295250e-07 8.970900e-14
8.314370e-07 8.547100e-14
8.333540e-07 8.929100e-14
8.352750e-07 8.949300e-14
8.372000e-07 8.805900e-14
8.391300e-07 8.546000e-14
8.410650e-07 8.866400e-14
8.430040e-07 8.866100e-14
8.449470e-07 8.564800e-14
8.468950e-07 8.784200e-14
8.488470e-07 8.743500e-14
8.508040e-07 7.041600e-14
8.527650e-07 8.465600e-14
8.547310e-07 7.339100e-14
8.567010e-07 8.602500e-14
8.586760e-07 8.681800e-14
8.606560e-07 8.290800e-14
8.626400e-07 8.581800e-14
8.646280e-07 8.641000e-14
8.666210e-07 7.916800e-14
8.686190e-07 8.213600e-14
8.706210e-07 8.327500e-14
8.726280e-07 8.501600e-14
8.746400e-07 8.346100e-14
8.766560e-07 8.269300e-14
8.786770e-07 8.619000e-14
8.807030e-07 8.539600e-14
8.827330e-07 8.559000e-14
8.847680e-07 8.211200e-14
8.868070e-07 8.210900e-14
8.888520e-07 8.023700e-14
8.909010e-07 8.153800e-14
8.929540e-07 8.153500e-14
8.950130e-07 8.190800e-14
8.970760e-07 7.985700e-14
8.991440e-07 8.171400e-14
9.012170e-07 7.590700e-14
9.032950e-07 7.451800e-14
9.053770e-07 8.614800e-14
9.074640e-07 8.476800e-14
9.095560e-07 7.624600e-14
9.116530e-07 7.801900e-14
9.137540e-07 7.946600e-14
9.158610e-07 8.056900e-14
9.179720e-07 7.693900e-14
9.200880e-07 8.056200e-14
9.222090e-07 7.640400e-14
9.243350e-07 7.693100e-14
9.264660e-07 7.781900e-14
9.286020e-07 7.981200e-14
9.307420e-07 7.278600e-14
9.328880e-07 8.128900e-14
9.350380e-07 8.109900e-14
9.371940e-07 7.998300e-14
9.393540e-07 8.072000e-14
9.415190e-07 7.924400e-14
9.436900e-07 8.090000e-14
9.458660e-07 7.997100e-14
9.480460e-07 8.089400e-14
9.502320e-07 7.941400e-14
9.524220e-07 7.922900e-14
9.546170e-07 7.671200e-14
9.568180e-07 7.885800e-14
9.590240e-07 7.995200e-14
9.612350e-07 7.921600e-14
9.634500e-07 7.921300e-14
9.656720e-07 7.848400e-14
9.678980e-07 7.830000e-14
9.701290e-07 7.793700e-14
9.723650e-07 7.739800e-14
9.746070e-07 7.703900e-14
9.768530e-07 7.703600e-14
9.791060e-07 7.632600e-14
9.813620e-07 7.738500e-14
9.836250e-07 7.684900e-14
9.858920e-07 7.684600e-14
9.881650e-07 7.613800e-14
9.904430e-07 7.578600e-14
9.927260e-07 7.595700e-14
9.950150e-07 7.595400e-14
9.973080e-07 7.577600e-14
9.996070e-07 7.542500e-14
1.001911e-06 7.473000e-14
1.006537e-06 7.352900e-14
1.013513e-06 7.437200e-14
1.018191e-06 7.368400e-14
1.022892e-06 7.350800e-14
1.027613e-06 7.333300e-14
1.029981e-06 7.299300e-14
1.049130e-06 7.049000e-14
1.071099e-06 6.745100e-14
1.091012e-06 6.456400e-14
1.108739e-06 6.237200e-14
1.129352e-06 6.067200e-14
1.150348e-06 5.970200e-14
1.169039e-06 5.794200e-14
1.190775e-06 5.597400e-14
1.210123e-06 5.444900e-14
1.229786e-06 5.333200e-14
1.249768e-06 5.187900e-14
1.270075e-06 5.046500e-14
1.290712e-06 4.920300e-14
1.308668e-06 4.819400e-14
1.329932e-06 4.677200e-14
1.351542e-06 4.591900e-14
1.370343e-06 4.487300e-14
1.389407e-06 4.345000e-14
1.408736e-06 4.187800e-14
1.431626e-06 4.120900e-14
1.451542e-06 4.111400e-14
1.468350e-06 3.990200e-14
1.488775e-06 3.999400e-14
1.509487e-06 3.981000e-14
1.530486e-06 4.008600e-14
1.551777e-06 3.971800e-14
1.569746e-06 3.899300e-14
1.591584e-06 3.775600e-14
1.610014e-06 3.775600e-14
1.628656e-06 3.741000e-14
1.651313e-06 3.664300e-14
1.670434e-06 3.614000e-14
1.689777e-06 3.531700e-14
1.709345e-06 3.451400e-14
1.729136e-06 3.303600e-14
1.749159e-06 3.213600e-14
1.769414e-06 3.090200e-14
1.789903e-06 2.985300e-14
1.810628e-06 2.857500e-14
1.831595e-06 2.779600e-14
1.848543e-06 2.691500e-14
1.869947e-06 2.576300e-14
1.891600e-06 2.511800e-14
1.909104e-06 2.460300e-14
1.931211e-06 2.371300e-14
1.949078e-06 2.280300e-14
1.971648e-06 2.213000e-14
1.989893e-06 2.147800e-14
2.008303e-06 2.103700e-14
2.031559e-06 2.032300e-14
2.050358e-06 1.999800e-14
2.069328e-06 1.940800e-14
2.088476e-06 1.896700e-14
2.107799e-06 1.857800e-14
2.132207e-06 1.811300e-14
2.151937e-06 1.770100e-14
2.171847e-06 1.706000e-14
2.191944e-06 1.674900e-14
2.212227e-06 1.629300e-14
2.227560e-06 1.584900e-14
2.248172e-06 1.545200e-14
2.268973e-06 1.503100e-14
2.289968e-06 1.355200e-14
2.311156e-06 1.345800e-14
2.332542e-06 1.185700e-14
2.348711e-06 1.122000e-14
2.370442e-06 1.135000e-14
2.392377e-06 1.047100e-14
2.408959e-06 1.016200e-14
2.431249e-06 1.004600e-14
2.448101e-06 9.418700e-15
2.470754e-06 9.289400e-15
2.487879e-06 8.016600e-15
2.510900e-06 7.924800e-15
2.528304e-06 7.943100e-15
2.551699e-06 7.870300e-15
2.569385e-06 7.961400e-15
2.587197e-06 7.780200e-15
2.611137e-06 7.744400e-15
2.629235e-06 7.533400e-15
2.647459e-06 7.464300e-15
2.671957e-06 7.311200e-15
2.690479e-06 7.194300e-15
2.709128e-06 7.079300e-15
2.727905e-06 6.934100e-15
2.753147e-06 6.823200e-15
2.772229e-06 6.667900e-15
2.791447e-06 6.576400e-15
2.810795e-06 6.441500e-15
2.830281e-06 6.338500e-15
2.849898e-06 6.208500e-15
2.869654e-06 6.067200e-15
2.889544e-06 5.984000e-15
2.909575e-06 5.861200e-15
2.929742e-06 5.741000e-15
2.950052e-06 5.636200e-15
2.970499e-06 5.533400e-15
2.991091e-06 5.419900e-15
3.011823e-06 5.321000e-15
3.032698e-06 5.211800e-15
3.046699e-06 5.152200e-15
3.067816e-06 5.069800e-15
3.089083e-06 4.977300e-15
3.110494e-06 4.897700e-15
3.132057e-06 4.830500e-15
3.146513e-06 4.742300e-15
3.168322e-06 4.666500e-15
3.190285e-06 4.602500e-15
3.212398e-06 4.549800e-15
3.227228e-06 4.508100e-15
3.249597e-06 4.518500e-15
3.272120e-06 4.666500e-15
3.287226e-06 5.175900e-15
3.310010e-06 5.104900e-15
3.332956e-06 4.425800e-15
3.348339e-06 4.139900e-15
3.371547e-06 3.981000e-15
3.387112e-06 3.863600e-15
3.410589e-06 3.766900e-15
3.426330e-06 3.689700e-15
3.450082e-06 3.622300e-15
3.473996e-06 3.539900e-15
3.490033e-06 3.475300e-15
3.506141e-06 3.411800e-15
3.530443e-06 3.341900e-15
3.546741e-06 3.280900e-15
3.571325e-06 3.213600e-15
3.587812e-06 3.154900e-15
3.612679e-06 3.097300e-15
3.629354e-06 3.040800e-15
3.646109e-06 2.978400e-15
3.671380e-06 2.924100e-15
3.688326e-06 2.857500e-15
3.713894e-06 2.805400e-15
3.731035e-06 2.760500e-15
3.748256e-06 2.697700e-15
3.774240e-06 2.660700e-15
3.791660e-06 2.612100e-15
3.809160e-06 2.564400e-15
3.826745e-06 2.523400e-15
3.853269e-06 2.477400e-15
3.871058e-06 2.432100e-15
3.888924e-06 2.387800e-15
3.906874e-06 2.344200e-15
3.933957e-06 2.306700e-15
3.952114e-06 2.259400e-15
3.970355e-06 2.223300e-15
3.988684e-06 2.177700e-15
4.007094e-06 2.142800e-15
4.025588e-06 2.113400e-15
4.053495e-06 2.070100e-15
4.072204e-06 2.041700e-15
4.090999e-06 2.009000e-15
4.109880e-06 1.976900e-15
4.128854e-06 1.949800e-15
4.147911e-06 1.914200e-15
4.167055e-06 1.883600e-15
4.186293e-06 1.853500e-15
4.205614e-06 1.823900e-15
4.234764e-06 1.803000e-15
4.254314e-06 1.770100e-15
4.273949e-06 1.745800e-15
4.293676e-06 1.682600e-15
4.313498e-06 1.621800e-15
4.333406e-06 1.618000e-15
4.353407e-06 1.559500e-15
4.373505e-06 1.527500e-15
4.393691e-06 1.506600e-15
4.413970e-06 1.458800e-15
4.434342e-06 1.438800e-15
4.454813e-06 1.419000e-15
4.465082e-06 1.380400e-15
4.485690e-06 1.374000e-15
4.506399e-06 1.352000e-15
4.527198e-06 1.321300e-15
4.548093e-06 1.315200e-15
4.569084e-06 1.300100e-15
4.590178e-06 1.267600e-15
4.611364e-06 1.264700e-15
4.632647e-06 1.247400e-15
4.654034e-06 1.230200e-15
4.664762e-06 1.224600e-15
4.686292e-06 1.207800e-15
4.707921e-06 1.191200e-15
4.729656e-06 1.188500e-15
4.751486e-06 1.169500e-15
4.773416e-06 1.156100e-15
4.795452e-06 1.145500e-15
4.806506e-06 1.127200e-15
4.828690e-06 1.127200e-15
4.850977e-06 1.109100e-15
4.873372e-06 1.093900e-15
4.884605e-06 1.083900e-15
4.907150e-06 1.071500e-15
4.929799e-06 1.061700e-15
4.952557e-06 1.049500e-15
4.975416e-06 1.044700e-15
4.986885e-06 1.030500e-15
5.009907e-06 1.030700e-15
5.033030e-06 1.028600e-15
5.044631e-06 1.018100e-15
5.067914e-06 1.018300e-15
5.079596e-06 1.017200e-15
5.091311e-06 1.018400e-15
5.103046e-06 1.015000e-15
5.114810e-06 1.013900e-15
5.126599e-06 1.012800e-15
5.138417e-06 1.011700e-15
5.150261e-06 1.008300e-15
5.162138e-06 1.009500e-15
5.174038e-06 1.010800e-15
5.185964e-06 1.009600e-15
5.197918e-06 1.006200e-15
5.209899e-06 1.005100e-15
5.221909e-06 1.004000e-15
5.233945e-06 1.002800e-15
5.246016e-06 1.001700e-15
5.258108e-06 1.005200e-15
5.270229e-06 1.006400e-15
5.282377e-06 1.005300e-15
5.294553e-06 1.001800e-15
5.306758e-06 1.000700e-15
5.318996e-06 9.995200e-16
5.331257e-06 1.003000e-15
5.343545e-06 1.001800e-15
5.355863e-06 1.003000e-15
5.368208e-06 1.001800e-15
5.380582e-06 1.002900e-15
5.392985e-06 1.004100e-15
5.405422e-06 1.005200e-15
5.417882e-06 1.006300e-15
5.430371e-06 1.005200e-15
5.442888e-06 1.006300e-15
5.455434e-06 1.009700e-15
5.468009e-06 1.008500e-15
5.480614e-06 1.009600e-15
5.493253e-06 1.010800e-15
5.505915e-06 1.011900e-15
5.518607e-06 1.015300e-15
5.531328e-06 1.021100e-15
5.544078e-06 1.022200e-15
5.556857e-06 1.021000e-15
5.569672e-06 1.026800e-15
5.582511e-06 1.030300e-15
5.595379e-06 1.033800e-15
5.608277e-06 1.037200e-15
5.621204e-06 1.040700e-15
5.634161e-06 1.044300e-15
5.647149e-06 1.050200e-15
5.660172e-06 1.058600e-15
5.673219e-06 1.062100e-15
5.686296e-06 1.068200e-15
5.699403e-06 1.071700e-15
5.712541e-06 1.082800e-15
5.725708e-06 1.091400e-15
5.738913e-06 1.100100e-15
5.752142e-06 1.108900e-15
5.765401e-06 1.117700e-15
5.778690e-06 1.129200e-15
5.792011e-06 1.143500e-15
5.805362e-06 1.155200e-15
5.818744e-06 1.169800e-15
5.832163e-06 1.187300e-15
5.845606e-06 1.202200e-15
5.859080e-06 1.220200e-15
5.872586e-06 1.241200e-15
5.886123e-06 1.262700e-15
5.899691e-06 1.287400e-15
5.908548e-06 1.744500e-15
5.939450e-06 1.405200e-15
5.970352e-06 1.317200e-15
6.001253e-06 1.854800e-15
6.032156e-06 2.508200e-15
6.063058e-06 1.267000e-15
6.093959e-06 2.314200e-15
6.124862e-06 2.108500e-15
6.155764e-06 2.651400e-15
6.186665e-06 3.954700e-15
6.217568e-06 4.703100e-15
6.248469e-06 4.341100e-15
6.279371e-06 3.713000e-15
6.310273e-06 3.037000e-15
6.341175e-06 2.640000e-15
6.372078e-06 2.412700e-15
6.402979e-06 2.370200e-15
6.433881e-06 2.118800e-15
6.464784e-06 2.173300e-15
6.495685e-06 2.180900e-15
6.526587e-06 1.498900e-15
6.557490e-06 1.622600e-15
6.588391e-06 1.586800e-15
6.619292e-06 1.938300e-15
6.650196e-06 1.866800e-15
6.681097e-06 2.163800e-15
6.711998e-06 1.283700e-15
6.742901e-06 1.507800e-15
6.773803e-06 1.683200e-15
6.804705e-06 1.902200e-15
6.835607e-06 1.371100e-15
6.866509e-06 1.561200e-15
6.897411e-06 1.875200e-15
6.928312e-06 1.488200e-15
6.959215e-06 1.677200e-15
6.990116e-06 1.445300e-15
7.021018e-06 1.554900e-15
7.051921e-06 2.015500e-15
7.082823e-06 2.006000e-15
7.113724e-06 1.581600e-15
7.144627e-06 1.605300e-15
7.175528e-06 2.075300e-15
7.206431e-06 2.563200e-15
7.237332e-06 2.000000e-15
7.268234e-06 2.101000e-15
7.299137e-06 1.630700e-15
7.330038e-06 1.958400e-15
7.360940e-06 1.673400e-15
7.391842e-06 2.037300e-15
7.422744e-06 2.186700e-15
7.453646e-06 2.268700e-15
7.484548e-06 3.190100e-15
7.513428e-06 4.307500e-15
7.575353e-06 3.586100e-15
7.637281e-06 3.914500e-15
7.699207e-06 3.543100e-15
7.761135e-06 3.528800e-15
7.823061e-06 3.572200e-15
7.884990e-06 3.213000e-15
7.946916e-06 2.679500e-15
8.008843e-06 2.712400e-15
8.070771e-06 2.476400e-15
8.132698e-06 2.255300e-15
8.194624e-06 2.081200e-15
8.256552e-06 2.178100e-15
8.318478e-06 2.049700e-15
8.380406e-06 2.162100e-15
8.442333e-06 1.829100e-15
8.504260e-06 1.802100e-15
8.566187e-06 1.918300e-15
8.628115e-06 1.994000e-15
8.690041e-06 1.870500e-15
8.751968e-06 1.755200e-15
8.813896e-06 1.370500e-15
8.875822e-06 1.354100e-15
8.937749e-06 1.233300e-15
8.999676e-06 1.085000e-15
9.061603e-06 9.606900e-16
9.123531e-06 9.780300e-16
9.185458e-06 8.733600e-16
9.247385e-06 1.033100e-15
9.309312e-06 9.842100e-16
9.371239e-06 9.715800e-16
9.433166e-06 1.033700e-15
9.495092e-06 1.063200e-15
9.557020e-06 1.009700e-15
9.618947e-06 9.838400e-16
9.680874e-06 1.026700e-15
9.742802e-06 9.544900e-16
9.804729e-06 9.757600e-16
9.866656e-06 8.932200e-16
9.928583e-06 8.744800e-16
9.990506e-06 8.357700e-16
1.005244e-05 8.067400e-16
1.011436e-05 7.960700e-16
1.017629e-05 8.020900e-16
1.023822e-05 7.998500e-16
1.030015e-05 8.149700e-16
1.036207e-05 7.783700e-16
1.042400e-05 8.115400e-16
1.048593e-05 8.202900e-16
1.054785e-05 9.279400e-16
1.060979e-05 9.409900e-16
1.067171e-05 9.049900e-16
1.073363e-05 9.523000e-16
1.079556e-05 9.434800e-16
1.085749e-05 9.248900e-16
1.091942e-05 9.151000e-16
1.098134e-05 1.050500e-15
1.104327e-05 1.187000e-15
1.110520e-05 1.287100e-15
1.116712e-05 1.912200e-15
1.122905e-05 2.409400e-15
1.129098e-05 2.328700e-15
1.135291e-05 1.962500e-15
1.141483e-05 1.565800e-15
1.147676e-05 1.368000e-15
1.153869e-05 1.251400e-15
1.160061e-05 9.673800e-16
1.166254e-05 8.379700e-16
1.172447e-05 8.783900e-16
1.178640e-05 9.837500e-16
1.184832e-05 9.401000e-16
1.191025e-05 1.043800e-15
1.197218e-05 8.982300e-16
1.203410e-05 1.024400e-15
1.209603e-05 9.483300e-16
1.215796e-05 9.213000e-16
1.221989e-05 8.826900e-16
1.228181e-05 8.344800e-16
1.234374e-05 9.222200e-16
1.240567e-05 9.622900e-16
1.246759e-05 9.820100e-16
1.252952e-05 1.064300e-15
1.259145e-05 1.026700e-15
1.265338e-05 1.136000e-15
1.271530e-05 1.187000e-15
1.277722e-05 1.415600e-15
1.283916e-05 1.298500e-15
1.290108e-05 8.996800e-16
1.296301e-05 7.729800e-16
1.302494e-05 6.776300e-16
1.308686e-05 6.660200e-16
1.314879e-05 6.655400e-16
1.321071e-05 5.974600e-16
1.327265e-05 5.863400e-16
1.333457e-05 6.228000e-16
1.339650e-05 6.180900e-16
1.345843e-05 5.678200e-16
1.352035e-05 5.801600e-16
1.358228e-05 5.904800e-16
1.364420e-05 5.685400e-16
1.370614e-05 5.225400e-16
1.376806e-05 5.308900e-16
1.382999e-05 5.685400e-16
1.389191e-05 4.727400e-16
1.395384e-05 3.999700e-16
1.401577e-05 4.718700e-16
1.407770e-05 6.005600e-16
1.413963e-05 5.058300e-16
1.420155e-05 5.252600e-16
1.422821e-05 4.826800e-16
1.431965e-05 4.878000e-16
1.441110e-05 4.315200e-16
1.450255e-05 4.146800e-16
1.459399e-05 3.816900e-16
1.468544e-05 3.760900e-16
1.477689e-05 3.747600e-16
1.486833e-05 3.704200e-16
1.495977e-05 3.595200e-16
1.505123e-05 3.583900e-16
1.514267e-05 3.573900e-16
1.523411e-05 3.341200e-16
1.532557e-05 3.468500e-16
1.541701e-05 3.574000e-16
1.550845e-05 4.298900e-16
1.559990e-05 4.380000e-16
1.569135e-05 3.797300e-16
1.578279e-05 3.840000e-16
1.587424e-05 3.952700e-16
1.596569e-05 4.033600e-16
1.605713e-05 3.902800e-16
1.614857e-05 4.044700e-16
1.624003e-05 4.381800e-16
1.633147e-05 5.335500e-16
1.642291e-05 6.357500e-16
1.651436e-05 6.159800e-16
1.660581e-05 5.609800e-16
1.669725e-05 5.834500e-16
1.678870e-05 5.869700e-16
1.688014e-05 6.142500e-16
1.697159e-05 7.008500e-16
1.706304e-05 7.578800e-16
1.715448e-05 6.573800e-16
1.724593e-05 5.994800e-16
1.733738e-05 6.050500e-16
1.742882e-05 5.765200e-16
1.752027e-05 5.053600e-16
1.761172e-05 4.377400e-16
1.770316e-05 4.485100e-16
1.779460e-05 4.440800e-16
1.788605e-05 3.955300e-16
1.797750e-05 3.493300e-16
1.806894e-05 3.453000e-16
1.816039e-05 3.283700e-16
1.825184e-05 3.278800e-16
1.834328e-05 3.256600e-16
1.843473e-05 3.595600e-16
1.852618e-05 3.783900e-16
1.861762e-05 4.036600e-16
1.870906e-05 5.164800e-16
1.880052e-05 4.208000e-16
1.889196e-05 3.491600e-16
1.898340e-05 3.409700e-16
1.907486e-05 3.355300e-16
1.916630e-05 3.135500e-16
1.925774e-05 3.165600e-16
1.934919e-05 3.214300e-16
1.944064e-05 3.115400e-16
1.953208e-05 3.148100e-16
1.962353e-05 3.113600e-16
1.971498e-05 3.029100e-16
1.980642e-05 2.763700e-16
1.989787e-05 2.814300e-16
1.998931e-05 2.940500e-16
2.008076e-05 3.021000e-16
2.017221e-05 3.109300e-16
2.026365e-05 3.063100e-16
2.035510e-05 3.050200e-16
2.044654e-05 2.970100e-16
2.046481e-05 2.794100e-16
2.064087e-05 3.030000e-16
2.081703e-05 2.889200e-16
2.099329e-05 2.724200e-16
2.116965e-05 2.844400e-16
2.134612e-05 2.821300e-16
2.152269e-05 2.610000e-16
2.169935e-05 2.645900e-16
2.187613e-05 2.726200e-16
2.205300e-05 2.596100e-16
2.222998e-05 2.518500e-16
2.240706e-05 2.668200e-16
2.258425e-05 2.704100e-16
2.276154e-05 2.662300e-16
2.293893e-05 2.607200e-16
2.311642e-05 2.578000e-16
2.329402e-05 2.770200e-16
2.347172e-05 2.771300e-16
2.364953e-05 2.677000e-16
2.382745e-05 2.690000e-16
2.400547e-05 2.685400e-16
2.418359e-05 2.607200e-16
2.436182e-05 2.562200e-16
2.454015e-05 2.558800e-16
2.471860e-05 2.566900e-16
2.489713e-05 2.655900e-16
2.507578e-05 2.641300e-16
2.525454e-05 2.546400e-16
2.543340e-05 2.539000e-16
2.561237e-05 2.607500e-16
2.579145e-05 2.745000e-16
2.597064e-05 2.743300e-16
2.614993e-05 2.597300e-16
2.632933e-05 2.530100e-16
2.650883e-05 2.443300e-16
2.668845e-05 2.453200e-16
2.686816e-05 2.426900e-16
2.704800e-05 2.384200e-16
2.722793e-05 2.366200e-16
2.740798e-05 2.353200e-16
2.758813e-05 2.351700e-16
2.776839e-05 2.340500e-16
2.794877e-05 2.415200e-16
2.812925e-05 2.683900e-16
2.830984e-05 2.669100e-16
2.849055e-05 2.374800e-16
2.867136e-05 2.319800e-16
2.885228e-05 2.310000e-16
2.903331e-05 2.339200e-16
2.921445e-05 2.308000e-16
2.939570e-05 2.338000e-16
2.957706e-05 2.364200e-16
2.975854e-05 2.305900e-16
2.994013e-05 2.256500e-16
3.012182e-05 2.368600e-16
3.030363e-05 2.367300e-16
3.048555e-05 2.280800e-16
3.066759e-05 2.397700e-16
3.084973e-05 2.397600e-16
3.103198e-05 2.371000e-16
3.121436e-05 2.348000e-16
3.139684e-05 2.318100e-16
3.157944e-05 2.343100e-16
3.176215e-05 2.397100e-16
3.194497e-05 2.386000e-16
3.212791e-05 2.431500e-16
3.231097e-05 2.520100e-16
3.249413e-05 2.389500e-16
3.267740e-05 2.427200e-16
3.286080e-05 2.456800e-16
3.304431e-05 2.471800e-16
3.322794e-05 2.671400e-16
3.341167e-05 3.350100e-16
3.359553e-05 3.452900e-16
3.377950e-05 2.652800e-16
3.396359e-05 2.500500e-16
3.414779e-05 2.472400e-16
3.433211e-05 2.369200e-16
3.451655e-05 2.704500e-16
3.470110e-05 4.222500e-16
3.488578e-05 5.469100e-16
