1.000900e-08 2.198500e-19
1.019600e-08 3.041700e-19
1.040900e-08 3.838200e-19
1.060300e-08 4.933100e-19
1.080000e-08 6.458400e-19
1.100000e-08 9.486900e-19
1.138700e-08 1.435900e-18
1.178700e-08 2.042300e-18
1.209000e-08 7.872700e-18
1.251400e-08 1.030700e-17
1.268800e-08 1.145800e-17
1.280600e-08 1.227800e-17
1.310400e-08 1.409700e-17
1.319500e-08 1.690900e-17
1.340900e-08 1.837100e-17
1.369000e-08 2.405000e-17
1.400900e-08 2.711000e-17
1.430200e-08 8.000600e-17
1.470300e-08 2.138600e-16
1.511500e-08 2.372000e-16
1.550300e-08 2.655400e-16
1.590000e-08 2.979400e-16
1.619600e-08 3.214600e-16
1.661200e-08 3.615100e-16
1.699800e-08 3.973000e-16
1.731400e-08 4.276800e-16
1.771800e-08 4.657200e-16
1.800600e-08 4.967300e-16
1.821400e-08 5.189500e-16
1.859600e-08 5.625000e-16
1.911700e-08 6.196200e-16
1.938200e-08 6.608800e-16
1.978800e-08 7.081500e-16
2.020300e-08 7.623000e-16
2.048400e-08 8.037500e-16
2.100900e-08 8.320000e-16
2.159800e-08 9.552600e-16
2.199900e-08 1.018900e-15
2.230500e-08 1.052300e-15
2.272000e-08 1.124900e-15
2.298300e-08 1.734300e-15
2.341000e-08 3.000000e-15
2.401100e-08 3.768100e-15
2.462700e-08 3.640200e-15
2.520100e-08 3.936600e-15
2.572800e-08 3.373800e-15
2.602600e-08 3.909500e-15
2.638800e-08 4.141200e-15
2.687900e-08 4.189100e-15
2.737800e-08 4.218200e-15
2.788700e-08 4.257200e-15
2.840600e-08 4.296600e-15
2.900100e-08 4.131600e-15
2.960800e-08 4.247400e-15
3.008900e-08 4.237600e-15
3.079000e-08 4.326400e-15
3.179900e-08 4.457800e-15
3.276500e-08 4.488700e-15
3.383800e-08 4.478400e-15
3.478600e-08 4.457800e-15
3.567900e-08 4.437300e-15
3.659400e-08 4.447600e-15
3.753300e-08 4.406800e-15
3.849500e-08 4.237600e-15
3.948300e-08 4.326400e-15
4.049600e-08 4.306500e-15
4.143900e-08 4.247400e-15
4.220900e-08 4.169900e-15
4.299400e-08 4.112700e-15
4.409700e-08 4.065600e-15
4.512400e-08 3.973000e-15
4.596300e-08 3.900500e-15
4.703400e-08 3.829300e-15
4.801900e-08 3.785500e-15
4.902400e-08 3.665400e-15
5.005100e-08 3.640200e-15
5.063000e-08 3.565500e-15
5.121600e-08 3.665400e-15
5.204900e-08 3.606800e-15
5.301600e-08 3.508500e-15
5.400200e-08 3.373800e-15
5.500600e-08 3.312300e-15
5.602900e-08 3.319900e-15
5.693900e-08 3.319900e-15
5.799700e-08 3.214600e-15
5.894000e-08 3.192400e-15
6.003600e-08 3.055800e-15
6.101100e-08 2.723500e-15
6.200300e-08 3.041700e-15
6.301000e-08 2.965700e-15
6.403400e-08 2.938500e-15
6.507400e-08 2.884900e-15
6.582800e-08 2.812700e-15
6.643700e-08 2.838700e-15
6.751600e-08 2.799800e-15
6.845600e-08 2.667600e-15
6.956800e-08 2.742400e-15
7.053600e-08 2.588900e-15
7.168200e-08 2.679900e-15
7.267900e-08 2.643200e-15
7.352100e-08 2.618900e-15
7.454300e-08 2.594900e-15
7.558000e-08 2.571100e-15
7.645600e-08 2.377500e-15
7.751900e-08 2.541700e-15
7.841700e-08 2.489600e-15
7.950800e-08 2.501100e-15
8.042800e-08 2.495300e-15
8.154700e-08 2.472400e-15
8.249200e-08 2.495300e-15
8.344700e-08 2.229100e-15
8.441300e-08 2.438500e-15
8.558700e-08 2.410600e-15
8.657800e-08 2.432900e-15
8.758100e-08 2.461100e-15
8.859500e-08 2.495300e-15
8.941500e-08 2.512600e-15
9.045000e-08 2.461100e-15
9.149700e-08 3.207200e-15
9.255700e-08 1.318600e-14
9.341300e-08 2.698500e-14
9.449500e-08 4.978800e-14
9.558900e-08 7.065200e-14
9.647400e-08 7.623000e-14
9.759100e-08 1.318600e-14
9.849400e-08 5.958300e-14
9.940500e-08 6.593600e-14
1.005560e-07 1.009500e-13
1.014870e-07 9.888300e-14
1.024260e-07 4.356400e-14
1.036120e-07 6.624000e-14
1.045710e-07 1.324700e-13
1.055380e-07 1.294600e-13
1.065150e-07 9.820300e-14
1.075000e-07 1.194300e-13
1.084950e-07 9.059900e-14
1.094990e-07 1.259300e-13
1.105120e-07 1.205400e-13
1.115350e-07 1.140600e-13
1.125670e-07 1.009500e-13
1.136080e-07 1.333900e-13
1.143960e-07 1.197100e-13
1.154540e-07 1.288600e-13
1.165220e-07 1.321700e-13
1.176010e-07 8.772500e-14
1.184160e-07 1.276800e-13
1.195110e-07 8.300900e-14
1.206170e-07 5.703300e-14
1.214530e-07 4.150700e-14
1.225770e-07 8.553100e-14
1.234270e-07 1.340100e-13
1.245690e-07 1.476100e-13
1.254320e-07 1.390300e-13
1.265930e-07 1.169800e-13
1.274700e-07 1.563600e-13
1.283540e-07 1.644800e-13
1.295420e-07 1.242000e-13
1.304400e-07 1.219300e-13
1.316460e-07 1.589000e-13
1.325590e-07 1.510500e-13
1.334780e-07 1.300500e-13
1.344030e-07 1.607400e-13
1.356470e-07 1.545700e-13
1.365870e-07 1.355600e-13
1.375340e-07 1.435900e-13
1.384870e-07 1.449200e-13
1.394470e-07 1.250600e-13
1.404140e-07 1.297500e-13
1.413870e-07 1.318600e-13
1.423670e-07 1.368100e-13
1.433540e-07 1.352500e-13
1.443480e-07 1.439200e-13
1.446800e-07 1.469300e-13
1.453480e-07 1.419500e-13
1.463560e-07 1.291600e-13
1.473700e-07 1.288600e-13
1.483920e-07 1.321700e-13
1.494200e-07 1.352500e-13
1.504560e-07 1.270900e-13
1.511500e-07 1.109500e-13
1.518480e-07 1.199800e-13
1.525490e-07 1.169800e-13
1.536060e-07 1.004900e-13
1.546710e-07 1.153800e-13
1.553850e-07 1.071800e-13
1.564620e-07 1.079300e-13
1.575470e-07 1.180700e-13
1.586390e-07 1.256400e-13
1.593710e-07 1.300500e-13
1.604760e-07 1.265100e-13
1.615880e-07 1.259300e-13
1.623340e-07 1.164500e-13
1.634590e-07 1.259300e-13
1.645920e-07 1.306500e-13
1.653520e-07 1.156400e-13
1.664980e-07 1.312600e-13
1.672670e-07 1.099300e-13
1.676520e-07 1.396800e-13
1.684260e-07 1.479500e-13
1.695940e-07 1.340100e-13
1.703760e-07 1.288600e-13
1.715570e-07 1.256400e-13
1.723490e-07 1.256400e-13
1.735440e-07 1.374400e-13
1.743450e-07 1.330800e-13
1.755530e-07 1.466000e-13
1.763640e-07 1.273900e-13
1.775860e-07 1.361800e-13
1.784060e-07 1.368100e-13
1.796430e-07 1.538600e-13
1.804720e-07 1.489800e-13
1.813050e-07 1.393600e-13
1.825620e-07 1.396800e-13
1.834040e-07 1.312600e-13
1.846750e-07 1.186100e-13
1.855280e-07 1.230600e-13
1.863840e-07 1.303500e-13
1.876760e-07 1.380800e-13
1.885430e-07 1.291600e-13
1.894130e-07 1.282700e-13
1.902870e-07 1.315600e-13
1.916060e-07 1.297500e-13
1.924910e-07 1.265100e-13
1.933790e-07 1.199800e-13
1.947190e-07 1.374400e-13
1.956180e-07 1.309600e-13
1.965210e-07 1.455900e-13
1.974280e-07 1.466000e-13
1.983400e-07 1.403200e-13
1.997140e-07 1.361800e-13
2.006360e-07 1.361800e-13
2.015620e-07 1.312600e-13
2.024930e-07 1.337000e-13
2.034270e-07 1.327800e-13
2.043660e-07 1.412900e-13
2.053100e-07 1.337000e-13
2.067330e-07 1.321700e-13
2.072090e-07 1.466000e-13
2.076870e-07 1.482900e-13
2.086460e-07 1.528000e-13
2.096090e-07 1.435900e-13
2.105760e-07 1.393600e-13
2.115480e-07 1.419500e-13
2.125250e-07 1.439200e-13
2.135060e-07 1.276800e-13
2.144910e-07 1.390300e-13
2.154810e-07 1.432600e-13
2.164760e-07 1.349300e-13
2.174750e-07 1.340100e-13
2.184790e-07 1.368100e-13
2.194870e-07 1.442500e-13
2.205000e-07 1.387100e-13
2.215180e-07 1.259300e-13
2.225410e-07 1.236300e-13
2.235680e-07 1.403200e-13
2.246000e-07 1.315600e-13
2.256370e-07 1.205400e-13
2.266780e-07 1.225000e-13
2.277240e-07 1.285700e-13
2.282490e-07 1.374400e-13
2.293030e-07 1.262200e-13
2.303610e-07 1.304100e-13
2.314250e-07 1.215000e-13
2.324930e-07 8.909800e-14
2.335660e-07 1.049900e-13
2.346440e-07 9.515700e-14
2.357270e-07 1.166100e-13
2.362700e-07 9.613200e-14
2.373610e-07 1.049900e-13
2.384570e-07 8.839900e-14
2.395570e-07 9.834200e-14
2.406630e-07 9.463100e-14
2.417740e-07 9.961500e-14
2.423310e-07 1.170800e-13
2.434500e-07 1.131800e-13
2.445730e-07 1.230400e-13
2.457020e-07 1.228500e-13
2.462690e-07 1.192600e-13
2.474060e-07 1.121500e-13
2.485470e-07 1.094200e-13
2.496950e-07 1.048100e-13
2.502700e-07 1.275100e-13
2.514260e-07 9.928000e-14
2.520050e-07 9.772700e-14
2.525860e-07 9.400900e-14
2.537520e-07 1.003400e-13
2.543370e-07 1.006100e-13
2.555110e-07 1.207600e-13
2.566900e-07 1.107200e-13
2.572820e-07 1.234200e-13
2.584700e-07 1.195900e-13
2.596630e-07 1.148200e-13
2.602610e-07 1.081900e-13
2.614620e-07 1.038700e-13
2.626690e-07 1.185200e-13
2.632750e-07 1.373900e-13
2.644900e-07 1.637900e-13
2.657110e-07 1.860400e-13
2.663230e-07 1.451300e-13
2.675530e-07 1.585200e-13
2.687880e-07 1.649700e-13
2.694070e-07 1.444000e-13
2.706510e-07 1.591800e-13
2.712750e-07 1.377300e-13
2.725270e-07 1.313300e-13
2.737850e-07 1.457800e-13
2.744160e-07 1.081100e-13
2.756830e-07 1.194500e-13
2.763180e-07 1.328500e-13
2.775940e-07 1.424500e-13
2.782330e-07 1.166400e-13
2.795180e-07 7.659000e-14
2.808080e-07 8.580400e-14
2.814550e-07 1.369800e-13
2.827540e-07 1.636800e-13
2.834060e-07 1.574600e-13
2.847140e-07 1.417500e-13
2.853710e-07 1.223700e-13
2.866880e-07 1.633100e-13
2.873490e-07 1.803800e-13
2.886750e-07 1.735900e-13
2.893400e-07 1.843700e-13
2.906760e-07 2.259700e-13
2.926910e-07 2.068000e-13
2.947200e-07 1.986400e-13
2.967630e-07 2.077800e-13
2.988200e-07 2.104400e-13
3.008910e-07 2.136200e-13
3.029770e-07 2.198800e-13
3.050770e-07 2.237300e-13
3.071920e-07 2.361900e-13
3.093210e-07 2.370200e-13
3.107490e-07 2.536000e-13
3.129030e-07 2.430500e-13
3.150720e-07 2.461800e-13
3.172560e-07 2.581100e-13
3.187200e-07 2.313000e-13
3.209290e-07 2.504500e-13
3.231540e-07 2.229900e-13
3.246460e-07 2.752100e-13
3.268960e-07 3.063600e-13
3.291620e-07 3.025500e-13
3.306810e-07 2.938800e-13
3.322070e-07 2.887700e-13
3.329730e-07 3.117100e-13
3.337410e-07 2.964400e-13
3.345100e-07 2.972600e-13
3.352810e-07 2.788200e-13
3.360540e-07 3.051500e-13
3.368290e-07 3.045900e-13
3.376050e-07 2.569800e-13
3.383840e-07 2.576900e-13
3.391640e-07 3.099500e-13
3.399460e-07 3.173100e-13
3.407290e-07 3.010800e-13
3.415150e-07 2.977700e-13
3.423020e-07 3.381200e-13
3.430910e-07 3.164200e-13
3.438820e-07 3.209700e-13
3.446750e-07 2.419200e-13
3.454690e-07 3.139500e-13
3.462660e-07 2.691900e-13
3.470640e-07 3.000900e-13
3.478640e-07 2.549500e-13
3.486660e-07 2.888400e-13
3.494690e-07 2.709300e-13
3.502750e-07 3.214100e-13
3.510830e-07 3.186100e-13
3.518920e-07 2.940700e-13
3.527030e-07 2.758400e-13
3.535160e-07 3.168500e-13
3.543310e-07 3.499900e-13
3.551480e-07 3.445500e-13
3.559670e-07 3.299600e-13
3.567870e-07 3.116500e-13
3.576100e-07 2.766100e-13
3.584340e-07 2.371700e-13
3.592600e-07 2.668500e-13
3.600890e-07 3.503300e-13
3.609190e-07 3.010800e-13
3.617510e-07 3.242500e-13
3.625850e-07 3.358100e-13
3.633650e-07 2.995100e-13
3.636400e-07 3.010600e-13
3.639150e-07 3.235900e-13
3.641890e-07 3.362000e-13
3.644640e-07 3.391500e-13
3.647390e-07 3.440900e-13
3.650130e-07 3.311500e-13
3.652880e-07 3.580200e-13
3.655620e-07 3.457200e-13
3.658370e-07 3.730800e-13
3.661120e-07 3.576900e-13
3.663860e-07 3.824600e-13
3.666610e-07 3.891900e-13
3.669360e-07 3.736500e-13
3.672100e-07 3.760700e-13
3.674850e-07 3.753800e-13
3.677590e-07 3.531300e-13
3.680340e-07 3.443600e-13
3.683090e-07 3.564000e-13
3.685830e-07 3.601900e-13
3.688580e-07 3.279800e-13
3.691330e-07 3.561100e-13
3.694070e-07 3.708300e-13
3.696820e-07 3.785700e-13
3.699560e-07 3.801600e-13
3.702310e-07 3.914400e-13
3.705060e-07 3.854400e-13
3.707800e-07 3.322900e-13
3.710550e-07 3.310400e-13
3.713300e-07 3.484000e-13
3.716040e-07 3.964700e-13
3.718790e-07 3.672700e-13
3.721540e-07 3.764100e-13
3.724280e-07 3.897000e-13
3.727030e-07 4.126600e-13
3.729770e-07 4.717900e-13
3.732520e-07 4.679900e-13
3.735270e-07 4.061100e-13
3.738010e-07 3.536200e-13
3.740760e-07 3.050000e-13
3.743510e-07 3.363300e-13
3.746250e-07 3.215400e-13
3.749000e-07 3.077100e-13
3.751740e-07 3.014500e-13
3.754490e-07 3.358700e-13
3.757240e-07 3.585200e-13
3.759980e-07 3.671800e-13
3.762730e-07 3.763700e-13
3.765480e-07 3.779600e-13
3.768220e-07 3.755000e-13
3.770970e-07 3.696400e-13
3.773710e-07 3.901600e-13
3.776460e-07 4.258000e-13
3.779210e-07 4.385800e-13
3.781950e-07 4.615600e-13
3.784700e-07 4.637400e-13
3.787450e-07 4.575800e-13
3.790190e-07 4.451900e-13
3.792940e-07 3.969500e-13
3.795680e-07 3.731200e-13
3.798430e-07 3.529600e-13
3.801180e-07 3.546900e-13
3.803920e-07 3.483800e-13
3.806670e-07 3.965400e-13
3.809420e-07 4.172700e-13
3.812160e-07 4.380500e-13
3.814910e-07 4.311400e-13
3.817650e-07 4.092600e-13
3.820400e-07 3.825400e-13
3.823150e-07 3.556300e-13
3.825890e-07 3.473600e-13
3.828640e-07 3.384800e-13
3.831390e-07 3.081000e-13
3.834130e-07 2.977800e-13
3.836880e-07 2.884500e-13
3.839620e-07 2.940600e-13
3.842370e-07 3.064800e-13
3.845120e-07 3.408600e-13
3.847860e-07 3.784000e-13
3.850610e-07 3.980000e-13
3.853360e-07 4.020000e-13
3.856100e-07 3.958600e-13
3.858850e-07 3.967900e-13
3.861590e-07 3.820100e-13
3.864340e-07 4.023800e-13
3.867090e-07 4.083300e-13
3.869830e-07 4.253000e-13
3.872580e-07 4.263700e-13
3.875330e-07 4.066200e-13
3.878070e-07 3.940500e-13
3.880820e-07 4.002200e-13
3.883560e-07 3.891900e-13
3.886310e-07 3.680100e-13
3.889060e-07 3.645100e-13
3.891800e-07 3.745300e-13
3.894550e-07 3.894300e-13
3.897300e-07 4.117200e-13
3.900040e-07 4.485400e-13
3.902790e-07 4.533400e-13
3.905530e-07 4.515100e-13
3.908280e-07 4.713600e-13
3.911030e-07 4.699100e-13
3.913770e-07 5.046600e-13
3.916520e-07 4.971100e-13
3.919270e-07 4.927100e-13
3.922010e-07 4.604500e-13
3.924760e-07 4.431400e-13
3.927500e-07 4.024200e-13
3.930250e-07 3.595300e-13
3.933000e-07 3.088900e-13
3.935740e-07 2.850800e-13
3.938490e-07 3.073500e-13
3.941240e-07 3.388100e-13
3.943980e-07 3.743700e-13
3.946730e-07 4.195600e-13
3.949470e-07 4.495000e-13
3.952220e-07 4.718800e-13
3.954970e-07 4.727000e-13
3.957710e-07 4.784100e-13
3.960460e-07 4.532800e-13
3.963210e-07 4.011700e-13
3.965950e-07 3.378900e-13
3.968700e-07 2.962100e-13
3.971440e-07 2.789900e-13
3.974190e-07 3.023800e-13
3.976940e-07 3.621500e-13
3.979680e-07 4.265300e-13
3.982430e-07 4.767800e-13
3.985180e-07 5.096200e-13
3.987920e-07 5.369100e-13
3.990670e-07 5.453500e-13
3.993420e-07 5.580000e-13
3.996160e-07 5.677700e-13
3.998910e-07 5.798000e-13
4.001650e-07 5.821300e-13
4.004400e-07 5.896300e-13
4.007150e-07 5.986800e-13
4.009890e-07 6.065700e-13
4.012640e-07 6.103600e-13
4.015390e-07 6.244900e-13
4.018130e-07 6.293200e-13
4.020880e-07 6.268400e-13
4.023620e-07 6.234700e-13
4.026370e-07 6.193400e-13
4.029120e-07 6.174600e-13
4.031860e-07 6.010100e-13
4.034610e-07 5.924300e-13
4.037360e-07 6.001200e-13
4.040100e-07 6.085500e-13
4.042850e-07 6.179800e-13
4.045590e-07 6.104700e-13
4.048340e-07 5.839000e-13
4.051090e-07 5.861600e-13
4.053830e-07 5.917300e-13
4.056580e-07 5.998900e-13
4.059330e-07 5.954700e-13
4.062070e-07 5.786700e-13
4.064820e-07 5.817800e-13
4.067560e-07 5.752100e-13
4.070310e-07 5.822400e-13
4.073060e-07 5.858200e-13
4.075800e-07 5.952300e-13
4.078550e-07 5.857200e-13
4.081300e-07 5.810000e-13
4.084040e-07 5.966300e-13
4.086790e-07 6.097100e-13
4.089530e-07 6.138600e-13
4.092280e-07 6.113200e-13
4.095030e-07 6.003200e-13
4.097770e-07 5.696200e-13
4.100520e-07 5.344300e-13
4.103270e-07 5.195000e-13
4.106010e-07 5.214800e-13
4.108760e-07 5.393600e-13
4.111500e-07 5.629600e-13
4.114250e-07 5.810000e-13
4.117000e-07 5.892500e-13
4.119740e-07 6.106300e-13
4.122490e-07 6.120400e-13
4.125240e-07 6.093800e-13
4.127980e-07 6.067700e-13
4.130730e-07 6.012600e-13
4.133470e-07 5.974400e-13
4.136220e-07 5.972200e-13
4.138970e-07 6.063400e-13
4.141710e-07 6.185400e-13
4.144460e-07 6.098000e-13
4.147210e-07 5.947000e-13
4.149950e-07 5.919500e-13
4.152700e-07 5.943200e-13
4.155440e-07 5.937300e-13
4.158190e-07 5.929800e-13
4.160940e-07 5.992300e-13
4.163680e-07 6.125900e-13
4.166430e-07 6.153200e-13
4.169180e-07 6.044000e-13
4.171920e-07 5.901800e-13
4.174670e-07 5.682600e-13
4.177410e-07 5.644800e-13
4.180160e-07 5.700900e-13
4.182910e-07 5.824000e-13
4.185650e-07 5.898800e-13
4.188400e-07 5.894800e-13
4.191150e-07 5.909900e-13
4.193890e-07 5.972000e-13
4.196640e-07 5.912200e-13
4.199380e-07 5.845400e-13
4.202130e-07 5.901500e-13
4.204880e-07 5.873100e-13
4.207620e-07 5.982800e-13
4.210370e-07 6.050900e-13
4.213120e-07 6.155700e-13
4.215860e-07 6.172200e-13
4.218610e-07 6.226100e-13
4.221350e-07 6.118200e-13
4.224100e-07 6.020500e-13
4.226850e-07 5.819600e-13
4.229590e-07 5.691900e-13
4.232340e-07 5.817100e-13
4.235090e-07 5.999300e-13
4.237830e-07 6.097200e-13
4.240580e-07 6.095700e-13
4.243320e-07 6.218300e-13
4.246070e-07 6.349200e-13
4.248820e-07 6.303300e-13
4.251560e-07 6.253600e-13
4.254310e-07 6.081800e-13
4.257060e-07 6.070500e-13
4.259800e-07 6.031200e-13
4.262550e-07 6.118600e-13
4.265300e-07 6.186400e-13
4.268040e-07 6.284300e-13
4.270790e-07 6.206200e-13
4.273530e-07 5.816100e-13
4.276280e-07 5.673900e-13
4.279030e-07 5.791800e-13
4.281770e-07 5.923800e-13
4.284520e-07 6.005400e-13
4.287270e-07 6.022800e-13
4.290010e-07 5.859600e-13
4.292760e-07 5.829300e-13
4.295500e-07 5.720100e-13
4.298250e-07 5.582400e-13
4.301000e-07 5.329200e-13
4.303740e-07 5.030700e-13
4.306490e-07 4.880300e-13
4.309240e-07 4.803400e-13
4.311980e-07 4.956300e-13
4.314730e-07 5.474000e-13
4.317470e-07 6.073000e-13
4.320220e-07 6.392600e-13
4.322970e-07 6.516600e-13
4.325710e-07 6.248100e-13
4.328460e-07 6.208100e-13
4.331210e-07 6.165800e-13
4.333950e-07 6.410400e-13
4.336700e-07 6.402500e-13
4.339440e-07 6.153300e-13
4.342190e-07 6.009400e-13
4.344940e-07 6.022500e-13
4.347680e-07 6.132000e-13
4.350430e-07 6.391800e-13
4.353180e-07 6.451100e-13
4.355920e-07 6.496400e-13
4.358670e-07 6.529400e-13
4.361410e-07 6.744400e-13
4.364160e-07 7.007400e-13
4.366910e-07 7.041700e-13
4.369650e-07 7.044800e-13
4.372400e-07 6.897700e-13
4.375150e-07 6.700400e-13
4.377890e-07 6.666900e-13
4.380640e-07 6.513000e-13
4.383380e-07 6.344000e-13
4.386130e-07 6.123000e-13
4.388880e-07 6.043800e-13
4.391620e-07 6.217700e-13
4.394370e-07 6.482000e-13
4.397120e-07 6.571300e-13
4.399860e-07 6.698300e-13
4.402610e-07 6.661200e-13
4.405350e-07 6.602300e-13
4.408100e-07 6.596700e-13
4.410850e-07 6.546300e-13
4.413590e-07 6.742200e-13
4.416340e-07 6.925200e-13
4.419090e-07 6.963300e-13
4.421830e-07 7.002900e-13
4.424580e-07 6.925100e-13
4.427320e-07 6.993300e-13
4.430070e-07 6.957000e-13
4.432820e-07 6.972900e-13
4.435560e-07 7.041600e-13
4.438310e-07 7.010200e-13
4.441060e-07 6.981400e-13
4.443800e-07 7.169200e-13
4.446550e-07 7.223400e-13
4.449290e-07 7.259500e-13
4.452040e-07 7.270000e-13
4.454790e-07 7.228000e-13
4.457530e-07 6.975700e-13
4.460280e-07 6.770900e-13
4.463030e-07 6.711300e-13
4.465770e-07 6.834400e-13
4.468520e-07 6.936000e-13
4.471260e-07 7.183900e-13
4.474010e-07 7.280900e-13
4.476760e-07 7.376700e-13
4.479500e-07 7.523100e-13
4.482250e-07 7.514400e-13
4.485000e-07 7.549200e-13
4.487740e-07 7.504300e-13
4.490490e-07 7.533200e-13
4.493230e-07 7.573800e-13
4.495980e-07 7.458200e-13
4.498730e-07 7.450500e-13
4.501470e-07 7.590000e-13
4.504220e-07 7.784600e-13
4.506970e-07 8.017900e-13
4.509710e-07 8.189700e-13
4.512460e-07 8.133700e-13
4.515200e-07 7.862200e-13
4.517950e-07 7.739600e-13
4.520700e-07 7.798100e-13
4.523440e-07 7.725500e-13
4.526190e-07 7.548000e-13
4.528940e-07 7.302700e-13
4.531680e-07 7.115400e-13
4.534430e-07 7.063100e-13
4.537180e-07 7.151200e-13
4.539920e-07 7.305600e-13
4.542670e-07 7.462200e-13
4.545410e-07 7.538000e-13
4.548160e-07 7.525200e-13
4.550910e-07 7.458100e-13
4.553650e-07 7.374000e-13
4.556400e-07 7.436600e-13
4.559150e-07 7.548000e-13
4.561890e-07 7.670900e-13
4.564640e-07 7.767700e-13
4.567380e-07 7.823600e-13
4.570130e-07 7.853300e-13
4.572880e-07 7.840500e-13
4.575620e-07 7.824400e-13
4.578370e-07 7.747200e-13
4.581120e-07 7.636100e-13
4.583860e-07 7.546100e-13
4.586610e-07 7.548800e-13
4.589350e-07 7.589600e-13
4.592100e-07 7.551700e-13
4.594850e-07 7.578500e-13
4.597590e-07 7.571000e-13
4.600340e-07 7.541400e-13
4.603090e-07 7.547200e-13
4.605830e-07 7.670500e-13
4.608580e-07 7.796100e-13
4.611320e-07 7.953200e-13
4.614070e-07 8.008600e-13
4.616820e-07 8.071800e-13
4.619560e-07 8.133300e-13
4.622310e-07 8.126500e-13
4.625060e-07 8.120800e-13
4.627800e-07 8.112400e-13
4.630550e-07 8.090600e-13
4.633290e-07 8.018700e-13
4.636040e-07 7.887900e-13
4.638790e-07 7.745600e-13
4.641530e-07 7.661900e-13
4.644280e-07 7.636300e-13
4.647030e-07 7.524200e-13
4.649770e-07 7.489200e-13
4.652520e-07 7.532100e-13
4.655260e-07 7.580500e-13
4.658010e-07 7.652800e-13
4.660760e-07 7.704400e-13
4.663500e-07 7.709500e-13
4.666250e-07 7.593200e-13
4.669000e-07 7.411900e-13
4.671740e-07 7.338200e-13
4.674490e-07 7.391800e-13
4.677230e-07 7.415000e-13
4.679980e-07 7.444800e-13
4.682730e-07 7.475300e-13
4.685470e-07 7.542800e-13
4.688220e-07 7.587200e-13
4.690970e-07 7.545300e-13
4.693710e-07 7.534700e-13
4.696460e-07 7.516700e-13
4.699200e-07 7.496800e-13
4.701950e-07 7.390600e-13
4.704700e-07 7.302900e-13
4.707440e-07 7.315600e-13
4.710190e-07 7.336900e-13
4.712940e-07 7.376400e-13
4.715680e-07 7.467900e-13
4.718430e-07 7.619800e-13
4.721170e-07 7.733400e-13
4.723920e-07 7.722400e-13
4.726670e-07 7.705400e-13
4.729410e-07 7.688400e-13
4.732160e-07 7.542400e-13
4.734910e-07 7.486300e-13
4.737650e-07 7.581100e-13
4.740400e-07 7.665800e-13
4.743140e-07 7.756600e-13
4.745890e-07 7.855100e-13
4.748640e-07 7.936400e-13
4.751380e-07 7.981500e-13
4.754130e-07 7.916100e-13
4.756880e-07 7.845200e-13
4.759620e-07 7.728500e-13
4.762370e-07 7.647200e-13
4.765110e-07 7.571300e-13
4.767860e-07 7.593600e-13
4.770610e-07 7.571300e-13
4.773350e-07 7.663000e-13
4.776100e-07 7.863500e-13
4.778850e-07 7.982000e-13
4.781590e-07 7.983600e-13
4.784340e-07 7.902900e-13
4.787080e-07 7.838500e-13
4.789830e-07 7.781800e-13
4.792580e-07 7.841500e-13
4.795320e-07 7.918500e-13
4.798070e-07 8.067100e-13
4.800820e-07 8.125000e-13
4.803560e-07 8.094400e-13
4.806310e-07 8.073100e-13
4.809050e-07 8.008200e-13
4.811800e-07 7.932900e-13
4.814550e-07 7.982300e-13
4.817290e-07 8.148300e-13
4.820040e-07 8.194600e-13
4.822790e-07 8.148500e-13
4.825530e-07 8.079000e-13
4.828280e-07 7.995100e-13
4.831030e-07 7.932200e-13
4.833770e-07 7.971700e-13
4.836520e-07 7.988100e-13
4.839260e-07 7.969500e-13
4.842010e-07 7.824300e-13
4.844760e-07 7.807900e-13
4.847500e-07 7.828600e-13
4.850250e-07 7.795700e-13
4.853000e-07 7.637200e-13
4.855740e-07 7.516400e-13
4.858490e-07 7.387600e-13
4.861230e-07 7.385800e-13
4.863980e-07 7.481300e-13
4.866730e-07 7.527400e-13
4.869470e-07 7.366400e-13
4.872220e-07 7.222700e-13
4.874970e-07 7.128000e-13
4.877710e-07 7.268500e-13
4.880460e-07 7.464900e-13
4.883200e-07 7.565000e-13
4.885950e-07 7.544500e-13
4.888700e-07 7.457900e-13
4.891440e-07 7.383400e-13
4.894190e-07 7.513700e-13
4.896940e-07 7.760400e-13
4.899680e-07 7.932800e-13
4.902430e-07 8.060300e-13
4.905170e-07 8.090600e-13
4.907920e-07 8.080200e-13
4.910670e-07 7.954300e-13
4.913410e-07 7.822500e-13
4.916160e-07 7.781900e-13
4.918910e-07 7.643000e-13
4.921650e-07 7.457800e-13
4.924400e-07 7.413300e-13
4.927140e-07 7.574200e-13
4.929890e-07 7.772700e-13
4.932640e-07 7.936700e-13
4.935380e-07 7.949200e-13
4.938130e-07 7.880200e-13
4.940880e-07 7.752300e-13
4.943620e-07 7.841200e-13
4.946370e-07 8.025800e-13
4.949110e-07 8.182800e-13
4.951860e-07 8.223900e-13
4.954610e-07 8.195300e-13
4.957350e-07 8.080400e-13
4.960100e-07 7.953400e-13
4.962850e-07 8.002600e-13
4.965590e-07 8.058500e-13
4.968340e-07 7.948600e-13
4.971080e-07 7.886000e-13
4.973830e-07 7.910200e-13
4.976580e-07 7.957100e-13
4.979320e-07 7.865100e-13
4.982070e-07 7.628000e-13
4.984820e-07 7.443800e-13
4.987560e-07 7.381000e-13
4.990310e-07 7.530000e-13
4.993050e-07 7.689800e-13
4.995800e-07 7.706000e-13
4.998550e-07 7.680700e-13
5.001290e-07 7.676600e-13
5.004040e-07 7.603100e-13
5.006790e-07 7.717200e-13
5.009530e-07 7.851500e-13
5.012280e-07 7.785400e-13
5.015020e-07 7.563800e-13
5.017770e-07 7.276100e-13
5.020520e-07 7.137800e-13
5.023260e-07 7.231300e-13
5.026010e-07 7.314300e-13
5.028760e-07 7.459200e-13
5.031500e-07 7.569400e-13
5.034250e-07 7.629700e-13
5.036990e-07 7.569700e-13
5.039740e-07 7.511800e-13
5.042490e-07 7.345500e-13
5.045230e-07 7.386000e-13
5.047980e-07 7.428900e-13
5.050730e-07 7.480000e-13
5.053470e-07 7.631500e-13
5.056220e-07 7.701500e-13
5.058960e-07 7.771200e-13
5.061710e-07 7.934400e-13
5.064460e-07 7.927200e-13
5.067200e-07 7.767400e-13
5.069950e-07 7.700100e-13
5.072700e-07 7.598400e-13
5.075440e-07 7.552100e-13
5.078190e-07 7.492100e-13
5.080930e-07 7.399700e-13
5.083680e-07 7.239600e-13
5.086430e-07 7.309400e-13
5.089170e-07 7.457500e-13
5.091920e-07 7.621900e-13
5.094670e-07 7.674500e-13
5.097410e-07 7.599500e-13
5.100160e-07 7.474900e-13
5.102910e-07 7.478600e-13
5.105650e-07 7.338500e-13
5.108400e-07 7.345000e-13
5.111140e-07 7.370200e-13
5.113890e-07 7.401000e-13
5.116640e-07 7.525000e-13
5.119380e-07 7.606800e-13
5.122130e-07 7.576300e-13
5.124880e-07 7.341700e-13
5.127620e-07 7.196800e-13
5.130370e-07 7.149800e-13
5.133110e-07 7.179800e-13
5.135860e-07 7.342800e-13
5.138610e-07 7.374700e-13
5.141350e-07 7.221000e-13
5.144100e-07 7.251600e-13
5.146850e-07 7.208000e-13
5.149590e-07 7.189400e-13
5.152340e-07 7.119700e-13
5.155080e-07 7.217200e-13
5.157830e-07 7.286800e-13
5.160580e-07 7.353700e-13
5.163320e-07 7.308500e-13
5.166070e-07 6.948200e-13
5.168820e-07 6.517600e-13
5.171560e-07 6.199500e-13
5.174310e-07 6.065600e-13
5.177050e-07 6.227600e-13
5.179800e-07 6.510800e-13
5.182550e-07 6.611000e-13
5.185290e-07 6.535600e-13
5.188040e-07 6.567800e-13
5.190790e-07 6.780500e-13
5.193530e-07 6.994900e-13
5.196280e-07 7.132800e-13
5.199020e-07 7.257800e-13
5.201770e-07 7.422700e-13
5.204520e-07 7.328800e-13
5.207260e-07 7.195700e-13
5.210010e-07 7.061700e-13
5.212760e-07 7.080200e-13
5.215500e-07 7.228000e-13
5.218250e-07 7.417700e-13
5.220990e-07 7.577400e-13
5.223740e-07 7.558600e-13
5.226490e-07 7.463500e-13
5.229230e-07 7.317700e-13
5.231980e-07 7.368600e-13
5.234730e-07 7.464400e-13
5.237470e-07 7.597600e-13
5.240220e-07 7.786400e-13
5.242960e-07 7.886100e-13
5.245710e-07 7.898700e-13
5.248460e-07 7.778500e-13
5.251200e-07 7.704400e-13
5.253950e-07 7.670100e-13
5.256700e-07 7.729200e-13
5.259440e-07 7.690100e-13
5.262190e-07 7.603000e-13
5.264930e-07 7.350800e-13
5.267680e-07 7.088500e-13
5.270430e-07 6.899600e-13
5.273170e-07 6.879100e-13
5.275920e-07 7.089900e-13
5.278670e-07 7.452100e-13
5.281410e-07 7.710500e-13
5.284160e-07 7.803700e-13
5.286900e-07 7.968000e-13
5.289650e-07 8.149000e-13
5.292400e-07 8.262900e-13
5.295140e-07 8.226300e-13
5.297890e-07 8.118800e-13
5.300640e-07 8.043900e-13
5.303380e-07 7.962300e-13
5.306130e-07 8.094100e-13
5.308870e-07 8.266700e-13
5.311620e-07 8.474700e-13
5.314370e-07 8.481800e-13
5.317110e-07 8.380300e-13
5.319860e-07 8.262000e-13
5.322610e-07 8.108300e-13
5.325350e-07 7.946200e-13
5.328100e-07 7.804500e-13
5.330840e-07 7.687400e-13
5.333590e-07 7.719400e-13
5.336340e-07 7.887700e-13
5.339080e-07 8.084800e-13
5.341830e-07 8.152800e-13
5.344580e-07 8.079100e-13
5.347320e-07 8.097000e-13
5.350070e-07 8.197400e-13
5.352810e-07 8.329200e-13
5.355560e-07 8.448800e-13
5.358310e-07 8.557400e-13
5.361050e-07 8.646700e-13
5.363800e-07 8.581900e-13
5.366550e-07 8.324100e-13
5.369290e-07 8.120800e-13
5.372040e-07 8.076700e-13
5.374790e-07 8.028900e-13
5.377530e-07 8.143700e-13
5.380280e-07 8.275800e-13
5.383020e-07 8.365100e-13
5.385770e-07 8.377300e-13
5.388520e-07 8.315900e-13
5.391260e-07 8.211700e-13
5.394010e-07 8.034600e-13
5.396760e-07 7.882400e-13
5.399500e-07 7.835700e-13
5.402250e-07 7.793800e-13
5.404990e-07 7.681100e-13
5.407740e-07 7.620200e-13
5.410490e-07 7.619000e-13
5.413230e-07 7.748800e-13
5.415980e-07 7.945000e-13
5.418730e-07 8.125000e-13
5.421470e-07 8.183400e-13
5.424220e-07 8.155900e-13
5.426960e-07 8.164700e-13
5.429710e-07 8.090600e-13
5.432460e-07 7.976100e-13
5.435200e-07 7.918100e-13
5.437950e-07 7.951800e-13
5.440700e-07 8.111600e-13
5.443440e-07 8.225200e-13
5.446190e-07 8.210400e-13
5.448930e-07 8.119100e-13
5.451680e-07 8.026400e-13
5.454430e-07 7.935100e-13
5.457170e-07 7.976600e-13
5.459920e-07 8.069000e-13
5.462670e-07 8.062000e-13
5.465410e-07 8.113100e-13
5.468160e-07 8.133700e-13
5.470900e-07 8.099600e-13
5.473650e-07 8.069000e-13
5.476400e-07 7.980500e-13
5.479140e-07 7.847400e-13
5.481890e-07 7.856300e-13
5.484640e-07 7.933100e-13
5.487380e-07 8.048100e-13
5.490130e-07 8.078900e-13
5.492870e-07 8.079400e-13
5.495620e-07 8.148600e-13
5.498370e-07 8.182200e-13
5.501110e-07 8.170900e-13
5.503860e-07 8.152500e-13
5.506610e-07 8.113100e-13
5.509350e-07 8.033300e-13
5.512100e-07 7.994300e-13
5.514840e-07 8.023200e-13
5.517590e-07 8.084300e-13
5.520340e-07 8.149400e-13
5.523080e-07 8.249200e-13
5.525830e-07 8.302300e-13
5.528580e-07 8.163400e-13
5.531320e-07 8.044600e-13
5.534070e-07 8.007900e-13
5.536810e-07 8.109400e-13
5.539560e-07 8.186600e-13
5.542310e-07 8.406600e-13
5.545050e-07 8.272900e-13
5.547800e-07 8.453200e-13
5.550550e-07 8.275300e-13
5.553290e-07 8.447100e-13
5.556040e-07 8.400900e-13
5.558780e-07 8.187800e-13
5.561530e-07 8.400100e-13
5.564280e-07 8.306800e-13
5.567020e-07 8.131900e-13
5.569770e-07 8.075800e-13
5.572520e-07 8.132500e-13
5.575260e-07 7.849100e-13
5.578010e-07 8.082400e-13
5.580750e-07 8.334700e-13
5.583500e-07 8.268300e-13
5.586250e-07 7.883900e-13
5.588990e-07 7.737600e-13
5.591740e-07 7.795900e-13
5.594490e-07 7.745000e-13
5.597230e-07 7.814700e-13
5.599980e-07 7.901500e-13
5.602720e-07 7.900900e-13
5.605470e-07 7.992700e-13
5.608220e-07 8.127300e-13
5.610960e-07 8.261200e-13
5.613710e-07 8.311500e-13
5.616460e-07 8.193600e-13
5.619200e-07 8.048600e-13
5.621950e-07 8.010100e-13
5.624690e-07 8.013000e-13
5.627440e-07 8.019000e-13
5.630190e-07 8.103800e-13
5.632930e-07 8.115000e-13
5.635680e-07 8.138800e-13
5.638430e-07 8.132300e-13
5.641170e-07 8.105800e-13
5.643920e-07 8.091700e-13
5.646660e-07 8.113100e-13
5.649410e-07 8.142300e-13
5.652160e-07 8.140700e-13
5.654900e-07 8.112500e-13
5.657650e-07 8.052800e-13
5.660400e-07 8.019500e-13
5.663140e-07 7.965900e-13
5.665890e-07 8.024800e-13
5.668640e-07 8.047600e-13
5.671380e-07 8.136300e-13
5.674130e-07 8.311400e-13
5.676870e-07 8.336200e-13
5.679620e-07 8.324300e-13
5.682370e-07 8.268000e-13
5.685110e-07 8.275100e-13
5.687860e-07 8.204700e-13
5.690610e-07 8.180400e-13
5.693350e-07 8.199900e-13
5.696100e-07 8.287200e-13
5.698840e-07 8.336700e-13
5.701590e-07 8.218000e-13
5.704340e-07 8.117400e-13
5.707080e-07 8.025000e-13
5.709830e-07 7.990800e-13
5.712580e-07 7.898000e-13
5.715320e-07 7.987500e-13
5.718070e-07 8.162000e-13
5.720810e-07 8.348000e-13
5.723560e-07 8.485800e-13
5.726310e-07 8.557900e-13
5.729050e-07 8.602500e-13
5.731800e-07 8.515400e-13
5.734550e-07 8.479400e-13
5.737290e-07 8.456100e-13
5.740040e-07 8.501400e-13
5.742780e-07 8.370800e-13
5.745530e-07 8.460200e-13
5.748280e-07 8.446300e-13
5.751020e-07 8.401200e-13
5.753770e-07 8.421200e-13
5.756520e-07 8.318200e-13
5.759260e-07 8.392200e-13
5.762010e-07 8.312600e-13
5.764750e-07 8.338200e-13
5.767500e-07 8.347600e-13
5.770250e-07 8.393900e-13
5.772990e-07 8.349100e-13
5.775740e-07 8.420600e-13
5.778490e-07 8.270900e-13
5.781230e-07 8.122000e-13
5.783980e-07 8.013600e-13
5.786720e-07 7.971000e-13
5.789470e-07 7.984500e-13
5.792220e-07 8.051800e-13
5.794960e-07 8.268200e-13
5.797710e-07 8.376900e-13
5.800460e-07 8.424400e-13
5.803200e-07 8.443900e-13
5.805950e-07 8.505500e-13
5.808690e-07 8.482200e-13
5.811440e-07 8.412800e-13
5.814190e-07 8.393800e-13
5.816930e-07 8.466700e-13
5.819680e-07 8.459300e-13
5.822430e-07 8.439500e-13
5.825170e-07 8.518900e-13
5.827920e-07 8.550700e-13
5.830660e-07 8.552000e-13
5.833410e-07 8.569900e-13
5.836160e-07 8.507800e-13
5.838900e-07 8.556600e-13
5.841650e-07 8.549600e-13
5.844400e-07 8.588500e-13
5.847140e-07 8.560900e-13
5.849890e-07 8.498300e-13
5.852630e-07 8.347400e-13
5.855380e-07 8.191800e-13
5.858130e-07 8.196800e-13
5.860870e-07 8.081600e-13
5.863620e-07 8.063400e-13
5.866370e-07 8.183500e-13
5.869110e-07 8.216400e-13
5.871860e-07 8.345700e-13
5.874600e-07 8.447700e-13
5.877350e-07 8.333700e-13
5.880100e-07 8.240700e-13
5.882840e-07 8.241900e-13
5.885590e-07 8.031300e-13
5.888340e-07 7.587800e-13
5.891080e-07 6.995800e-13
5.893830e-07 6.670700e-13
5.896570e-07 6.576000e-13
5.899320e-07 6.913600e-13
5.902070e-07 7.299600e-13
5.904810e-07 7.717000e-13
5.907560e-07 7.985300e-13
5.910310e-07 8.153700e-13
5.913050e-07 7.915400e-13
5.915800e-07 8.134600e-13
5.918540e-07 8.060200e-13
5.921290e-07 8.168400e-13
5.924040e-07 8.304600e-13
5.926780e-07 8.237900e-13
5.929530e-07 8.288200e-13
5.932280e-07 8.186200e-13
5.935020e-07 8.144500e-13
5.937770e-07 8.237600e-13
5.940520e-07 8.262400e-13
5.943260e-07 8.259300e-13
5.946010e-07 8.205300e-13
5.948750e-07 8.228000e-13
5.951500e-07 8.252800e-13
5.954250e-07 8.165300e-13
5.956990e-07 8.099600e-13
5.959740e-07 8.170100e-13
5.962490e-07 8.249800e-13
5.965230e-07 8.291400e-13
5.967980e-07 8.356900e-13
5.970720e-07 8.350500e-13
5.973470e-07 8.292800e-13
5.976220e-07 8.246200e-13
5.978960e-07 8.261200e-13
5.981710e-07 8.225700e-13
5.984460e-07 8.155800e-13
5.987200e-07 8.146400e-13
5.989950e-07 8.185100e-13
5.992690e-07 8.202400e-13
5.995440e-07 8.273900e-13
5.998190e-07 8.258500e-13
6.000930e-07 8.211100e-13
6.003680e-07 8.139300e-13
6.006430e-07 8.116400e-13
6.009170e-07 8.093600e-13
6.011920e-07 8.051000e-13
6.014660e-07 8.048300e-13
6.017410e-07 8.042300e-13
6.020160e-07 8.077800e-13
6.022900e-07 8.069100e-13
6.025650e-07 8.100200e-13
6.028400e-07 8.094200e-13
6.031140e-07 8.185200e-13
6.033890e-07 8.300900e-13
6.036630e-07 8.335300e-13
6.039380e-07 8.413500e-13
6.042130e-07 8.407900e-13
6.044870e-07 8.395900e-13
6.047620e-07 8.474100e-13
6.050370e-07 8.456800e-13
6.053110e-07 8.410700e-13
6.055860e-07 8.347400e-13
6.058600e-07 8.313700e-13
6.061350e-07 8.251100e-13
6.064100e-07 8.272600e-13
6.066840e-07 8.252200e-13
6.069590e-07 8.267300e-13
6.072340e-07 8.392900e-13
6.075080e-07 8.440900e-13
6.077830e-07 8.400300e-13
6.080570e-07 8.347400e-13
6.083320e-07 8.249500e-13
6.086070e-07 8.192800e-13
6.088810e-07 8.183300e-13
6.091560e-07 8.110800e-13
6.094310e-07 8.161400e-13
6.097050e-07 8.209900e-13
6.099800e-07 8.194200e-13
6.102540e-07 8.106800e-13
6.105290e-07 8.046700e-13
6.108040e-07 8.072400e-13
6.110780e-07 8.181500e-13
6.113530e-07 8.260600e-13
6.116280e-07 8.310500e-13
6.119020e-07 8.267200e-13
6.121770e-07 8.114300e-13
6.124510e-07 8.011300e-13
6.127260e-07 8.067700e-13
6.130010e-07 8.085100e-13
6.132750e-07 8.154900e-13
6.135500e-07 8.151400e-13
6.138250e-07 8.012500e-13
6.140990e-07 7.959100e-13
6.143740e-07 8.058400e-13
6.146480e-07 8.117300e-13
6.149230e-07 8.163200e-13
6.151980e-07 8.177600e-13
6.154720e-07 8.131100e-13
6.157470e-07 7.974100e-13
6.160220e-07 7.835700e-13
6.162960e-07 7.664300e-13
6.165710e-07 7.544600e-13
6.168450e-07 7.506800e-13
6.171200e-07 7.503800e-13
6.173950e-07 7.573900e-13
6.176690e-07 7.670200e-13
6.179440e-07 7.873700e-13
6.182190e-07 7.946700e-13
6.184930e-07 7.930300e-13
6.187680e-07 7.873000e-13
6.190420e-07 7.814600e-13
6.193170e-07 7.821000e-13
6.195920e-07 7.812700e-13
6.198660e-07 7.797800e-13
6.201410e-07 7.879500e-13
6.204160e-07 7.951300e-13
6.206900e-07 7.995700e-13
6.209650e-07 8.043800e-13
6.212400e-07 7.973700e-13
6.215140e-07 7.816300e-13
6.217890e-07 7.699700e-13
6.220630e-07 7.588400e-13
6.223380e-07 7.639800e-13
6.226130e-07 7.688400e-13
6.228870e-07 7.632500e-13
6.231620e-07 7.710200e-13
6.234370e-07 7.568700e-13
6.237110e-07 7.485300e-13
6.239860e-07 7.629300e-13
6.242600e-07 7.605700e-13
6.245350e-07 7.568500e-13
6.248100e-07 7.613000e-13
6.250840e-07 7.634600e-13
6.253590e-07 7.637600e-13
6.256340e-07 7.528600e-13
6.259080e-07 7.476800e-13
6.261830e-07 7.533700e-13
6.264570e-07 7.692200e-13
6.267320e-07 7.760300e-13
6.270070e-07 7.830300e-13
6.272810e-07 7.838900e-13
6.275560e-07 7.765900e-13
6.278310e-07 7.823300e-13
6.281050e-07 7.682100e-13
6.283800e-07 7.745900e-13
6.286540e-07 7.715100e-13
6.289290e-07 8.006600e-13
6.292040e-07 8.151800e-13
6.294780e-07 8.030100e-13
6.297530e-07 7.904000e-13
6.300280e-07 7.785200e-13
6.303020e-07 7.878600e-13
6.305770e-07 7.910600e-13
6.308510e-07 7.908900e-13
6.311260e-07 7.958500e-13
6.314010e-07 7.902500e-13
6.316750e-07 7.631600e-13
6.319500e-07 7.890300e-13
6.322250e-07 7.809100e-13
6.324990e-07 7.814800e-13
6.327740e-07 8.077800e-13
6.330480e-07 8.052600e-13
6.333230e-07 8.059700e-13
6.335980e-07 7.960200e-13
6.338720e-07 7.890100e-13
6.341470e-07 7.970200e-13
6.344220e-07 7.956800e-13
6.346960e-07 7.961200e-13
6.349710e-07 7.980500e-13
6.352450e-07 7.997200e-13
6.355200e-07 8.148400e-13
6.357950e-07 7.996600e-13
6.360690e-07 7.847800e-13
6.363440e-07 7.839100e-13
6.366190e-07 7.716000e-13
6.368930e-07 7.770000e-13
6.371680e-07 7.976700e-13
6.374420e-07 8.166600e-13
6.377170e-07 8.095400e-13
6.379920e-07 8.123700e-13
6.382660e-07 8.370200e-13
6.385410e-07 8.099100e-13
6.388160e-07 8.133000e-13
6.390900e-07 8.058600e-13
6.393650e-07 8.081700e-13
6.396390e-07 8.081500e-13
6.399140e-07 8.038000e-13
6.401890e-07 7.966400e-13
6.404630e-07 7.994500e-13
6.407380e-07 8.068400e-13
6.410130e-07 8.100600e-13
6.412870e-07 8.101300e-13
6.415620e-07 8.035600e-13
6.418360e-07 8.066400e-13
6.421110e-07 8.068300e-13
6.423860e-07 7.945400e-13
6.426600e-07 8.062200e-13
6.429350e-07 8.072300e-13
6.432100e-07 8.126000e-13
6.434840e-07 8.107500e-13
6.437590e-07 8.053100e-13
6.440330e-07 8.034600e-13
6.443080e-07 8.045200e-13
6.445830e-07 8.192300e-13
6.448570e-07 8.135600e-13
6.451320e-07 8.067900e-13
6.454070e-07 7.993500e-13
6.456810e-07 8.072300e-13
6.459560e-07 8.088300e-13
6.462300e-07 8.102100e-13
6.465050e-07 8.087400e-13
6.467800e-07 8.113300e-13
6.470540e-07 8.133700e-13
6.473290e-07 8.213700e-13
6.476040e-07 8.230400e-13
6.478780e-07 8.236300e-13
6.481530e-07 8.282100e-13
6.484270e-07 8.177600e-13
6.487020e-07 8.191100e-13
6.489770e-07 8.217400e-13
6.492510e-07 8.057900e-13
6.495260e-07 7.878400e-13
6.498010e-07 7.616100e-13
6.500750e-07 7.647500e-13
6.503500e-07 7.794500e-13
6.506250e-07 7.936600e-13
6.508990e-07 8.104100e-13
6.511740e-07 8.184900e-13
6.514480e-07 8.182500e-13
6.517230e-07 8.217200e-13
6.519980e-07 8.219400e-13
6.522720e-07 8.221300e-13
6.525470e-07 8.205500e-13
6.528220e-07 8.223600e-13
6.530960e-07 8.180400e-13
6.533710e-07 8.211600e-13
6.536450e-07 8.249200e-13
6.539200e-07 8.241800e-13
6.541950e-07 8.302200e-13
6.544690e-07 8.481500e-13
6.547440e-07 8.605900e-13
6.550190e-07 8.783300e-13
6.552930e-07 8.801300e-13
6.555680e-07 8.577200e-13
6.558420e-07 8.600200e-13
6.561170e-07 9.171000e-13
6.563920e-07 1.034600e-12
6.566660e-07 1.138200e-12
6.569410e-07 1.101500e-12
6.572160e-07 9.745700e-13
6.574900e-07 8.529200e-13
6.577650e-07 8.185300e-13
6.580390e-07 8.598200e-13
6.583140e-07 9.583800e-13
6.585890e-07 1.041000e-12
6.588630e-07 1.056200e-12
6.591380e-07 9.832100e-13
6.594130e-07 8.859800e-13
6.596870e-07 8.204600e-13
6.599620e-07 7.987800e-13
6.602360e-07 8.020700e-13
6.605110e-07 8.033100e-13
6.607860e-07 8.051400e-13
6.610600e-07 8.046400e-13
6.613350e-07 8.021500e-13
6.616100e-07 8.123000e-13
6.618840e-07 8.112600e-13
6.621590e-07 8.259600e-13
6.624330e-07 8.162600e-13
6.627080e-07 8.151900e-13
6.629830e-07 8.062300e-13
6.632570e-07 7.940200e-13
6.635320e-07 8.008800e-13
6.638070e-07 7.983300e-13
6.640810e-07 7.953800e-13
6.643560e-07 8.074000e-13
6.646300e-07 8.034100e-13
6.649050e-07 8.026000e-13
6.651800e-07 8.070100e-13
6.654540e-07 8.115900e-13
6.657290e-07 8.001100e-13
6.660040e-07 8.061800e-13
6.662780e-07 7.976900e-13
6.665530e-07 7.939000e-13
6.668270e-07 7.931800e-13
6.671020e-07 8.018600e-13
6.673770e-07 7.992500e-13
6.676510e-07 7.967800e-13
6.679260e-07 7.921800e-13
6.682010e-07 7.907600e-13
6.684750e-07 7.902400e-13
6.687500e-07 7.920100e-13
6.690240e-07 8.008900e-13
6.692990e-07 8.014400e-13
6.695740e-07 7.921600e-13
6.698480e-07 7.932300e-13
6.701230e-07 7.964700e-13
6.703980e-07 7.932000e-13
6.706720e-07 7.949900e-13
6.709470e-07 8.006200e-13
6.712210e-07 8.049500e-13
6.714960e-07 8.203000e-13
6.717710e-07 8.577700e-13
6.720450e-07 8.722400e-13
6.723200e-07 8.586300e-13
6.725950e-07 8.325400e-13
6.728690e-07 8.142000e-13
6.731440e-07 8.300600e-13
6.734180e-07 8.484800e-13
6.736930e-07 8.501300e-13
6.739680e-07 8.276300e-13
6.742420e-07 8.012300e-13
6.745170e-07 7.789900e-13
6.747920e-07 7.736800e-13
6.750660e-07 7.684200e-13
6.753410e-07 7.624300e-13
6.756150e-07 7.721000e-13
6.758900e-07 7.783800e-13
6.761650e-07 7.911800e-13
6.764390e-07 7.856100e-13
6.767140e-07 7.869600e-13
6.769890e-07 7.761100e-13
6.772630e-07 7.732200e-13
6.775380e-07 7.736800e-13
6.778130e-07 7.863400e-13
6.780870e-07 7.902400e-13
6.783620e-07 7.818500e-13
6.786360e-07 7.784300e-13
6.789110e-07 7.694300e-13
6.791860e-07 7.691500e-13
6.794600e-07 7.737200e-13
6.797350e-07 7.725300e-13
6.800100e-07 7.782800e-13
6.802840e-07 7.730000e-13
6.805590e-07 7.783800e-13
6.808330e-07 7.769000e-13
6.811080e-07 7.704700e-13
6.813830e-07 7.685200e-13
6.816570e-07 7.740400e-13
6.819320e-07 7.893300e-13
6.829820e-07 7.913700e-13
6.845570e-07 7.715000e-13
6.861340e-07 7.678700e-13
6.877160e-07 7.642600e-13
6.893020e-07 7.502300e-13
6.908910e-07 7.676300e-13
6.924830e-07 7.640200e-13
6.940800e-07 7.889700e-13
6.956800e-07 8.017000e-13
6.972840e-07 7.979300e-13
6.988910e-07 7.869000e-13
7.005020e-07 7.941000e-13
7.021170e-07 7.706000e-13
7.037350e-07 7.994300e-13
7.053580e-07 8.236300e-13
7.069830e-07 7.562900e-13
7.086130e-07 7.845800e-13
7.102470e-07 7.338300e-13
7.118840e-07 7.253500e-13
7.135250e-07 7.103900e-13
7.151700e-07 7.251900e-13
7.168190e-07 7.318200e-13
7.184710e-07 7.250300e-13
7.201270e-07 7.019500e-13
7.217870e-07 7.400500e-13
7.234510e-07 7.519900e-13
7.251190e-07 7.381800e-13
7.267910e-07 7.381000e-13
7.284660e-07 7.517400e-13
7.301450e-07 7.638700e-13
7.318290e-07 7.602700e-13
7.335150e-07 7.743200e-13
7.352070e-07 7.778100e-13
7.369010e-07 7.723600e-13
7.386000e-07 8.237100e-13
7.403030e-07 8.085800e-13
7.420090e-07 7.955600e-13
7.437200e-07 8.121300e-13
7.454340e-07 7.935500e-13
7.471530e-07 7.916400e-13
7.488750e-07 8.062600e-13
7.506010e-07 8.173800e-13
7.523320e-07 8.267500e-13
7.540660e-07 8.190800e-13
7.558040e-07 8.189800e-13
7.575470e-07 8.132500e-13
7.592930e-07 8.001600e-13
7.610430e-07 7.982200e-13
7.627970e-07 7.745900e-13
7.645560e-07 7.816700e-13
7.663190e-07 7.869900e-13
7.680850e-07 7.532200e-13
7.698560e-07 7.618500e-13
7.716300e-07 7.565100e-13
7.734090e-07 7.375100e-13
7.751920e-07 7.357200e-13
7.769790e-07 7.475900e-13
7.787700e-07 7.304800e-13
7.805650e-07 7.320800e-13
7.823650e-07 7.664900e-13
7.841680e-07 7.251900e-13
7.859760e-07 7.471400e-13
7.877880e-07 7.557000e-13
7.896040e-07 7.643600e-13
7.914240e-07 7.485900e-13
7.932490e-07 7.331400e-13
7.950770e-07 7.147200e-13
7.969100e-07 7.380500e-13
7.987470e-07 7.362600e-13
8.005890e-07 7.294200e-13
8.024340e-07 7.654600e-13
8.042840e-07 7.742300e-13
8.061380e-07 7.688000e-13
8.079960e-07 7.392000e-13
8.098590e-07 7.374100e-13
8.117260e-07 7.597200e-13
8.135970e-07 7.631300e-13
8.154720e-07 7.491100e-13
8.173530e-07 7.319600e-13
8.192370e-07 7.135700e-13
8.211250e-07 7.471000e-13
8.230180e-07 7.333700e-13
8.249150e-07 7.749400e-13
8.268170e-07 7.624600e-13
8.287230e-07 7.467200e-13
8.306330e-07 7.380800e-13
8.325480e-07 7.499800e-13
8.344670e-07 7.244200e-13
8.363910e-07 7.446200e-13
8.383190e-07 7.394000e-13
8.402510e-07 7.530500e-13
8.421890e-07 7.223800e-13
8.441300e-07 7.442300e-13
8.460760e-07 7.205300e-13
8.480260e-07 7.024200e-13
8.499810e-07 7.286800e-13
8.519410e-07 7.202500e-13
8.539040e-07 7.086400e-13
8.558730e-07 6.673700e-13
8.578460e-07 7.166600e-13
8.598230e-07 7.149100e-13
8.618060e-07 7.033900e-13
8.637920e-07 7.213300e-13
8.657830e-07 6.871900e-13
8.677790e-07 6.668400e-13
8.697800e-07 6.411500e-13
8.717850e-07 7.127000e-13
8.737940e-07 7.093200e-13
8.758090e-07 7.011100e-13
8.778280e-07 7.223200e-13
8.798510e-07 7.156000e-13
8.818800e-07 6.912100e-13
8.839130e-07 7.236900e-13
8.859500e-07 7.219200e-13
8.879920e-07 6.720900e-13
8.900400e-07 6.797800e-13
8.920910e-07 6.844000e-13
8.941480e-07 6.811600e-13
8.962090e-07 6.779400e-13
8.982750e-07 6.503200e-13
9.003460e-07 6.761900e-13
9.024220e-07 6.280700e-13
9.045020e-07 7.177100e-13
9.065870e-07 7.360200e-13
9.086770e-07 6.931500e-13
9.107710e-07 6.819700e-13
9.128710e-07 6.319800e-13
9.149750e-07 6.724200e-13
9.170850e-07 6.864000e-13
9.191980e-07 6.784500e-13
9.213170e-07 6.830600e-13
9.234420e-07 6.447500e-13
9.255700e-07 6.446600e-13
9.277040e-07 7.149400e-13
9.298430e-07 6.444700e-13
9.319860e-07 6.936500e-13
9.341340e-07 6.951500e-13
9.362870e-07 6.823700e-13
9.384460e-07 6.933500e-13
9.406090e-07 6.806000e-13
9.427780e-07 6.995600e-13
9.449510e-07 6.898600e-13
9.471290e-07 7.074600e-13
9.493130e-07 7.073500e-13
9.515010e-07 6.895600e-13
9.536950e-07 6.942400e-13
9.558930e-07 6.767700e-13
9.580970e-07 6.908400e-13
9.603050e-07 6.939200e-13
9.625190e-07 6.986300e-13
9.647380e-07 6.857800e-13
9.669620e-07 6.856700e-13
9.691910e-07 6.967100e-13
9.714250e-07 6.823200e-13
9.736650e-07 6.744000e-13
9.759090e-07 6.727500e-13
9.781590e-07 6.664800e-13
9.804140e-07 6.850500e-13
9.826740e-07 6.786700e-13
9.849390e-07 6.832600e-13
9.872090e-07 6.784600e-13
9.894850e-07 6.767900e-13
9.917660e-07 6.689400e-13
9.940520e-07 6.750300e-13
9.963440e-07 6.796000e-13
9.986410e-07 6.763700e-13
1.003250e-06 6.777200e-13
1.007882e-06 6.682100e-13
1.012533e-06 6.835600e-13
1.017207e-06 6.770800e-13
1.021903e-06 6.815500e-13
1.026619e-06 6.860600e-13
1.028986e-06 6.828000e-13
1.050532e-06 6.586500e-13
1.070063e-06 6.267900e-13
1.089957e-06 6.125200e-13
1.110221e-06 5.795900e-13
1.130861e-06 5.729600e-13
1.149236e-06 5.742800e-13
1.170602e-06 5.586300e-13
1.189624e-06 5.310300e-13
1.208953e-06 5.261700e-13
1.228597e-06 5.201400e-13
1.251438e-06 5.036400e-13
1.268848e-06 4.921800e-13
1.289464e-06 4.820800e-13
1.310417e-06 4.732900e-13
1.328646e-06 4.572200e-13
1.350235e-06 4.468100e-13
1.369019e-06 4.386500e-13
1.391263e-06 4.198800e-13
1.410618e-06 3.982200e-13
1.430242e-06 3.927600e-13
1.450139e-06 3.963900e-13
1.470312e-06 3.820500e-13
1.490765e-06 3.882600e-13
1.511503e-06 3.909500e-13
1.529006e-06 3.991400e-13
1.550277e-06 3.954800e-13
1.568229e-06 3.882600e-13
1.590045e-06 3.742200e-13
1.608456e-06 3.742200e-13
1.630832e-06 3.725000e-13
1.649716e-06 3.682300e-13
1.668820e-06 3.665400e-13
1.688144e-06 3.623500e-13
1.711629e-06 3.549100e-13
1.731447e-06 3.412900e-13
1.751496e-06 3.289400e-13
1.771778e-06 3.141400e-13
1.788171e-06 3.000000e-13
1.808878e-06 2.845300e-13
1.829824e-06 2.761400e-13
1.851013e-06 2.661500e-13
1.868139e-06 2.535800e-13
1.889771e-06 2.466700e-13
1.911654e-06 2.427300e-13
1.929342e-06 2.350300e-13
1.951683e-06 2.260100e-13
1.969742e-06 2.178300e-13
1.987967e-06 2.104400e-13
2.010987e-06 2.075500e-13
2.029595e-06 2.005000e-13
2.048373e-06 1.982100e-13
2.072093e-06 1.937000e-13
2.091267e-06 1.897200e-13
2.110616e-06 1.866900e-13
2.130146e-06 1.828600e-13
2.149857e-06 1.795200e-13
2.169748e-06 1.738300e-13
2.189825e-06 1.706600e-13
2.210086e-06 1.656200e-13
2.230536e-06 1.611100e-13
2.251176e-06 1.574400e-13
2.272004e-06 1.531500e-13
2.287755e-06 1.368100e-13
2.308921e-06 1.349300e-13
2.330287e-06 1.175200e-13
2.351850e-06 1.104400e-13
2.368151e-06 1.117200e-13
2.390064e-06 1.023600e-13
2.412177e-06 9.842900e-14
2.428899e-06 9.641000e-14
2.451372e-06 8.915000e-14
2.468365e-06 8.692100e-14
2.491203e-06 7.246400e-14
2.508473e-06 7.114100e-14
2.531682e-06 7.147000e-14
2.549232e-06 7.065200e-14
2.572818e-06 7.196500e-14
2.590654e-06 7.081500e-14
2.608610e-06 7.065200e-14
2.632748e-06 6.872600e-14
2.650996e-06 6.794000e-14
2.669374e-06 6.670000e-14
2.687876e-06 6.578400e-14
2.712747e-06 6.458400e-14
2.731550e-06 6.325900e-14
2.750486e-06 6.224800e-14
2.769550e-06 6.083100e-14
2.788749e-06 5.999600e-14
2.808078e-06 5.876600e-14
2.827545e-06 5.782600e-14
2.847143e-06 5.664000e-14
2.866880e-06 5.547800e-14
2.886751e-06 5.459100e-14
2.906762e-06 5.359500e-14
2.926910e-06 5.249600e-14
2.947197e-06 5.153700e-14
2.967627e-06 5.071300e-14
2.988197e-06 4.967300e-14
3.008912e-06 4.887900e-14
3.029767e-06 4.809800e-14
3.050770e-06 4.754700e-14
3.071915e-06 4.689500e-14
3.093211e-06 4.625100e-14
3.107487e-06 4.572200e-14
3.129026e-06 4.519800e-14
3.150717e-06 4.447600e-14
3.172555e-06 4.386500e-14
3.187201e-06 4.336300e-14
3.209293e-06 4.286700e-14
3.231540e-06 4.247400e-14
3.246455e-06 4.218200e-14
3.268957e-06 4.237600e-14
3.291618e-06 4.366400e-14
3.306810e-06 4.316400e-14
3.329731e-06 4.046900e-14
3.352813e-06 3.918500e-14
3.368288e-06 3.829300e-14
3.391638e-06 3.750800e-14
3.407292e-06 3.673900e-14
3.430908e-06 3.615100e-14
3.446747e-06 3.557300e-14
3.470637e-06 3.492400e-14
3.486660e-06 3.428600e-14
3.510826e-06 3.373800e-14
3.527030e-06 3.312300e-14
3.551480e-06 3.251800e-14
3.567872e-06 3.192400e-14
3.592606e-06 3.141400e-14
3.609187e-06 3.091200e-14
3.625845e-06 3.034800e-14
3.650981e-06 2.972500e-14
3.667832e-06 2.918300e-14
3.693254e-06 2.858400e-14
3.710304e-06 2.806200e-14
3.727429e-06 2.761400e-14
3.753264e-06 2.704700e-14
3.770591e-06 2.667600e-14
3.787995e-06 2.618900e-14
3.814249e-06 2.571100e-14
3.831858e-06 2.530000e-14
3.849544e-06 2.483800e-14
3.867312e-06 2.432900e-14
3.894121e-06 2.394000e-14
3.912094e-06 2.350300e-14
3.930150e-06 2.312700e-14
3.948294e-06 2.260100e-14
3.966517e-06 2.223900e-14
3.994014e-06 2.173300e-14
4.012448e-06 2.138600e-14
4.030967e-06 2.104400e-14
4.049572e-06 2.066000e-14
4.068267e-06 2.032900e-14
4.087044e-06 2.000400e-14
4.105908e-06 1.963900e-14
4.134371e-06 1.937000e-14
4.153453e-06 1.901600e-14
4.172623e-06 1.871200e-14
4.191886e-06 1.837100e-14
4.211233e-06 1.807700e-14
4.230670e-06 1.787000e-14
4.250201e-06 1.754400e-14
4.269818e-06 1.726300e-14
4.289525e-06 1.660100e-14
4.309328e-06 1.589000e-14
4.329218e-06 1.585300e-14
4.349199e-06 1.524500e-14
4.369273e-06 1.489800e-14
4.389444e-06 1.466000e-14
4.409703e-06 1.422700e-14
4.430055e-06 1.396800e-14
4.450507e-06 1.374400e-14
4.471048e-06 1.343100e-14
4.491684e-06 1.330800e-14
4.512420e-06 1.309600e-14
4.533247e-06 1.285700e-14
4.554170e-06 1.273900e-14
4.575190e-06 1.256400e-14
4.585741e-06 1.222100e-14
4.606906e-06 1.219300e-14
4.628169e-06 1.199800e-14
4.649535e-06 1.186100e-14
4.670995e-06 1.177900e-14
4.692554e-06 1.159100e-14
4.714212e-06 1.143200e-14
4.725084e-06 1.137900e-14
4.746892e-06 1.114600e-14
4.768801e-06 1.106900e-14
4.790817e-06 1.094300e-14
4.812929e-06 1.071800e-14
4.835142e-06 1.071800e-14
4.846288e-06 1.052300e-14
4.868661e-06 1.035400e-14
4.891132e-06 1.023600e-14
4.913707e-06 1.009500e-14
4.925033e-06 1.002600e-14
4.947770e-06 9.865600e-15
4.970606e-06 9.820300e-15
4.993548e-06 9.640900e-15
5.005058e-06 9.527400e-15
5.028164e-06 9.412000e-15
5.051372e-06 9.276700e-15
5.074686e-06 9.185400e-15
5.086384e-06 9.119100e-15
5.098114e-06 9.053200e-15
5.109865e-06 8.967200e-15
5.121644e-06 8.902400e-15
5.133449e-06 8.858400e-15
5.145282e-06 8.794400e-15
5.157143e-06 8.730900e-15
5.169036e-06 8.687800e-15
5.180951e-06 8.644900e-15
5.192893e-06 8.582400e-15
5.204863e-06 8.520300e-15
5.216861e-06 8.458700e-15
5.228886e-06 8.397500e-15
5.240939e-06 8.356000e-15
5.253026e-06 8.314700e-15
5.265134e-06 8.292600e-15
5.277271e-06 8.232600e-15
5.289435e-06 8.173100e-15
5.301628e-06 8.095300e-15
5.313848e-06 8.055200e-15
5.326103e-06 8.015300e-15
5.338380e-06 7.975600e-15
5.350685e-06 7.936100e-15
5.363019e-06 7.896800e-15
5.375381e-06 7.839600e-15
5.387772e-06 7.800800e-15
5.400191e-06 7.762100e-15
5.412645e-06 7.723600e-15
5.425121e-06 7.667600e-15
5.437627e-06 7.612100e-15
5.450161e-06 7.574300e-15
5.462724e-06 7.536700e-15
5.475316e-06 7.482100e-15
5.487937e-06 7.445000e-15
5.500593e-06 7.391000e-15
5.513272e-06 7.354300e-15
5.525981e-06 7.351500e-15
5.538718e-06 7.331900e-15
5.551485e-06 7.245200e-15
5.564282e-06 7.225800e-15
5.577114e-06 7.206500e-15
5.589970e-06 7.170700e-15
5.602855e-06 7.135000e-15
5.615770e-06 7.115900e-15
5.628715e-06 7.064200e-15
5.641690e-06 7.029100e-15
5.654694e-06 7.026400e-15
5.667735e-06 6.991400e-15
5.680799e-06 6.956600e-15
5.693894e-06 6.922000e-15
5.707019e-06 6.919300e-15
5.720174e-06 6.916600e-15
5.733359e-06 6.898000e-15
5.746581e-06 6.879400e-15
5.759828e-06 6.860900e-15
5.773105e-06 6.842500e-15
5.786412e-06 6.839800e-15
5.799750e-06 6.837100e-15
5.813119e-06 6.834400e-15
5.826519e-06 6.831600e-15
5.839955e-06 6.844700e-15
5.853417e-06 6.841900e-15
5.866909e-06 6.855000e-15
5.880433e-06 6.868000e-15
5.893988e-06 6.896900e-15
5.916443e-06 5.921300e-15
5.947386e-06 5.962900e-15
5.978330e-06 6.420900e-15
6.009272e-06 7.247400e-15
6.040216e-06 7.701500e-15
6.071159e-06 7.707200e-15
6.102102e-06 8.379500e-15
6.133046e-06 1.029800e-14
6.163989e-06 1.338200e-14
6.194932e-06 1.625300e-14
6.225875e-06 1.679900e-14
6.256818e-06 1.521000e-14
6.287761e-06 1.295400e-14
6.318705e-06 1.100300e-14
6.349648e-06 9.916400e-15
6.380592e-06 8.719500e-15
6.411535e-06 8.021300e-15
6.442477e-06 7.107300e-15
6.473422e-06 6.784700e-15
6.504364e-06 6.411600e-15
6.535307e-06 6.323500e-15
6.566252e-06 6.174500e-15
6.597194e-06 6.294200e-15
6.628137e-06 6.330100e-15
6.659082e-06 6.339000e-15
6.690024e-06 6.342400e-15
6.720967e-06 6.685100e-15
6.751911e-06 6.321000e-15
6.782854e-06 6.498700e-15
6.813798e-06 6.604200e-15
6.844741e-06 6.435700e-15
6.875684e-06 6.558800e-15
6.906627e-06 7.181100e-15
6.937570e-06 6.975400e-15
6.968514e-06 8.355500e-15
6.999457e-06 8.485400e-15
7.030400e-06 7.267000e-15
7.061343e-06 6.841700e-15
7.092286e-06 6.893200e-15
7.123230e-06 7.511900e-15
7.154173e-06 7.820600e-15
7.185116e-06 8.042900e-15
7.216060e-06 8.271700e-15
7.247002e-06 8.737300e-15
7.277945e-06 9.212100e-15
7.308890e-06 9.794800e-15
7.339832e-06 1.047800e-14
7.370775e-06 1.099600e-14
7.401719e-06 1.203600e-14
7.432662e-06 1.311000e-14
7.463605e-06 1.418300e-14
7.494548e-06 1.535300e-14
7.523467e-06 1.636900e-14
7.585475e-06 1.845100e-14
7.647486e-06 1.844300e-14
7.709495e-06 1.734800e-14
7.771505e-06 1.688300e-14
7.833514e-06 1.606700e-14
7.895525e-06 1.498800e-14
7.957535e-06 1.304600e-14
8.019544e-06 1.118200e-14
8.081555e-06 9.843700e-15
8.143564e-06 8.795900e-15
8.205574e-06 8.483500e-15
8.267584e-06 8.239700e-15
8.329593e-06 8.215400e-15
8.391604e-06 8.330000e-15
8.453613e-06 8.524100e-15
8.515624e-06 9.012900e-15
8.577633e-06 9.194700e-15
8.639644e-06 8.784400e-15
8.701652e-06 7.533300e-15
8.763662e-06 6.227500e-15
8.825673e-06 5.072700e-15
8.887682e-06 4.272100e-15
8.949691e-06 3.853200e-15
9.011701e-06 3.532200e-15
9.073711e-06 3.184200e-15
9.135722e-06 3.045200e-15
9.197731e-06 2.884500e-15
9.259741e-06 2.927300e-15
9.321751e-06 2.799400e-15
9.383761e-06 2.731600e-15
9.445770e-06 2.691000e-15
9.507779e-06 2.594200e-15
9.569790e-06 2.623400e-15
9.631800e-06 2.913300e-15
9.693809e-06 2.871400e-15
9.755820e-06 2.436100e-15
9.817830e-06 2.280000e-15
9.879839e-06 2.201900e-15
9.941850e-06 2.231300e-15
1.000385e-05 2.234600e-15
1.006587e-05 2.240500e-15
1.012787e-05 2.138100e-15
1.018989e-05 2.097600e-15
1.025190e-05 2.028100e-15
1.031391e-05 2.007200e-15
1.037592e-05 2.052500e-15
1.043792e-05 2.280600e-15
1.049994e-05 2.396600e-15
1.056194e-05 2.526400e-15
1.062396e-05 2.650000e-15
1.068597e-05 2.690600e-15
1.074797e-05 2.720200e-15
1.080999e-05 2.759100e-15
1.087199e-05 2.903300e-15
1.093401e-05 3.316100e-15
1.099601e-05 4.061700e-15
1.105803e-05 4.503100e-15
1.112004e-05 5.638100e-15
1.118204e-05 8.792800e-15
1.124406e-05 1.065300e-14
1.130606e-05 9.578900e-15
1.136808e-05 7.701500e-15
1.143008e-05 6.263800e-15
1.149210e-05 5.243600e-15
1.155411e-05 4.593700e-15
1.161611e-05 4.114700e-15
1.167813e-05 3.796100e-15
1.174013e-05 3.675100e-15
1.180215e-05 3.702100e-15
1.186415e-05 3.777900e-15
1.192617e-05 4.008000e-15
1.198817e-05 4.041100e-15
1.205018e-05 3.891100e-15
1.211220e-05 3.726000e-15
1.217420e-05 3.637100e-15
1.223622e-05 3.936000e-15
1.229822e-05 4.188100e-15
1.236023e-05 4.157400e-15
1.242224e-05 4.171900e-15
1.248425e-05 4.394100e-15
1.254626e-05 4.601100e-15
1.260827e-05 4.812400e-15
1.267029e-05 4.926700e-15
1.273229e-05 5.177100e-15
1.279430e-05 6.223500e-15
1.285631e-05 5.338900e-15
1.291832e-05 3.392400e-15
1.298033e-05 2.893600e-15
1.304234e-05 2.744300e-15
1.310434e-05 2.697600e-15
1.316636e-05 2.662600e-15
1.322837e-05 2.614400e-15
1.329038e-05 2.546100e-15
1.335239e-05 2.482700e-15
1.341440e-05 2.443000e-15
1.347641e-05 2.432900e-15
1.353842e-05 2.430200e-15
1.360043e-05 2.364400e-15
1.366244e-05 2.280100e-15
1.372445e-05 2.138000e-15
1.378646e-05 2.022500e-15
1.384847e-05 2.030100e-15
1.391048e-05 1.986400e-15
1.397248e-05 1.982000e-15
1.403450e-05 2.037700e-15
1.409650e-05 2.022300e-15
1.415852e-05 2.029600e-15
1.422053e-05 2.059900e-15
1.424722e-05 1.993500e-15
1.433879e-05 1.895800e-15
1.443036e-05 1.757500e-15
1.452193e-05 1.686800e-15
1.461349e-05 1.615700e-15
1.470507e-05 1.549300e-15
1.479663e-05 1.513900e-15
1.488820e-05 1.487800e-15
1.497976e-05 1.452200e-15
1.507134e-05 1.451700e-15
1.516290e-05 1.448300e-15
1.525447e-05 1.452400e-15
1.534604e-05 1.454700e-15
1.543761e-05 1.518100e-15
1.552917e-05 1.773000e-15
1.562074e-05 1.756200e-15
1.571232e-05 1.548800e-15
1.580388e-05 1.561700e-15
1.589545e-05 1.638500e-15
1.598702e-05 1.640100e-15
1.607859e-05 1.637100e-15
1.617015e-05 1.652100e-15
1.626173e-05 1.817500e-15
1.635329e-05 2.198300e-15
1.644486e-05 2.514400e-15
1.653642e-05 2.371500e-15
1.662800e-05 2.183800e-15
1.671956e-05 2.215300e-15
1.681113e-05 2.238900e-15
1.690269e-05 2.354300e-15
1.699427e-05 2.895800e-15
1.708584e-05 2.921700e-15
1.717740e-05 2.408500e-15
1.726898e-05 2.299400e-15
1.736054e-05 2.287500e-15
1.745211e-05 2.117400e-15
1.754368e-05 1.860100e-15
1.763525e-05 1.724100e-15
1.772681e-05 1.710000e-15
1.781838e-05 1.683100e-15
1.790995e-05 1.634200e-15
1.800152e-05 1.512800e-15
1.809309e-05 1.435000e-15
1.818466e-05 1.410400e-15
1.827623e-05 1.387000e-15
1.836779e-05 1.384400e-15
1.845937e-05 1.383400e-15
1.855093e-05 1.427800e-15
1.864250e-05 1.778000e-15
1.873406e-05 2.118500e-15
1.882564e-05 1.640300e-15
1.891720e-05 1.423700e-15
1.900877e-05 1.378000e-15
1.910035e-05 1.375100e-15
1.919191e-05 1.330800e-15
1.928347e-05 1.331000e-15
1.937504e-05 1.309700e-15
1.946662e-05 1.295100e-15
1.955818e-05 1.301300e-15
1.964975e-05 1.294500e-15
1.974132e-05 1.280200e-15
1.983289e-05 1.264200e-15
1.992445e-05 1.256700e-15
2.001602e-05 1.265200e-15
2.010760e-05 1.266400e-15
2.019916e-05 1.257100e-15
2.029073e-05 1.237300e-15
2.038230e-05 1.220500e-15
2.047386e-05 1.216400e-15
2.049216e-05 1.200700e-15
2.066845e-05 1.261500e-15
2.084485e-05 1.208300e-15
2.102134e-05 1.175600e-15
2.119794e-05 1.233500e-15
2.137464e-05 1.224300e-15
2.155145e-05 1.175500e-15
2.172835e-05 1.207500e-15
2.190536e-05 1.228800e-15
2.208247e-05 1.195700e-15
2.225968e-05 1.171600e-15
2.243700e-05 1.218400e-15
2.261442e-05 1.243500e-15
2.279195e-05 1.236900e-15
2.296958e-05 1.225400e-15
2.314731e-05 1.253200e-15
2.332514e-05 1.263200e-15
2.350308e-05 1.281000e-15
2.368113e-05 1.270300e-15
2.385929e-05 1.260900e-15
2.403754e-05 1.265600e-15
2.421590e-05 1.276200e-15
2.439437e-05 1.265300e-15
2.457294e-05 1.243800e-15
2.475162e-05 1.259500e-15
2.493040e-05 1.272800e-15
2.510929e-05 1.298900e-15
2.528828e-05 1.307200e-15
2.546739e-05 1.281800e-15
2.564660e-05 1.329100e-15
2.582591e-05 1.406400e-15
2.600534e-05 1.431300e-15
2.618487e-05 1.342400e-15
2.636451e-05 1.296500e-15
2.654425e-05 1.305600e-15
2.672411e-05 1.313300e-15
2.690406e-05 1.306600e-15
2.708414e-05 1.317800e-15
2.726431e-05 1.323100e-15
2.744460e-05 1.318900e-15
2.762499e-05 1.322900e-15
2.780550e-05 1.332800e-15
2.798611e-05 1.364500e-15
2.816683e-05 1.418100e-15
2.834767e-05 1.404200e-15
2.852861e-05 1.360400e-15
2.870967e-05 1.356800e-15
2.889083e-05 1.371700e-15
2.907210e-05 1.391000e-15
2.925349e-05 1.402800e-15
2.943498e-05 1.414400e-15
2.961658e-05 1.419500e-15
2.979830e-05 1.411400e-15
2.998014e-05 1.418500e-15
3.016207e-05 1.428400e-15
3.034412e-05 1.462300e-15
3.052628e-05 1.474300e-15
3.070857e-05 1.516800e-15
3.089095e-05 1.489500e-15
3.107345e-05 1.511500e-15
3.125607e-05 1.503800e-15
3.143879e-05 1.505600e-15
3.162163e-05 1.540900e-15
3.180459e-05 1.573600e-15
3.198765e-05 1.577400e-15
3.217083e-05 1.632600e-15
3.235414e-05 1.714400e-15
3.253755e-05 1.626200e-15
3.272106e-05 1.666200e-15
3.290471e-05 1.678500e-15
3.308847e-05 1.724500e-15
3.327233e-05 1.865200e-15
3.345632e-05 2.269600e-15
3.364042e-05 2.173800e-15
3.382464e-05 1.767100e-15
3.400897e-05 1.787500e-15
3.419342e-05 1.747500e-15
3.437798e-05 1.742500e-15
3.456267e-05 1.958500e-15
3.474747e-05 2.673300e-15
3.493239e-05 2.900000e-15
