1.020700e-08 2.758700e-21
1.039700e-08 3.636700e-21
1.059000e-08 4.883200e-21
1.081200e-08 6.663500e-21
1.098800e-08 1.015600e-20
1.140000e-08 1.658500e-20
1.180100e-08 2.533400e-20
1.210300e-08 1.025000e-19
1.250000e-08 1.434500e-19
1.270300e-08 1.643300e-19
1.279100e-08 1.785300e-19
1.308900e-08 2.146400e-19
1.321000e-08 2.604400e-19
1.339400e-08 2.908700e-19
1.370600e-08 3.969200e-19
1.399300e-08 4.652700e-19
1.428600e-08 1.418100e-18
1.468600e-08 4.033700e-18
1.509800e-08 4.674200e-18
1.548500e-08 5.479000e-18
1.588200e-08 6.407700e-18
1.621500e-08 7.156600e-18
1.659200e-08 8.369600e-18
1.701800e-08 9.543400e-18
1.729400e-08 1.056100e-17
1.769700e-08 1.193200e-17
1.798500e-08 1.302300e-17
1.819300e-08 1.382600e-17
1.861700e-08 1.547800e-17
1.909400e-08 1.773000e-17
1.940500e-08 1.935100e-17
1.981100e-08 2.131600e-17
2.017900e-08 2.358900e-17
2.050700e-08 2.533400e-17
2.098500e-08 2.708300e-17
2.162200e-08 3.226300e-17
2.202400e-08 3.529400e-17
2.227900e-08 3.704300e-17
2.269400e-08 4.043000e-17
2.300900e-08 6.393000e-17
2.338300e-08 1.108400e-16
2.398300e-08 1.434500e-16
2.459800e-08 1.424600e-16
2.517100e-08 1.587500e-16
2.569800e-08 1.395400e-16
2.599600e-08 1.635700e-16
2.641800e-08 1.760800e-16
2.690900e-08 1.822700e-16
2.741000e-08 1.873700e-16
2.791900e-08 1.926200e-16
2.837300e-08 1.980200e-16
2.896700e-08 1.953000e-16
2.957400e-08 2.049800e-16
3.012300e-08 2.078300e-16
3.082500e-08 2.171200e-16
3.183500e-08 2.305200e-16
3.280200e-08 2.391700e-16
3.379900e-08 2.458700e-16
3.482600e-08 2.510200e-16
3.571900e-08 2.562700e-16
3.663600e-08 2.634500e-16
3.748900e-08 2.665000e-16
3.853900e-08 2.616400e-16
3.952800e-08 2.739700e-16
4.054200e-08 2.790600e-16
4.139100e-08 2.803500e-16
4.216000e-08 2.790600e-16
4.304300e-08 2.797100e-16
4.414700e-08 2.823000e-16
4.507200e-08 2.810000e-16
4.601600e-08 2.797100e-16
4.697900e-08 2.790600e-16
4.796300e-08 2.810000e-16
4.896700e-08 2.758700e-16
4.999300e-08 2.790600e-16
5.057100e-08 2.758700e-16
5.115700e-08 2.949200e-16
5.198800e-08 2.949200e-16
5.295500e-08 2.922200e-16
5.393900e-08 2.836000e-16
5.494200e-08 2.908700e-16
5.596400e-08 3.011000e-16
5.700400e-08 3.095300e-16
5.806400e-08 3.024900e-16
5.900700e-08 3.152900e-16
5.996600e-08 3.109600e-16
6.094000e-08 2.962800e-16
6.193100e-08 3.362800e-16
6.293700e-08 3.401800e-16
6.396000e-08 3.417500e-16
6.499900e-08 3.545700e-16
6.575100e-08 3.603300e-16
6.651300e-08 3.704300e-16
6.743800e-08 3.695800e-16
6.853400e-08 3.611600e-16
6.948700e-08 4.108700e-16
7.045400e-08 3.941900e-16
7.159900e-08 4.372200e-16
7.259500e-08 4.453500e-16
7.343500e-08 4.546800e-16
7.445700e-08 4.883200e-16
7.549300e-08 5.078100e-16
7.654300e-08 5.113300e-16
7.742900e-08 5.580900e-16
7.850600e-08 5.830500e-16
7.941500e-08 6.035400e-16
8.052000e-08 6.247500e-16
8.145300e-08 6.407700e-16
8.258600e-08 6.897700e-16
8.354200e-08 5.790300e-16
8.450900e-08 7.156600e-16
8.548800e-08 7.323300e-16
8.647800e-08 7.793000e-16
8.747900e-08 8.292900e-16
8.849200e-08 8.947500e-16
8.951700e-08 9.390800e-16
9.055300e-08 9.347700e-16
9.160200e-08 1.441100e-15
9.245000e-08 9.856100e-15
9.352000e-08 2.171200e-14
9.460300e-08 4.194700e-14
9.547800e-08 6.077200e-14
9.658400e-08 6.587200e-14
9.747800e-08 9.698500e-15
9.860600e-08 5.101600e-14
9.951900e-08 5.750500e-14
1.004400e-07 9.009600e-14
1.016030e-07 8.886000e-14
1.025430e-07 3.878900e-14
1.034920e-07 5.898000e-14
1.044490e-07 1.212600e-13
1.054160e-07 1.190400e-13
1.063910e-07 9.009600e-14
1.076230e-07 1.105900e-13
1.086190e-07 8.369600e-14
1.096240e-07 1.179500e-13
1.103840e-07 1.134200e-13
1.114050e-07 1.075700e-13
1.124360e-07 9.543400e-14
1.134760e-07 1.275600e-13
1.145260e-07 1.147400e-13
1.155860e-07 1.240800e-13
1.163870e-07 1.281500e-13
1.174640e-07 8.466500e-14
1.185510e-07 1.243700e-13
1.193730e-07 7.992900e-14
1.204770e-07 5.453900e-14
1.215920e-07 4.024400e-14
1.224350e-07 8.408200e-14
1.235680e-07 1.335700e-13
1.244240e-07 1.481500e-13
1.255760e-07 1.395400e-13
1.264460e-07 1.174100e-13
1.276160e-07 1.587500e-13
1.285010e-07 1.681500e-13
1.293910e-07 1.266800e-13
1.305890e-07 1.243700e-13
1.314940e-07 1.631900e-13
1.324050e-07 1.558500e-13
1.336300e-07 1.341900e-13
1.345570e-07 1.666100e-13
1.354890e-07 1.609500e-13
1.364290e-07 1.411600e-13
1.373740e-07 1.502100e-13
1.386450e-07 1.519500e-13
1.396060e-07 1.314300e-13
1.405740e-07 1.366800e-13
1.415480e-07 1.392200e-13
1.425300e-07 1.451100e-13
1.435180e-07 1.434500e-13
1.441800e-07 1.530000e-13
1.448460e-07 1.565700e-13
1.455140e-07 1.512500e-13
1.465230e-07 1.376300e-13
1.475380e-07 1.379400e-13
1.485610e-07 1.418100e-13
1.495910e-07 1.451100e-13
1.506280e-07 1.363700e-13
1.513230e-07 1.190400e-13
1.516720e-07 1.293300e-13
1.523720e-07 1.243700e-13
1.534280e-07 1.061000e-13
1.544920e-07 1.198700e-13
1.555630e-07 1.126400e-13
1.566410e-07 1.144700e-13
1.573640e-07 1.229400e-13
1.584550e-07 1.305300e-13
1.595530e-07 1.335700e-13
1.606590e-07 1.311300e-13
1.614010e-07 1.320400e-13
1.625190e-07 1.238000e-13
1.636460e-07 1.332600e-13
1.644010e-07 1.357400e-13
1.655410e-07 1.240800e-13
1.666880e-07 1.369900e-13
1.670730e-07 1.193200e-13
1.678440e-07 1.382600e-13
1.686180e-07 1.457800e-13
1.693970e-07 1.360500e-13
1.705710e-07 1.299300e-13
1.713580e-07 1.223800e-13
1.725460e-07 1.218200e-13
1.733430e-07 1.314300e-13
1.745440e-07 1.281500e-13
1.753500e-07 1.382600e-13
1.765650e-07 1.252300e-13
1.773800e-07 1.290300e-13
1.786100e-07 1.317400e-13
1.794340e-07 1.424600e-13
1.806780e-07 1.411600e-13
1.815120e-07 1.290300e-13
1.823500e-07 1.323400e-13
1.836140e-07 1.263900e-13
1.844610e-07 1.152700e-13
1.853130e-07 1.158000e-13
1.865970e-07 1.201400e-13
1.874590e-07 1.314300e-13
1.883240e-07 1.204200e-13
1.896290e-07 1.158000e-13
1.905040e-07 1.229400e-13
1.913840e-07 1.182200e-13
1.927100e-07 1.160700e-13
1.936000e-07 1.190400e-13
1.944940e-07 1.255200e-13
1.953910e-07 1.174100e-13
1.967460e-07 1.299300e-13
1.976540e-07 1.335700e-13
1.985660e-07 1.261000e-13
1.994830e-07 1.223800e-13
2.004030e-07 1.261000e-13
2.013290e-07 1.212600e-13
2.027240e-07 1.272600e-13
2.036600e-07 1.207000e-13
2.046000e-07 1.263900e-13
2.055440e-07 1.195900e-13
2.064930e-07 1.201400e-13
2.074460e-07 1.302300e-13
2.079240e-07 1.249400e-13
2.084040e-07 1.305300e-13
2.093660e-07 1.229400e-13
2.103320e-07 1.232300e-13
2.113030e-07 1.249400e-13
2.122780e-07 1.263900e-13
2.132580e-07 1.166000e-13
2.147360e-07 1.209800e-13
2.157270e-07 1.258100e-13
2.167230e-07 1.212600e-13
2.177230e-07 1.204200e-13
2.187280e-07 1.190400e-13
2.197380e-07 1.249400e-13
2.207520e-07 1.212600e-13
2.212610e-07 1.142100e-13
2.222820e-07 1.108400e-13
2.233080e-07 1.198700e-13
2.243390e-07 1.142100e-13
2.253750e-07 1.083200e-13
2.264150e-07 1.108400e-13
2.274600e-07 1.144700e-13
2.285100e-07 1.185000e-13
2.295650e-07 1.111000e-13
2.306240e-07 1.119000e-13
2.316890e-07 1.061500e-13
2.327580e-07 8.223000e-14
2.332950e-07 9.707000e-14
2.343720e-07 9.336600e-14
2.354530e-07 1.031100e-13
2.365400e-07 9.298300e-14
2.376320e-07 9.649600e-14
2.387290e-07 8.843400e-14
2.392790e-07 9.498900e-14
2.403840e-07 9.115500e-14
2.414930e-07 9.394800e-14
2.426080e-07 1.016200e-13
2.437280e-07 9.774800e-14
2.442900e-07 1.040300e-13
2.454170e-07 1.028700e-13
2.465500e-07 1.014800e-13
2.476880e-07 9.738600e-14
2.482590e-07 9.852600e-14
2.494050e-07 9.218600e-14
2.505560e-07 1.053800e-13
2.511340e-07 9.137600e-14
2.517130e-07 9.351700e-14
2.522930e-07 8.973200e-14
2.534580e-07 9.227000e-14
2.546270e-07 9.081800e-14
2.552140e-07 9.959400e-14
2.563920e-07 9.557500e-14
2.575760e-07 1.022000e-13
2.587650e-07 1.003600e-13
2.593610e-07 9.831900e-14
2.605590e-07 9.457000e-14
2.617610e-07 9.286900e-14
2.623650e-07 9.838500e-14
2.635760e-07 1.042400e-13
2.647920e-07 1.153900e-13
2.654030e-07 1.208400e-13
2.666280e-07 1.055200e-13
2.672420e-07 1.115300e-13
2.684760e-07 1.123400e-13
2.697150e-07 1.053500e-13
2.703370e-07 1.098300e-13
2.715850e-07 1.022900e-13
2.722110e-07 1.011300e-13
2.734670e-07 1.071500e-13
2.747290e-07 9.018500e-14
2.753630e-07 9.358200e-14
2.766340e-07 9.847300e-14
2.772720e-07 1.033700e-13
2.785510e-07 9.495200e-14
2.791930e-07 7.508700e-14
2.804820e-07 8.085200e-14
2.817770e-07 1.015800e-13
2.824260e-07 1.101200e-13
2.837300e-07 1.061700e-13
2.843840e-07 1.021100e-13
2.856970e-07 9.532300e-14
2.863550e-07 1.104700e-13
2.876770e-07 1.128200e-13
2.883400e-07 1.107800e-13
2.896710e-07 1.115800e-13
2.910080e-07 1.243700e-13
2.930250e-07 1.182800e-13
2.950560e-07 1.156400e-13
2.971020e-07 1.189300e-13
2.991610e-07 1.192600e-13
3.012350e-07 1.215400e-13
3.033230e-07 1.215900e-13
3.047230e-07 1.221900e-13
3.068350e-07 1.236600e-13
3.089620e-07 1.248700e-13
3.111040e-07 1.260800e-13
3.132600e-07 1.238400e-13
3.147060e-07 1.241700e-13
3.168880e-07 1.256600e-13
3.190840e-07 1.176000e-13
3.212960e-07 1.234900e-13
3.227790e-07 1.152900e-13
3.250160e-07 1.267600e-13
3.272690e-07 1.337300e-13
3.287800e-07 1.322400e-13
3.310590e-07 1.313900e-13
3.318220e-07 1.317200e-13
3.325870e-07 1.311400e-13
3.333540e-07 1.360800e-13
3.341220e-07 1.287900e-13
3.348920e-07 1.409100e-13
3.356640e-07 1.349000e-13
3.364380e-07 1.161700e-13
3.372140e-07 1.180800e-13
3.379910e-07 1.346600e-13
3.387700e-07 1.346800e-13
3.395510e-07 1.292400e-13
3.403340e-07 1.407600e-13
3.411180e-07 1.275100e-13
3.419050e-07 1.305000e-13
3.426930e-07 1.332600e-13
3.434830e-07 1.418300e-13
3.442750e-07 1.276000e-13
3.450680e-07 1.321100e-13
3.458640e-07 1.321300e-13
3.466610e-07 1.291400e-13
3.474600e-07 1.355700e-13
3.482610e-07 1.306900e-13
3.490640e-07 1.359300e-13
3.498690e-07 1.245600e-13
3.506750e-07 1.372300e-13
3.514840e-07 1.281000e-13
3.522940e-07 1.376000e-13
3.531060e-07 1.275500e-13
3.539200e-07 1.386000e-13
3.547360e-07 1.431700e-13
3.555540e-07 1.402600e-13
3.563730e-07 1.377200e-13
3.571950e-07 1.265000e-13
3.580180e-07 1.268100e-13
3.588440e-07 1.122600e-13
3.596710e-07 1.301100e-13
3.605000e-07 1.375300e-13
3.613310e-07 1.248700e-13
3.621640e-07 1.249000e-13
3.629990e-07 1.526300e-13
3.633220e-07 1.192200e-13
3.635960e-07 1.073400e-13
3.638710e-07 1.127700e-13
3.641450e-07 1.505700e-13
3.644190e-07 1.664400e-13
3.646940e-07 1.710700e-13
3.649680e-07 1.289700e-13
3.652420e-07 1.382000e-13
3.655160e-07 1.399400e-13
3.657910e-07 1.589100e-13
3.660650e-07 1.725500e-13
3.663390e-07 1.558300e-13
3.666140e-07 1.903100e-13
3.668880e-07 1.611100e-13
3.671620e-07 1.187100e-13
3.674370e-07 1.464400e-13
3.677110e-07 1.605300e-13
3.679850e-07 1.395300e-13
3.682600e-07 1.532400e-13
3.685340e-07 1.672900e-13
3.688080e-07 1.417000e-13
3.690820e-07 1.413600e-13
3.693570e-07 1.575600e-13
3.696310e-07 1.702200e-13
3.699050e-07 1.575600e-13
3.701800e-07 1.430100e-13
3.704540e-07 1.463000e-13
3.707280e-07 1.436000e-13
3.710030e-07 1.289500e-13
3.712770e-07 1.589900e-13
3.715510e-07 1.508200e-13
3.718260e-07 2.033300e-13
3.721000e-07 2.779400e-13
3.723740e-07 3.338200e-13
3.726480e-07 3.145800e-13
3.729230e-07 2.462700e-13
3.731970e-07 2.227500e-13
3.734710e-07 1.736200e-13
3.737460e-07 1.605400e-13
3.740200e-07 1.445500e-13
3.742940e-07 1.389100e-13
3.745690e-07 1.458300e-13
3.748430e-07 1.445300e-13
3.751170e-07 1.638600e-13
3.753920e-07 1.677900e-13
3.756660e-07 1.436700e-13
3.759400e-07 1.533200e-13
3.762140e-07 1.767700e-13
3.764890e-07 1.537800e-13
3.767630e-07 1.495500e-13
3.770370e-07 1.656400e-13
3.773120e-07 1.808000e-13
3.775860e-07 1.949400e-13
3.778600e-07 1.899100e-13
3.781350e-07 1.802100e-13
3.784090e-07 1.685900e-13
3.786830e-07 1.657700e-13
3.789580e-07 1.730400e-13
3.792320e-07 1.629100e-13
3.795060e-07 1.605500e-13
3.797800e-07 1.667500e-13
3.800550e-07 1.780300e-13
3.803290e-07 1.739100e-13
3.806030e-07 2.038200e-13
3.808780e-07 1.955500e-13
3.811520e-07 1.979700e-13
3.814260e-07 1.905300e-13
3.817010e-07 1.816900e-13
3.819750e-07 1.607700e-13
3.822490e-07 1.622800e-13
3.825230e-07 1.599400e-13
3.827980e-07 1.580400e-13
3.830720e-07 1.658000e-13
3.833460e-07 1.604500e-13
3.836210e-07 1.494700e-13
3.838950e-07 1.567400e-13
3.841690e-07 1.908400e-13
3.844440e-07 2.128100e-13
3.847180e-07 2.143200e-13
3.849920e-07 2.069100e-13
3.852670e-07 2.133900e-13
3.855410e-07 2.156600e-13
3.858150e-07 2.045500e-13
3.860890e-07 2.044200e-13
3.863640e-07 2.175300e-13
3.866380e-07 2.315800e-13
3.869120e-07 2.090400e-13
3.871870e-07 2.006900e-13
3.874610e-07 1.985900e-13
3.877350e-07 1.928900e-13
3.880100e-07 1.821300e-13
3.882840e-07 1.684400e-13
3.885580e-07 1.538400e-13
3.888330e-07 1.584900e-13
3.891070e-07 1.557700e-13
3.893810e-07 1.674700e-13
3.896550e-07 1.882200e-13
3.899300e-07 2.094300e-13
3.902040e-07 2.222300e-13
3.904780e-07 2.040900e-13
3.907530e-07 2.003700e-13
3.910270e-07 2.058700e-13
3.913010e-07 2.167500e-13
3.915760e-07 2.045300e-13
3.918500e-07 2.068800e-13
3.921240e-07 2.007200e-13
3.923990e-07 1.689900e-13
3.926730e-07 1.700800e-13
3.929470e-07 1.654300e-13
3.932210e-07 1.791600e-13
3.934960e-07 1.814800e-13
3.937700e-07 1.944600e-13
3.940440e-07 1.874800e-13
3.943190e-07 1.959000e-13
3.945930e-07 2.021200e-13
3.948670e-07 2.013500e-13
3.951420e-07 1.966000e-13
3.954160e-07 1.944400e-13
3.956900e-07 1.880200e-13
3.959650e-07 1.686300e-13
3.962390e-07 1.459400e-13
3.965130e-07 1.359500e-13
3.967870e-07 1.509200e-13
3.970620e-07 1.737100e-13
3.973360e-07 1.709600e-13
3.976100e-07 1.687400e-13
3.978850e-07 1.942000e-13
3.981590e-07 2.043500e-13
3.984330e-07 2.178000e-13
3.987080e-07 2.089800e-13
3.989820e-07 2.186900e-13
3.992560e-07 2.349800e-13
3.995310e-07 2.208100e-13
3.998050e-07 2.156300e-13
4.000790e-07 2.175100e-13
4.003530e-07 2.407100e-13
4.006280e-07 2.333400e-13
4.009020e-07 2.406700e-13
4.011760e-07 2.438400e-13
4.014510e-07 2.406300e-13
4.017250e-07 2.456300e-13
4.019990e-07 2.331100e-13
4.022740e-07 2.377100e-13
4.025480e-07 2.371700e-13
4.028220e-07 2.348600e-13
4.030970e-07 2.341800e-13
4.033710e-07 2.389700e-13
4.036450e-07 2.126000e-13
4.039190e-07 2.363800e-13
4.041940e-07 2.286800e-13
4.044680e-07 2.309200e-13
4.047420e-07 2.202200e-13
4.050170e-07 2.288200e-13
4.052910e-07 2.496100e-13
4.055650e-07 2.460700e-13
4.058400e-07 2.538500e-13
4.061140e-07 2.452300e-13
4.063880e-07 2.331500e-13
4.066630e-07 2.374600e-13
4.069370e-07 2.108700e-13
4.072110e-07 2.137300e-13
4.074850e-07 1.989000e-13
4.077600e-07 2.251900e-13
4.080340e-07 2.320000e-13
4.083080e-07 2.211700e-13
4.085830e-07 2.076300e-13
4.088570e-07 2.061700e-13
4.091310e-07 2.135400e-13
4.094060e-07 2.046500e-13
4.096800e-07 2.003700e-13
4.099540e-07 1.903000e-13
4.102290e-07 1.947100e-13
4.105030e-07 2.072100e-13
4.107770e-07 2.026900e-13
4.110520e-07 2.349000e-13
4.113260e-07 2.277900e-13
4.116000e-07 2.196200e-13
4.118740e-07 2.278700e-13
4.121490e-07 2.244800e-13
4.124230e-07 2.471500e-13
4.126970e-07 2.404700e-13
4.129720e-07 2.440500e-13
4.132460e-07 2.561000e-13
4.135200e-07 2.313100e-13
4.137950e-07 2.393300e-13
4.140690e-07 2.260300e-13
4.143430e-07 2.310300e-13
4.146180e-07 2.326200e-13
4.148920e-07 2.410100e-13
4.151660e-07 2.317000e-13
4.154400e-07 2.445700e-13
4.157150e-07 2.490200e-13
4.159890e-07 2.323500e-13
4.162630e-07 2.250700e-13
4.165380e-07 2.297800e-13
4.168120e-07 2.248300e-13
4.170860e-07 2.309600e-13
4.173610e-07 2.334700e-13
4.176350e-07 2.407000e-13
4.179090e-07 2.297900e-13
4.181840e-07 2.364000e-13
4.184580e-07 2.366200e-13
4.187320e-07 2.233500e-13
4.190060e-07 2.292600e-13
4.192810e-07 2.292500e-13
4.195550e-07 2.320900e-13
4.198290e-07 2.287800e-13
4.201040e-07 2.255700e-13
4.203780e-07 2.235000e-13
4.206520e-07 2.408800e-13
4.209270e-07 2.279800e-13
4.212010e-07 2.260800e-13
4.214750e-07 2.413900e-13
4.217500e-07 2.414700e-13
4.220240e-07 2.222700e-13
4.222980e-07 2.129600e-13
4.225720e-07 2.329100e-13
4.228470e-07 2.459600e-13
4.231210e-07 2.352900e-13
4.233950e-07 2.186200e-13
4.236700e-07 2.261100e-13
4.239440e-07 2.426200e-13
4.242180e-07 2.347500e-13
4.244930e-07 2.325100e-13
4.247670e-07 2.344300e-13
4.250410e-07 2.402000e-13
4.253160e-07 2.262200e-13
4.255900e-07 2.339900e-13
4.258640e-07 2.251500e-13
4.261380e-07 2.247500e-13
4.264130e-07 2.233000e-13
4.266870e-07 2.269400e-13
4.269610e-07 2.251900e-13
4.272360e-07 2.345600e-13
4.275100e-07 2.378300e-13
4.277840e-07 2.217800e-13
4.280590e-07 2.219200e-13
4.283330e-07 2.252900e-13
4.286070e-07 2.306600e-13
4.288820e-07 2.294000e-13
4.291560e-07 2.185200e-13
4.294300e-07 2.043900e-13
4.297040e-07 1.943800e-13
4.299790e-07 2.026600e-13
4.302530e-07 2.056400e-13
4.305270e-07 2.095200e-13
4.308020e-07 2.080100e-13
4.310760e-07 2.218700e-13
4.313500e-07 2.211100e-13
4.316250e-07 2.213200e-13
4.318990e-07 2.119900e-13
4.321730e-07 2.230100e-13
4.324480e-07 2.071600e-13
4.327220e-07 2.018600e-13
4.329960e-07 2.110900e-13
4.332700e-07 2.213900e-13
4.335450e-07 2.332800e-13
4.338190e-07 2.362500e-13
4.340930e-07 2.275700e-13
4.343680e-07 2.169700e-13
4.346420e-07 2.079500e-13
4.349160e-07 2.008800e-13
4.351910e-07 2.140200e-13
4.354650e-07 2.316400e-13
4.357390e-07 2.367400e-13
4.360140e-07 2.418000e-13
4.362880e-07 2.434400e-13
4.365620e-07 2.399900e-13
4.368360e-07 2.410100e-13
4.371110e-07 2.403300e-13
4.373850e-07 2.443800e-13
4.376590e-07 2.389300e-13
4.379340e-07 2.353500e-13
4.382080e-07 2.246100e-13
4.384820e-07 2.125100e-13
4.387570e-07 2.234500e-13
4.390310e-07 2.392500e-13
4.393050e-07 2.378100e-13
4.395800e-07 2.398400e-13
4.398540e-07 2.516100e-13
4.401280e-07 2.452900e-13
4.404020e-07 2.467000e-13
4.406770e-07 2.463400e-13
4.409510e-07 2.372200e-13
4.412250e-07 2.336400e-13
4.415000e-07 2.386400e-13
4.417740e-07 2.420500e-13
4.420480e-07 2.451500e-13
4.423230e-07 2.363800e-13
4.425970e-07 2.459700e-13
4.428710e-07 2.346000e-13
4.431460e-07 2.300100e-13
4.434200e-07 2.400400e-13
4.436940e-07 2.441000e-13
4.439680e-07 2.349000e-13
4.442430e-07 2.432800e-13
4.445170e-07 2.401100e-13
4.447910e-07 2.335700e-13
4.450660e-07 2.436600e-13
4.453400e-07 2.391800e-13
4.456140e-07 2.376400e-13
4.458890e-07 2.368300e-13
4.461630e-07 2.296400e-13
4.464370e-07 2.533200e-13
4.467120e-07 2.529700e-13
4.469860e-07 2.400700e-13
4.472600e-07 2.506300e-13
4.475340e-07 2.470200e-13
4.478090e-07 2.399100e-13
4.480830e-07 2.404600e-13
4.483570e-07 2.624700e-13
4.486320e-07 2.353300e-13
4.489060e-07 2.535500e-13
4.491800e-07 2.437400e-13
4.494550e-07 2.508700e-13
4.497290e-07 2.487800e-13
4.500030e-07 2.532700e-13
4.502780e-07 2.564600e-13
4.505520e-07 2.610800e-13
4.508260e-07 2.573100e-13
4.511000e-07 2.550300e-13
4.513750e-07 2.493300e-13
4.516490e-07 2.561700e-13
4.519230e-07 2.302600e-13
4.521980e-07 2.463500e-13
4.524720e-07 2.485900e-13
4.527460e-07 2.476200e-13
4.530210e-07 2.330800e-13
4.532950e-07 2.504500e-13
4.535690e-07 2.466800e-13
4.538440e-07 2.567900e-13
4.541180e-07 2.503400e-13
4.543920e-07 2.397800e-13
4.546660e-07 2.338800e-13
4.549410e-07 2.440100e-13
4.552150e-07 2.413000e-13
4.554890e-07 2.483500e-13
4.557640e-07 2.519900e-13
4.560380e-07 2.422800e-13
4.563120e-07 2.445000e-13
4.565870e-07 2.550900e-13
4.568610e-07 2.464300e-13
4.571350e-07 2.539300e-13
4.574100e-07 2.510400e-13
4.576840e-07 2.448500e-13
4.579580e-07 2.469900e-13
4.582320e-07 2.496500e-13
4.585070e-07 2.524500e-13
4.587810e-07 2.530000e-13
4.590550e-07 2.444600e-13
4.593300e-07 2.421500e-13
4.596040e-07 2.488700e-13
4.598780e-07 2.434100e-13
4.601530e-07 2.408900e-13
4.604270e-07 2.402900e-13
4.607010e-07 2.552900e-13
4.609760e-07 2.599900e-13
4.612500e-07 2.475300e-13
4.615240e-07 2.511700e-13
4.617980e-07 2.507200e-13
4.620730e-07 2.691300e-13
4.623470e-07 2.529500e-13
4.626210e-07 2.520700e-13
4.628960e-07 2.561600e-13
4.631700e-07 2.639200e-13
4.634440e-07 2.605100e-13
4.637190e-07 2.522400e-13
4.639930e-07 2.483300e-13
4.642670e-07 2.466700e-13
4.645420e-07 2.543900e-13
4.648160e-07 2.458200e-13
4.650900e-07 2.409600e-13
4.653640e-07 2.463400e-13
4.656390e-07 2.570100e-13
4.659130e-07 2.458500e-13
4.661870e-07 2.408900e-13
4.664620e-07 2.513700e-13
4.667360e-07 2.422300e-13
4.670100e-07 2.394400e-13
4.672850e-07 2.477300e-13
4.675590e-07 2.544800e-13
4.678330e-07 2.363600e-13
4.681080e-07 2.423600e-13
4.683820e-07 2.478400e-13
4.686560e-07 2.454100e-13
4.689300e-07 2.433300e-13
4.692050e-07 2.480400e-13
4.694790e-07 2.530500e-13
4.697530e-07 2.413600e-13
4.700280e-07 2.459600e-13
4.703020e-07 2.543200e-13
4.705760e-07 2.435200e-13
4.708510e-07 2.466100e-13
4.711250e-07 2.510400e-13
4.713990e-07 2.497900e-13
4.716740e-07 2.515600e-13
4.719480e-07 2.510400e-13
4.722220e-07 2.467000e-13
4.724960e-07 2.443100e-13
4.727710e-07 2.390200e-13
4.730450e-07 2.367600e-13
4.733190e-07 2.521800e-13
4.735940e-07 2.540600e-13
4.738680e-07 2.495000e-13
4.741420e-07 2.449800e-13
4.744170e-07 2.472000e-13
4.746910e-07 2.505200e-13
4.749650e-07 2.424400e-13
4.752400e-07 2.479300e-13
4.755140e-07 2.429300e-13
4.757880e-07 2.409100e-13
4.760620e-07 2.471100e-13
4.763370e-07 2.522200e-13
4.766110e-07 2.488100e-13
4.768850e-07 2.383200e-13
4.771600e-07 2.467700e-13
4.774340e-07 2.495100e-13
4.777080e-07 2.477600e-13
4.779830e-07 2.470300e-13
4.782570e-07 2.424500e-13
4.785310e-07 2.460900e-13
4.788060e-07 2.448400e-13
4.790800e-07 2.433900e-13
4.793540e-07 2.455000e-13
4.796280e-07 2.473500e-13
4.799030e-07 2.541600e-13
4.801770e-07 2.527700e-13
4.804510e-07 2.395500e-13
4.807260e-07 2.582500e-13
4.810000e-07 2.535800e-13
4.812740e-07 2.637100e-13
4.815490e-07 2.586600e-13
4.818230e-07 2.593100e-13
4.820970e-07 2.587900e-13
4.823720e-07 2.433300e-13
4.826460e-07 2.412500e-13
4.829200e-07 2.434200e-13
4.831940e-07 2.279900e-13
4.834690e-07 2.352400e-13
4.837430e-07 2.297900e-13
4.840170e-07 2.337200e-13
4.842920e-07 2.279100e-13
4.845660e-07 2.308000e-13
4.848400e-07 2.270000e-13
4.851150e-07 2.380500e-13
4.853890e-07 2.648200e-13
4.856630e-07 3.053700e-13
4.859380e-07 3.284300e-13
4.862120e-07 3.039600e-13
4.864860e-07 2.399100e-13
4.867600e-07 2.197300e-13
4.870350e-07 2.090200e-13
4.873090e-07 2.214900e-13
4.875830e-07 2.240600e-13
4.878580e-07 2.238600e-13
4.881320e-07 2.327700e-13
4.884060e-07 2.321000e-13
4.886810e-07 2.305300e-13
4.889550e-07 2.291800e-13
4.892290e-07 2.287100e-13
4.895040e-07 2.301400e-13
4.897780e-07 2.505700e-13
4.900520e-07 2.488700e-13
4.903260e-07 2.430000e-13
4.906010e-07 2.361500e-13
4.908750e-07 2.389400e-13
4.911490e-07 2.327900e-13
4.914240e-07 2.284800e-13
4.916980e-07 2.284300e-13
4.919720e-07 2.298400e-13
4.922470e-07 2.450200e-13
4.925210e-07 2.389600e-13
4.927950e-07 2.494500e-13
4.930700e-07 2.424100e-13
4.933440e-07 2.511200e-13
4.936180e-07 2.396300e-13
4.938920e-07 2.380000e-13
4.941670e-07 2.425200e-13
4.944410e-07 2.518800e-13
4.947150e-07 2.540000e-13
4.949900e-07 2.580400e-13
4.952640e-07 2.567800e-13
4.955380e-07 2.597300e-13
4.958130e-07 2.577700e-13
4.960870e-07 2.568000e-13
4.963610e-07 2.385700e-13
4.966360e-07 2.301400e-13
4.969100e-07 2.304200e-13
4.971840e-07 2.483700e-13
4.974580e-07 2.378100e-13
4.977330e-07 2.292700e-13
4.980070e-07 2.297300e-13
4.982810e-07 2.244500e-13
4.985560e-07 2.286600e-13
4.988300e-07 2.452800e-13
4.991040e-07 2.355900e-13
4.993790e-07 2.351800e-13
4.996530e-07 2.466700e-13
4.999270e-07 2.696600e-13
5.002020e-07 2.804700e-13
5.004760e-07 2.862800e-13
5.007500e-07 2.802700e-13
5.010240e-07 2.584300e-13
5.012990e-07 2.353000e-13
5.015730e-07 2.326000e-13
5.018470e-07 2.310100e-13
5.021220e-07 2.368900e-13
5.023960e-07 2.314300e-13
5.026700e-07 2.366600e-13
5.029450e-07 2.427000e-13
5.032190e-07 2.366400e-13
5.034930e-07 2.348200e-13
5.037680e-07 2.350000e-13
5.040420e-07 2.409300e-13
5.043160e-07 2.378300e-13
5.045900e-07 2.363300e-13
5.048650e-07 2.391900e-13
5.051390e-07 2.411700e-13
5.054130e-07 2.507900e-13
5.056880e-07 2.492400e-13
5.059620e-07 2.425900e-13
5.062360e-07 2.417500e-13
5.065110e-07 2.351000e-13
5.067850e-07 2.351300e-13
5.070590e-07 2.430100e-13
5.073340e-07 2.376600e-13
5.076080e-07 2.373500e-13
5.078820e-07 2.311200e-13
5.081560e-07 2.245200e-13
5.084310e-07 2.293300e-13
5.087050e-07 2.374400e-13
5.089790e-07 2.429500e-13
5.092540e-07 2.357500e-13
5.095280e-07 2.277200e-13
5.098020e-07 2.215500e-13
5.100770e-07 2.300900e-13
5.103510e-07 2.332100e-13
5.106250e-07 2.325400e-13
5.109000e-07 2.237900e-13
5.111740e-07 2.313300e-13
5.114480e-07 2.400500e-13
5.117220e-07 2.305300e-13
5.119970e-07 2.370600e-13
5.122710e-07 2.258200e-13
5.125450e-07 2.233300e-13
5.128200e-07 2.312600e-13
5.130940e-07 2.293900e-13
5.133680e-07 2.382500e-13
5.136430e-07 2.316900e-13
5.139170e-07 2.201200e-13
5.141910e-07 2.206300e-13
5.144660e-07 2.284500e-13
5.147400e-07 2.344800e-13
5.150140e-07 2.243200e-13
5.152880e-07 2.286200e-13
5.155630e-07 2.299300e-13
5.158370e-07 2.276600e-13
5.161110e-07 2.303300e-13
5.163860e-07 2.065400e-13
5.166600e-07 1.986200e-13
5.169340e-07 2.114200e-13
5.172090e-07 2.162800e-13
5.174830e-07 2.189900e-13
5.177570e-07 2.244900e-13
5.180320e-07 2.261500e-13
5.183060e-07 2.194200e-13
5.185800e-07 2.141700e-13
5.188540e-07 2.225800e-13
5.191290e-07 2.299800e-13
5.194030e-07 2.249800e-13
5.196770e-07 2.238700e-13
5.199520e-07 2.325100e-13
5.202260e-07 2.363200e-13
5.205000e-07 2.345200e-13
5.207750e-07 2.322000e-13
5.210490e-07 2.319900e-13
5.213230e-07 2.285000e-13
5.215980e-07 2.273700e-13
5.218720e-07 2.327100e-13
5.221460e-07 2.215200e-13
5.224200e-07 2.231800e-13
5.226950e-07 2.202700e-13
5.229690e-07 2.266500e-13
5.232430e-07 2.294500e-13
5.235180e-07 2.310100e-13
5.237920e-07 2.233300e-13
5.240660e-07 2.345100e-13
5.243410e-07 2.361100e-13
5.246150e-07 2.284600e-13
5.248890e-07 2.350200e-13
5.251640e-07 2.239400e-13
5.254380e-07 2.273700e-13
5.257120e-07 2.366800e-13
5.259860e-07 2.257500e-13
5.262610e-07 2.166900e-13
5.265350e-07 2.056600e-13
5.268090e-07 2.164600e-13
5.270840e-07 2.250100e-13
5.273580e-07 2.205700e-13
5.276320e-07 2.315700e-13
5.279070e-07 2.393800e-13
5.281810e-07 2.401200e-13
5.284550e-07 2.437200e-13
5.287300e-07 2.401700e-13
5.290040e-07 2.360900e-13
5.292780e-07 2.386300e-13
5.295520e-07 2.401000e-13
5.298270e-07 2.384000e-13
5.301010e-07 2.372400e-13
5.303750e-07 2.440100e-13
5.306500e-07 2.470000e-13
5.309240e-07 2.459100e-13
5.311980e-07 2.488500e-13
5.314730e-07 2.393800e-13
5.317470e-07 2.355500e-13
5.320210e-07 2.333500e-13
5.322950e-07 2.365000e-13
5.325700e-07 2.275200e-13
5.328440e-07 2.301200e-13
5.331180e-07 2.337700e-13
5.333930e-07 2.267100e-13
5.336670e-07 2.351200e-13
5.339410e-07 2.503100e-13
5.342160e-07 2.464600e-13
5.344900e-07 2.441000e-13
5.347640e-07 2.467000e-13
5.350390e-07 2.448800e-13
5.353130e-07 2.472100e-13
5.355870e-07 2.517700e-13
5.358610e-07 2.470100e-13
5.361360e-07 2.401800e-13
5.364100e-07 2.391000e-13
5.366840e-07 2.362100e-13
5.369590e-07 2.365200e-13
5.372330e-07 2.389900e-13
5.375070e-07 2.440500e-13
5.377820e-07 2.434500e-13
5.380560e-07 2.451600e-13
5.383300e-07 2.505500e-13
5.386050e-07 2.480300e-13
5.388790e-07 2.459900e-13
5.391530e-07 2.301400e-13
5.394270e-07 2.270800e-13
5.397020e-07 2.295200e-13
5.399760e-07 2.298600e-13
5.402500e-07 2.246200e-13
5.405250e-07 2.239300e-13
5.407990e-07 2.315800e-13
5.410730e-07 2.245200e-13
5.413480e-07 2.356000e-13
5.416220e-07 2.382500e-13
5.418960e-07 2.310600e-13
5.421710e-07 2.371900e-13
5.424450e-07 2.444700e-13
5.427190e-07 2.398500e-13
5.429930e-07 2.344600e-13
5.432680e-07 2.388000e-13
5.435420e-07 2.377900e-13
5.438160e-07 2.378300e-13
5.440910e-07 2.473800e-13
5.443650e-07 2.393400e-13
5.446390e-07 2.234700e-13
5.449140e-07 2.256800e-13
5.451880e-07 2.336600e-13
5.454620e-07 2.369100e-13
5.457370e-07 2.327200e-13
5.460110e-07 2.327900e-13
5.462850e-07 2.284100e-13
5.465590e-07 2.259600e-13
5.468340e-07 2.292700e-13
5.471080e-07 2.279500e-13
5.473820e-07 2.318800e-13
5.476570e-07 2.385900e-13
5.479310e-07 2.389600e-13
5.482050e-07 2.398600e-13
5.484800e-07 2.338200e-13
5.487540e-07 2.360000e-13
5.490280e-07 2.400800e-13
5.493030e-07 2.396500e-13
5.495770e-07 2.494000e-13
5.498510e-07 2.446200e-13
5.501250e-07 2.402100e-13
5.504000e-07 2.424200e-13
5.506740e-07 2.378000e-13
5.509480e-07 2.301900e-13
5.512230e-07 2.307900e-13
5.514970e-07 2.368600e-13
5.517710e-07 2.392200e-13
5.520460e-07 2.387300e-13
5.523200e-07 2.371900e-13
5.525940e-07 2.252700e-13
5.528690e-07 2.212900e-13
5.531430e-07 2.309600e-13
5.534170e-07 2.296600e-13
5.536910e-07 2.346600e-13
5.539660e-07 2.463400e-13
5.542400e-07 2.348900e-13
5.545140e-07 2.457700e-13
5.547890e-07 2.504200e-13
5.550630e-07 2.368700e-13
5.553370e-07 2.314600e-13
5.556120e-07 2.335700e-13
5.558860e-07 2.387300e-13
5.561600e-07 2.285500e-13
5.564350e-07 2.309100e-13
5.567090e-07 2.363200e-13
5.569830e-07 2.282100e-13
5.572570e-07 2.294700e-13
5.575320e-07 2.356900e-13
5.578060e-07 2.255800e-13
5.580800e-07 2.245300e-13
5.583550e-07 2.289900e-13
5.586290e-07 2.266000e-13
5.589030e-07 2.213400e-13
5.591780e-07 2.316500e-13
5.594520e-07 2.250500e-13
5.597260e-07 2.320100e-13
5.600010e-07 2.301400e-13
5.602750e-07 2.414100e-13
5.605490e-07 2.355600e-13
5.608230e-07 2.332300e-13
5.610980e-07 2.287600e-13
5.613720e-07 2.322500e-13
5.616460e-07 2.303500e-13
5.619210e-07 2.409800e-13
5.621950e-07 2.389700e-13
5.624690e-07 2.413100e-13
5.627440e-07 2.424800e-13
5.630180e-07 2.389300e-13
5.632920e-07 2.434400e-13
5.635670e-07 2.502300e-13
5.638410e-07 2.328200e-13
5.641150e-07 2.277800e-13
5.643890e-07 2.307200e-13
5.646640e-07 2.384200e-13
5.649380e-07 2.358300e-13
5.652120e-07 2.394000e-13
5.654870e-07 2.263900e-13
5.657610e-07 2.109700e-13
5.660350e-07 2.076200e-13
5.663100e-07 2.244300e-13
5.665840e-07 2.408000e-13
5.668580e-07 2.305700e-13
5.671330e-07 2.276000e-13
5.674070e-07 2.396200e-13
5.676810e-07 2.314300e-13
5.679550e-07 2.485900e-13
5.682300e-07 2.432300e-13
5.685040e-07 2.261200e-13
5.687780e-07 2.365300e-13
5.690530e-07 2.408200e-13
5.693270e-07 2.305500e-13
5.696010e-07 2.445500e-13
5.698760e-07 2.400300e-13
5.701500e-07 2.322000e-13
5.704240e-07 2.228300e-13
5.706990e-07 2.285400e-13
5.709730e-07 2.186700e-13
5.712470e-07 2.282300e-13
5.715210e-07 2.389600e-13
5.717960e-07 2.454000e-13
5.720700e-07 2.443500e-13
5.723440e-07 2.360300e-13
5.726190e-07 2.410500e-13
5.728930e-07 2.538200e-13
5.731670e-07 2.489000e-13
5.734420e-07 2.357100e-13
5.737160e-07 2.401100e-13
5.739900e-07 2.437700e-13
5.742650e-07 2.472200e-13
5.745390e-07 2.510700e-13
5.748130e-07 2.390700e-13
5.750870e-07 2.381600e-13
5.753620e-07 2.348800e-13
5.756360e-07 2.477000e-13
5.759100e-07 2.329800e-13
5.761850e-07 2.379800e-13
5.764590e-07 2.307900e-13
5.767330e-07 2.369700e-13
5.770080e-07 2.338800e-13
5.772820e-07 2.334400e-13
5.775560e-07 2.392500e-13
5.778310e-07 2.333500e-13
5.781050e-07 2.274500e-13
5.783790e-07 2.348300e-13
5.786530e-07 2.298900e-13
5.789280e-07 2.274300e-13
5.792020e-07 2.419800e-13
5.794760e-07 2.423100e-13
5.797510e-07 2.397100e-13
5.800250e-07 2.412400e-13
5.802990e-07 2.177700e-13
5.805740e-07 2.342100e-13
5.808480e-07 2.381500e-13
5.811220e-07 2.224900e-13
5.813970e-07 2.341900e-13
5.816710e-07 2.360600e-13
5.819450e-07 2.391600e-13
5.822190e-07 2.431800e-13
5.824940e-07 2.452200e-13
5.827680e-07 2.295100e-13
5.830420e-07 2.525800e-13
5.833170e-07 2.397500e-13
5.835910e-07 2.377500e-13
5.838650e-07 2.338600e-13
5.841400e-07 2.323300e-13
5.844140e-07 2.339300e-13
5.846880e-07 2.264300e-13
5.849630e-07 2.349400e-13
5.852370e-07 2.247400e-13
5.855110e-07 2.230000e-13
5.857850e-07 2.328800e-13
5.860600e-07 2.280200e-13
5.863340e-07 2.313800e-13
5.866080e-07 2.282900e-13
5.868830e-07 2.412300e-13
5.871570e-07 2.390700e-13
5.874310e-07 2.352600e-13
5.877060e-07 2.249900e-13
5.879800e-07 2.243200e-13
5.882540e-07 1.992400e-13
5.885290e-07 2.093600e-13
5.888030e-07 2.011500e-13
5.890770e-07 2.161400e-13
5.893510e-07 2.085100e-13
5.896260e-07 2.176900e-13
5.899000e-07 2.163000e-13
5.901740e-07 2.298100e-13
5.904490e-07 2.284700e-13
5.907230e-07 2.272800e-13
5.909970e-07 2.338600e-13
5.912720e-07 2.420000e-13
5.915460e-07 2.269100e-13
5.918200e-07 2.240900e-13
5.920950e-07 2.259300e-13
5.923690e-07 2.232800e-13
5.926430e-07 2.298500e-13
5.929170e-07 2.343500e-13
5.931920e-07 2.275400e-13
5.934660e-07 2.310000e-13
5.937400e-07 2.322400e-13
5.940150e-07 2.315700e-13
5.942890e-07 2.285500e-13
5.945630e-07 2.285200e-13
5.948380e-07 2.320900e-13
5.951120e-07 2.283400e-13
5.953860e-07 2.298200e-13
5.956610e-07 2.262800e-13
5.959350e-07 2.321900e-13
5.962090e-07 2.329900e-13
5.964830e-07 2.365100e-13
5.967580e-07 2.332000e-13
5.970320e-07 2.337000e-13
5.973060e-07 2.276400e-13
5.975810e-07 2.211400e-13
5.978550e-07 2.200300e-13
5.981290e-07 2.228800e-13
5.984040e-07 2.339300e-13
5.986780e-07 2.304700e-13
5.989520e-07 2.351900e-13
5.992270e-07 2.283600e-13
5.995010e-07 2.256300e-13
5.997750e-07 2.298100e-13
6.000490e-07 2.206700e-13
6.003240e-07 2.319700e-13
6.005980e-07 2.342300e-13
6.008720e-07 2.273900e-13
6.011470e-07 2.271200e-13
6.014210e-07 2.284100e-13
6.016950e-07 2.269000e-13
6.019700e-07 2.274400e-13
6.022440e-07 2.335000e-13
6.025180e-07 2.336200e-13
6.027930e-07 2.328500e-13
6.030670e-07 2.441300e-13
6.033410e-07 2.297100e-13
6.036150e-07 2.320800e-13
6.038900e-07 2.319600e-13
6.041640e-07 2.304400e-13
6.044380e-07 2.338000e-13
6.047130e-07 2.426700e-13
6.049870e-07 2.281400e-13
6.052610e-07 2.180100e-13
6.055360e-07 2.337400e-13
6.058100e-07 2.293000e-13
6.060840e-07 2.293700e-13
6.063590e-07 2.275500e-13
6.066330e-07 2.215900e-13
6.069070e-07 2.343500e-13
6.071810e-07 2.262800e-13
6.074560e-07 2.203700e-13
6.077300e-07 2.307100e-13
6.080040e-07 2.197400e-13
6.082790e-07 2.154800e-13
6.085530e-07 2.212600e-13
6.088270e-07 2.195500e-13
6.091020e-07 2.238000e-13
6.093760e-07 2.224900e-13
6.096500e-07 2.320300e-13
6.099250e-07 2.315800e-13
6.101990e-07 2.356600e-13
6.104730e-07 2.206400e-13
6.107470e-07 2.303200e-13
6.110220e-07 2.187200e-13
6.112960e-07 2.306600e-13
6.115700e-07 2.239600e-13
6.118450e-07 2.235900e-13
6.121190e-07 2.215400e-13
6.123930e-07 2.291800e-13
6.126680e-07 2.186400e-13
6.129420e-07 2.147100e-13
6.132160e-07 2.098600e-13
6.134910e-07 2.104300e-13
6.137650e-07 1.998100e-13
6.140390e-07 2.223100e-13
6.143130e-07 2.189600e-13
6.145880e-07 2.107000e-13
6.148620e-07 2.118700e-13
6.151360e-07 2.092300e-13
6.154110e-07 2.145800e-13
6.156850e-07 2.144800e-13
6.159590e-07 2.087500e-13
6.162340e-07 2.075900e-13
6.165080e-07 2.060300e-13
6.167820e-07 2.260500e-13
6.170570e-07 2.206300e-13
6.173310e-07 2.230100e-13
6.176050e-07 2.206300e-13
6.178790e-07 2.155700e-13
6.181540e-07 2.199400e-13
6.184280e-07 2.221100e-13
6.187020e-07 2.183400e-13
6.189770e-07 2.136500e-13
6.192510e-07 2.173400e-13
6.195250e-07 2.206000e-13
6.198000e-07 2.161600e-13
6.200740e-07 2.204500e-13
6.203480e-07 2.134400e-13
6.206230e-07 2.128100e-13
6.208970e-07 2.098600e-13
6.211710e-07 2.177400e-13
6.214450e-07 2.285600e-13
6.217200e-07 2.179500e-13
6.219940e-07 2.025800e-13
6.222680e-07 1.935900e-13
6.225430e-07 2.151300e-13
6.228170e-07 2.206000e-13
6.230910e-07 2.043800e-13
6.233660e-07 2.154200e-13
6.236400e-07 2.232200e-13
6.239140e-07 2.245300e-13
6.241890e-07 2.105600e-13
6.244630e-07 2.160700e-13
6.247370e-07 2.109100e-13
6.250110e-07 2.222100e-13
6.252860e-07 2.185700e-13
6.255600e-07 2.057800e-13
6.258340e-07 2.235500e-13
6.261090e-07 2.215500e-13
6.263830e-07 2.185700e-13
6.266570e-07 2.236400e-13
6.269320e-07 2.267600e-13
6.272060e-07 2.099500e-13
6.274800e-07 2.100600e-13
6.277550e-07 2.119700e-13
6.280290e-07 2.175600e-13
6.283030e-07 1.194800e-13
6.285770e-07 -1.176000e-13
6.288520e-07 -1.903600e-14
6.291260e-07 1.553700e-13
6.294000e-07 1.993700e-13
6.296750e-07 2.191100e-13
6.299490e-07 2.339500e-13
6.302230e-07 2.304400e-13
6.304980e-07 2.175200e-13
6.307720e-07 2.321900e-13
6.310460e-07 2.267700e-13
6.313210e-07 2.173400e-13
6.315950e-07 2.253600e-13
6.318690e-07 2.139500e-13
6.321430e-07 2.149900e-13
6.324180e-07 2.205000e-13
6.326920e-07 2.219900e-13
6.329660e-07 2.242300e-13
6.332410e-07 2.193100e-13
6.335150e-07 2.140500e-13
6.337890e-07 2.112900e-13
6.340640e-07 2.204800e-13
6.343380e-07 2.223000e-13
6.346120e-07 2.253400e-13
6.348870e-07 2.093400e-13
6.351610e-07 2.175600e-13
6.354350e-07 2.208600e-13
6.357090e-07 2.214000e-13
6.359840e-07 2.167500e-13
6.362580e-07 2.244700e-13
6.365320e-07 2.227900e-13
6.368070e-07 2.243000e-13
6.370810e-07 2.194200e-13
6.373550e-07 2.335000e-13
6.376300e-07 2.259700e-13
6.379040e-07 2.309100e-13
6.381780e-07 2.237400e-13
6.384530e-07 2.238800e-13
6.387270e-07 2.120300e-13
6.390010e-07 2.146200e-13
6.392750e-07 2.218900e-13
6.395500e-07 2.284400e-13
6.398240e-07 2.189400e-13
6.400980e-07 2.174600e-13
6.403730e-07 2.199800e-13
6.406470e-07 2.381500e-13
6.409210e-07 2.308400e-13
6.411960e-07 2.186800e-13
6.414700e-07 2.223400e-13
6.417440e-07 2.190000e-13
6.420190e-07 2.106200e-13
6.422930e-07 2.192100e-13
6.425670e-07 2.123800e-13
6.428410e-07 2.225100e-13
6.431160e-07 2.285500e-13
6.433900e-07 2.075700e-13
6.436640e-07 2.150000e-13
6.439390e-07 2.253900e-13
6.442130e-07 2.306800e-13
6.444870e-07 2.377500e-13
6.447620e-07 2.229100e-13
6.450360e-07 2.205400e-13
6.453100e-07 2.079200e-13
6.455850e-07 2.013200e-13
6.458590e-07 2.135000e-13
6.461330e-07 2.187800e-13
6.464070e-07 2.246500e-13
6.466820e-07 2.197900e-13
6.469560e-07 2.174400e-13
6.472300e-07 2.101200e-13
6.475050e-07 2.257900e-13
6.477790e-07 2.460400e-13
6.480530e-07 2.230700e-13
6.483280e-07 2.146300e-13
6.486020e-07 2.145000e-13
6.488760e-07 2.020100e-13
6.491510e-07 1.987200e-13
6.494250e-07 2.036900e-13
6.496990e-07 2.111800e-13
6.499730e-07 2.253900e-13
6.502480e-07 2.263500e-13
6.505220e-07 2.207400e-13
6.507960e-07 2.233400e-13
6.510710e-07 2.303700e-13
6.513450e-07 2.363000e-13
6.516190e-07 2.187400e-13
6.518940e-07 2.097600e-13
6.521680e-07 2.237300e-13
6.524420e-07 2.268800e-13
6.527170e-07 2.194600e-13
6.529910e-07 2.277400e-13
6.532650e-07 2.386800e-13
6.535390e-07 2.378600e-13
6.538140e-07 2.325200e-13
6.540880e-07 2.421800e-13
6.543620e-07 2.665000e-13
6.546370e-07 2.599700e-13
6.549110e-07 2.652000e-13
6.551850e-07 3.027500e-13
6.554600e-07 4.271600e-13
6.557340e-07 6.246600e-13
6.560080e-07 7.275400e-13
6.562830e-07 6.409600e-13
6.565570e-07 4.490100e-13
6.568310e-07 2.996000e-13
6.571050e-07 2.385700e-13
6.573800e-07 2.609500e-13
6.576540e-07 3.226200e-13
6.579280e-07 3.922900e-13
6.582030e-07 3.855200e-13
6.584770e-07 3.443900e-13
6.587510e-07 2.684400e-13
6.590260e-07 2.167100e-13
6.593000e-07 2.198200e-13
6.595740e-07 2.254300e-13
6.598490e-07 2.243700e-13
6.601230e-07 2.095000e-13
6.603970e-07 2.194900e-13
6.606710e-07 2.121500e-13
6.609460e-07 2.283100e-13
6.612200e-07 2.156300e-13
6.614940e-07 2.210200e-13
6.617690e-07 2.248800e-13
6.620430e-07 2.193100e-13
6.623170e-07 2.161500e-13
6.625920e-07 2.260500e-13
6.628660e-07 2.303300e-13
6.631400e-07 2.262100e-13
6.634150e-07 2.165000e-13
6.636890e-07 2.144600e-13
6.639630e-07 2.303600e-13
6.642370e-07 2.239100e-13
6.645120e-07 2.108300e-13
6.647860e-07 2.117400e-13
6.650600e-07 2.163700e-13
6.653350e-07 2.173800e-13
6.656090e-07 2.218800e-13
6.658830e-07 2.151400e-13
6.661580e-07 2.208700e-13
6.664320e-07 2.154800e-13
6.667060e-07 2.245800e-13
6.669810e-07 2.179000e-13
6.672550e-07 2.231100e-13
6.675290e-07 2.230300e-13
6.678030e-07 2.247900e-13
6.680780e-07 2.215300e-13
6.683520e-07 2.307300e-13
6.686260e-07 2.297700e-13
6.689010e-07 2.177600e-13
6.691750e-07 2.232400e-13
6.694490e-07 2.314400e-13
6.697240e-07 2.267100e-13
6.699980e-07 2.242600e-13
6.702720e-07 2.228200e-13
6.705470e-07 2.300500e-13
6.708210e-07 2.613400e-13
6.710950e-07 3.086300e-13
6.713690e-07 3.313100e-13
6.716440e-07 3.117800e-13
6.719180e-07 2.774500e-13
6.721920e-07 2.544000e-13
6.724670e-07 2.604700e-13
6.727410e-07 2.866000e-13
6.730150e-07 2.829600e-13
6.732900e-07 2.505900e-13
6.735640e-07 2.402200e-13
6.738380e-07 2.202900e-13
6.741130e-07 2.041300e-13
6.743870e-07 2.034200e-13
6.746610e-07 2.057500e-13
6.749350e-07 2.078800e-13
6.752100e-07 2.065100e-13
6.754840e-07 2.149800e-13
6.757580e-07 2.099200e-13
6.760330e-07 2.044300e-13
6.763070e-07 2.211300e-13
6.765810e-07 2.153400e-13
6.768560e-07 2.167000e-13
6.771300e-07 2.212500e-13
6.774040e-07 2.118700e-13
6.776790e-07 2.092400e-13
6.779530e-07 2.186000e-13
6.782270e-07 2.085600e-13
6.785010e-07 2.128400e-13
6.787760e-07 2.089200e-13
6.790500e-07 2.104900e-13
6.793240e-07 2.071500e-13
6.795990e-07 2.240200e-13
6.798730e-07 2.065000e-13
6.801470e-07 2.197500e-13
6.804220e-07 2.228200e-13
6.806960e-07 2.282200e-13
6.809700e-07 2.250700e-13
6.812450e-07 2.326200e-13
6.821900e-07 2.120500e-13
6.837620e-07 2.135200e-13
6.853380e-07 2.140200e-13
6.869190e-07 2.058200e-13
6.885020e-07 2.096500e-13
6.900890e-07 2.101400e-13
6.916800e-07 2.101500e-13
6.932740e-07 2.101600e-13
6.948730e-07 2.135800e-13
6.964750e-07 2.135900e-13
6.980800e-07 2.150800e-13
6.996890e-07 2.121400e-13
7.013020e-07 2.068400e-13
7.029190e-07 2.092500e-13
7.045390e-07 2.097400e-13
7.061630e-07 2.078200e-13
7.077910e-07 2.068800e-13
7.094230e-07 2.017100e-13
7.110580e-07 2.017200e-13
7.126980e-07 2.003400e-13
7.143400e-07 1.994300e-13
7.159870e-07 2.008200e-13
7.176380e-07 1.980700e-13
7.192920e-07 1.870000e-13
7.209500e-07 1.922500e-13
7.226120e-07 2.031800e-13
7.242780e-07 1.981100e-13
7.259470e-07 1.958500e-13
7.276210e-07 2.079400e-13
7.292980e-07 2.036800e-13
7.309800e-07 2.032200e-13
7.326650e-07 2.070100e-13
7.343540e-07 2.138000e-13
7.360470e-07 2.075000e-13
7.377430e-07 2.123500e-13
7.394440e-07 2.042000e-13
7.411490e-07 2.153200e-13
7.428570e-07 2.061100e-13
7.445690e-07 2.123800e-13
7.462860e-07 2.148500e-13
7.480060e-07 2.109400e-13
7.497300e-07 2.124100e-13
7.514590e-07 2.124200e-13
7.531910e-07 2.124300e-13
7.549270e-07 2.163900e-13
7.566680e-07 2.109900e-13
7.584120e-07 2.129500e-13
7.601600e-07 2.076300e-13
7.619130e-07 2.047900e-13
7.636690e-07 2.100600e-13
7.654300e-07 2.057600e-13
7.671940e-07 1.911500e-13
7.689630e-07 1.997100e-13
7.707350e-07 1.920500e-13
7.725120e-07 1.965300e-13
7.742930e-07 2.002000e-13
7.760780e-07 1.952000e-13
7.778670e-07 1.952100e-13
7.796600e-07 1.925400e-13
7.814570e-07 1.974900e-13
7.832590e-07 2.016300e-13
7.850640e-07 1.997900e-13
7.868740e-07 2.021100e-13
7.886880e-07 1.979800e-13
7.905060e-07 1.925900e-13
7.923290e-07 1.903900e-13
7.941550e-07 1.904000e-13
7.959860e-07 1.939500e-13
7.978210e-07 1.953100e-13
7.996600e-07 1.935200e-13
8.015030e-07 1.971300e-13
8.033510e-07 1.913300e-13
8.052030e-07 1.976100e-13
8.070590e-07 2.003600e-13
8.089190e-07 1.949100e-13
8.107840e-07 1.926900e-13
8.126530e-07 1.958300e-13
8.145260e-07 1.967400e-13
8.164040e-07 1.927200e-13
8.182860e-07 2.004200e-13
8.201720e-07 1.887800e-13
8.220630e-07 1.949800e-13
8.239580e-07 1.778300e-13
8.258580e-07 2.037200e-13
8.277610e-07 2.032600e-13
8.296700e-07 1.866700e-13
8.315820e-07 1.875400e-13
8.334990e-07 1.884100e-13
8.354210e-07 1.919300e-13
8.373470e-07 1.888700e-13
8.392770e-07 1.862800e-13
8.412120e-07 1.937300e-13
8.431510e-07 1.915200e-13
8.450940e-07 1.880400e-13
8.470420e-07 1.911000e-13
8.489950e-07 1.871900e-13
8.509520e-07 1.623000e-13
8.529140e-07 1.859200e-13
8.548800e-07 1.466700e-13
8.568510e-07 1.880900e-13
8.588260e-07 1.902800e-13
8.608060e-07 1.813100e-13
8.627900e-07 1.876900e-13
8.647790e-07 1.894400e-13
8.667730e-07 1.646200e-13
8.687710e-07 1.796800e-13
8.707730e-07 1.813500e-13
8.727810e-07 1.868700e-13
8.747930e-07 1.847400e-13
8.768090e-07 1.868900e-13
8.788310e-07 1.873300e-13
8.808570e-07 1.899500e-13
8.828870e-07 1.877900e-13
8.849220e-07 1.843700e-13
8.869620e-07 1.712800e-13
8.890070e-07 1.764900e-13
8.910560e-07 1.814500e-13
8.931100e-07 1.797900e-13
8.951690e-07 1.777500e-13
8.972330e-07 1.693600e-13
8.993010e-07 1.810700e-13
9.013750e-07 1.709500e-13
9.034520e-07 1.640200e-13
9.055350e-07 1.900700e-13
9.076230e-07 1.870400e-13
9.097150e-07 1.617900e-13
9.118120e-07 1.741700e-13
9.139140e-07 1.690500e-13
9.160210e-07 1.733900e-13
9.181320e-07 1.659800e-13
9.202490e-07 1.746100e-13
9.223700e-07 1.675300e-13
9.244960e-07 1.702600e-13
9.266270e-07 1.706700e-13
9.287640e-07 1.691100e-13
9.309050e-07 1.585600e-13
9.330510e-07 1.799800e-13
9.352010e-07 1.795700e-13
9.373580e-07 1.767100e-13
9.395180e-07 1.791800e-13
9.416840e-07 1.755100e-13
9.438550e-07 1.804400e-13
9.460310e-07 1.779800e-13
9.482110e-07 1.821300e-13
9.503980e-07 1.775900e-13
9.525880e-07 1.780100e-13
9.547840e-07 1.715800e-13
9.569850e-07 1.772100e-13
9.591910e-07 1.809300e-13
9.614020e-07 1.788700e-13
9.636190e-07 1.797000e-13
9.658400e-07 1.772500e-13
9.680670e-07 1.772600e-13
9.702980e-07 1.764500e-13
9.725350e-07 1.744400e-13
9.747770e-07 1.736500e-13
9.770240e-07 1.744600e-13
9.792760e-07 1.724800e-13
9.815340e-07 1.761000e-13
9.837960e-07 1.744900e-13
9.860640e-07 1.753100e-13
9.883370e-07 1.741100e-13
9.906160e-07 1.729200e-13
9.928990e-07 1.745300e-13
9.951880e-07 1.749500e-13
9.974820e-07 1.749600e-13
9.997820e-07 1.741600e-13
1.002086e-06 1.741700e-13
1.006712e-06 1.714100e-13
1.011359e-06 1.758300e-13
1.018369e-06 1.746500e-13
1.023070e-06 1.758800e-13
1.027792e-06 1.771200e-13
1.030161e-06 1.767200e-13
1.049313e-06 1.704100e-13
1.068822e-06 1.624400e-13
1.091202e-06 1.572900e-13
1.108933e-06 1.491800e-13
1.129549e-06 1.478100e-13
1.150549e-06 1.481500e-13
1.169244e-06 1.444500e-13
1.190982e-06 1.373100e-13
1.210334e-06 1.363700e-13
1.230001e-06 1.344900e-13
1.249986e-06 1.302300e-13
1.270297e-06 1.272600e-13
1.290937e-06 1.246500e-13
1.308896e-06 1.223800e-13
1.330164e-06 1.182200e-13
1.348669e-06 1.155300e-13
1.370583e-06 1.131600e-13
1.389649e-06 1.083200e-13
1.408982e-06 1.027300e-13
1.428583e-06 1.013200e-13
1.448456e-06 1.020200e-13
1.468607e-06 9.833400e-14
1.489035e-06 9.993200e-14
1.509750e-06 1.006200e-13
1.530753e-06 1.025000e-13
1.548479e-06 1.013200e-13
1.570020e-06 9.924400e-14
1.588201e-06 9.521500e-14
1.610295e-06 9.521500e-14
1.628940e-06 9.477700e-14
1.651601e-06 9.369200e-14
1.670726e-06 9.369200e-14
1.690072e-06 9.262000e-14
1.709643e-06 9.134900e-14
1.729438e-06 8.784200e-14
1.749465e-06 8.505600e-14
1.769723e-06 8.104100e-14
1.790216e-06 7.757200e-14
1.810944e-06 7.340100e-14
1.831914e-06 7.140100e-14
1.848866e-06 6.881800e-14
1.870273e-06 6.526900e-14
1.891930e-06 6.378300e-14
1.909437e-06 6.290800e-14
1.931548e-06 6.119300e-14
1.949419e-06 5.870900e-14
1.971992e-06 5.671600e-14
1.990240e-06 5.491700e-14
2.008654e-06 5.416300e-14
2.031914e-06 5.232400e-14
2.050716e-06 5.196400e-14
2.069689e-06 5.078100e-14
2.088841e-06 4.985400e-14
2.108167e-06 4.905700e-14
2.127675e-06 4.816200e-14
2.152312e-06 4.728300e-14
2.172226e-06 4.567800e-14
2.192327e-06 4.494700e-14
2.207522e-06 4.372200e-14
2.227949e-06 4.262900e-14
2.248565e-06 4.165900e-14
2.269369e-06 4.052300e-14
2.290368e-06 3.636700e-14
2.311559e-06 3.603300e-14
2.327583e-06 3.160100e-14
2.349121e-06 2.969600e-14
2.370856e-06 3.004000e-14
2.387291e-06 2.765100e-14
2.409379e-06 2.658900e-14
2.431674e-06 2.610400e-14
2.448528e-06 2.413800e-14
2.471185e-06 2.353400e-14
2.488313e-06 1.993900e-14
2.511339e-06 1.962000e-14
2.528745e-06 1.966500e-14
2.552144e-06 1.948500e-14
2.569833e-06 1.980200e-14
2.587648e-06 1.944000e-14
2.611593e-06 1.939600e-14
2.629694e-06 1.891100e-14
2.647921e-06 1.869400e-14
2.672423e-06 1.835300e-14
2.690949e-06 1.805900e-14
2.709600e-06 1.781200e-14
2.728381e-06 1.744600e-14
2.747295e-06 1.716700e-14
2.772713e-06 1.677700e-14
2.791935e-06 1.658500e-14
2.811286e-06 1.628200e-14
2.830775e-06 1.602200e-14
2.850395e-06 1.572900e-14
2.870155e-06 1.540700e-14
2.890048e-06 1.519500e-14
2.910083e-06 1.495200e-14
2.930253e-06 1.464600e-14
2.950567e-06 1.441100e-14
2.971017e-06 1.421400e-14
2.991613e-06 1.392200e-14
3.012349e-06 1.373100e-14
3.033228e-06 1.351200e-14
3.047231e-06 1.338800e-14
3.068352e-06 1.323400e-14
3.089622e-06 1.305300e-14
3.111037e-06 1.293300e-14
3.132604e-06 1.278500e-14
3.147062e-06 1.263900e-14
3.168875e-06 1.252300e-14
3.190842e-06 1.243700e-14
3.212958e-06 1.240800e-14
3.227791e-06 1.243700e-14
3.250164e-06 1.272600e-14
3.272691e-06 1.363700e-14
3.287800e-06 1.639500e-14
3.310588e-06 1.624400e-14
3.333538e-06 1.317400e-14
3.348923e-06 1.193200e-14
3.372136e-06 1.136900e-14
3.387703e-06 1.100800e-14
3.411184e-06 1.073300e-14
3.426928e-06 1.053700e-14
3.450685e-06 1.034400e-14
3.466611e-06 1.013200e-14
3.490642e-06 9.970200e-15
3.506753e-06 9.810800e-15
3.531059e-06 9.609600e-15
3.547361e-06 9.455900e-15
3.571948e-06 9.304700e-15
3.588438e-06 9.156000e-15
3.613310e-06 9.009600e-15
3.629987e-06 8.865500e-15
3.646745e-06 8.703700e-15
3.672021e-06 8.544800e-15
3.688970e-06 8.388900e-15
3.706000e-06 8.235800e-15
3.731687e-06 8.122800e-15
3.748910e-06 7.937900e-15
3.766217e-06 7.847000e-15
3.792322e-06 7.721500e-15
3.809825e-06 7.598100e-15
3.827413e-06 7.476600e-15
3.853941e-06 7.357100e-15
3.871734e-06 7.222800e-15
3.889603e-06 7.107300e-15
3.907556e-06 6.993700e-15
3.925591e-06 6.881800e-15
3.952804e-06 6.756200e-15
3.971048e-06 6.648200e-15
3.989380e-06 6.511800e-15
4.007793e-06 6.422500e-15
4.026291e-06 6.334400e-15
4.054202e-06 6.218800e-15
4.072914e-06 6.133400e-15
4.091713e-06 6.035400e-15
4.110598e-06 5.952600e-15
4.129575e-06 5.870900e-15
4.148635e-06 5.777000e-15
4.167782e-06 5.684700e-15
4.187023e-06 5.606700e-15
4.206348e-06 5.517000e-15
4.225762e-06 5.466400e-15
4.245271e-06 5.379000e-15
4.274695e-06 5.305200e-15
4.294425e-06 5.136900e-15
4.314251e-06 4.962500e-15
4.334163e-06 4.951100e-15
4.354167e-06 4.794100e-15
4.374268e-06 4.706600e-15
4.394458e-06 4.631300e-15
4.414740e-06 4.515500e-15
4.424916e-06 4.463800e-15
4.445344e-06 4.402500e-15
4.465861e-06 4.302300e-15
4.486473e-06 4.282600e-15
4.507186e-06 4.214100e-15
4.527988e-06 4.146700e-15
4.548887e-06 4.118200e-15
4.569882e-06 4.071000e-15
4.590979e-06 3.987500e-15
4.612169e-06 3.978400e-15
4.633456e-06 3.923800e-15
4.654846e-06 3.887800e-15
4.665576e-06 3.861000e-15
4.687110e-06 3.816800e-15
4.708743e-06 3.773200e-15
4.730481e-06 3.764500e-15
4.752315e-06 3.704300e-15
4.774249e-06 3.678800e-15
4.785259e-06 3.645100e-15
4.807345e-06 3.595000e-15
4.829533e-06 3.595000e-15
4.851824e-06 3.545700e-15
4.874222e-06 3.505100e-15
4.885458e-06 3.481000e-15
4.908007e-06 3.441200e-15
4.930659e-06 3.417500e-15
4.953422e-06 3.386100e-15
4.964840e-06 3.370600e-15
4.987755e-06 3.340100e-15
5.010781e-06 3.343000e-15
5.033908e-06 3.338100e-15
5.045512e-06 3.320300e-15
5.068799e-06 3.330600e-15
5.080483e-06 3.328100e-15
5.092200e-06 3.333300e-15
5.103937e-06 3.330700e-15
5.115702e-06 3.328100e-15
5.127494e-06 3.325500e-15
5.139314e-06 3.330600e-15
5.151160e-06 3.327900e-15
5.163040e-06 3.332900e-15
5.174941e-06 3.345600e-15
5.186869e-06 3.342900e-15
5.198825e-06 3.340200e-15
5.210809e-06 3.345200e-15
5.222820e-06 3.342400e-15
5.234859e-06 3.347300e-15
5.246932e-06 3.352200e-15
5.259026e-06 3.364900e-15
5.271149e-06 3.377500e-15
5.283299e-06 3.374600e-15
5.295478e-06 3.371800e-15
5.307684e-06 3.376600e-15
5.319924e-06 3.381500e-15
5.332187e-06 3.394100e-15
5.344478e-06 3.398900e-15
5.356798e-06 3.403700e-15
5.369146e-06 3.416400e-15
5.381522e-06 3.421200e-15
5.393926e-06 3.433900e-15
5.406366e-06 3.446600e-15
5.418828e-06 3.451400e-15
5.431319e-06 3.456200e-15
5.443838e-06 3.469000e-15
5.456387e-06 3.489800e-15
5.468964e-06 3.494600e-15
5.481570e-06 3.507400e-15
5.494212e-06 3.520300e-15
5.506876e-06 3.533200e-15
5.519570e-06 3.554300e-15
5.532293e-06 3.583700e-15
5.545045e-06 3.596800e-15
5.557827e-06 3.609900e-15
5.570644e-06 3.631400e-15
5.583485e-06 3.653000e-15
5.596356e-06 3.674800e-15
5.609256e-06 3.705100e-15
5.622185e-06 3.727100e-15
5.635145e-06 3.749200e-15
5.648134e-06 3.788800e-15
5.661160e-06 3.820000e-15
5.674209e-06 3.851500e-15
5.687289e-06 3.883200e-15
5.700398e-06 3.924100e-15
5.713538e-06 3.974700e-15
5.726708e-06 4.025800e-15
5.739915e-06 4.068200e-15
5.753146e-06 4.120600e-15
5.766407e-06 4.173500e-15
5.779699e-06 4.236900e-15
5.793022e-06 4.311200e-15
5.806375e-06 4.386700e-15
5.819759e-06 4.463500e-15
5.833181e-06 4.531200e-15
5.846626e-06 4.621200e-15
5.860103e-06 4.734600e-15
5.873611e-06 4.839700e-15
5.887150e-06 4.958500e-15
5.909580e-06 4.829100e-15
5.940487e-06 5.344900e-15
5.971394e-06 6.018300e-15
6.002301e-06 6.935800e-15
6.033209e-06 7.274400e-15
6.064116e-06 7.499400e-15
6.095023e-06 8.429300e-15
6.125932e-06 1.089900e-14
6.156838e-06 1.579300e-14
6.187745e-06 2.105800e-14
6.218653e-06 2.268000e-14
6.249560e-06 2.026100e-14
6.280467e-06 1.662300e-14
6.311375e-06 1.366200e-14
6.342282e-06 1.165700e-14
6.373190e-06 1.016300e-14
6.404097e-06 9.017900e-15
6.435004e-06 7.981800e-15
6.465912e-06 7.265500e-15
6.496819e-06 6.805300e-15
6.527726e-06 6.595200e-15
6.558634e-06 6.454800e-15
6.589541e-06 6.651500e-15
6.620448e-06 6.775400e-15
6.651357e-06 6.819600e-15
6.682263e-06 6.957400e-15
6.713170e-06 6.992200e-15
6.744078e-06 6.984700e-15
6.774985e-06 6.786000e-15
6.805893e-06 6.775000e-15
6.836800e-06 6.798500e-15
6.867707e-06 7.131700e-15
6.898615e-06 7.261800e-15
6.929522e-06 7.554700e-15
6.960430e-06 8.908500e-15
6.991337e-06 9.921000e-15
7.022244e-06 8.198900e-15
7.053152e-06 7.785300e-15
7.084059e-06 8.064900e-15
7.114966e-06 8.712200e-15
7.145874e-06 8.864900e-15
7.176780e-06 9.073100e-15
7.207689e-06 9.432300e-15
7.238595e-06 1.012700e-14
7.269503e-06 1.071400e-14
7.300411e-06 1.163700e-14
7.331318e-06 1.201500e-14
7.362225e-06 1.300400e-14
7.393133e-06 1.448900e-14
7.424040e-06 1.558900e-14
7.454947e-06 1.694100e-14
7.485854e-06 1.841500e-14
7.514739e-06 1.839800e-14
7.516762e-06 1.993800e-14
7.547670e-06 2.120800e-14
7.576676e-06 2.160400e-14
7.578576e-06 2.055900e-14
7.638614e-06 2.201000e-14
7.700551e-06 2.089100e-14
7.762490e-06 2.004900e-14
7.824427e-06 1.928800e-14
7.886366e-06 1.759900e-14
7.948303e-06 1.514300e-14
8.010241e-06 1.299500e-14
8.072180e-06 1.120300e-14
8.134117e-06 1.005100e-14
8.196055e-06 9.527200e-15
8.257993e-06 9.450200e-15
8.319930e-06 9.354500e-15
8.381869e-06 9.187200e-15
8.443807e-06 9.456900e-15
8.505745e-06 1.021900e-14
8.567682e-06 1.082300e-14
8.629621e-06 1.047700e-14
8.691558e-06 9.064500e-15
8.753496e-06 7.325100e-15
8.815434e-06 5.906800e-15
8.877372e-06 4.893300e-15
8.939309e-06 4.154100e-15
9.001247e-06 3.747700e-15
9.063185e-06 3.350200e-15
9.125124e-06 3.142600e-15
9.187061e-06 3.011700e-15
9.248999e-06 2.915200e-15
9.310937e-06 2.803000e-15
9.372875e-06 2.663100e-15
9.434812e-06 2.618900e-15
9.496750e-06 2.549600e-15
9.558689e-06 2.494600e-15
9.620626e-06 2.614700e-15
9.682564e-06 2.648700e-15
9.744503e-06 2.459500e-15
9.806441e-06 2.311100e-15
9.868378e-06 2.247300e-15
9.930316e-06 2.152600e-15
9.992250e-06 2.159500e-15
1.005419e-05 2.160200e-15
1.011613e-05 2.098400e-15
1.017807e-05 2.006300e-15
1.024000e-05 2.012600e-15
1.030195e-05 2.023300e-15
1.036388e-05 2.105000e-15
1.042582e-05 2.182600e-15
1.048776e-05 2.402100e-15
1.054969e-05 2.677900e-15
1.061164e-05 2.820700e-15
1.067357e-05 2.784100e-15
1.073550e-05 2.860000e-15
1.079745e-05 2.898000e-15
1.085938e-05 3.013700e-15
1.092132e-05 3.494400e-15
1.098326e-05 4.278500e-15
1.104520e-05 4.906500e-15
1.110714e-05 5.973000e-15
1.116907e-05 9.302300e-15
1.123101e-05 1.218900e-14
1.129295e-05 1.153500e-14
1.135489e-05 9.168100e-15
1.141682e-05 7.313500e-15
1.147877e-05 5.963900e-15
1.154070e-05 5.139400e-15
1.160263e-05 4.546400e-15
1.166458e-05 4.175400e-15
1.172651e-05 3.985400e-15
1.178846e-05 3.922700e-15
1.185039e-05 4.097500e-15
1.191233e-05 4.325300e-15
1.197427e-05 4.412600e-15
1.203620e-05 4.353400e-15
1.209815e-05 4.190100e-15
1.216008e-05 4.005700e-15
1.222202e-05 4.075800e-15
1.228395e-05 4.407300e-15
1.234589e-05 4.540500e-15
1.240783e-05 4.615700e-15
1.246977e-05 4.920000e-15
1.253171e-05 5.177600e-15
1.259364e-05 5.508900e-15
1.265559e-05 5.693100e-15
1.271752e-05 6.164400e-15
1.277946e-05 8.128000e-15
1.284140e-05 7.826100e-15
1.290333e-05 4.588200e-15
1.296528e-05 3.379900e-15
1.302721e-05 3.110700e-15
1.308914e-05 2.976400e-15
1.315109e-05 2.942000e-15
1.321302e-05 2.874000e-15
1.327496e-05 2.810600e-15
1.333690e-05 2.789600e-15
1.339884e-05 2.746800e-15
1.346077e-05 2.714400e-15
1.352271e-05 2.733800e-15
1.358465e-05 2.651900e-15
1.364659e-05 2.566700e-15
1.370853e-05 2.421400e-15
1.377046e-05 2.296400e-15
1.383241e-05 2.270900e-15
1.389434e-05 2.284000e-15
1.395627e-05 2.295300e-15
1.401822e-05 2.285100e-15
1.408015e-05 2.303700e-15
1.414209e-05 2.366600e-15
1.420403e-05 2.381000e-15
1.426597e-05 2.279700e-15
1.432791e-05 2.199000e-15
1.438984e-05 2.071000e-15
1.445179e-05 1.987700e-15
1.450508e-05 1.966100e-15
1.459654e-05 1.937200e-15
1.468801e-05 1.850900e-15
1.477947e-05 1.824500e-15
1.487093e-05 1.813400e-15
1.496238e-05 1.765800e-15
1.505385e-05 1.761300e-15
1.514531e-05 1.761700e-15
1.523677e-05 1.772500e-15
1.532824e-05 1.831500e-15
1.541970e-05 1.896400e-15
1.551116e-05 2.473400e-15
1.560262e-05 2.526200e-15
1.569409e-05 1.982100e-15
1.578555e-05 1.913400e-15
1.587701e-05 1.978300e-15
1.596847e-05 1.948900e-15
1.605994e-05 1.985300e-15
1.615139e-05 2.063100e-15
1.624286e-05 2.193200e-15
1.633432e-05 2.669000e-15
1.642578e-05 3.186500e-15
1.651724e-05 3.015500e-15
1.660871e-05 2.785300e-15
1.670017e-05 2.727500e-15
1.679163e-05 2.811700e-15
1.688309e-05 2.754800e-15
1.697456e-05 3.339500e-15
1.706602e-05 3.472400e-15
1.715748e-05 2.938300e-15
1.724894e-05 2.953300e-15
1.734040e-05 2.937200e-15
1.743186e-05 2.709100e-15
1.752333e-05 2.353900e-15
1.761479e-05 2.181700e-15
1.770625e-05 2.117700e-15
1.779771e-05 2.081900e-15
1.788918e-05 2.023200e-15
1.798064e-05 1.881600e-15
1.807210e-05 1.798800e-15
1.816357e-05 1.751400e-15
1.825502e-05 1.723900e-15
1.834648e-05 1.744300e-15
1.843795e-05 1.734200e-15
1.852941e-05 1.851900e-15
1.862087e-05 2.456400e-15
1.871233e-05 3.403400e-15
1.880380e-05 2.540300e-15
1.889526e-05 1.900900e-15
1.898672e-05 1.808700e-15
1.907819e-05 1.803600e-15
1.916965e-05 1.691500e-15
1.926110e-05 1.668500e-15
1.935256e-05 1.619800e-15
1.944403e-05 1.657700e-15
1.953549e-05 1.669200e-15
1.962695e-05 1.684500e-15
1.971842e-05 1.630900e-15
1.980988e-05 1.673200e-15
1.990134e-05 1.610800e-15
1.999280e-05 1.587500e-15
2.008427e-05 1.611300e-15
2.017573e-05 1.634100e-15
2.026719e-05 1.589000e-15
2.035865e-05 1.563900e-15
2.050349e-05 1.493300e-15
2.067855e-05 1.624300e-15
2.085370e-05 1.585900e-15
2.102896e-05 1.520400e-15
2.120431e-05 1.656500e-15
2.137975e-05 1.643000e-15
2.155528e-05 1.545900e-15
2.173091e-05 1.607300e-15
2.190664e-05 1.678700e-15
2.208246e-05 1.623500e-15
2.225838e-05 1.605100e-15
2.243440e-05 1.620000e-15
2.261050e-05 1.671000e-15
2.278671e-05 1.652200e-15
2.296301e-05 1.594700e-15
2.313941e-05 1.637000e-15
2.331590e-05 1.670800e-15
2.349250e-05 1.687900e-15
2.366918e-05 1.652800e-15
2.384597e-05 1.656800e-15
2.402285e-05 1.669000e-15
2.419983e-05 1.684600e-15
2.437691e-05 1.652800e-15
2.455409e-05 1.612200e-15
2.473136e-05 1.639000e-15
2.490873e-05 1.650600e-15
2.508619e-05 1.711700e-15
2.526376e-05 1.694200e-15
2.544143e-05 1.666500e-15
2.561920e-05 1.695300e-15
2.579706e-05 1.762300e-15
2.597502e-05 1.808500e-15
2.615308e-05 1.715900e-15
2.633124e-05 1.661300e-15
2.650950e-05 1.647300e-15
2.668786e-05 1.668800e-15
2.686632e-05 1.663400e-15
2.704488e-05 1.682900e-15
2.722354e-05 1.678800e-15
2.740230e-05 1.659600e-15
2.758117e-05 1.649400e-15
2.776012e-05 1.670400e-15
2.793918e-05 1.718800e-15
2.811835e-05 1.861500e-15
2.829762e-05 1.802200e-15
2.847697e-05 1.693800e-15
2.865644e-05 1.653100e-15
2.883601e-05 1.649600e-15
2.901569e-05 1.695400e-15
2.919546e-05 1.718900e-15
2.937533e-05 1.680600e-15
2.955531e-05 1.705800e-15
2.973539e-05 1.717900e-15
2.991557e-05 1.715600e-15
3.009586e-05 1.703400e-15
3.027624e-05 1.769200e-15
3.045674e-05 1.734200e-15
3.063733e-05 1.754500e-15
3.081802e-05 1.750400e-15
3.099883e-05 1.756000e-15
3.117974e-05 1.783800e-15
3.136075e-05 1.723900e-15
3.154187e-05 1.754600e-15
3.172308e-05 1.811100e-15
3.190441e-05 1.754200e-15
3.208584e-05 1.812900e-15
3.226738e-05 1.900800e-15
3.244901e-05 1.829100e-15
3.263076e-05 1.879900e-15
3.281261e-05 1.880900e-15
3.299456e-05 1.901600e-15
3.317662e-05 2.044800e-15
3.335879e-05 2.895000e-15
3.354107e-05 2.976700e-15
3.372345e-05 2.027800e-15
3.390594e-05 1.950200e-15
3.408853e-05 1.897600e-15
3.427123e-05 1.863200e-15
3.445405e-05 1.906000e-15
3.463696e-05 3.068200e-15
3.481999e-05 4.051800e-15
