1.020500e-08 1.471200e-21
1.039500e-08 1.865000e-21
1.058800e-08 2.424800e-21
1.081000e-08 3.196600e-21
1.101100e-08 5.008200e-21
1.139800e-08 7.864700e-21
1.179800e-08 1.155300e-20
1.210100e-08 3.978200e-20
1.249700e-08 5.619300e-20
1.270000e-08 6.541600e-20
1.278800e-08 7.123300e-20
1.308600e-08 8.763600e-20
1.320700e-08 1.036800e-19
1.339100e-08 1.179500e-19
1.370300e-08 1.587400e-19
1.399000e-08 1.912900e-19
1.431600e-08 4.412500e-19
1.468300e-08 9.832900e-19
1.509500e-08 1.201400e-18
1.551700e-08 1.471200e-18
1.591500e-08 1.789300e-18
1.621100e-08 2.063900e-18
1.658900e-08 2.498500e-18
1.701500e-08 2.962700e-18
1.729100e-08 3.362700e-18
1.769400e-08 3.950800e-18
1.798100e-08 4.432800e-18
1.818900e-08 4.793800e-18
1.861300e-08 5.555000e-18
1.909100e-08 6.632600e-18
1.940100e-08 7.390700e-18
1.980700e-08 8.407800e-18
2.022200e-08 9.587000e-18
2.050300e-08 1.053600e-17
2.098100e-08 1.176700e-17
2.161800e-08 1.451100e-17
2.202000e-08 1.624400e-17
2.227500e-08 1.744500e-17
2.268900e-08 1.948400e-17
2.300500e-08 3.066800e-17
2.337900e-08 5.478800e-17
2.397800e-08 7.306100e-17
2.459300e-08 7.597700e-17
2.522400e-08 8.603600e-17
2.569300e-08 7.739000e-17
2.599100e-08 9.240200e-17
2.641300e-08 1.008500e-16
2.690400e-08 1.065800e-16
2.740400e-08 1.121200e-16
2.791400e-08 1.176700e-16
2.836700e-08 1.237900e-16
2.902800e-08 1.249300e-16
2.956800e-08 1.344900e-16
3.011800e-08 1.379400e-16
3.081900e-08 1.478000e-16
3.182900e-08 1.624400e-16
3.279600e-08 1.736500e-16
3.379200e-08 1.839400e-16
3.481900e-08 1.935000e-16
3.571200e-08 2.026200e-16
3.662900e-08 2.121700e-16
3.748200e-08 2.201300e-16
3.853200e-08 2.221700e-16
3.952000e-08 2.364200e-16
4.053400e-08 2.452900e-16
4.138300e-08 2.510100e-16
4.215200e-08 2.550800e-16
4.303500e-08 2.592300e-16
4.413900e-08 2.671100e-16
4.506300e-08 2.708200e-16
4.600700e-08 2.745900e-16
4.697000e-08 2.790500e-16
4.795300e-08 2.842400e-16
4.895800e-08 2.855500e-16
4.998300e-08 2.915300e-16
5.056100e-08 2.922000e-16
5.114700e-08 3.080900e-16
5.197800e-08 3.109400e-16
5.294400e-08 3.116600e-16
5.405300e-08 3.095200e-16
5.505800e-08 3.138200e-16
5.595300e-08 3.256000e-16
5.699300e-08 3.339500e-16
5.805200e-08 3.331800e-16
5.899600e-08 3.425200e-16
5.995400e-08 3.386000e-16
6.106900e-08 3.203900e-16
6.206100e-08 3.619800e-16
6.307000e-08 3.644900e-16
6.394700e-08 3.738400e-16
6.498600e-08 3.807900e-16
6.573800e-08 3.807900e-16
6.650000e-08 3.950800e-16
6.742500e-08 4.052100e-16
6.852000e-08 3.969000e-16
6.947400e-08 4.282400e-16
7.044000e-08 4.137000e-16
7.158500e-08 4.567500e-16
7.258000e-08 4.684700e-16
7.342100e-08 4.816000e-16
7.444200e-08 4.950900e-16
7.547800e-08 5.101300e-16
7.652800e-08 4.950900e-16
7.741400e-08 5.453600e-16
7.849100e-08 5.529500e-16
7.958300e-08 5.816800e-16
8.050400e-08 6.049000e-16
8.143700e-08 6.261600e-16
8.256900e-08 6.571800e-16
8.352600e-08 5.952300e-16
8.449300e-08 6.929200e-16
8.547100e-08 7.106900e-16
8.646100e-08 7.493500e-16
8.746200e-08 7.828600e-16
8.847500e-08 8.197500e-16
8.949900e-08 8.524800e-16
9.053600e-08 8.663300e-16
9.158400e-08 1.044000e-15
9.243100e-08 3.721200e-15
9.350200e-08 7.306000e-15
9.458400e-08 1.293300e-14
9.546000e-08 1.760700e-14
9.656500e-08 2.049700e-14
9.745800e-08 4.871700e-15
9.858700e-08 1.895300e-14
9.949900e-08 1.943900e-14
1.004200e-07 2.646600e-14
1.015830e-07 2.539100e-14
1.025230e-07 1.187600e-14
1.034710e-07 1.952900e-14
1.044290e-07 3.417300e-14
1.053950e-07 3.393800e-14
1.066150e-07 2.816300e-14
1.076020e-07 3.286100e-14
1.085970e-07 2.727000e-14
1.096020e-07 3.464800e-14
1.106160e-07 3.370400e-14
1.113830e-07 3.308900e-14
1.124140e-07 3.024700e-14
1.134540e-07 3.704100e-14
1.145040e-07 3.425200e-14
1.155630e-07 3.611500e-14
1.166320e-07 3.729800e-14
1.174410e-07 2.714500e-14
1.185280e-07 3.636500e-14
1.196240e-07 2.702000e-14
1.204540e-07 2.102200e-14
1.215680e-07 1.373000e-14
1.224110e-07 2.610300e-14
1.235430e-07 3.738400e-14
1.244000e-07 4.099000e-14
1.255510e-07 3.996500e-14
1.264210e-07 3.561900e-14
1.275910e-07 4.422600e-14
1.284750e-07 4.620400e-14
1.293660e-07 3.869700e-14
1.305630e-07 3.834300e-14
1.314680e-07 4.620400e-14
1.323790e-07 4.473900e-14
1.336040e-07 4.089600e-14
1.345300e-07 4.695500e-14
1.354630e-07 4.588600e-14
1.364020e-07 4.213900e-14
1.373470e-07 4.382100e-14
1.386180e-07 4.443100e-14
1.395790e-07 3.869700e-14
1.405460e-07 3.978200e-14
1.415210e-07 4.223600e-14
1.425020e-07 4.282400e-14
1.434890e-07 4.312000e-14
1.441520e-07 4.504900e-14
1.448170e-07 4.567500e-14
1.454850e-07 4.473900e-14
1.464940e-07 4.204200e-14
1.475090e-07 4.213900e-14
1.485320e-07 4.282400e-14
1.495610e-07 4.341900e-14
1.505980e-07 4.165600e-14
1.512930e-07 3.807900e-14
1.516420e-07 4.024200e-14
1.523420e-07 3.932600e-14
1.533980e-07 3.496900e-14
1.544610e-07 3.704100e-14
1.555320e-07 3.545500e-14
1.566100e-07 3.670100e-14
1.573330e-07 3.905600e-14
1.584230e-07 4.061500e-14
1.595220e-07 4.156100e-14
1.606270e-07 4.061500e-14
1.613690e-07 4.070800e-14
1.624870e-07 3.905600e-14
1.636140e-07 4.127500e-14
1.643690e-07 4.184900e-14
1.655080e-07 3.941700e-14
1.666550e-07 4.243100e-14
1.670400e-07 3.852000e-14
1.678110e-07 4.322000e-14
1.685850e-07 4.453300e-14
1.693630e-07 4.223600e-14
1.705370e-07 4.099000e-14
1.713240e-07 3.950800e-14
1.725120e-07 3.932600e-14
1.733080e-07 4.175200e-14
1.745100e-07 4.099000e-14
1.753150e-07 4.322000e-14
1.765300e-07 4.024200e-14
1.773450e-07 4.118000e-14
1.785750e-07 4.194500e-14
1.793990e-07 4.432800e-14
1.806420e-07 4.402300e-14
1.814760e-07 4.146500e-14
1.823140e-07 4.213900e-14
1.835780e-07 4.089600e-14
1.844250e-07 3.799100e-14
1.857030e-07 3.852000e-14
1.865600e-07 3.978200e-14
1.874210e-07 4.204200e-14
1.882870e-07 3.941700e-14
1.895920e-07 3.843100e-14
1.904670e-07 4.024200e-14
1.913460e-07 3.923600e-14
1.926720e-07 3.825500e-14
1.935620e-07 3.869700e-14
1.944550e-07 4.127500e-14
1.953530e-07 3.905600e-14
1.967070e-07 4.233300e-14
1.976150e-07 4.312000e-14
1.985270e-07 4.146500e-14
1.994430e-07 4.061500e-14
2.003640e-07 4.137000e-14
2.012890e-07 4.061500e-14
2.026840e-07 4.146500e-14
2.036200e-07 4.052100e-14
2.045590e-07 4.194500e-14
2.055040e-07 3.950800e-14
2.064520e-07 4.005700e-14
2.074050e-07 4.331900e-14
2.078830e-07 4.402300e-14
2.083620e-07 4.609800e-14
2.093240e-07 4.382100e-14
2.102900e-07 4.382100e-14
2.112610e-07 4.484200e-14
2.127250e-07 4.463600e-14
2.137070e-07 4.204200e-14
2.146940e-07 4.432800e-14
2.156850e-07 4.546600e-14
2.166800e-07 4.341900e-14
2.176800e-07 4.341900e-14
2.186850e-07 4.453300e-14
2.196950e-07 4.609800e-14
2.207090e-07 4.494500e-14
2.217270e-07 4.175200e-14
2.227510e-07 4.184900e-14
2.232640e-07 4.599200e-14
2.242950e-07 4.422600e-14
2.253300e-07 4.099000e-14
2.263700e-07 4.118000e-14
2.274150e-07 4.272500e-14
2.284650e-07 4.567500e-14
2.295190e-07 4.223500e-14
2.305790e-07 4.422000e-14
2.316430e-07 4.183600e-14
2.327120e-07 3.463300e-14
2.332490e-07 3.753700e-14
2.343250e-07 3.470600e-14
2.354070e-07 4.039600e-14
2.364940e-07 3.501700e-14
2.375850e-07 3.725800e-14
2.386820e-07 3.274600e-14
2.392320e-07 3.524700e-14
2.403360e-07 3.436100e-14
2.414460e-07 3.572700e-14
2.425600e-07 4.110900e-14
2.436800e-07 4.016700e-14
2.442410e-07 4.323500e-14
2.453690e-07 4.352800e-14
2.465010e-07 4.185100e-14
2.476390e-07 3.968700e-14
2.487820e-07 3.694700e-14
2.493560e-07 3.585500e-14
2.505070e-07 4.320000e-14
2.510840e-07 3.407600e-14
2.516630e-07 3.345100e-14
2.522430e-07 3.306600e-14
2.534070e-07 3.608400e-14
2.545770e-07 3.632900e-14
2.557520e-07 4.346900e-14
2.563420e-07 3.964100e-14
2.575250e-07 4.355900e-14
2.587140e-07 4.197700e-14
2.593100e-07 4.036300e-14
2.605070e-07 3.809900e-14
2.617090e-07 3.679900e-14
2.623130e-07 4.100200e-14
2.635240e-07 4.928800e-14
2.647400e-07 5.816600e-14
2.653500e-07 6.755100e-14
2.665750e-07 5.315700e-14
2.678050e-07 5.747700e-14
2.684230e-07 6.115900e-14
2.696620e-07 5.228600e-14
2.702840e-07 5.785600e-14
2.715310e-07 4.946300e-14
2.727840e-07 4.615400e-14
2.734130e-07 5.130700e-14
2.746750e-07 3.882400e-14
2.753080e-07 4.355800e-14
2.765790e-07 4.920300e-14
2.772170e-07 5.187500e-14
2.784960e-07 4.158000e-14
2.797820e-07 2.943100e-14
2.804270e-07 3.204600e-14
2.817210e-07 4.928300e-14
2.823710e-07 5.965700e-14
2.836740e-07 5.748900e-14
2.843280e-07 5.029800e-14
2.856400e-07 4.059500e-14
2.862990e-07 5.894400e-14
2.876200e-07 6.719900e-14
2.882830e-07 6.358000e-14
2.896140e-07 6.954200e-14
2.909510e-07 8.456100e-14
2.929670e-07 7.745600e-14
2.949980e-07 7.412000e-14
2.970430e-07 7.705800e-14
2.991020e-07 7.793000e-14
3.011750e-07 7.935700e-14
3.032630e-07 8.174500e-14
3.046630e-07 8.440800e-14
3.067750e-07 8.836100e-14
3.089010e-07 8.793100e-14
3.110420e-07 9.506400e-14
3.131980e-07 9.076000e-14
3.146440e-07 9.053400e-14
3.168250e-07 9.653500e-14
3.190210e-07 8.720800e-14
3.212320e-07 9.450000e-14
3.227150e-07 8.401300e-14
3.249520e-07 1.054900e-13
3.272050e-07 1.180600e-13
3.287150e-07 1.164100e-13
3.309930e-07 1.124300e-13
3.325210e-07 1.083400e-13
3.332880e-07 1.142200e-13
3.340560e-07 1.029700e-13
3.348260e-07 1.229300e-13
3.355980e-07 1.182000e-13
3.363720e-07 8.621000e-14
3.371470e-07 9.605400e-14
3.379240e-07 1.189800e-13
3.387030e-07 1.136100e-13
3.394840e-07 1.128200e-13
3.402670e-07 1.316200e-13
3.410510e-07 1.102300e-13
3.418370e-07 1.052600e-13
3.426250e-07 1.159300e-13
3.434150e-07 1.285700e-13
3.442070e-07 1.047400e-13
3.450000e-07 1.119600e-13
3.457960e-07 1.172200e-13
3.465930e-07 1.066500e-13
3.473920e-07 1.250000e-13
3.481930e-07 1.106300e-13
3.489950e-07 1.212900e-13
3.498000e-07 1.106100e-13
3.506060e-07 1.305400e-13
3.514140e-07 1.139400e-13
3.522240e-07 1.281300e-13
3.530360e-07 1.087900e-13
3.538500e-07 1.298800e-13
3.546660e-07 1.335100e-13
3.554840e-07 1.331900e-13
3.563030e-07 1.251400e-13
3.571240e-07 1.062600e-13
3.579480e-07 1.143700e-13
3.587730e-07 9.252700e-14
3.596000e-07 1.205600e-13
3.604290e-07 1.340200e-13
3.612600e-07 1.062000e-13
3.620920e-07 1.199700e-13
3.621930e-07 1.281300e-13
3.624670e-07 1.183800e-13
3.627420e-07 1.137700e-13
3.630160e-07 1.254800e-13
3.632900e-07 1.237200e-13
3.635640e-07 1.319800e-13
3.638390e-07 1.315600e-13
3.641130e-07 1.288900e-13
3.643870e-07 1.345500e-13
3.646610e-07 1.406300e-13
3.649360e-07 1.484600e-13
3.652100e-07 1.499500e-13
3.654840e-07 1.504300e-13
3.657580e-07 1.415100e-13
3.660330e-07 1.411500e-13
3.663070e-07 1.381200e-13
3.665810e-07 1.391800e-13
3.668550e-07 1.426900e-13
3.671300e-07 1.309300e-13
3.674040e-07 1.326500e-13
3.676780e-07 1.316800e-13
3.679520e-07 1.341000e-13
3.682270e-07 1.335800e-13
3.685010e-07 1.400400e-13
3.687750e-07 1.434800e-13
3.690490e-07 1.425200e-13
3.693240e-07 1.395000e-13
3.695980e-07 1.425900e-13
3.698720e-07 1.415700e-13
3.701460e-07 1.333800e-13
3.704210e-07 1.399200e-13
3.706950e-07 1.459600e-13
3.709690e-07 1.400000e-13
3.712430e-07 1.450800e-13
3.715180e-07 1.623400e-13
3.717920e-07 1.877600e-13
3.720660e-07 1.864700e-13
3.723400e-07 1.567400e-13
3.726150e-07 1.405200e-13
3.728890e-07 1.250100e-13
3.731630e-07 1.305400e-13
3.734380e-07 1.298700e-13
3.737120e-07 1.246600e-13
3.739860e-07 1.148900e-13
3.742600e-07 1.231500e-13
3.745350e-07 1.311200e-13
3.748090e-07 1.385600e-13
3.750830e-07 1.392500e-13
3.753570e-07 1.362000e-13
3.756320e-07 1.403400e-13
3.759060e-07 1.384600e-13
3.761800e-07 1.421300e-13
3.764540e-07 1.556200e-13
3.767290e-07 1.617300e-13
3.770030e-07 1.705400e-13
3.772770e-07 1.753500e-13
3.775510e-07 1.742000e-13
3.778260e-07 1.678600e-13
3.781000e-07 1.530600e-13
3.783740e-07 1.472000e-13
3.786480e-07 1.404900e-13
3.789230e-07 1.411500e-13
3.791970e-07 1.440100e-13
3.794710e-07 1.545700e-13
3.797450e-07 1.634900e-13
3.800200e-07 1.655000e-13
3.802940e-07 1.619200e-13
3.805680e-07 1.519800e-13
3.808420e-07 1.461300e-13
3.811170e-07 1.418900e-13
3.813910e-07 1.325800e-13
3.816650e-07 1.285500e-13
3.819390e-07 1.206200e-13
3.822140e-07 1.108200e-13
3.824880e-07 1.082700e-13
3.827620e-07 1.115800e-13
3.830360e-07 1.177300e-13
3.833110e-07 1.332200e-13
3.835850e-07 1.450000e-13
3.838590e-07 1.453400e-13
3.841330e-07 1.544100e-13
3.844080e-07 1.522200e-13
3.846820e-07 1.504700e-13
3.849560e-07 1.540900e-13
3.852300e-07 1.562600e-13
3.855050e-07 1.636400e-13
3.857790e-07 1.619900e-13
3.860530e-07 1.615600e-13
3.863270e-07 1.616300e-13
3.866020e-07 1.533300e-13
3.868760e-07 1.528500e-13
3.871500e-07 1.487300e-13
3.874240e-07 1.424900e-13
3.876990e-07 1.400400e-13
3.879730e-07 1.467700e-13
3.882470e-07 1.516500e-13
3.885210e-07 1.581100e-13
3.887960e-07 1.641800e-13
3.890700e-07 1.748800e-13
3.893440e-07 1.744500e-13
3.896180e-07 1.827000e-13
3.898930e-07 1.863100e-13
3.901670e-07 1.894200e-13
3.904410e-07 1.920000e-13
3.907150e-07 1.855300e-13
3.909900e-07 1.820800e-13
3.912640e-07 1.644100e-13
3.915380e-07 1.512800e-13
3.918120e-07 1.350800e-13
3.920870e-07 1.098500e-13
3.923610e-07 1.007100e-13
3.926350e-07 9.987200e-14
3.929100e-07 1.207300e-13
3.931840e-07 1.380700e-13
3.934580e-07 1.541300e-13
3.937320e-07 1.708000e-13
3.940070e-07 1.794200e-13
3.942810e-07 1.833000e-13
3.945550e-07 1.756300e-13
3.948290e-07 1.678800e-13
3.951040e-07 1.507700e-13
3.953780e-07 1.305500e-13
3.956520e-07 1.101500e-13
3.959260e-07 1.016400e-13
3.962010e-07 1.080600e-13
3.964750e-07 1.333300e-13
3.967490e-07 1.583400e-13
3.970230e-07 1.818900e-13
3.972980e-07 1.977900e-13
3.975720e-07 2.071800e-13
3.978460e-07 2.099200e-13
3.981200e-07 2.177700e-13
3.983950e-07 2.185500e-13
3.986690e-07 2.195200e-13
3.989430e-07 2.257700e-13
3.992170e-07 2.288200e-13
3.994920e-07 2.260600e-13
3.997660e-07 2.272100e-13
4.000400e-07 2.318600e-13
4.003140e-07 2.393800e-13
4.005890e-07 2.431100e-13
4.008630e-07 2.424900e-13
4.011370e-07 2.370900e-13
4.014110e-07 2.435600e-13
4.016860e-07 2.407200e-13
4.019600e-07 2.340900e-13
4.022340e-07 2.304600e-13
4.025080e-07 2.303800e-13
4.027830e-07 2.388400e-13
4.030570e-07 2.381900e-13
4.033310e-07 2.320700e-13
4.036050e-07 2.341000e-13
4.038800e-07 2.361700e-13
4.041540e-07 2.361600e-13
4.044280e-07 2.359600e-13
4.047020e-07 2.264100e-13
4.049770e-07 2.277100e-13
4.052510e-07 2.303900e-13
4.055250e-07 2.331100e-13
4.057990e-07 2.342600e-13
4.060740e-07 2.312400e-13
4.063480e-07 2.349300e-13
4.066220e-07 2.295800e-13
4.068960e-07 2.331400e-13
4.071710e-07 2.412200e-13
4.074450e-07 2.518100e-13
4.077190e-07 2.510300e-13
4.079930e-07 2.471900e-13
4.082680e-07 2.389200e-13
4.085420e-07 2.298500e-13
4.088160e-07 2.167700e-13
4.090900e-07 2.063800e-13
4.093650e-07 2.076200e-13
4.096390e-07 2.177000e-13
4.099130e-07 2.223700e-13
4.101870e-07 2.383100e-13
4.104620e-07 2.387800e-13
4.107360e-07 2.445900e-13
4.110100e-07 2.402400e-13
4.112840e-07 2.417900e-13
4.115590e-07 2.403300e-13
4.118330e-07 2.402300e-13
4.121070e-07 2.404200e-13
4.123820e-07 2.400500e-13
4.126560e-07 2.432700e-13
4.129300e-07 2.439100e-13
4.132040e-07 2.393400e-13
4.134790e-07 2.344700e-13
4.137530e-07 2.384500e-13
4.140270e-07 2.367600e-13
4.143010e-07 2.372700e-13
4.145760e-07 2.362700e-13
4.148500e-07 2.388600e-13
4.151240e-07 2.423100e-13
4.153980e-07 2.437400e-13
4.156730e-07 2.434000e-13
4.159470e-07 2.358400e-13
4.162210e-07 2.290800e-13
4.164950e-07 2.285200e-13
4.167700e-07 2.237500e-13
4.170440e-07 2.294600e-13
4.173180e-07 2.341000e-13
4.175920e-07 2.389400e-13
4.178670e-07 2.401300e-13
4.181410e-07 2.393900e-13
4.184150e-07 2.360000e-13
4.186890e-07 2.354300e-13
4.189640e-07 2.373600e-13
4.192380e-07 2.368300e-13
4.195120e-07 2.436700e-13
4.197860e-07 2.520900e-13
4.200610e-07 2.539900e-13
4.203350e-07 2.496600e-13
4.206090e-07 2.516600e-13
4.208830e-07 2.543200e-13
4.211580e-07 2.464700e-13
4.214320e-07 2.392300e-13
4.217060e-07 2.316700e-13
4.219800e-07 2.333000e-13
4.222550e-07 2.447500e-13
4.225290e-07 2.469600e-13
4.228030e-07 2.505000e-13
4.230770e-07 2.563900e-13
4.233520e-07 2.557700e-13
4.236260e-07 2.543100e-13
4.239000e-07 2.546700e-13
4.241740e-07 2.473200e-13
4.244490e-07 2.509900e-13
4.247230e-07 2.506700e-13
4.249970e-07 2.522500e-13
4.252710e-07 2.596800e-13
4.255460e-07 2.598900e-13
4.258200e-07 2.538100e-13
4.260940e-07 2.423700e-13
4.263680e-07 2.370800e-13
4.266430e-07 2.409700e-13
4.269170e-07 2.489100e-13
4.271910e-07 2.504400e-13
4.274650e-07 2.508800e-13
4.277400e-07 2.411500e-13
4.280140e-07 2.361100e-13
4.282880e-07 2.354400e-13
4.285620e-07 2.301300e-13
4.288370e-07 2.194300e-13
4.291110e-07 2.092300e-13
4.293850e-07 2.043700e-13
4.296590e-07 2.058200e-13
4.299340e-07 2.076800e-13
4.302080e-07 2.265900e-13
4.304820e-07 2.482300e-13
4.307560e-07 2.628100e-13
4.310310e-07 2.656200e-13
4.313050e-07 2.622400e-13
4.315790e-07 2.594900e-13
4.318530e-07 2.617800e-13
4.321280e-07 2.674000e-13
4.324020e-07 2.631000e-13
4.326760e-07 2.547000e-13
4.329510e-07 2.489900e-13
4.332250e-07 2.467200e-13
4.334990e-07 2.539400e-13
4.337730e-07 2.613500e-13
4.340480e-07 2.611600e-13
4.343220e-07 2.652500e-13
4.345960e-07 2.713700e-13
4.348700e-07 2.787000e-13
4.351450e-07 2.881100e-13
4.354190e-07 2.892100e-13
4.356930e-07 2.917700e-13
4.359670e-07 2.842200e-13
4.362420e-07 2.740500e-13
4.365160e-07 2.721900e-13
4.367900e-07 2.646200e-13
4.370640e-07 2.571100e-13
4.373390e-07 2.456900e-13
4.376130e-07 2.469100e-13
4.378870e-07 2.513100e-13
4.381610e-07 2.562300e-13
4.384360e-07 2.664700e-13
4.387100e-07 2.747000e-13
4.389840e-07 2.717300e-13
4.392580e-07 2.620200e-13
4.395330e-07 2.564100e-13
4.398070e-07 2.707400e-13
4.400810e-07 2.736500e-13
4.403550e-07 2.811500e-13
4.406300e-07 2.798900e-13
4.409040e-07 2.829900e-13
4.411780e-07 2.842500e-13
4.414520e-07 2.879200e-13
4.417270e-07 2.893000e-13
4.420010e-07 2.893300e-13
4.422750e-07 2.819100e-13
4.425490e-07 2.833700e-13
4.428240e-07 2.950000e-13
4.430980e-07 2.984500e-13
4.433720e-07 3.003500e-13
4.436460e-07 3.058000e-13
4.439210e-07 3.056000e-13
4.441950e-07 3.012700e-13
4.444690e-07 2.926700e-13
4.447430e-07 2.856700e-13
4.450180e-07 2.817600e-13
4.452920e-07 2.866600e-13
4.455660e-07 2.923800e-13
4.458400e-07 3.001700e-13
4.461150e-07 3.139400e-13
4.463890e-07 3.142700e-13
4.466630e-07 3.171900e-13
4.469370e-07 3.170100e-13
4.472120e-07 3.140400e-13
4.474860e-07 3.160200e-13
4.477600e-07 3.141300e-13
4.480340e-07 3.110600e-13
4.483090e-07 3.061600e-13
4.485830e-07 3.081200e-13
4.488570e-07 3.198200e-13
4.491310e-07 3.307800e-13
4.494060e-07 3.364200e-13
4.496800e-07 3.413000e-13
4.499540e-07 3.365200e-13
4.502280e-07 3.311600e-13
4.505030e-07 3.322600e-13
4.507770e-07 3.249300e-13
4.510510e-07 3.235700e-13
4.513250e-07 3.153300e-13
4.516000e-07 3.033400e-13
4.518740e-07 2.956800e-13
4.521480e-07 2.928800e-13
4.524230e-07 2.980300e-13
4.526970e-07 3.100700e-13
4.529710e-07 3.130500e-13
4.532450e-07 3.255700e-13
4.535200e-07 3.145600e-13
4.537940e-07 3.109500e-13
4.540680e-07 3.147400e-13
4.543420e-07 3.110500e-13
4.546170e-07 3.162000e-13
4.548910e-07 3.300400e-13
4.551650e-07 3.313300e-13
4.554390e-07 3.325400e-13
4.557140e-07 3.352900e-13
4.559880e-07 3.349600e-13
4.562620e-07 3.365100e-13
4.565360e-07 3.345100e-13
4.568110e-07 3.257500e-13
4.570850e-07 3.213900e-13
4.573590e-07 3.199600e-13
4.576330e-07 3.208600e-13
4.579080e-07 3.244300e-13
4.581820e-07 3.309500e-13
4.584560e-07 3.235300e-13
4.587300e-07 3.250300e-13
4.590050e-07 3.247100e-13
4.592790e-07 3.280000e-13
4.595530e-07 3.339900e-13
4.598270e-07 3.348600e-13
4.601020e-07 3.483700e-13
4.603760e-07 3.475900e-13
4.606500e-07 3.465600e-13
4.609240e-07 3.511300e-13
4.611990e-07 3.519300e-13
4.614730e-07 3.501500e-13
4.617470e-07 3.459700e-13
4.620210e-07 3.424900e-13
4.622960e-07 3.418200e-13
4.625700e-07 3.380900e-13
4.628440e-07 3.338400e-13
4.631180e-07 3.276800e-13
4.633930e-07 3.299100e-13
4.636670e-07 3.241100e-13
4.639410e-07 3.276900e-13
4.642150e-07 3.292600e-13
4.644900e-07 3.281100e-13
4.647640e-07 3.358900e-13
4.650380e-07 3.386300e-13
4.653120e-07 3.354500e-13
4.655870e-07 3.244800e-13
4.658610e-07 3.219400e-13
4.661350e-07 3.213500e-13
4.664090e-07 3.205600e-13
4.666840e-07 3.315900e-13
4.669580e-07 3.257400e-13
4.672320e-07 3.297400e-13
4.675060e-07 3.264600e-13
4.677810e-07 3.317700e-13
4.680550e-07 3.295100e-13
4.683290e-07 3.323800e-13
4.686030e-07 3.327100e-13
4.688780e-07 3.243700e-13
4.691520e-07 3.241900e-13
4.694260e-07 3.212500e-13
4.697000e-07 3.236900e-13
4.699750e-07 3.268100e-13
4.702490e-07 3.288900e-13
4.705230e-07 3.352200e-13
4.707970e-07 3.398000e-13
4.710720e-07 3.426500e-13
4.713460e-07 3.413200e-13
4.716200e-07 3.377700e-13
4.718950e-07 3.343600e-13
4.721690e-07 3.294200e-13
4.724430e-07 3.332300e-13
4.727170e-07 3.387100e-13
4.729920e-07 3.420000e-13
4.732660e-07 3.435000e-13
4.735400e-07 3.484600e-13
4.738140e-07 3.491600e-13
4.740890e-07 3.485300e-13
4.743630e-07 3.469400e-13
4.746370e-07 3.403700e-13
4.749110e-07 3.380900e-13
4.751860e-07 3.352300e-13
4.754600e-07 3.293000e-13
4.757340e-07 3.315000e-13
4.760080e-07 3.374900e-13
4.762830e-07 3.445000e-13
4.765570e-07 3.530500e-13
4.768310e-07 3.502500e-13
4.771050e-07 3.497600e-13
4.773800e-07 3.461900e-13
4.776540e-07 3.446600e-13
4.779280e-07 3.419400e-13
4.782020e-07 3.535500e-13
4.784770e-07 3.559700e-13
4.787510e-07 3.566000e-13
4.790250e-07 3.561700e-13
4.792990e-07 3.554000e-13
4.795740e-07 3.498300e-13
4.798480e-07 3.510600e-13
4.801220e-07 3.531000e-13
4.803960e-07 3.581700e-13
4.806710e-07 3.624200e-13
4.809450e-07 3.605000e-13
4.812190e-07 3.600900e-13
4.814930e-07 3.549400e-13
4.817680e-07 3.532000e-13
4.820420e-07 3.549300e-13
4.823160e-07 3.509500e-13
4.825900e-07 3.544000e-13
4.828650e-07 3.477400e-13
4.831390e-07 3.464100e-13
4.834130e-07 3.468500e-13
4.836870e-07 3.413700e-13
4.839620e-07 3.405700e-13
4.842360e-07 3.318100e-13
4.845100e-07 3.228400e-13
4.847840e-07 3.278200e-13
4.850590e-07 3.376300e-13
4.853330e-07 3.343100e-13
4.856070e-07 3.210600e-13
4.858810e-07 3.122000e-13
4.861560e-07 3.095100e-13
4.864300e-07 3.119100e-13
4.867040e-07 3.168800e-13
4.869780e-07 3.256100e-13
4.872530e-07 3.273800e-13
4.875270e-07 3.215000e-13
4.878010e-07 3.215500e-13
4.880750e-07 3.223100e-13
4.883500e-07 3.331000e-13
4.886240e-07 3.431200e-13
4.888980e-07 3.490600e-13
4.891720e-07 3.496200e-13
4.894470e-07 3.416500e-13
4.897210e-07 3.389100e-13
4.899950e-07 3.394400e-13
4.902690e-07 3.352600e-13
4.905440e-07 3.318400e-13
4.908180e-07 3.235800e-13
4.910920e-07 3.201400e-13
4.913670e-07 3.230900e-13
4.916410e-07 3.327400e-13
4.919150e-07 3.393400e-13
4.921890e-07 3.436800e-13
4.924640e-07 3.442900e-13
4.927380e-07 3.386500e-13
4.930120e-07 3.377400e-13
4.932860e-07 3.456300e-13
4.935610e-07 3.520500e-13
4.938350e-07 3.601800e-13
4.941090e-07 3.607400e-13
4.943830e-07 3.574700e-13
4.946580e-07 3.561500e-13
4.949320e-07 3.518700e-13
4.952060e-07 3.543000e-13
4.954800e-07 3.515800e-13
4.957550e-07 3.461900e-13
4.960290e-07 3.459100e-13
4.963030e-07 3.462200e-13
4.965770e-07 3.452200e-13
4.968520e-07 3.438000e-13
4.971260e-07 3.304400e-13
4.974000e-07 3.309700e-13
4.976740e-07 3.346200e-13
4.979490e-07 3.357500e-13
4.982230e-07 3.445300e-13
4.984970e-07 3.463500e-13
4.987710e-07 3.416100e-13
4.990460e-07 3.374400e-13
4.993200e-07 3.382500e-13
4.995940e-07 3.434500e-13
4.998680e-07 3.480100e-13
5.001430e-07 3.333200e-13
5.004170e-07 3.198800e-13
5.006910e-07 3.130400e-13
5.009650e-07 3.152400e-13
5.012400e-07 3.155900e-13
5.015140e-07 3.234900e-13
5.017880e-07 3.280900e-13
5.020620e-07 3.331500e-13
5.023370e-07 3.351400e-13
5.026110e-07 3.302700e-13
5.028850e-07 3.243800e-13
5.031590e-07 3.237000e-13
5.034340e-07 3.232000e-13
5.037080e-07 3.305000e-13
5.039820e-07 3.322000e-13
5.042560e-07 3.343100e-13
5.045310e-07 3.429800e-13
5.048050e-07 3.492400e-13
5.050790e-07 3.463600e-13
5.053530e-07 3.427500e-13
5.056280e-07 3.421500e-13
5.059020e-07 3.362400e-13
5.061760e-07 3.348200e-13
5.064500e-07 3.308400e-13
5.067250e-07 3.308200e-13
5.069990e-07 3.296900e-13
5.072730e-07 3.243200e-13
5.075470e-07 3.309400e-13
5.078220e-07 3.390300e-13
5.080960e-07 3.451000e-13
5.083700e-07 3.427400e-13
5.086440e-07 3.363300e-13
5.089190e-07 3.356400e-13
5.091930e-07 3.287400e-13
5.094670e-07 3.318400e-13
5.097410e-07 3.306500e-13
5.100160e-07 3.322900e-13
5.102900e-07 3.344000e-13
5.105640e-07 3.443000e-13
5.108390e-07 3.469100e-13
5.111130e-07 3.416200e-13
5.113870e-07 3.326300e-13
5.116610e-07 3.282800e-13
5.119360e-07 3.256800e-13
5.122100e-07 3.288700e-13
5.124840e-07 3.305300e-13
5.127580e-07 3.330300e-13
5.130330e-07 3.337700e-13
5.133070e-07 3.300600e-13
5.135810e-07 3.248500e-13
5.138550e-07 3.208200e-13
5.141300e-07 3.197400e-13
5.144040e-07 3.266400e-13
5.146780e-07 3.317400e-13
5.149520e-07 3.312300e-13
5.152270e-07 3.216000e-13
5.155010e-07 3.035900e-13
5.157750e-07 2.864800e-13
5.160490e-07 2.761900e-13
5.163240e-07 2.790000e-13
5.165980e-07 2.867400e-13
5.168720e-07 2.947600e-13
5.171460e-07 2.958700e-13
5.174210e-07 2.957000e-13
5.176950e-07 2.985300e-13
5.179690e-07 3.100500e-13
5.182430e-07 3.201000e-13
5.185180e-07 3.287300e-13
5.187920e-07 3.328600e-13
5.190660e-07 3.347000e-13
5.193400e-07 3.322100e-13
5.196150e-07 3.203100e-13
5.198890e-07 3.221800e-13
5.201630e-07 3.265500e-13
5.204370e-07 3.336900e-13
5.207120e-07 3.439400e-13
5.209860e-07 3.444500e-13
5.212600e-07 3.402500e-13
5.215340e-07 3.364700e-13
5.218090e-07 3.303600e-13
5.220830e-07 3.349000e-13
5.223570e-07 3.364100e-13
5.226310e-07 3.471600e-13
5.229060e-07 3.553800e-13
5.231800e-07 3.607700e-13
5.234540e-07 3.601500e-13
5.237280e-07 3.531700e-13
5.240030e-07 3.518600e-13
5.242770e-07 3.501000e-13
5.245510e-07 3.496200e-13
5.248250e-07 3.457600e-13
5.251000e-07 3.376800e-13
5.253740e-07 3.293200e-13
5.256480e-07 3.173200e-13
5.259220e-07 3.131200e-13
5.261970e-07 3.204000e-13
5.264710e-07 3.346600e-13
5.267450e-07 3.441600e-13
5.270190e-07 3.534600e-13
5.272940e-07 3.577200e-13
5.275680e-07 3.664400e-13
5.278420e-07 3.695600e-13
5.281160e-07 3.739100e-13
5.283910e-07 3.758500e-13
5.286650e-07 3.644500e-13
5.289390e-07 3.652800e-13
5.292130e-07 3.719600e-13
5.294880e-07 3.784000e-13
5.297620e-07 3.839800e-13
5.300360e-07 3.884900e-13
5.303100e-07 3.837600e-13
5.305850e-07 3.817000e-13
5.308590e-07 3.777500e-13
5.311330e-07 3.676400e-13
5.314080e-07 3.615300e-13
5.316820e-07 3.541700e-13
5.319560e-07 3.497100e-13
5.322300e-07 3.507300e-13
5.325050e-07 3.619900e-13
5.327790e-07 3.724300e-13
5.330530e-07 3.683000e-13
5.333270e-07 3.687700e-13
5.336020e-07 3.616300e-13
5.338760e-07 3.712100e-13
5.341500e-07 3.770500e-13
5.344240e-07 3.846500e-13
5.346990e-07 3.978600e-13
5.349730e-07 4.004400e-13
5.352470e-07 3.791600e-13
5.355210e-07 3.760600e-13
5.357960e-07 3.658900e-13
5.360700e-07 3.647000e-13
5.363440e-07 3.664600e-13
5.366180e-07 3.737600e-13
5.368930e-07 3.786100e-13
5.371670e-07 3.769300e-13
5.374410e-07 3.822100e-13
5.377150e-07 3.743200e-13
5.379900e-07 3.680300e-13
5.382640e-07 3.650500e-13
5.385380e-07 3.619100e-13
5.388120e-07 3.585600e-13
5.390870e-07 3.545200e-13
5.393610e-07 3.505000e-13
5.396350e-07 3.475800e-13
5.399090e-07 3.501500e-13
5.401840e-07 3.564800e-13
5.404580e-07 3.686300e-13
5.407320e-07 3.767600e-13
5.410060e-07 3.723800e-13
5.412810e-07 3.755100e-13
5.415550e-07 3.718500e-13
5.418290e-07 3.709400e-13
5.421030e-07 3.668300e-13
5.423780e-07 3.628600e-13
5.426520e-07 3.684500e-13
5.429260e-07 3.766200e-13
5.432000e-07 3.737800e-13
5.434750e-07 3.696100e-13
5.437490e-07 3.643800e-13
5.440230e-07 3.623200e-13
5.442970e-07 3.629700e-13
5.445720e-07 3.663600e-13
5.448460e-07 3.653200e-13
5.451200e-07 3.714000e-13
5.453940e-07 3.689100e-13
5.456690e-07 3.675600e-13
5.459430e-07 3.665300e-13
5.462170e-07 3.601800e-13
5.464910e-07 3.590400e-13
5.467660e-07 3.567500e-13
5.470400e-07 3.604000e-13
5.473140e-07 3.597000e-13
5.475880e-07 3.697200e-13
5.478630e-07 3.638300e-13
5.481370e-07 3.646400e-13
5.484110e-07 3.704000e-13
5.486850e-07 3.710300e-13
5.489600e-07 3.668800e-13
5.492340e-07 3.668400e-13
5.495080e-07 3.638900e-13
5.497820e-07 3.645000e-13
5.500570e-07 3.640000e-13
5.503310e-07 3.631000e-13
5.506050e-07 3.674600e-13
5.508800e-07 3.728900e-13
5.511540e-07 3.748100e-13
5.514280e-07 3.737600e-13
5.517020e-07 3.707500e-13
5.519770e-07 3.689200e-13
5.522510e-07 3.693800e-13
5.525250e-07 3.705700e-13
5.527990e-07 3.760800e-13
5.530740e-07 3.779500e-13
5.533480e-07 3.824000e-13
5.536220e-07 3.711100e-13
5.538960e-07 3.806500e-13
5.541710e-07 3.751700e-13
5.544450e-07 3.832800e-13
5.547190e-07 3.754400e-13
5.549930e-07 3.642600e-13
5.552680e-07 3.698600e-13
5.555420e-07 3.675200e-13
5.558160e-07 3.662100e-13
5.560900e-07 3.681700e-13
5.563650e-07 3.701600e-13
5.566390e-07 3.736600e-13
5.569130e-07 3.656500e-13
5.571870e-07 3.696800e-13
5.574620e-07 3.617800e-13
5.577360e-07 3.549500e-13
5.580100e-07 3.527000e-13
5.582840e-07 3.596600e-13
5.585590e-07 3.508000e-13
5.588330e-07 3.599600e-13
5.591070e-07 3.643000e-13
5.593810e-07 3.665600e-13
5.596560e-07 3.711300e-13
5.599300e-07 3.730600e-13
5.602040e-07 3.795400e-13
5.604780e-07 3.688300e-13
5.607530e-07 3.662500e-13
5.610270e-07 3.684800e-13
5.613010e-07 3.689100e-13
5.615750e-07 3.692900e-13
5.618500e-07 3.729200e-13
5.621240e-07 3.730800e-13
5.623980e-07 3.722300e-13
5.626720e-07 3.733800e-13
5.629470e-07 3.729500e-13
5.632210e-07 3.711300e-13
5.634950e-07 3.711200e-13
5.637690e-07 3.745600e-13
5.640440e-07 3.765400e-13
5.643180e-07 3.712800e-13
5.645920e-07 3.659200e-13
5.648660e-07 3.597400e-13
5.651410e-07 3.626200e-13
5.654150e-07 3.646900e-13
5.656890e-07 3.647700e-13
5.659630e-07 3.745200e-13
5.662380e-07 3.743400e-13
5.665120e-07 3.799000e-13
5.667860e-07 3.784600e-13
5.670600e-07 3.777200e-13
5.673350e-07 3.762800e-13
5.676090e-07 3.712100e-13
5.678830e-07 3.777300e-13
5.681570e-07 3.796200e-13
5.684320e-07 3.785300e-13
5.687060e-07 3.794300e-13
5.689800e-07 3.755200e-13
5.692540e-07 3.672200e-13
5.695290e-07 3.701300e-13
5.698030e-07 3.643300e-13
5.700770e-07 3.669700e-13
5.703520e-07 3.674900e-13
5.706260e-07 3.740600e-13
5.709000e-07 3.808700e-13
5.711740e-07 3.907800e-13
5.714490e-07 3.898600e-13
5.717230e-07 3.920100e-13
5.719970e-07 3.875000e-13
5.722710e-07 3.910100e-13
5.725460e-07 3.880300e-13
5.728200e-07 3.899700e-13
5.730940e-07 3.904900e-13
5.733680e-07 3.955800e-13
5.736430e-07 3.896400e-13
5.739170e-07 3.816700e-13
5.741910e-07 3.810000e-13
5.744650e-07 3.874700e-13
5.747400e-07 3.791200e-13
5.750140e-07 3.849400e-13
5.752880e-07 3.853700e-13
5.755620e-07 3.813700e-13
5.758370e-07 3.902500e-13
5.761110e-07 3.871700e-13
5.763850e-07 3.829000e-13
5.766590e-07 3.824900e-13
5.769340e-07 3.750100e-13
5.772080e-07 3.652800e-13
5.774820e-07 3.686100e-13
5.777560e-07 3.726100e-13
5.780310e-07 3.759200e-13
5.783050e-07 3.827200e-13
5.785790e-07 3.869300e-13
5.788530e-07 3.853300e-13
5.791280e-07 3.935400e-13
5.794020e-07 3.950000e-13
5.796760e-07 3.924900e-13
5.799500e-07 3.921700e-13
5.802250e-07 3.934300e-13
5.804990e-07 3.885600e-13
5.807730e-07 3.929800e-13
5.810470e-07 3.956900e-13
5.813220e-07 4.005900e-13
5.815960e-07 3.995500e-13
5.818700e-07 3.968300e-13
5.821440e-07 3.944100e-13
5.824190e-07 3.949300e-13
5.826930e-07 3.961300e-13
5.829670e-07 3.964100e-13
5.832410e-07 3.936000e-13
5.835160e-07 3.959200e-13
5.837900e-07 3.865100e-13
5.840640e-07 3.825800e-13
5.843380e-07 3.777200e-13
5.846130e-07 3.714300e-13
5.848870e-07 3.701600e-13
5.851610e-07 3.792500e-13
5.854350e-07 3.876800e-13
5.857100e-07 3.830100e-13
5.859840e-07 3.858100e-13
5.862580e-07 3.651000e-13
5.865320e-07 3.543600e-13
5.868070e-07 3.516100e-13
5.870810e-07 3.499100e-13
5.873550e-07 3.355400e-13
5.876290e-07 3.182400e-13
5.879040e-07 2.984900e-13
5.881780e-07 2.823800e-13
5.884520e-07 2.887000e-13
5.887260e-07 3.099700e-13
5.890010e-07 3.262700e-13
5.892750e-07 3.516900e-13
5.895490e-07 3.619800e-13
5.898240e-07 3.676700e-13
5.900980e-07 3.715700e-13
5.903720e-07 3.743500e-13
5.906460e-07 3.790000e-13
5.909210e-07 3.791000e-13
5.911950e-07 3.718600e-13
5.914690e-07 3.771700e-13
5.917430e-07 3.772600e-13
5.920180e-07 3.761600e-13
5.922920e-07 3.706800e-13
5.925660e-07 3.738500e-13
5.928400e-07 3.776600e-13
5.931150e-07 3.798900e-13
5.933890e-07 3.790000e-13
5.936630e-07 3.814900e-13
5.939370e-07 3.818600e-13
5.942120e-07 3.712300e-13
5.944860e-07 3.740300e-13
5.947600e-07 3.780800e-13
5.950340e-07 3.748100e-13
5.953090e-07 3.795800e-13
5.955830e-07 3.856600e-13
5.958570e-07 3.805700e-13
5.961310e-07 3.789900e-13
5.964060e-07 3.828400e-13
5.966800e-07 3.800500e-13
5.969540e-07 3.758600e-13
5.972280e-07 3.733700e-13
5.975030e-07 3.721200e-13
5.977770e-07 3.775200e-13
5.980510e-07 3.780500e-13
5.983250e-07 3.831800e-13
5.986000e-07 3.800100e-13
5.988740e-07 3.789400e-13
5.991480e-07 3.805800e-13
5.994220e-07 3.768700e-13
5.996970e-07 3.758800e-13
5.999710e-07 3.741400e-13
6.002450e-07 3.733300e-13
6.005190e-07 3.747300e-13
6.007940e-07 3.718700e-13
6.010680e-07 3.761800e-13
6.013420e-07 3.782300e-13
6.016160e-07 3.800900e-13
6.018910e-07 3.787300e-13
6.021650e-07 3.842000e-13
6.024390e-07 3.878000e-13
6.027130e-07 3.951400e-13
6.029880e-07 3.922400e-13
6.032620e-07 3.911800e-13
6.035360e-07 3.943000e-13
6.038100e-07 3.952900e-13
6.040850e-07 3.917800e-13
6.043590e-07 3.884200e-13
6.046330e-07 3.864800e-13
6.049070e-07 3.864900e-13
6.051820e-07 3.846900e-13
6.054560e-07 3.885800e-13
6.057300e-07 3.909700e-13
6.060040e-07 3.924600e-13
6.062790e-07 3.934700e-13
6.065530e-07 3.909900e-13
6.068270e-07 3.890400e-13
6.071010e-07 3.848100e-13
6.073760e-07 3.813000e-13
6.076500e-07 3.797200e-13
6.079240e-07 3.777100e-13
6.081980e-07 3.797100e-13
6.084730e-07 3.868600e-13
6.087470e-07 3.854900e-13
6.090210e-07 3.877300e-13
6.092960e-07 3.931900e-13
6.095700e-07 3.864900e-13
6.098440e-07 3.846000e-13
6.101180e-07 3.839900e-13
6.103930e-07 3.862100e-13
6.106670e-07 3.828700e-13
6.109410e-07 3.791100e-13
6.112150e-07 3.804900e-13
6.114900e-07 3.808200e-13
6.117640e-07 3.774800e-13
6.120380e-07 3.800000e-13
6.123120e-07 3.773500e-13
6.125870e-07 3.776600e-13
6.128610e-07 3.735000e-13
6.131350e-07 3.765400e-13
6.134090e-07 3.851900e-13
6.136840e-07 3.857500e-13
6.139580e-07 3.808000e-13
6.142320e-07 3.745600e-13
6.145060e-07 3.714900e-13
6.147810e-07 3.612300e-13
6.150550e-07 3.565800e-13
6.153290e-07 3.500100e-13
6.156030e-07 3.450700e-13
6.158780e-07 3.534700e-13
6.161520e-07 3.563100e-13
6.164260e-07 3.612900e-13
6.167000e-07 3.637200e-13
6.169750e-07 3.666600e-13
6.172490e-07 3.668200e-13
6.175230e-07 3.649700e-13
6.177970e-07 3.624800e-13
6.180720e-07 3.638000e-13
6.183460e-07 3.638100e-13
6.186200e-07 3.636800e-13
6.188940e-07 3.686200e-13
6.191690e-07 3.693900e-13
6.194430e-07 3.700400e-13
6.197170e-07 3.690000e-13
6.199910e-07 3.624700e-13
6.202660e-07 3.601200e-13
6.205400e-07 3.597200e-13
6.208140e-07 3.517600e-13
6.210880e-07 3.469200e-13
6.213630e-07 3.527900e-13
6.216370e-07 3.562200e-13
6.219110e-07 3.535000e-13
6.221850e-07 3.554700e-13
6.224600e-07 3.559900e-13
6.227340e-07 3.512600e-13
6.230080e-07 3.505400e-13
6.232820e-07 3.549100e-13
6.235570e-07 3.529600e-13
6.238310e-07 3.519400e-13
6.241050e-07 3.504000e-13
6.243790e-07 3.487600e-13
6.246540e-07 3.455400e-13
6.249280e-07 3.436600e-13
6.252020e-07 3.416300e-13
6.254760e-07 3.659800e-13
6.257510e-07 3.737100e-13
6.260250e-07 3.534500e-13
6.262990e-07 3.550400e-13
6.265730e-07 3.572900e-13
6.268480e-07 3.646200e-13
6.271220e-07 3.642700e-13
6.273960e-07 3.657800e-13
6.276700e-07 3.713900e-13
6.279450e-07 3.658300e-13
6.282190e-07 3.565500e-13
6.284930e-07 3.618600e-13
6.287670e-07 3.671800e-13
6.290420e-07 3.713700e-13
6.293160e-07 3.719700e-13
6.295900e-07 3.705700e-13
6.298650e-07 3.695400e-13
6.301390e-07 3.703300e-13
6.304130e-07 3.674900e-13
6.306870e-07 3.642000e-13
6.309620e-07 3.665200e-13
6.312360e-07 3.707300e-13
6.315100e-07 3.721000e-13
6.317840e-07 3.742300e-13
6.320590e-07 3.705000e-13
6.323330e-07 3.733600e-13
6.326070e-07 3.717600e-13
6.328810e-07 3.869700e-13
6.331560e-07 3.779600e-13
6.334300e-07 3.740700e-13
6.337040e-07 3.837500e-13
6.339780e-07 3.698200e-13
6.342530e-07 3.677900e-13
6.345270e-07 3.669700e-13
6.348010e-07 3.652600e-13
6.350750e-07 3.669700e-13
6.353500e-07 3.753000e-13
6.356240e-07 3.842800e-13
6.358980e-07 3.789500e-13
6.361720e-07 3.926900e-13
6.364470e-07 3.860200e-13
6.367210e-07 3.746100e-13
6.369950e-07 3.830400e-13
6.372690e-07 3.823500e-13
6.375440e-07 3.809500e-13
6.378180e-07 3.807000e-13
6.380920e-07 3.824900e-13
6.383660e-07 3.783500e-13
6.386410e-07 3.771600e-13
6.389150e-07 3.757300e-13
6.391890e-07 3.791800e-13
6.394630e-07 3.826100e-13
6.397380e-07 3.811100e-13
6.400120e-07 3.717200e-13
6.402860e-07 3.742500e-13
6.405600e-07 3.745500e-13
6.408350e-07 3.755600e-13
6.411090e-07 3.785600e-13
6.413830e-07 3.804700e-13
6.416570e-07 3.768400e-13
6.419320e-07 3.735400e-13
6.422060e-07 3.782700e-13
6.424800e-07 3.764700e-13
6.427540e-07 3.797300e-13
6.430290e-07 3.814100e-13
6.433030e-07 3.782000e-13
6.435770e-07 3.787900e-13
6.438510e-07 3.709600e-13
6.441260e-07 3.674900e-13
6.444000e-07 3.726400e-13
6.446740e-07 3.742100e-13
6.449480e-07 3.788600e-13
6.452230e-07 3.904700e-13
6.454970e-07 3.928800e-13
6.457710e-07 3.879200e-13
6.460450e-07 3.810000e-13
6.463200e-07 3.864800e-13
6.465940e-07 3.863000e-13
6.468680e-07 3.888100e-13
6.471420e-07 3.897500e-13
6.474170e-07 3.856600e-13
6.476910e-07 3.853400e-13
6.479650e-07 3.777700e-13
6.482390e-07 3.687400e-13
6.485140e-07 3.597500e-13
6.487880e-07 3.545600e-13
6.490620e-07 3.663900e-13
6.493370e-07 3.760900e-13
6.496110e-07 3.837200e-13
6.498850e-07 3.916600e-13
6.501590e-07 3.925000e-13
6.504340e-07 3.948800e-13
6.507080e-07 3.914200e-13
6.509820e-07 3.919500e-13
6.512560e-07 3.937900e-13
6.515310e-07 3.911100e-13
6.518050e-07 3.891900e-13
6.520790e-07 3.905100e-13
6.523530e-07 3.941800e-13
6.526280e-07 3.900000e-13
6.529020e-07 3.970500e-13
6.531760e-07 4.037200e-13
6.534500e-07 4.095900e-13
6.537250e-07 4.218200e-13
6.539990e-07 4.140100e-13
6.542730e-07 3.988100e-13
6.545470e-07 4.004300e-13
6.548220e-07 4.538500e-13
6.550960e-07 5.445400e-13
6.553700e-07 5.860800e-13
6.556440e-07 5.175800e-13
6.559190e-07 4.249000e-13
6.561930e-07 3.779100e-13
6.564670e-07 3.792200e-13
6.567410e-07 4.093800e-13
6.570160e-07 4.469400e-13
6.572900e-07 4.838600e-13
6.575640e-07 4.751400e-13
6.578380e-07 4.260000e-13
6.581130e-07 3.901300e-13
6.583870e-07 3.757800e-13
6.586610e-07 3.748600e-13
6.589350e-07 3.697500e-13
6.592100e-07 3.696400e-13
6.594840e-07 3.698300e-13
6.597580e-07 3.689200e-13
6.600320e-07 3.769300e-13
6.603070e-07 3.784500e-13
6.605810e-07 3.783400e-13
6.608550e-07 3.790000e-13
6.611290e-07 3.767000e-13
6.614040e-07 3.761100e-13
6.616780e-07 3.731900e-13
6.619520e-07 3.711500e-13
6.622260e-07 3.768600e-13
6.625010e-07 3.680400e-13
6.627750e-07 3.705700e-13
6.630490e-07 3.766100e-13
6.633230e-07 3.755400e-13
6.635980e-07 3.766100e-13
6.638720e-07 3.832400e-13
6.641460e-07 3.803300e-13
6.644200e-07 3.816100e-13
6.646950e-07 3.777300e-13
6.649690e-07 3.783900e-13
6.652430e-07 3.755200e-13
6.655170e-07 3.782100e-13
6.657920e-07 3.826200e-13
6.660660e-07 3.820800e-13
6.663400e-07 3.804900e-13
6.666140e-07 3.754500e-13
6.668890e-07 3.825400e-13
6.671630e-07 3.826900e-13
6.674370e-07 3.814500e-13
6.677110e-07 3.822200e-13
6.679860e-07 3.800200e-13
6.682600e-07 3.796800e-13
6.685340e-07 3.790900e-13
6.688090e-07 3.735000e-13
6.690830e-07 3.723800e-13
6.693570e-07 3.794200e-13
6.696310e-07 3.765300e-13
6.699060e-07 3.769300e-13
6.701800e-07 3.871000e-13
6.704540e-07 4.046300e-13
6.707280e-07 4.129300e-13
6.710030e-07 3.993000e-13
6.712770e-07 3.924800e-13
6.715510e-07 3.843800e-13
6.718250e-07 3.913000e-13
6.721000e-07 4.025600e-13
6.723740e-07 3.946500e-13
6.726480e-07 3.761900e-13
6.729220e-07 3.696400e-13
6.731970e-07 3.673800e-13
6.734710e-07 3.679500e-13
6.737450e-07 3.654200e-13
6.740190e-07 3.623500e-13
6.742940e-07 3.642400e-13
6.745680e-07 3.679900e-13
6.748420e-07 3.705200e-13
6.751160e-07 3.652000e-13
6.753910e-07 3.694700e-13
6.756650e-07 3.714500e-13
6.759390e-07 3.728000e-13
6.762130e-07 3.725800e-13
6.764880e-07 3.752200e-13
6.767620e-07 3.777100e-13
6.770360e-07 3.742100e-13
6.773100e-07 3.735300e-13
6.775850e-07 3.675900e-13
6.778590e-07 3.648200e-13
6.781330e-07 3.664000e-13
6.784070e-07 3.647200e-13
6.786820e-07 3.698000e-13
6.789560e-07 3.712300e-13
6.792300e-07 3.709500e-13
6.795040e-07 3.669700e-13
6.797790e-07 3.681900e-13
6.800530e-07 3.707600e-13
6.803270e-07 3.693400e-13
6.806010e-07 3.685100e-13
6.808760e-07 3.640800e-13
6.820550e-07 3.715800e-13
6.836270e-07 3.724300e-13
6.852030e-07 3.758700e-13
6.867830e-07 3.581200e-13
6.883660e-07 3.656200e-13
6.899530e-07 3.715500e-13
6.915440e-07 3.706900e-13
6.931380e-07 3.724000e-13
6.947350e-07 3.784500e-13
6.963370e-07 3.775700e-13
6.979420e-07 3.828200e-13
6.995510e-07 3.775600e-13
7.011640e-07 3.698100e-13
7.027800e-07 3.836900e-13
7.044000e-07 3.792900e-13
7.060240e-07 3.732200e-13
7.076520e-07 3.638800e-13
7.092830e-07 3.588800e-13
7.109180e-07 3.613700e-13
7.125570e-07 3.613600e-13
7.141990e-07 3.572200e-13
7.158460e-07 3.588600e-13
7.174960e-07 3.563900e-13
7.191500e-07 3.450800e-13
7.208080e-07 3.458700e-13
7.224690e-07 3.655200e-13
7.241350e-07 3.596700e-13
7.258040e-07 3.613200e-13
7.274770e-07 3.783500e-13
7.291540e-07 3.671800e-13
7.308350e-07 3.697200e-13
7.325200e-07 3.722800e-13
7.342090e-07 3.818200e-13
7.359010e-07 3.783200e-13
7.375970e-07 3.853500e-13
7.392980e-07 3.748400e-13
7.410020e-07 3.907000e-13
7.427100e-07 3.835600e-13
7.444220e-07 3.933900e-13
7.461390e-07 3.961200e-13
7.478590e-07 3.879900e-13
7.495820e-07 3.915700e-13
7.513110e-07 3.888700e-13
7.530430e-07 3.879700e-13
7.547780e-07 3.979200e-13
7.565190e-07 3.888500e-13
7.582620e-07 3.933500e-13
7.600100e-07 3.799900e-13
7.617620e-07 3.799800e-13
7.635180e-07 3.906300e-13
7.652780e-07 3.817300e-13
7.670420e-07 3.521700e-13
7.688110e-07 3.679100e-13
7.705830e-07 3.687500e-13
7.723590e-07 3.611800e-13
7.741400e-07 3.695900e-13
7.759250e-07 3.595100e-13
7.777130e-07 3.678800e-13
7.795060e-07 3.578500e-13
7.813030e-07 3.695700e-13
7.831040e-07 3.755700e-13
7.849090e-07 3.738400e-13
7.867190e-07 3.799100e-13
7.885320e-07 3.704000e-13
7.903500e-07 3.611300e-13
7.921720e-07 3.529100e-13
7.939980e-07 3.553500e-13
7.958280e-07 3.619500e-13
7.976630e-07 3.695200e-13
7.995020e-07 3.636100e-13
8.013450e-07 3.712200e-13
8.031920e-07 3.720700e-13
8.050440e-07 3.781100e-13
8.069000e-07 3.807200e-13
8.087590e-07 3.720500e-13
8.106240e-07 3.635700e-13
8.124930e-07 3.677800e-13
8.143660e-07 3.720300e-13
8.162430e-07 3.660800e-13
8.181250e-07 3.780700e-13
8.200110e-07 3.745900e-13
8.219010e-07 3.780500e-13
8.237960e-07 3.292700e-13
8.256950e-07 3.841800e-13
8.275980e-07 3.868400e-13
8.295060e-07 3.702800e-13
8.314180e-07 3.519800e-13
8.333350e-07 3.685600e-13
8.352560e-07 3.702600e-13
8.371810e-07 3.626600e-13
8.391110e-07 3.511500e-13
8.410460e-07 3.660000e-13
8.429840e-07 3.668400e-13
8.449270e-07 3.543800e-13
8.468750e-07 3.626300e-13
8.488280e-07 3.601300e-13
8.507840e-07 2.893700e-13
8.527450e-07 3.478900e-13
8.547110e-07 3.002200e-13
8.566820e-07 3.527200e-13
8.586560e-07 3.592700e-13
8.606360e-07 3.478700e-13
8.626200e-07 3.567900e-13
8.646080e-07 3.592500e-13
8.666010e-07 3.314300e-13
8.685990e-07 3.383700e-13
8.706020e-07 3.502500e-13
8.726080e-07 3.543000e-13
8.746200e-07 3.502400e-13
8.766360e-07 3.494300e-13
8.786570e-07 3.617000e-13
8.806830e-07 3.583800e-13
8.827130e-07 3.616900e-13
8.847480e-07 3.454100e-13
8.867870e-07 3.518200e-13
8.888320e-07 3.367600e-13
8.908800e-07 3.422200e-13
8.929340e-07 3.414300e-13
8.949930e-07 3.430000e-13
8.970560e-07 3.351900e-13
8.991240e-07 3.390600e-13
9.011970e-07 3.230500e-13
9.032740e-07 3.178800e-13
9.053560e-07 3.649700e-13
9.074430e-07 3.542000e-13
9.095350e-07 3.351500e-13
9.116320e-07 3.305500e-13
9.137330e-07 3.493200e-13
9.158400e-07 3.421500e-13
9.179510e-07 3.252500e-13
9.200670e-07 3.413500e-13
9.221880e-07 3.259800e-13
9.243140e-07 3.312800e-13
9.264440e-07 3.328000e-13
9.285810e-07 3.389800e-13
9.307210e-07 3.077300e-13
9.328660e-07 3.484700e-13
9.350170e-07 3.476600e-13
9.371720e-07 3.428800e-13
9.393330e-07 3.468500e-13
9.414980e-07 3.412900e-13
9.436690e-07 3.476300e-13
9.458440e-07 3.436500e-13
9.480240e-07 3.492300e-13
9.502100e-07 3.436400e-13
9.524000e-07 3.444200e-13
9.545960e-07 3.373500e-13
9.567960e-07 3.428300e-13
9.590020e-07 3.467900e-13
9.612120e-07 3.428100e-13
9.634280e-07 3.443900e-13
9.656500e-07 3.396600e-13
9.678750e-07 3.396500e-13
9.701060e-07 3.427900e-13
9.723430e-07 3.357500e-13
9.745840e-07 3.349700e-13
9.768310e-07 3.357400e-13
9.790830e-07 3.318900e-13
9.813400e-07 3.380500e-13
9.836020e-07 3.357200e-13
9.858690e-07 3.364900e-13
9.881420e-07 3.334000e-13
9.904200e-07 3.303400e-13
9.927030e-07 3.326200e-13
9.949920e-07 3.326100e-13
9.972850e-07 3.326100e-13
9.995840e-07 3.318400e-13
1.001888e-06 3.303000e-13
1.006514e-06 3.257600e-13
1.013490e-06 3.287600e-13
1.018168e-06 3.249800e-13
1.022868e-06 3.249700e-13
1.027589e-06 3.249500e-13
1.029958e-06 3.234600e-13
1.049106e-06 3.138700e-13
1.071074e-06 3.024700e-13
1.090987e-06 2.922000e-13
1.111269e-06 2.822800e-13
1.129326e-06 2.752200e-13
1.150322e-06 2.727000e-13
1.169013e-06 2.652700e-13
1.190747e-06 2.574400e-13
1.210095e-06 2.515800e-13
1.229758e-06 2.475600e-13
1.249740e-06 2.413700e-13
1.270046e-06 2.358800e-13
1.290683e-06 2.305100e-13
1.308638e-06 2.263000e-13
1.329901e-06 2.206400e-13
1.351511e-06 2.171100e-13
1.370312e-06 2.136400e-13
1.389375e-06 2.073400e-13
1.408703e-06 2.003000e-13
1.431593e-06 1.971000e-13
1.451508e-06 1.980100e-13
1.468317e-06 1.921700e-13
1.488741e-06 1.935000e-13
1.509452e-06 1.935000e-13
1.530451e-06 1.957400e-13
1.551741e-06 1.943900e-13
1.569710e-06 1.912900e-13
1.591547e-06 1.860700e-13
1.609977e-06 1.865000e-13
1.628618e-06 1.852200e-13
1.651275e-06 1.818400e-13
1.670396e-06 1.793400e-13
1.689739e-06 1.756600e-13
1.709305e-06 1.712700e-13
1.729097e-06 1.647000e-13
1.749119e-06 1.602100e-13
1.769374e-06 1.544100e-13
1.789862e-06 1.495100e-13
1.810586e-06 1.431100e-13
1.831553e-06 1.395300e-13
1.848501e-06 1.354200e-13
1.869904e-06 1.299200e-13
1.891557e-06 1.263800e-13
1.909060e-06 1.237900e-13
1.931166e-06 1.195900e-13
1.949034e-06 1.150000e-13
1.971603e-06 1.116000e-13
1.989847e-06 1.083100e-13
2.008257e-06 1.065800e-13
2.031512e-06 1.027300e-13
2.050311e-06 1.010800e-13
2.069281e-06 9.832900e-14
2.088428e-06 9.587000e-14
2.107751e-06 9.390400e-14
2.132158e-06 9.176600e-14
2.151887e-06 8.967700e-14
2.171797e-06 8.663300e-14
2.191894e-06 8.505200e-14
2.212176e-06 8.273400e-14
2.227509e-06 8.047900e-14
2.248121e-06 7.864700e-14
2.268921e-06 7.650400e-14
2.289916e-06 6.897400e-14
2.311103e-06 6.834100e-14
2.332488e-06 6.007300e-14
2.348657e-06 5.697500e-14
2.370388e-06 5.763500e-14
2.392322e-06 5.317200e-14
2.408903e-06 5.160400e-14
2.431194e-06 5.124900e-14
2.448045e-06 4.804900e-14
2.470697e-06 4.749900e-14
2.487822e-06 4.070800e-14
2.510843e-06 4.015000e-14
2.528246e-06 4.052100e-14
2.551640e-06 4.015000e-14
2.569326e-06 4.070800e-14
2.587137e-06 3.996500e-14
2.611077e-06 3.978200e-14
2.629175e-06 3.878700e-14
2.647398e-06 3.834300e-14
2.671895e-06 3.764300e-14
2.690418e-06 3.704100e-14
2.709065e-06 3.644900e-14
2.727842e-06 3.570100e-14
2.753084e-06 3.513000e-14
2.772166e-06 3.441000e-14
2.791383e-06 3.393800e-14
2.810731e-06 3.324200e-14
2.830216e-06 3.263500e-14
2.849832e-06 3.196600e-14
2.869588e-06 3.131000e-14
2.889478e-06 3.080900e-14
2.909508e-06 3.024700e-14
2.929675e-06 2.955900e-14
2.949984e-06 2.901900e-14
2.970431e-06 2.848900e-14
2.991022e-06 2.790500e-14
3.011754e-06 2.745900e-14
3.032629e-06 2.689600e-14
3.046629e-06 2.652700e-14
3.067746e-06 2.610300e-14
3.089012e-06 2.562600e-14
3.110423e-06 2.521600e-14
3.131985e-06 2.481300e-14
3.146440e-06 2.441600e-14
3.168249e-06 2.397100e-14
3.190212e-06 2.364200e-14
3.212324e-06 2.326400e-14
3.227154e-06 2.294500e-14
3.249522e-06 2.278700e-14
3.272045e-06 2.299800e-14
3.287150e-06 2.413700e-14
3.309934e-06 2.380600e-14
3.332879e-06 2.176100e-14
3.348262e-06 2.083000e-14
3.371470e-06 2.021500e-14
3.387034e-06 1.971000e-14
3.410510e-06 1.930600e-14
3.426251e-06 1.895300e-14
3.450003e-06 1.856400e-14
3.473916e-06 1.818400e-14
3.489953e-06 1.785200e-14
3.506061e-06 1.752600e-14
3.530362e-06 1.716700e-14
3.546660e-06 1.685300e-14
3.571243e-06 1.650800e-14
3.587730e-06 1.620600e-14
3.612597e-06 1.591000e-14
3.629270e-06 1.562000e-14
3.646025e-06 1.530000e-14
3.671296e-06 1.502000e-14
3.688241e-06 1.471200e-14
3.713809e-06 1.441100e-14
3.730950e-06 1.418000e-14
3.748170e-06 1.385700e-14
3.774153e-06 1.366700e-14
3.791573e-06 1.341800e-14
3.809072e-06 1.317300e-14
3.826657e-06 1.296200e-14
3.853180e-06 1.272600e-14
3.870969e-06 1.246500e-14
3.888835e-06 1.223700e-14
3.906784e-06 1.204200e-14
3.933867e-06 1.182200e-14
3.952023e-06 1.157900e-14
3.970264e-06 1.139400e-14
3.988593e-06 1.116000e-14
4.007002e-06 1.098200e-14
4.025496e-06 1.080600e-14
4.053402e-06 1.060900e-14
4.072110e-06 1.044000e-14
4.090905e-06 1.027300e-14
4.109786e-06 1.010800e-14
4.128759e-06 9.946800e-15
4.147816e-06 9.787700e-15
4.166959e-06 9.631300e-15
4.186197e-06 9.477300e-15
4.205517e-06 9.304300e-15
4.234667e-06 9.197800e-15
4.254217e-06 9.029900e-15
4.273851e-06 8.906000e-15
4.293577e-06 8.564100e-15
4.313399e-06 8.216400e-15
4.333307e-06 8.216400e-15
4.353307e-06 7.882800e-15
4.373405e-06 7.721200e-15
4.393590e-06 7.597700e-15
4.413868e-06 7.356700e-15
4.434240e-06 7.239100e-15
4.454711e-06 7.123300e-15
4.464980e-06 6.945200e-15
4.485587e-06 6.897400e-15
4.506296e-06 6.787100e-15
4.527094e-06 6.647900e-15
4.547989e-06 6.602100e-15
4.568980e-06 6.511500e-15
4.590073e-06 6.334100e-15
4.611258e-06 6.334100e-15
4.632541e-06 6.232800e-15
4.653927e-06 6.161400e-15
4.664655e-06 6.119000e-15
4.686184e-06 6.035100e-15
4.707813e-06 5.938600e-15
4.729547e-06 5.924900e-15
4.751377e-06 5.816800e-15
4.773306e-06 5.763500e-15
4.795342e-06 5.697500e-15
4.806396e-06 5.593500e-15
4.828580e-06 5.593500e-15
4.850866e-06 5.504100e-15
4.873260e-06 5.416100e-15
4.884493e-06 5.354100e-15
4.907038e-06 5.292800e-15
4.929686e-06 5.244200e-15
4.952444e-06 5.172300e-15
4.975302e-06 5.136700e-15
4.986770e-06 5.066900e-15
5.009792e-06 5.055600e-15
5.032914e-06 5.055800e-15
5.044515e-06 4.997900e-15
5.067798e-06 4.997800e-15
5.079480e-06 4.997600e-15
5.091194e-06 5.008900e-15
5.102929e-06 4.997100e-15
5.114692e-06 4.985300e-15
5.126482e-06 4.973500e-15
5.138299e-06 4.973100e-15
5.150143e-06 4.961200e-15
5.162020e-06 4.960700e-15
5.173919e-06 4.971600e-15
5.185845e-06 4.948100e-15
5.197799e-06 4.936100e-15
5.209780e-06 4.935400e-15
5.221789e-06 4.934600e-15
5.233825e-06 4.922500e-15
5.245896e-06 4.921700e-15
5.257988e-06 4.932100e-15
5.270108e-06 4.942500e-15
5.282256e-06 4.930200e-15
5.294432e-06 4.906500e-15
5.306636e-06 4.894200e-15
5.318874e-06 4.904400e-15
5.331134e-06 4.903200e-15
5.343423e-06 4.902000e-15
5.355740e-06 4.900800e-15
5.368085e-06 4.899500e-15
5.380459e-06 4.898200e-15
5.392861e-06 4.896800e-15
5.405298e-06 4.906700e-15
5.417758e-06 4.905200e-15
5.430246e-06 4.892400e-15
5.442763e-06 4.890900e-15
5.455309e-06 4.900600e-15
5.467884e-06 4.887700e-15
5.480488e-06 4.886000e-15
5.493127e-06 4.884300e-15
5.505789e-06 4.882600e-15
5.518480e-06 4.892100e-15
5.531201e-06 4.924100e-15
5.543950e-06 4.910900e-15
5.556730e-06 4.897700e-15
5.569544e-06 4.918400e-15
5.582382e-06 4.927800e-15
5.595251e-06 4.925700e-15
5.608148e-06 4.935000e-15
5.621075e-06 4.944300e-15
5.634032e-06 4.942100e-15
5.647019e-06 4.962700e-15
5.660042e-06 4.983400e-15
5.673089e-06 4.992600e-15
5.686166e-06 5.001700e-15
5.699273e-06 5.010900e-15
5.712410e-06 5.043200e-15
5.725577e-06 5.064000e-15
5.738781e-06 5.084800e-15
5.752010e-06 5.105700e-15
5.765269e-06 5.126700e-15
5.778558e-06 5.147600e-15
5.791878e-06 5.192500e-15
5.805229e-06 5.225700e-15
5.818610e-06 5.259100e-15
5.832029e-06 5.304900e-15
5.845472e-06 5.351000e-15
5.858946e-06 5.397500e-15
5.872452e-06 5.444300e-15
5.885988e-06 5.504200e-15
5.899555e-06 5.577500e-15
5.908413e-06 5.909500e-15
5.939314e-06 6.344800e-15
5.970215e-06 7.499800e-15
6.001116e-06 7.180000e-15
6.032018e-06 7.523000e-15
6.062919e-06 6.853900e-15
6.093820e-06 7.370500e-15
6.124722e-06 8.898400e-15
6.155623e-06 1.128200e-14
6.186523e-06 1.195800e-14
6.217425e-06 1.222100e-14
6.248326e-06 1.192000e-14
6.279227e-06 1.083100e-14
6.310129e-06 8.725200e-15
6.341030e-06 8.236500e-15
6.371932e-06 8.239700e-15
6.402832e-06 8.243700e-15
6.433733e-06 7.309500e-15
6.464635e-06 6.840200e-15
6.495536e-06 6.756300e-15
6.526437e-06 5.807900e-15
6.557339e-06 6.381100e-15
6.588239e-06 5.691100e-15
6.619141e-06 5.428600e-15
6.650043e-06 5.846000e-15
6.680943e-06 5.756300e-15
6.711844e-06 5.347800e-15
6.742746e-06 6.195200e-15
6.773647e-06 5.830700e-15
6.804549e-06 5.362400e-15
6.835450e-06 7.042000e-15
6.866351e-06 5.971700e-15
6.897253e-06 5.498600e-15
6.928153e-06 6.320200e-15
6.959055e-06 7.385900e-15
6.989956e-06 7.270800e-15
7.020857e-06 6.174500e-15
7.051759e-06 6.803600e-15
7.082660e-06 5.823100e-15
7.113561e-06 6.298000e-15
7.144463e-06 6.819800e-15
7.175363e-06 6.778800e-15
7.206266e-06 6.590700e-15
7.237166e-06 6.776700e-15
7.268067e-06 7.475900e-15
7.298970e-06 8.336400e-15
7.329870e-06 7.388900e-15
7.360771e-06 7.228800e-15
7.391673e-06 7.105200e-15
7.422574e-06 7.620100e-15
7.453475e-06 9.087200e-15
7.484376e-06 8.858900e-15
7.513255e-06 9.532900e-15
7.515278e-06 9.862900e-15
7.546180e-06 1.074900e-14
7.575180e-06 1.049300e-14
7.577080e-06 1.127600e-14
7.637106e-06 1.006900e-14
7.699031e-06 1.013700e-14
7.760957e-06 9.680400e-15
7.822882e-06 9.660800e-15
7.884809e-06 8.735600e-15
7.946734e-06 7.917800e-15
8.008659e-06 7.343600e-15
8.070586e-06 6.524400e-15
8.132511e-06 5.971700e-15
8.194436e-06 5.679800e-15
8.256362e-06 5.216400e-15
8.318287e-06 5.336900e-15
8.380214e-06 5.197300e-15
8.442139e-06 5.410400e-15
8.504065e-06 6.162900e-15
8.565990e-06 6.273800e-15
8.627917e-06 5.789300e-15
8.689842e-06 5.544900e-15
8.751768e-06 4.731400e-15
8.813694e-06 4.007400e-15
8.875619e-06 3.785600e-15
8.937544e-06 3.255100e-15
8.999470e-06 2.988300e-15
9.061395e-06 3.043800e-15
9.123322e-06 2.847000e-15
9.185247e-06 2.577100e-15
9.247173e-06 2.621100e-15
9.309099e-06 2.815600e-15
9.371024e-06 2.645700e-15
9.432949e-06 2.639900e-15
9.494874e-06 2.410700e-15
9.556801e-06 2.736700e-15
9.618726e-06 2.488000e-15
9.680652e-06 2.604300e-15
9.742578e-06 2.506100e-15
9.804504e-06 2.177300e-15
9.866430e-06 2.214000e-15
9.928355e-06 1.967000e-15
9.990277e-06 2.174700e-15
1.005221e-05 2.052500e-15
1.011413e-05 1.815500e-15
1.017606e-05 2.125000e-15
1.023798e-05 2.161500e-15
1.029991e-05 2.248500e-15
1.036184e-05 1.987900e-15
1.042376e-05 2.028900e-15
1.048569e-05 2.143400e-15
1.054761e-05 2.407200e-15
1.060954e-05 2.385100e-15
1.067146e-05 2.387600e-15
1.073338e-05 2.572200e-15
1.079531e-05 2.429300e-15
1.085724e-05 2.611400e-15
1.091917e-05 2.699400e-15
1.098109e-05 3.055900e-15
1.104302e-05 3.347200e-15
1.110494e-05 3.817200e-15
1.116686e-05 5.830200e-15
1.122879e-05 7.481600e-15
1.129072e-05 7.105300e-15
1.135265e-05 6.034400e-15
1.141457e-05 4.841200e-15
1.147650e-05 4.234600e-15
1.153842e-05 3.587900e-15
1.160034e-05 3.228800e-15
1.166228e-05 3.030500e-15
1.172420e-05 2.826800e-15
1.178613e-05 2.803800e-15
1.184805e-05 2.734900e-15
1.190998e-05 3.006400e-15
1.197190e-05 3.095700e-15
1.203382e-05 3.014700e-15
1.209576e-05 2.731700e-15
1.215768e-05 2.739200e-15
1.221961e-05 2.829700e-15
1.228153e-05 2.881300e-15
1.234345e-05 3.021800e-15
1.240538e-05 3.114800e-15
1.246730e-05 3.139100e-15
1.252924e-05 3.349300e-15
1.259116e-05 3.588800e-15
1.265309e-05 3.642500e-15
1.271501e-05 3.863900e-15
1.277693e-05 4.534500e-15
1.283886e-05 4.145800e-15
1.290078e-05 2.838600e-15
1.296271e-05 2.225100e-15
1.302464e-05 2.044000e-15
1.308656e-05 1.919500e-15
1.314849e-05 2.000000e-15
1.321041e-05 1.949400e-15
1.327234e-05 1.887600e-15
1.333426e-05 1.947400e-15
1.339620e-05 1.942600e-15
1.345812e-05 1.712600e-15
1.352004e-05 1.682100e-15
1.358197e-05 1.825500e-15
1.364389e-05 1.717500e-15
1.370582e-05 1.680800e-15
1.376775e-05 1.467400e-15
1.382968e-05 1.628100e-15
1.389160e-05 1.592300e-15
1.395352e-05 1.469600e-15
1.401545e-05 1.512800e-15
1.407737e-05 1.371900e-15
1.413930e-05 1.489700e-15
1.420122e-05 1.499700e-15
1.426315e-05 1.649500e-15
1.432508e-05 1.507600e-15
1.438700e-05 1.474400e-15
1.444893e-05 1.318300e-15
1.450222e-05 1.208300e-15
1.459366e-05 1.182400e-15
1.468511e-05 1.156000e-15
1.477655e-05 1.102400e-15
1.486799e-05 1.087200e-15
1.495943e-05 1.074500e-15
1.505088e-05 1.040700e-15
1.514232e-05 1.038100e-15
1.523376e-05 1.065500e-15
1.532521e-05 1.057800e-15
1.541666e-05 1.091100e-15
1.550810e-05 1.291900e-15
1.559954e-05 1.366600e-15
1.569099e-05 1.130300e-15
1.578243e-05 1.111600e-15
1.587387e-05 1.144900e-15
1.596532e-05 1.160300e-15
1.605676e-05 1.159800e-15
1.614820e-05 1.173600e-15
1.623965e-05 1.261500e-15
1.633110e-05 1.518800e-15
1.642254e-05 1.855300e-15
1.651398e-05 1.803900e-15
1.660543e-05 1.615500e-15
1.669687e-05 1.607900e-15
1.678831e-05 1.624600e-15
1.687975e-05 1.674200e-15
1.697120e-05 1.957100e-15
1.706265e-05 2.106600e-15
1.715409e-05 1.788100e-15
1.724554e-05 1.675300e-15
1.733698e-05 1.693700e-15
1.742842e-05 1.566700e-15
1.751987e-05 1.345200e-15
1.761131e-05 1.223500e-15
1.770275e-05 1.191000e-15
1.779419e-05 1.173600e-15
1.788565e-05 1.120000e-15
1.797709e-05 1.039500e-15
1.806853e-05 9.816200e-16
1.815998e-05 9.595200e-16
1.825142e-05 9.379200e-16
1.834286e-05 9.478900e-16
1.843431e-05 9.374800e-16
1.852575e-05 9.671800e-16
1.861719e-05 1.150400e-15
1.870863e-05 1.511500e-15
1.880009e-05 1.257000e-15
1.889153e-05 9.927300e-16
1.898297e-05 9.504800e-16
1.907442e-05 9.330900e-16
1.916586e-05 8.841800e-16
1.925730e-05 8.693300e-16
1.934874e-05 8.752700e-16
1.944020e-05 8.616400e-16
1.953164e-05 8.459600e-16
1.962308e-05 8.535000e-16
1.971453e-05 8.206500e-16
1.980597e-05 8.234800e-16
1.989741e-05 8.182500e-16
1.998885e-05 8.020500e-16
2.008030e-05 8.329700e-16
2.017174e-05 8.121900e-16
2.026318e-05 7.983000e-16
2.035463e-05 8.124800e-16
2.046435e-05 7.878000e-16
2.064040e-05 8.157200e-16
2.081656e-05 8.023200e-16
2.099281e-05 7.739900e-16
2.116917e-05 8.164900e-16
2.134563e-05 8.117500e-16
2.152220e-05 7.611600e-16
2.169885e-05 7.878800e-16
2.187562e-05 8.098400e-16
2.205249e-05 7.778200e-16
2.222947e-05 7.557000e-16
2.240655e-05 7.841800e-16
2.258373e-05 8.005200e-16
2.276101e-05 7.890100e-16
2.293840e-05 7.672600e-16
2.311589e-05 7.768200e-16
2.329348e-05 7.993600e-16
2.347118e-05 8.072200e-16
2.364899e-05 7.955900e-16
2.382690e-05 7.890700e-16
2.400492e-05 7.934500e-16
2.418303e-05 7.971600e-16
2.436126e-05 7.841800e-16
2.453958e-05 7.698600e-16
2.471803e-05 7.806600e-16
2.489656e-05 7.852900e-16
2.507521e-05 7.940900e-16
2.525396e-05 7.929600e-16
2.543282e-05 7.849500e-16
2.561178e-05 8.024100e-16
2.579086e-05 8.548000e-16
2.597004e-05 8.776400e-16
2.614933e-05 8.092900e-16
2.632872e-05 7.682300e-16
2.650822e-05 7.759600e-16
2.668784e-05 7.693400e-16
2.686754e-05 7.628400e-16
2.704738e-05 7.676600e-16
2.722731e-05 7.653800e-16
2.740735e-05 7.590300e-16
2.758750e-05 7.516800e-16
2.776776e-05 7.520200e-16
2.794812e-05 7.790400e-16
2.812860e-05 8.530700e-16
2.830919e-05 8.548100e-16
2.848989e-05 7.669700e-16
2.867070e-05 7.465900e-16
2.885162e-05 7.528700e-16
2.903264e-05 7.587700e-16
2.921378e-05 7.678200e-16
2.939503e-05 7.727600e-16
2.957638e-05 7.747300e-16
2.975786e-05 7.631600e-16
2.993944e-05 7.708200e-16
3.012113e-05 7.696000e-16
3.030293e-05 7.772600e-16
3.048485e-05 7.832200e-16
3.066688e-05 7.968500e-16
3.084902e-05 7.955600e-16
3.103127e-05 8.021800e-16
3.121365e-05 7.976300e-16
3.139612e-05 7.988300e-16
3.157872e-05 8.178300e-16
3.176142e-05 8.175300e-16
3.194424e-05 8.167600e-16
3.212717e-05 8.337100e-16
3.231022e-05 8.603100e-16
3.249338e-05 8.554500e-16
3.267665e-05 8.654500e-16
3.286005e-05 8.649200e-16
3.304356e-05 8.764500e-16
3.322717e-05 9.439700e-16
3.341091e-05 1.214000e-15
3.359475e-05 1.256200e-15
3.377873e-05 9.527600e-16
3.396281e-05 8.944200e-16
3.414701e-05 8.682700e-16
3.433132e-05 8.616400e-16
3.451576e-05 9.378300e-16
3.470031e-05 1.465000e-15
3.488497e-05 2.012000e-15
