1.000100e-08 1.550400e-24
1.021100e-08 2.423400e-24
1.040000e-08 3.439000e-24
1.059400e-08 4.948000e-24
1.079100e-08 7.234900e-24
1.099100e-08 1.184200e-23
1.140400e-08 2.200000e-23
1.180500e-08 3.788200e-23
1.210700e-08 1.699900e-22
1.250400e-08 2.657200e-22
1.270700e-08 3.202100e-22
1.279500e-08 3.576300e-22
1.309300e-08 4.617800e-22
1.321500e-08 5.746900e-22
1.339800e-08 6.736400e-22
1.371000e-08 9.872600e-22
1.399800e-08 1.237200e-21
1.429100e-08 4.021900e-21
1.469100e-08 1.197900e-20
1.510300e-08 1.508100e-20
1.549000e-08 1.911700e-20
1.588700e-08 2.406800e-20
1.618300e-08 2.834200e-20
1.659800e-08 3.543500e-20
1.698400e-08 4.319500e-20
1.730000e-08 5.016800e-20
1.770300e-08 6.031600e-20
1.799100e-08 6.893400e-20
1.819900e-08 7.541000e-20
1.858000e-08 8.921400e-20
1.910100e-08 1.095000e-19
1.941100e-08 1.242900e-19
1.981800e-08 1.440200e-19
2.018600e-08 1.676600e-19
2.051400e-08 1.868200e-19
2.099200e-08 2.120500e-19
2.158000e-08 2.700400e-19
2.198100e-08 3.079200e-19
2.228700e-08 3.337600e-19
2.270100e-08 3.796900e-19
2.301700e-08 6.129600e-19
2.339100e-08 1.118000e-18
2.399100e-08 1.550400e-18
2.460700e-08 1.627200e-18
2.518000e-08 1.911700e-18
2.570700e-08 1.735500e-18
2.600500e-08 2.110700e-18
2.642700e-08 2.352000e-18
2.691900e-08 2.526000e-18
2.741900e-08 2.694200e-18
2.792900e-08 2.880300e-18
2.838300e-08 3.065000e-18
2.897700e-08 3.143600e-18
2.958400e-08 3.439000e-18
3.013400e-08 3.592800e-18
3.076500e-08 3.930300e-18
3.177300e-08 4.450700e-18
3.281300e-08 4.891400e-18
3.381100e-08 5.301900e-18
3.483800e-08 5.707300e-18
3.573200e-08 6.087400e-18
3.656400e-08 6.537800e-18
3.750200e-08 6.877500e-18
3.846400e-08 7.053900e-18
3.954100e-08 7.734500e-18
4.046200e-08 8.230600e-18
4.140500e-08 8.559200e-18
4.217500e-08 8.758500e-18
4.295900e-08 9.024700e-18
4.406100e-08 9.515500e-18
4.508700e-08 9.782100e-18
4.603100e-08 9.986900e-18
4.699500e-08 1.029000e-17
4.797900e-08 1.070100e-17
4.898400e-08 1.075100e-17
5.000900e-08 1.128300e-17
5.058900e-08 1.118000e-17
5.117400e-08 1.200700e-17
5.200600e-08 1.220200e-17
5.297300e-08 1.228700e-17
5.395800e-08 1.214600e-17
5.496100e-08 1.228700e-17
5.598200e-08 1.292500e-17
5.702300e-08 1.350300e-17
5.795000e-08 1.353400e-17
5.902700e-08 1.384900e-17
5.998600e-08 1.341000e-17
6.096100e-08 1.217400e-17
6.195200e-08 1.433600e-17
6.295800e-08 1.427000e-17
6.398100e-08 1.470400e-17
6.502100e-08 1.467000e-17
6.577400e-08 1.443500e-17
6.653500e-08 1.497700e-17
6.746100e-08 1.529100e-17
6.855700e-08 1.463600e-17
6.951100e-08 1.546800e-17
7.047800e-08 1.456900e-17
7.162300e-08 1.579200e-17
7.261900e-08 1.586500e-17
7.346000e-08 1.597500e-17
7.448200e-08 1.586500e-17
7.551800e-08 1.590100e-17
7.656900e-08 1.456900e-17
7.745500e-08 1.604800e-17
7.853300e-08 1.561100e-17
7.944200e-08 1.604800e-17
8.054700e-08 1.627200e-17
8.148000e-08 1.630900e-17
8.242400e-08 1.649800e-17
8.357000e-08 1.487400e-17
8.453800e-08 1.642200e-17
8.551700e-08 1.630900e-17
8.650700e-08 1.657400e-17
8.750900e-08 1.676600e-17
8.852200e-08 1.688200e-17
8.954700e-08 1.699900e-17
9.058400e-08 1.680500e-17
9.142200e-08 2.001800e-17
9.248100e-08 5.074900e-17
9.355200e-08 9.087200e-17
9.441700e-08 1.522100e-16
9.551100e-08 2.135200e-16
9.639400e-08 2.195000e-16
9.751100e-08 5.277500e-17
9.841300e-08 1.612200e-16
9.955200e-08 1.894200e-16
1.004740e-07 3.043900e-16
1.014030e-07 3.114800e-16
1.025770e-07 1.539700e-16
1.035270e-07 2.120500e-16
1.044850e-07 4.309500e-16
1.054510e-07 4.279900e-16
1.064270e-07 3.158100e-16
1.074120e-07 3.948500e-16
1.084060e-07 2.927100e-16
1.094090e-07 4.309500e-16
1.104210e-07 4.172800e-16
1.114430e-07 3.921300e-16
1.124740e-07 3.462800e-16
1.135150e-07 4.813200e-16
1.145650e-07 4.349400e-16
1.156250e-07 4.780000e-16
1.164270e-07 4.914000e-16
1.175040e-07 3.158100e-16
1.185910e-07 4.835400e-16
1.194130e-07 3.058000e-16
1.205180e-07 2.072200e-16
1.216330e-07 1.759700e-16
1.224760e-07 3.502900e-16
1.236100e-07 5.603100e-16
1.244660e-07 6.200600e-16
1.256180e-07 5.813400e-16
1.264890e-07 4.902600e-16
1.273660e-07 6.783100e-16
1.285440e-07 7.268300e-16
1.294350e-07 5.265400e-16
1.306330e-07 5.229100e-16
1.315380e-07 7.135600e-16
1.324500e-07 6.798800e-16
1.333680e-07 5.746900e-16
1.346020e-07 7.454700e-16
1.355350e-07 7.234900e-16
1.364750e-07 6.272400e-16
1.374210e-07 6.767500e-16
1.383730e-07 6.861700e-16
1.396540e-07 5.867200e-16
1.406220e-07 6.101400e-16
1.415960e-07 6.359600e-16
1.425780e-07 6.705500e-16
1.435660e-07 6.690100e-16
1.442290e-07 7.185100e-16
1.445610e-07 7.386400e-16
1.455630e-07 7.119200e-16
1.465720e-07 6.477900e-16
1.475880e-07 6.568000e-16
1.486110e-07 6.845900e-16
1.496410e-07 7.053900e-16
1.503320e-07 6.613500e-16
1.510260e-07 5.746900e-16
1.517230e-07 6.315800e-16
1.524230e-07 6.073400e-16
1.534800e-07 5.121900e-16
1.545440e-07 5.800000e-16
1.556150e-07 5.513500e-16
1.563330e-07 5.694200e-16
1.574170e-07 6.186300e-16
1.585080e-07 6.659300e-16
1.596070e-07 6.845900e-16
1.603440e-07 6.798800e-16
1.614550e-07 6.909300e-16
1.625740e-07 6.522800e-16
1.633250e-07 7.119200e-16
1.644570e-07 7.301800e-16
1.655970e-07 6.752000e-16
1.663610e-07 7.506400e-16
1.671290e-07 6.507800e-16
1.675140e-07 7.681200e-16
1.686760e-07 8.173900e-16
1.694540e-07 7.681200e-16
1.706290e-07 7.403400e-16
1.714160e-07 6.973200e-16
1.726040e-07 7.005400e-16
1.734010e-07 7.645900e-16
1.746030e-07 7.558400e-16
1.754090e-07 8.211700e-16
1.766250e-07 7.541000e-16
1.774400e-07 7.734500e-16
1.786700e-07 8.024700e-16
1.794950e-07 8.738400e-16
1.803230e-07 8.799000e-16
1.815730e-07 8.061800e-16
1.824110e-07 8.364300e-16
1.836760e-07 8.099000e-16
1.845240e-07 7.471900e-16
1.853750e-07 7.558400e-16
1.866600e-07 7.932900e-16
1.875220e-07 8.778700e-16
1.883870e-07 8.080400e-16
1.896930e-07 7.860100e-16
1.905690e-07 8.500200e-16
1.914490e-07 8.192800e-16
1.923320e-07 8.099000e-16
1.936650e-07 8.559200e-16
1.945590e-07 9.024700e-16
1.954570e-07 8.441700e-16
1.968120e-07 9.515500e-16
1.977210e-07 9.918200e-16
1.981760e-07 9.450000e-16
1.995500e-07 9.320300e-16
2.004710e-07 9.782100e-16
2.013970e-07 9.559400e-16
2.023260e-07 1.012600e-15
2.037290e-07 9.647900e-16
2.046690e-07 1.017300e-15
2.056140e-07 9.406600e-16
2.065630e-07 9.692400e-16
2.075160e-07 1.087500e-15
2.079950e-07 1.043400e-15
2.084740e-07 1.105200e-15
2.094360e-07 1.055400e-15
2.104030e-07 1.077500e-15
2.113740e-07 1.112800e-15
2.123500e-07 1.130900e-15
2.133300e-07 1.080000e-15
2.143150e-07 1.115400e-15
2.153040e-07 1.170700e-15
2.162980e-07 1.146600e-15
2.172960e-07 1.159900e-15
2.182990e-07 1.157300e-15
2.193070e-07 1.220200e-15
2.203190e-07 1.209000e-15
2.213360e-07 1.162600e-15
2.223580e-07 1.154600e-15
2.233840e-07 1.234300e-15
2.244150e-07 1.211800e-15
2.254510e-07 1.168000e-15
2.264920e-07 1.206200e-15
2.275370e-07 1.249500e-15
2.285870e-07 1.297800e-15
2.296420e-07 1.223800e-15
2.307020e-07 1.271100e-15
2.312340e-07 1.228700e-15
2.323010e-07 1.027800e-15
2.333740e-07 1.186900e-15
2.344510e-07 1.177400e-15
2.355330e-07 1.265900e-15
2.366200e-07 1.196500e-15
2.377120e-07 1.231400e-15
2.382600e-07 1.171300e-15
2.393600e-07 1.247800e-15
2.404650e-07 1.235000e-15
2.415750e-07 1.276900e-15
2.426900e-07 1.366700e-15
2.432490e-07 1.345600e-15
2.443720e-07 1.423700e-15
2.455000e-07 1.438600e-15
2.466330e-07 1.427100e-15
2.477720e-07 1.405900e-15
2.483430e-07 1.390700e-15
2.494890e-07 1.212700e-15
2.506410e-07 1.483400e-15
2.512190e-07 1.344400e-15
2.517980e-07 1.395600e-15
2.523780e-07 1.390100e-15
2.535430e-07 1.454000e-15
2.547130e-07 1.445700e-15
2.553010e-07 1.597200e-15
2.564790e-07 1.548400e-15
2.576630e-07 1.649700e-15
2.582570e-07 1.635600e-15
2.594490e-07 1.622600e-15
2.606470e-07 1.602300e-15
2.612470e-07 1.588500e-15
2.624530e-07 1.680900e-15
2.636650e-07 1.849600e-15
2.642730e-07 2.015300e-15
2.654920e-07 2.269300e-15
2.667180e-07 1.916100e-15
2.673330e-07 2.017000e-15
2.685670e-07 2.124400e-15
2.698060e-07 1.948900e-15
2.704280e-07 2.089600e-15
2.716760e-07 1.939200e-15
2.723030e-07 1.874500e-15
2.735600e-07 1.988100e-15
2.741900e-07 1.789500e-15
2.754560e-07 1.880500e-15
2.767270e-07 1.999100e-15
2.773650e-07 2.085000e-15
2.786450e-07 1.930500e-15
2.792880e-07 1.674800e-15
2.805770e-07 1.772200e-15
2.812240e-07 2.107600e-15
2.825220e-07 2.292800e-15
2.838260e-07 2.223000e-15
2.844800e-07 2.095200e-15
2.857930e-07 1.957900e-15
2.864520e-07 2.307100e-15
2.877740e-07 2.556500e-15
2.884380e-07 2.500000e-15
2.897690e-07 2.688500e-15
2.911070e-07 3.112300e-15
2.931240e-07 2.971400e-15
2.951560e-07 2.896200e-15
2.972020e-07 2.997200e-15
2.992620e-07 3.038000e-15
3.013370e-07 3.037200e-15
3.027280e-07 3.199400e-15
3.048260e-07 3.265600e-15
3.069390e-07 3.490300e-15
3.090670e-07 3.497600e-15
3.112090e-07 3.834200e-15
3.126450e-07 3.700700e-15
3.148120e-07 3.786200e-15
3.169950e-07 3.982200e-15
3.191920e-07 3.690100e-15
3.206650e-07 3.914400e-15
3.228880e-07 3.619000e-15
3.251260e-07 4.370500e-15
3.266270e-07 4.810100e-15
3.288910e-07 4.798400e-15
3.311710e-07 4.656400e-15
3.319340e-07 4.724600e-15
3.326990e-07 4.882900e-15
3.334660e-07 5.105000e-15
3.342350e-07 4.823000e-15
3.350050e-07 5.159800e-15
3.357780e-07 5.128100e-15
3.365520e-07 4.278300e-15
3.373280e-07 4.107700e-15
3.381050e-07 4.763400e-15
3.388850e-07 5.143200e-15
3.396660e-07 4.715800e-15
3.404490e-07 5.381200e-15
3.412340e-07 4.922700e-15
3.420200e-07 5.123000e-15
3.428090e-07 5.186200e-15
3.435990e-07 5.107100e-15
3.443910e-07 4.320200e-15
3.451850e-07 5.138400e-15
3.459810e-07 5.189800e-15
3.467780e-07 5.110700e-15
3.475780e-07 5.161800e-15
3.483790e-07 5.165700e-15
3.491820e-07 5.265700e-15
3.499870e-07 4.839400e-15
3.507940e-07 5.742700e-15
3.516030e-07 4.982500e-15
3.524130e-07 5.173400e-15
3.532250e-07 5.599000e-15
3.540400e-07 5.853800e-15
3.548560e-07 6.092100e-15
3.556740e-07 5.573200e-15
3.564940e-07 5.826800e-15
3.573160e-07 4.685600e-15
3.581390e-07 4.944200e-15
3.589650e-07 4.211500e-15
3.597920e-07 5.530600e-15
3.606220e-07 5.446300e-15
3.614530e-07 5.363400e-15
3.619510e-07 3.665600e-15
3.622220e-07 4.803200e-15
3.624930e-07 4.623900e-15
3.627640e-07 5.334900e-15
3.630360e-07 5.779800e-15
3.633070e-07 5.600700e-15
3.635780e-07 4.899300e-15
3.638500e-07 6.034100e-15
3.641210e-07 5.910100e-15
3.643920e-07 5.913000e-15
3.646630e-07 6.055200e-15
3.649350e-07 5.282600e-15
3.652060e-07 5.597700e-15
3.654770e-07 5.622100e-15
3.657480e-07 6.686300e-15
3.660200e-07 4.200000e-15
3.662910e-07 4.800200e-15
3.665620e-07 5.580900e-15
3.668330e-07 5.514400e-15
3.671050e-07 5.675200e-15
3.673760e-07 6.277700e-15
3.676470e-07 5.477900e-15
3.679180e-07 6.146800e-15
3.681900e-07 4.898400e-15
3.684610e-07 4.531000e-15
3.687320e-07 5.399600e-15
3.690030e-07 5.555900e-15
3.692750e-07 5.322800e-15
3.695460e-07 5.124300e-15
3.698170e-07 6.571100e-15
3.700880e-07 5.170000e-15
3.703600e-07 5.883000e-15
3.706310e-07 5.395200e-15
3.709020e-07 5.923000e-15
3.711740e-07 5.998100e-15
3.714450e-07 6.844700e-15
3.717160e-07 6.127500e-15
3.719870e-07 7.439200e-15
3.722590e-07 8.270800e-15
3.725300e-07 9.649500e-15
3.728010e-07 1.082900e-14
3.730720e-07 9.755500e-15
3.733440e-07 7.372400e-15
3.736150e-07 6.038800e-15
3.738860e-07 5.075900e-15
3.741570e-07 6.490500e-15
3.744290e-07 6.206600e-15
3.747000e-07 5.967100e-15
3.749710e-07 5.817700e-15
3.752420e-07 6.238300e-15
3.755140e-07 6.106900e-15
3.757850e-07 5.875800e-15
3.760560e-07 7.117000e-15
3.763270e-07 6.421600e-15
3.765990e-07 6.516200e-15
3.768700e-07 6.195000e-15
3.771410e-07 6.670500e-15
3.774120e-07 7.835700e-15
3.776840e-07 7.599900e-15
3.779550e-07 7.163200e-15
3.782260e-07 8.450800e-15
3.784980e-07 6.828100e-15
3.787690e-07 7.660100e-15
3.790400e-07 8.233000e-15
3.793110e-07 6.265700e-15
3.795830e-07 5.845500e-15
3.798540e-07 6.106100e-15
3.801250e-07 7.161500e-15
3.803960e-07 7.596300e-15
3.806680e-07 8.342700e-15
3.809390e-07 8.241600e-15
3.812100e-07 8.674800e-15
3.814810e-07 7.728400e-15
3.817530e-07 7.778100e-15
3.820240e-07 7.537900e-15
3.822950e-07 6.964500e-15
3.825660e-07 6.863600e-15
3.828380e-07 6.589600e-15
3.831090e-07 6.561100e-15
3.833800e-07 5.973800e-15
3.836510e-07 5.406600e-15
3.839230e-07 6.464200e-15
3.841940e-07 7.081100e-15
3.844650e-07 7.147600e-15
3.847360e-07 7.838400e-15
3.850080e-07 8.957400e-15
3.852790e-07 8.483500e-15
3.855500e-07 8.641100e-15
3.858220e-07 8.431600e-15
3.860930e-07 8.348400e-15
3.863640e-07 9.606500e-15
3.866350e-07 9.479400e-15
3.869070e-07 8.563100e-15
3.871780e-07 8.359700e-15
3.874490e-07 8.347800e-15
3.877200e-07 8.149000e-15
3.879920e-07 7.779200e-15
3.882630e-07 6.749300e-15
3.885340e-07 6.374100e-15
3.888050e-07 6.204000e-15
3.890770e-07 6.859200e-15
3.893480e-07 6.607500e-15
3.896190e-07 7.434900e-15
3.898900e-07 8.053500e-15
3.901620e-07 8.440300e-15
3.904330e-07 8.367800e-15
3.907040e-07 8.752300e-15
3.909750e-07 8.890900e-15
3.912470e-07 8.620200e-15
3.915180e-07 9.036100e-15
3.917890e-07 9.118100e-15
3.920600e-07 9.066100e-15
3.923320e-07 8.991800e-15
3.926030e-07 8.132200e-15
3.928740e-07 6.724600e-15
3.931460e-07 6.405600e-15
3.934170e-07 6.306500e-15
3.936880e-07 6.567000e-15
3.939590e-07 7.095300e-15
3.942310e-07 8.573300e-15
3.945020e-07 8.692400e-15
3.947730e-07 8.278000e-15
3.950440e-07 8.765400e-15
3.953160e-07 8.576700e-15
3.955870e-07 8.918700e-15
3.958580e-07 8.601900e-15
3.961290e-07 7.153800e-15
3.964010e-07 6.214600e-15
3.966720e-07 5.408200e-15
3.969430e-07 4.907600e-15
3.972140e-07 5.916700e-15
3.974860e-07 6.733500e-15
3.977570e-07 8.064500e-15
3.980280e-07 8.535700e-15
3.982990e-07 9.087800e-15
3.985710e-07 9.105400e-15
3.988420e-07 9.996400e-15
3.991130e-07 1.025800e-14
3.993840e-07 9.150000e-15
3.996560e-07 1.027000e-14
3.999270e-07 9.830100e-15
4.001980e-07 1.040700e-14
4.004700e-07 1.051400e-14
4.007410e-07 1.083500e-14
4.010120e-07 1.028900e-14
4.012830e-07 1.053500e-14
4.015550e-07 1.101800e-14
4.018260e-07 1.045400e-14
4.020970e-07 1.144500e-14
4.023680e-07 1.130900e-14
4.026400e-07 1.105100e-14
4.029110e-07 1.119900e-14
4.031820e-07 1.065700e-14
4.034530e-07 1.080600e-14
4.037250e-07 1.108100e-14
4.039960e-07 1.099500e-14
4.042670e-07 1.102500e-14
4.045380e-07 1.076300e-14
4.048100e-07 1.097900e-14
4.050810e-07 1.091200e-14
4.053520e-07 1.073600e-14
4.056230e-07 1.118400e-14
4.058950e-07 1.108200e-14
4.061660e-07 1.140200e-14
4.064370e-07 1.061900e-14
4.067080e-07 1.013500e-14
4.069800e-07 1.082400e-14
4.072510e-07 1.034200e-14
4.075220e-07 1.048100e-14
4.077940e-07 9.794400e-15
4.080650e-07 1.032800e-14
4.083360e-07 1.046400e-14
4.086070e-07 1.069100e-14
4.088790e-07 1.039900e-14
4.091500e-07 1.098600e-14
4.094210e-07 9.661700e-15
4.096920e-07 9.349400e-15
4.099640e-07 9.120400e-15
4.102350e-07 8.804100e-15
4.105060e-07 9.073800e-15
4.107770e-07 9.479600e-15
4.110490e-07 1.047900e-14
4.113200e-07 1.111900e-14
4.115910e-07 1.053700e-14
4.118620e-07 1.047000e-14
4.121340e-07 1.105100e-14
4.124050e-07 1.072800e-14
4.126760e-07 1.054500e-14
4.129470e-07 1.084100e-14
4.132190e-07 1.086300e-14
4.134900e-07 1.140200e-14
4.137610e-07 1.103800e-14
4.140320e-07 1.099600e-14
4.143040e-07 1.121000e-14
4.145750e-07 1.137200e-14
4.148460e-07 1.127000e-14
4.151180e-07 1.078300e-14
4.153890e-07 1.081600e-14
4.156600e-07 1.181900e-14
4.159310e-07 1.116600e-14
4.162030e-07 1.167400e-14
4.164740e-07 1.099900e-14
4.167450e-07 1.104300e-14
4.170160e-07 1.073000e-14
4.172880e-07 1.105200e-14
4.175590e-07 1.055000e-14
4.178300e-07 1.085000e-14
4.181010e-07 1.049400e-14
4.183730e-07 1.085600e-14
4.186440e-07 1.131700e-14
4.189150e-07 1.157400e-14
4.191860e-07 1.094200e-14
4.194580e-07 1.197600e-14
4.197290e-07 1.136200e-14
4.200000e-07 1.069800e-14
4.202710e-07 1.070900e-14
4.205430e-07 1.114800e-14
4.208140e-07 1.057000e-14
4.210850e-07 1.120100e-14
4.213560e-07 1.091600e-14
4.216280e-07 1.121700e-14
4.218990e-07 1.134400e-14
4.221700e-07 1.108400e-14
4.224420e-07 1.108300e-14
4.227130e-07 1.098500e-14
4.229840e-07 1.155300e-14
4.232550e-07 1.137600e-14
4.235270e-07 1.156000e-14
4.237980e-07 1.108900e-14
4.240690e-07 1.174900e-14
4.243400e-07 1.166600e-14
4.246120e-07 1.196400e-14
4.248830e-07 1.178200e-14
4.251540e-07 1.197300e-14
4.254250e-07 1.171700e-14
4.256970e-07 1.198000e-14
4.259680e-07 1.147000e-14
4.262390e-07 1.160900e-14
4.265100e-07 1.206600e-14
4.267820e-07 1.186000e-14
4.270530e-07 1.171500e-14
4.273240e-07 1.123300e-14
4.275950e-07 1.124000e-14
4.278670e-07 1.208300e-14
4.281380e-07 1.206400e-14
4.284090e-07 1.195700e-14
4.286800e-07 1.204800e-14
4.289520e-07 1.078200e-14
4.292230e-07 1.112800e-14
4.294940e-07 1.097000e-14
4.297660e-07 1.073400e-14
4.300370e-07 1.046800e-14
4.303080e-07 1.062400e-14
4.305790e-07 1.008800e-14
4.308510e-07 1.061500e-14
4.311220e-07 1.058100e-14
4.313930e-07 1.137200e-14
4.316640e-07 1.156000e-14
4.319360e-07 1.228400e-14
4.322070e-07 1.190600e-14
4.324780e-07 1.100600e-14
4.327490e-07 1.136300e-14
4.330210e-07 1.113200e-14
4.332920e-07 1.134800e-14
4.335630e-07 1.115700e-14
4.338340e-07 1.087400e-14
4.341060e-07 1.068600e-14
4.343770e-07 1.066000e-14
4.346480e-07 1.109800e-14
4.349190e-07 1.153000e-14
4.351910e-07 1.112400e-14
4.354620e-07 1.135100e-14
4.357330e-07 1.188800e-14
4.360040e-07 1.188600e-14
4.362760e-07 1.240700e-14
4.365470e-07 1.248600e-14
4.368180e-07 1.287600e-14
4.370900e-07 1.265700e-14
4.373610e-07 1.249700e-14
4.376320e-07 1.241200e-14
4.379030e-07 1.200800e-14
4.381750e-07 1.210000e-14
4.384460e-07 1.231500e-14
4.387170e-07 1.216700e-14
4.389880e-07 1.185500e-14
4.392600e-07 1.227500e-14
4.395310e-07 1.250100e-14
4.398020e-07 1.217400e-14
4.400730e-07 1.255000e-14
4.403450e-07 1.223500e-14
4.406160e-07 1.256900e-14
4.408870e-07 1.261900e-14
4.411580e-07 1.240300e-14
4.414300e-07 1.271300e-14
4.417010e-07 1.273500e-14
4.419720e-07 1.279400e-14
4.422430e-07 1.318800e-14
4.425150e-07 1.294200e-14
4.427860e-07 1.320700e-14
4.430570e-07 1.309900e-14
4.433280e-07 1.242100e-14
4.436000e-07 1.273400e-14
4.438710e-07 1.306900e-14
4.441420e-07 1.346100e-14
4.444140e-07 1.285900e-14
4.446850e-07 1.332300e-14
4.449560e-07 1.355800e-14
4.452270e-07 1.317200e-14
4.454990e-07 1.295700e-14
4.457700e-07 1.326400e-14
4.460410e-07 1.307700e-14
4.463120e-07 1.270800e-14
4.465840e-07 1.299200e-14
4.468550e-07 1.307300e-14
4.471260e-07 1.330000e-14
4.473970e-07 1.327100e-14
4.476690e-07 1.371000e-14
4.479400e-07 1.361900e-14
4.482110e-07 1.341500e-14
4.484820e-07 1.350300e-14
4.487540e-07 1.371900e-14
4.490250e-07 1.370800e-14
4.492960e-07 1.399200e-14
4.495670e-07 1.399200e-14
4.498390e-07 1.389000e-14
4.501100e-07 1.434400e-14
4.503810e-07 1.498700e-14
4.506520e-07 1.474300e-14
4.509240e-07 1.460300e-14
4.511950e-07 1.439100e-14
4.514660e-07 1.439200e-14
4.517380e-07 1.422800e-14
4.520090e-07 1.390000e-14
4.522800e-07 1.344700e-14
4.525510e-07 1.329900e-14
4.528230e-07 1.339000e-14
4.530940e-07 1.338300e-14
4.533650e-07 1.349200e-14
4.536360e-07 1.409400e-14
4.539080e-07 1.404500e-14
4.541790e-07 1.403200e-14
4.544500e-07 1.399600e-14
4.547210e-07 1.405700e-14
4.549930e-07 1.396200e-14
4.552640e-07 1.366000e-14
4.555350e-07 1.423100e-14
4.558060e-07 1.465400e-14
4.560780e-07 1.448200e-14
4.563490e-07 1.438300e-14
4.566200e-07 1.462700e-14
4.568910e-07 1.472200e-14
4.571630e-07 1.483200e-14
4.574340e-07 1.491100e-14
4.577050e-07 1.412000e-14
4.579760e-07 1.403100e-14
4.582480e-07 1.456600e-14
4.585190e-07 1.443600e-14
4.587900e-07 1.449400e-14
4.590620e-07 1.473200e-14
4.593330e-07 1.480700e-14
4.596040e-07 1.474500e-14
4.598750e-07 1.460900e-14
4.601470e-07 1.456900e-14
4.604180e-07 1.471600e-14
4.606890e-07 1.504400e-14
4.609600e-07 1.525400e-14
4.612320e-07 1.522600e-14
4.615030e-07 1.502200e-14
4.617740e-07 1.496300e-14
4.620450e-07 1.499200e-14
4.623170e-07 1.527700e-14
4.625880e-07 1.530900e-14
4.628590e-07 1.530800e-14
4.631300e-07 1.479800e-14
4.634020e-07 1.449400e-14
4.636730e-07 1.450600e-14
4.639440e-07 1.518500e-14
4.642150e-07 1.515300e-14
4.644870e-07 1.450000e-14
4.647580e-07 1.468200e-14
4.650290e-07 1.466400e-14
4.653000e-07 1.466500e-14
4.655720e-07 1.490400e-14
4.658430e-07 1.503700e-14
4.661140e-07 1.493600e-14
4.663860e-07 1.455800e-14
4.666570e-07 1.395700e-14
4.669280e-07 1.436900e-14
4.671990e-07 1.415200e-14
4.674710e-07 1.488600e-14
4.677420e-07 1.513200e-14
4.680130e-07 1.479500e-14
4.682840e-07 1.489600e-14
4.685560e-07 1.518200e-14
4.688270e-07 1.498200e-14
4.690980e-07 1.467300e-14
4.693690e-07 1.447100e-14
4.696410e-07 1.461500e-14
4.699120e-07 1.458800e-14
4.701830e-07 1.463000e-14
4.704540e-07 1.462700e-14
4.707260e-07 1.459100e-14
4.709970e-07 1.436800e-14
4.712680e-07 1.464500e-14
4.715390e-07 1.500000e-14
4.718110e-07 1.543000e-14
4.720820e-07 1.534800e-14
4.723530e-07 1.516900e-14
4.726250e-07 1.506300e-14
4.728960e-07 1.479200e-14
4.731670e-07 1.496800e-14
4.734380e-07 1.495300e-14
4.737100e-07 1.479000e-14
4.739810e-07 1.523100e-14
4.742520e-07 1.509000e-14
4.745230e-07 1.520600e-14
4.747950e-07 1.507400e-14
4.750660e-07 1.519400e-14
4.753370e-07 1.561200e-14
4.756080e-07 1.525400e-14
4.758800e-07 1.479000e-14
4.761510e-07 1.466600e-14
4.764220e-07 1.500900e-14
4.766930e-07 1.423000e-14
4.769650e-07 1.502100e-14
4.772360e-07 1.524800e-14
4.775070e-07 1.550400e-14
4.777780e-07 1.496400e-14
4.780500e-07 1.500100e-14
4.783210e-07 1.494600e-14
4.785920e-07 1.517000e-14
4.788630e-07 1.502400e-14
4.791350e-07 1.523800e-14
4.794060e-07 1.545100e-14
4.796770e-07 1.556000e-14
4.799490e-07 1.524700e-14
4.802200e-07 1.547600e-14
4.804910e-07 1.527200e-14
4.807620e-07 1.536600e-14
4.810340e-07 1.552200e-14
4.813050e-07 1.543500e-14
4.815760e-07 1.535300e-14
4.818470e-07 1.549400e-14
4.821190e-07 1.550400e-14
4.823900e-07 1.509700e-14
4.826610e-07 1.525400e-14
4.829320e-07 1.558100e-14
4.832040e-07 1.537700e-14
4.834750e-07 1.505000e-14
4.837460e-07 1.514900e-14
4.840170e-07 1.472200e-14
4.842890e-07 1.483300e-14
4.845600e-07 1.487900e-14
4.848310e-07 1.462300e-14
4.851020e-07 1.395500e-14
4.853740e-07 1.421600e-14
4.856450e-07 1.485900e-14
4.859160e-07 1.602400e-14
4.861870e-07 1.640000e-14
4.864590e-07 1.552700e-14
4.867300e-07 1.429700e-14
4.870010e-07 1.342800e-14
4.872730e-07 1.340300e-14
4.875440e-07 1.400700e-14
4.878150e-07 1.414600e-14
4.880860e-07 1.417200e-14
4.883580e-07 1.439400e-14
4.886290e-07 1.441500e-14
4.889000e-07 1.436600e-14
4.891710e-07 1.433700e-14
4.894430e-07 1.513800e-14
4.897140e-07 1.538500e-14
4.899850e-07 1.547800e-14
4.902560e-07 1.550600e-14
4.905280e-07 1.519400e-14
4.907990e-07 1.566300e-14
4.910700e-07 1.489900e-14
4.913410e-07 1.518200e-14
4.916130e-07 1.516200e-14
4.918840e-07 1.426600e-14
4.921550e-07 1.468600e-14
4.924260e-07 1.464200e-14
4.926980e-07 1.459500e-14
4.929690e-07 1.531600e-14
4.932400e-07 1.580700e-14
4.935110e-07 1.502400e-14
4.937830e-07 1.541900e-14
4.940540e-07 1.525100e-14
4.943250e-07 1.535000e-14
4.945970e-07 1.603500e-14
4.948680e-07 1.565100e-14
4.951390e-07 1.583800e-14
4.954100e-07 1.600700e-14
4.956820e-07 1.574200e-14
4.959530e-07 1.568400e-14
4.962240e-07 1.612600e-14
4.964950e-07 1.558200e-14
4.967670e-07 1.560000e-14
4.970380e-07 1.566100e-14
4.973090e-07 1.575000e-14
4.975800e-07 1.559400e-14
4.978520e-07 1.539500e-14
4.981230e-07 1.486300e-14
4.983940e-07 1.459800e-14
4.986650e-07 1.478700e-14
4.989370e-07 1.477200e-14
4.992080e-07 1.475100e-14
4.994790e-07 1.530800e-14
4.997500e-07 1.577400e-14
5.000220e-07 1.564800e-14
5.002930e-07 1.582000e-14
5.005640e-07 1.640800e-14
5.008350e-07 1.664600e-14
5.011070e-07 1.580800e-14
5.013780e-07 1.506900e-14
5.016490e-07 1.493900e-14
5.019210e-07 1.477500e-14
5.021920e-07 1.469300e-14
5.024630e-07 1.477500e-14
5.027340e-07 1.505600e-14
5.030060e-07 1.548200e-14
5.032770e-07 1.593800e-14
5.035480e-07 1.483300e-14
5.038190e-07 1.511600e-14
5.040910e-07 1.463900e-14
5.043620e-07 1.509700e-14
5.046330e-07 1.538800e-14
5.049040e-07 1.552900e-14
5.051760e-07 1.560200e-14
5.054470e-07 1.561900e-14
5.057180e-07 1.598100e-14
5.059890e-07 1.623000e-14
5.062610e-07 1.589000e-14
5.065320e-07 1.600800e-14
5.068030e-07 1.565900e-14
5.070740e-07 1.572400e-14
5.073460e-07 1.592700e-14
5.076170e-07 1.551600e-14
5.078880e-07 1.550600e-14
5.081590e-07 1.476500e-14
5.084310e-07 1.518200e-14
5.087020e-07 1.581600e-14
5.089730e-07 1.602500e-14
5.092450e-07 1.579900e-14
5.095160e-07 1.583400e-14
5.097870e-07 1.538200e-14
5.100580e-07 1.537000e-14
5.103300e-07 1.566400e-14
5.106010e-07 1.567600e-14
5.108720e-07 1.566400e-14
5.111430e-07 1.575700e-14
5.114150e-07 1.588800e-14
5.116860e-07 1.604200e-14
5.119570e-07 1.607200e-14
5.122280e-07 1.594200e-14
5.125000e-07 1.558300e-14
5.127710e-07 1.553400e-14
5.130420e-07 1.538800e-14
5.133130e-07 1.554300e-14
5.135850e-07 1.551300e-14
5.138560e-07 1.534400e-14
5.141270e-07 1.532200e-14
5.143980e-07 1.532200e-14
5.146700e-07 1.578700e-14
5.149410e-07 1.545300e-14
5.152120e-07 1.553700e-14
5.154830e-07 1.518700e-14
5.157550e-07 1.559900e-14
5.160260e-07 1.563100e-14
5.162970e-07 1.550700e-14
5.165690e-07 1.443700e-14
5.168400e-07 1.395400e-14
5.171110e-07 1.380800e-14
5.173820e-07 1.433600e-14
5.176540e-07 1.465400e-14
5.179250e-07 1.542700e-14
5.181960e-07 1.487400e-14
5.184670e-07 1.494500e-14
5.187390e-07 1.508700e-14
5.190100e-07 1.531500e-14
5.192810e-07 1.549300e-14
5.195520e-07 1.620600e-14
5.198240e-07 1.601000e-14
5.200950e-07 1.608800e-14
5.203660e-07 1.525300e-14
5.206370e-07 1.510500e-14
5.209090e-07 1.497800e-14
5.211800e-07 1.579700e-14
5.214510e-07 1.567400e-14
5.217220e-07 1.603600e-14
5.219940e-07 1.604000e-14
5.222650e-07 1.589100e-14
5.225360e-07 1.555700e-14
5.228070e-07 1.571400e-14
5.230790e-07 1.581500e-14
5.233500e-07 1.577600e-14
5.236210e-07 1.619100e-14
5.238930e-07 1.666500e-14
5.241640e-07 1.658300e-14
5.244350e-07 1.664600e-14
5.247060e-07 1.628100e-14
5.249780e-07 1.648200e-14
5.252490e-07 1.612700e-14
5.255200e-07 1.667200e-14
5.257910e-07 1.642800e-14
5.260630e-07 1.620900e-14
5.263340e-07 1.569600e-14
5.266050e-07 1.511200e-14
5.268760e-07 1.548600e-14
5.271480e-07 1.526400e-14
5.274190e-07 1.568500e-14
5.276900e-07 1.633000e-14
5.279610e-07 1.671000e-14
5.282330e-07 1.685900e-14
5.285040e-07 1.701200e-14
5.287750e-07 1.744400e-14
5.290460e-07 1.756900e-14
5.293180e-07 1.741000e-14
5.295890e-07 1.734400e-14
5.298600e-07 1.674600e-14
5.301310e-07 1.704000e-14
5.304030e-07 1.721200e-14
5.306740e-07 1.737200e-14
5.309450e-07 1.781200e-14
5.312170e-07 1.743000e-14
5.314880e-07 1.775200e-14
5.317590e-07 1.780800e-14
5.320300e-07 1.724800e-14
5.323020e-07 1.665000e-14
5.325730e-07 1.680900e-14
5.328440e-07 1.635400e-14
5.331150e-07 1.665500e-14
5.333870e-07 1.719000e-14
5.336580e-07 1.670400e-14
5.339290e-07 1.724200e-14
5.342000e-07 1.716300e-14
5.344720e-07 1.750600e-14
5.347430e-07 1.746200e-14
5.350140e-07 1.719100e-14
5.352850e-07 1.766500e-14
5.355570e-07 1.761300e-14
5.358280e-07 1.762900e-14
5.360990e-07 1.778800e-14
5.363700e-07 1.744800e-14
5.366420e-07 1.691500e-14
5.369130e-07 1.724000e-14
5.371840e-07 1.694600e-14
5.374550e-07 1.752600e-14
5.377270e-07 1.789300e-14
5.379980e-07 1.791400e-14
5.382690e-07 1.760700e-14
5.385410e-07 1.770300e-14
5.388120e-07 1.733400e-14
5.390830e-07 1.739800e-14
5.393540e-07 1.747700e-14
5.396260e-07 1.688500e-14
5.398970e-07 1.694800e-14
5.401680e-07 1.705300e-14
5.404390e-07 1.698900e-14
5.407110e-07 1.667700e-14
5.409820e-07 1.665400e-14
5.412530e-07 1.758200e-14
5.415240e-07 1.767100e-14
5.417960e-07 1.793100e-14
5.420670e-07 1.787300e-14
5.423380e-07 1.782000e-14
5.426090e-07 1.728700e-14
5.428810e-07 1.703800e-14
5.431520e-07 1.768800e-14
5.434230e-07 1.767000e-14
5.436940e-07 1.772100e-14
5.439660e-07 1.766800e-14
5.442370e-07 1.791700e-14
5.445080e-07 1.744700e-14
5.447790e-07 1.769000e-14
5.450510e-07 1.762700e-14
5.453220e-07 1.735600e-14
5.455930e-07 1.775300e-14
5.458650e-07 1.728900e-14
5.461360e-07 1.791300e-14
5.464070e-07 1.764300e-14
5.466780e-07 1.769700e-14
5.469500e-07 1.754400e-14
5.472210e-07 1.782300e-14
5.474920e-07 1.708800e-14
5.477630e-07 1.637500e-14
5.480350e-07 1.683300e-14
5.483060e-07 1.741700e-14
5.485770e-07 1.684400e-14
5.488480e-07 1.688100e-14
5.491200e-07 1.750600e-14
5.493910e-07 1.766600e-14
5.496620e-07 1.714800e-14
5.499330e-07 1.757700e-14
5.502050e-07 1.695800e-14
5.504760e-07 1.739700e-14
5.507470e-07 1.707600e-14
5.510180e-07 1.626100e-14
5.512900e-07 1.675200e-14
5.515610e-07 1.765800e-14
5.518320e-07 1.728200e-14
5.521030e-07 1.727100e-14
5.523750e-07 1.716900e-14
5.526460e-07 1.750000e-14
5.529170e-07 1.722300e-14
5.531890e-07 1.787000e-14
5.534600e-07 1.784200e-14
5.537310e-07 1.808300e-14
5.540020e-07 1.784800e-14
5.542740e-07 1.838000e-14
5.545450e-07 1.790100e-14
5.548160e-07 1.834200e-14
5.550870e-07 1.785100e-14
5.553590e-07 1.899900e-14
5.556300e-07 1.852500e-14
5.559010e-07 1.804000e-14
5.561720e-07 1.853100e-14
5.564440e-07 1.829500e-14
5.567150e-07 1.815200e-14
5.569860e-07 1.786000e-14
5.572570e-07 1.767100e-14
5.575290e-07 1.828000e-14
5.578000e-07 1.815900e-14
5.580710e-07 1.798500e-14
5.583420e-07 1.817900e-14
5.586140e-07 1.822700e-14
5.588850e-07 1.775600e-14
5.591560e-07 1.780300e-14
5.594270e-07 1.769800e-14
5.596990e-07 1.765100e-14
5.599700e-07 1.763000e-14
5.602410e-07 1.837800e-14
5.605130e-07 1.822500e-14
5.607840e-07 1.827800e-14
5.610550e-07 1.829100e-14
5.613260e-07 1.803900e-14
5.615980e-07 1.772500e-14
5.618690e-07 1.757400e-14
5.621400e-07 1.815500e-14
5.624110e-07 1.794800e-14
5.626830e-07 1.837500e-14
5.629540e-07 1.853700e-14
5.632250e-07 1.810600e-14
5.634960e-07 1.821600e-14
5.637680e-07 1.858300e-14
5.640390e-07 1.804700e-14
5.643100e-07 1.826800e-14
5.645810e-07 1.807900e-14
5.648530e-07 1.838500e-14
5.651240e-07 1.805400e-14
5.653950e-07 1.792100e-14
5.656660e-07 1.820800e-14
5.659380e-07 1.797700e-14
5.662090e-07 1.796900e-14
5.664800e-07 1.816300e-14
5.667510e-07 1.835500e-14
5.670230e-07 1.846200e-14
5.672940e-07 1.847800e-14
5.675650e-07 1.858200e-14
5.678370e-07 1.836000e-14
5.681080e-07 1.812100e-14
5.683790e-07 1.830300e-14
5.686500e-07 1.817600e-14
5.689220e-07 1.817400e-14
5.691930e-07 1.841500e-14
5.694640e-07 1.817500e-14
5.697350e-07 1.824600e-14
5.700070e-07 1.844500e-14
5.702780e-07 1.792800e-14
5.705490e-07 1.783700e-14
5.708200e-07 1.759100e-14
5.710920e-07 1.811600e-14
5.713630e-07 1.830500e-14
5.716340e-07 1.811200e-14
5.719050e-07 1.879400e-14
5.721770e-07 1.886000e-14
5.724480e-07 1.846300e-14
5.727190e-07 1.865300e-14
5.729900e-07 1.905400e-14
5.732620e-07 1.906500e-14
5.735330e-07 1.891500e-14
5.738040e-07 1.896400e-14
5.740750e-07 1.884700e-14
5.743470e-07 1.908600e-14
5.746180e-07 1.898600e-14
5.748890e-07 1.922300e-14
5.751610e-07 1.896000e-14
5.754320e-07 1.920700e-14
5.757030e-07 1.926700e-14
5.759740e-07 1.909400e-14
5.762460e-07 1.912100e-14
5.765170e-07 1.886200e-14
5.767880e-07 1.892900e-14
5.770590e-07 1.907700e-14
5.773310e-07 1.892800e-14
5.776020e-07 1.841700e-14
5.778730e-07 1.837100e-14
5.781440e-07 1.846700e-14
5.784160e-07 1.774300e-14
5.786870e-07 1.787000e-14
5.789580e-07 1.802600e-14
5.792290e-07 1.828200e-14
5.795010e-07 1.820600e-14
5.797720e-07 1.875300e-14
5.800430e-07 1.864500e-14
5.803140e-07 1.922400e-14
5.805860e-07 1.898800e-14
5.808570e-07 1.896800e-14
5.811280e-07 1.889100e-14
5.813990e-07 1.918600e-14
5.816710e-07 1.886600e-14
5.819420e-07 1.877300e-14
5.822130e-07 1.886100e-14
5.824850e-07 1.890700e-14
5.827560e-07 1.918800e-14
5.830270e-07 1.967700e-14
5.832980e-07 1.938500e-14
5.835700e-07 1.903100e-14
5.838410e-07 1.892800e-14
5.841120e-07 1.934400e-14
5.843830e-07 1.903200e-14
5.846550e-07 1.888200e-14
5.849260e-07 1.905300e-14
5.851970e-07 1.868800e-14
5.854680e-07 1.782900e-14
5.857400e-07 1.831300e-14
5.860110e-07 1.853400e-14
5.862820e-07 1.899400e-14
5.865530e-07 1.887900e-14
5.868250e-07 1.931800e-14
5.870960e-07 1.965500e-14
5.873670e-07 1.968100e-14
5.876380e-07 1.981000e-14
5.879100e-07 2.032900e-14
5.881810e-07 1.871300e-14
5.884520e-07 1.775600e-14
5.887230e-07 1.568900e-14
5.889950e-07 1.385000e-14
5.892660e-07 1.313300e-14
5.895370e-07 1.390000e-14
5.898090e-07 1.452000e-14
5.900800e-07 1.659300e-14
5.903510e-07 1.760200e-14
5.906220e-07 1.857300e-14
5.908940e-07 1.876700e-14
5.911650e-07 1.878400e-14
5.914360e-07 1.908000e-14
5.917070e-07 1.802500e-14
5.919790e-07 1.908100e-14
5.922500e-07 1.873700e-14
5.925210e-07 1.863000e-14
5.927920e-07 1.846300e-14
5.930640e-07 1.889800e-14
5.933350e-07 1.850300e-14
5.936060e-07 1.858800e-14
5.938770e-07 1.902100e-14
5.941490e-07 1.885600e-14
5.944200e-07 1.865900e-14
5.946910e-07 1.846400e-14
5.949620e-07 1.852300e-14
5.952340e-07 1.853600e-14
5.955050e-07 1.878900e-14
5.957760e-07 1.873500e-14
5.960470e-07 1.938000e-14
5.963190e-07 1.931200e-14
5.965900e-07 1.910900e-14
5.968610e-07 1.906000e-14
5.971330e-07 1.893400e-14
5.974040e-07 1.900800e-14
5.976750e-07 1.869100e-14
5.979460e-07 1.897400e-14
5.982180e-07 1.906700e-14
5.984890e-07 1.892000e-14
5.987600e-07 1.881400e-14
5.990310e-07 1.849500e-14
5.993030e-07 1.854700e-14
5.995740e-07 1.903400e-14
5.998450e-07 1.886200e-14
6.001160e-07 1.860100e-14
6.003880e-07 1.902600e-14
6.006590e-07 1.853500e-14
6.009300e-07 1.820200e-14
6.012010e-07 1.883900e-14
6.014730e-07 1.932000e-14
6.017440e-07 1.879600e-14
6.020150e-07 1.870000e-14
6.022860e-07 1.914400e-14
6.025580e-07 1.891600e-14
6.028290e-07 1.905700e-14
6.031000e-07 1.898700e-14
6.033710e-07 1.899700e-14
6.036430e-07 1.911000e-14
6.039140e-07 1.920800e-14
6.041850e-07 1.944700e-14
6.044570e-07 1.926800e-14
6.047280e-07 1.907600e-14
6.049990e-07 1.905600e-14
6.052700e-07 1.938700e-14
6.055420e-07 1.938900e-14
6.058130e-07 1.931700e-14
6.060840e-07 1.917500e-14
6.063550e-07 1.917400e-14
6.066270e-07 1.934600e-14
6.068980e-07 1.913100e-14
6.071690e-07 1.925900e-14
6.074400e-07 1.951300e-14
6.077120e-07 1.941000e-14
6.079830e-07 1.906900e-14
6.082540e-07 1.887900e-14
6.085250e-07 1.889200e-14
6.087970e-07 1.889500e-14
6.090680e-07 1.867300e-14
6.093390e-07 1.859800e-14
6.096100e-07 1.839300e-14
6.098820e-07 1.861400e-14
6.101530e-07 1.901800e-14
6.104240e-07 1.887800e-14
6.106960e-07 1.892700e-14
6.109670e-07 1.905300e-14
6.112380e-07 1.912900e-14
6.115090e-07 1.889700e-14
6.117810e-07 1.886000e-14
6.120520e-07 1.887700e-14
6.123230e-07 1.898300e-14
6.125940e-07 1.890300e-14
6.128660e-07 1.868800e-14
6.131370e-07 1.867700e-14
6.134080e-07 1.893200e-14
6.136790e-07 1.866400e-14
6.139510e-07 1.877300e-14
6.142220e-07 1.872400e-14
6.144930e-07 1.915900e-14
6.147640e-07 1.944000e-14
6.150360e-07 1.875800e-14
6.153070e-07 1.838700e-14
6.155780e-07 1.832000e-14
6.158490e-07 1.785700e-14
6.161210e-07 1.807400e-14
6.163920e-07 1.797800e-14
6.166630e-07 1.801900e-14
6.169340e-07 1.847000e-14
6.172060e-07 1.900600e-14
6.174770e-07 1.858300e-14
6.177480e-07 1.771500e-14
6.180200e-07 1.850700e-14
6.182910e-07 1.866100e-14
6.185620e-07 1.880700e-14
6.188330e-07 1.861000e-14
6.191050e-07 1.873600e-14
6.193760e-07 1.867100e-14
6.196470e-07 1.919000e-14
6.199180e-07 1.888100e-14
6.201900e-07 1.888700e-14
6.204610e-07 1.909800e-14
6.207320e-07 1.935400e-14
6.210030e-07 1.885000e-14
6.212750e-07 1.886200e-14
6.215460e-07 1.876600e-14
6.218170e-07 1.888400e-14
6.220880e-07 1.824900e-14
6.223600e-07 1.831000e-14
6.226310e-07 1.857700e-14
6.229020e-07 1.868600e-14
6.231730e-07 1.853800e-14
6.234450e-07 1.809900e-14
6.237160e-07 1.852500e-14
6.239870e-07 1.853000e-14
6.242580e-07 1.806600e-14
6.245300e-07 1.768600e-14
6.248010e-07 1.800500e-14
6.250720e-07 1.827200e-14
6.253440e-07 1.782800e-14
6.256150e-07 1.881200e-14
6.258860e-07 1.812000e-14
6.261570e-07 1.852900e-14
6.264290e-07 1.845100e-14
6.267000e-07 1.889100e-14
6.269710e-07 1.833300e-14
6.272420e-07 1.840100e-14
6.275140e-07 1.799700e-14
6.277850e-07 1.888500e-14
6.280560e-07 1.851100e-14
6.283270e-07 1.815300e-14
6.285990e-07 1.842000e-14
6.288700e-07 1.881300e-14
6.291410e-07 1.884000e-14
6.294120e-07 1.922100e-14
6.296840e-07 1.933700e-14
6.299550e-07 1.994300e-14
6.302260e-07 1.949600e-14
6.304970e-07 1.911700e-14
6.307690e-07 1.888300e-14
6.310400e-07 1.877100e-14
6.313110e-07 1.881200e-14
6.315820e-07 1.881300e-14
6.318540e-07 1.852200e-14
6.321250e-07 1.869100e-14
6.323960e-07 1.896200e-14
6.326680e-07 1.920200e-14
6.329390e-07 1.911300e-14
6.332100e-07 1.936500e-14
6.334810e-07 1.894600e-14
6.337530e-07 1.866300e-14
6.340240e-07 1.920300e-14
6.342950e-07 1.935500e-14
6.345660e-07 1.900700e-14
6.348380e-07 1.894900e-14
6.351090e-07 1.877200e-14
6.353800e-07 1.907000e-14
6.356510e-07 1.933300e-14
6.359230e-07 1.951700e-14
6.361940e-07 1.923800e-14
6.364650e-07 1.910800e-14
6.367360e-07 1.900500e-14
6.370080e-07 1.903700e-14
6.372790e-07 1.923500e-14
6.375500e-07 1.971000e-14
6.378210e-07 1.954800e-14
6.380930e-07 1.904700e-14
6.383640e-07 1.928600e-14
6.386350e-07 1.927400e-14
6.389060e-07 1.888400e-14
6.391780e-07 1.929100e-14
6.394490e-07 1.904200e-14
6.397200e-07 1.893600e-14
6.399920e-07 1.859700e-14
6.402630e-07 1.927200e-14
6.405340e-07 1.907900e-14
6.408050e-07 1.974000e-14
6.410770e-07 1.912500e-14
6.413480e-07 1.912500e-14
6.416190e-07 1.860200e-14
6.418900e-07 1.864800e-14
6.421620e-07 1.912600e-14
6.424330e-07 1.973800e-14
6.427040e-07 1.945000e-14
6.429750e-07 1.936800e-14
6.432470e-07 1.957900e-14
6.435180e-07 1.928800e-14
6.437890e-07 1.911900e-14
6.440600e-07 1.995000e-14
6.443320e-07 1.921500e-14
6.446030e-07 1.903800e-14
6.448740e-07 1.861900e-14
6.451450e-07 1.907700e-14
6.454170e-07 1.903300e-14
6.456880e-07 1.935400e-14
6.459590e-07 1.954500e-14
6.462300e-07 1.924800e-14
6.465020e-07 1.874500e-14
6.467730e-07 1.860300e-14
6.470440e-07 1.922600e-14
6.473160e-07 1.934600e-14
6.475870e-07 1.969400e-14
6.478580e-07 1.911500e-14
6.481290e-07 1.922300e-14
6.484010e-07 1.950100e-14
6.486720e-07 1.926700e-14
6.489430e-07 1.878700e-14
6.492140e-07 1.880500e-14
6.494860e-07 1.797700e-14
6.497570e-07 1.802000e-14
6.500280e-07 1.849900e-14
6.502990e-07 1.865300e-14
6.505710e-07 1.946100e-14
6.508420e-07 1.943200e-14
6.511130e-07 1.987100e-14
6.513840e-07 1.976200e-14
6.516560e-07 1.893400e-14
6.519270e-07 1.902600e-14
6.521980e-07 1.885700e-14
6.524690e-07 1.924900e-14
6.527410e-07 1.942900e-14
6.530120e-07 1.986100e-14
6.532830e-07 1.948800e-14
6.535540e-07 1.943300e-14
6.538260e-07 2.016700e-14
6.540970e-07 2.082800e-14
6.543680e-07 2.292200e-14
6.546400e-07 2.494300e-14
6.549110e-07 2.528100e-14
6.551820e-07 2.507400e-14
6.554530e-07 2.734600e-14
6.557250e-07 3.410500e-14
6.559960e-07 4.466200e-14
6.562670e-07 4.942800e-14
6.565380e-07 4.417500e-14
6.568100e-07 3.354500e-14
6.570810e-07 2.520000e-14
6.573520e-07 2.249700e-14
6.576230e-07 2.443100e-14
6.578950e-07 2.995600e-14
6.581660e-07 3.525800e-14
6.584370e-07 3.612800e-14
6.587080e-07 3.150500e-14
6.589800e-07 2.466600e-14
6.592510e-07 2.103400e-14
6.595220e-07 1.971100e-14
6.597930e-07 1.948300e-14
6.600650e-07 1.950200e-14
6.603360e-07 1.962000e-14
6.606070e-07 1.941300e-14
6.608780e-07 1.919600e-14
6.611500e-07 1.974700e-14
6.614210e-07 1.959700e-14
6.616920e-07 2.006800e-14
6.619640e-07 1.963500e-14
6.622350e-07 2.006000e-14
6.625060e-07 1.956200e-14
6.627770e-07 1.933700e-14
6.630490e-07 1.941100e-14
6.633200e-07 1.943400e-14
6.635910e-07 1.909400e-14
6.638620e-07 1.971500e-14
6.641340e-07 1.947500e-14
6.644050e-07 1.936000e-14
6.646760e-07 1.909100e-14
6.649470e-07 1.937500e-14
6.652190e-07 1.965700e-14
6.654900e-07 1.914500e-14
6.657610e-07 1.932400e-14
6.660320e-07 1.950100e-14
6.663040e-07 1.886500e-14
6.665750e-07 1.910000e-14
6.668460e-07 1.935000e-14
6.671170e-07 1.964400e-14
6.673890e-07 1.932000e-14
6.676600e-07 1.917200e-14
6.679310e-07 1.922300e-14
6.682020e-07 1.935000e-14
6.684740e-07 1.924900e-14
6.687450e-07 1.967200e-14
6.690160e-07 1.960700e-14
6.692880e-07 1.922300e-14
6.695590e-07 1.943500e-14
6.698300e-07 1.949100e-14
6.701010e-07 1.932800e-14
6.703730e-07 1.925000e-14
6.706440e-07 1.963200e-14
6.709150e-07 2.087300e-14
6.711860e-07 2.238200e-14
6.714580e-07 2.394600e-14
6.717290e-07 2.428300e-14
6.720000e-07 2.282600e-14
6.722710e-07 2.136600e-14
6.725430e-07 2.156700e-14
6.728140e-07 2.330900e-14
6.730850e-07 2.369000e-14
6.733560e-07 2.288000e-14
6.736280e-07 2.209200e-14
6.746090e-07 1.903900e-14
6.761640e-07 1.881100e-14
6.777220e-07 1.910700e-14
6.792850e-07 1.870500e-14
6.808510e-07 1.948600e-14
6.824200e-07 1.952000e-14
6.839940e-07 1.960000e-14
6.855700e-07 1.958900e-14
6.871510e-07 1.861100e-14
6.887350e-07 1.925400e-14
6.903220e-07 1.937700e-14
6.919140e-07 1.959100e-14
6.935090e-07 1.967000e-14
6.951080e-07 2.039700e-14
6.967100e-07 2.033900e-14
6.983160e-07 1.968300e-14
6.999260e-07 2.050400e-14
7.015390e-07 2.035200e-14
7.031560e-07 1.987700e-14
7.047780e-07 2.118900e-14
7.064020e-07 1.944700e-14
7.080300e-07 1.998100e-14
7.096630e-07 1.821200e-14
7.112990e-07 1.871200e-14
7.129380e-07 1.904900e-14
7.145820e-07 1.793200e-14
7.162290e-07 1.850800e-14
7.178800e-07 1.849800e-14
7.195350e-07 1.733300e-14
7.211940e-07 1.822300e-14
7.228560e-07 1.898300e-14
7.245230e-07 1.919100e-14
7.261930e-07 1.922400e-14
7.278670e-07 1.961500e-14
7.295450e-07 1.937900e-14
7.312260e-07 2.028100e-14
7.329120e-07 2.083600e-14
7.346020e-07 2.135800e-14
7.362950e-07 1.996700e-14
7.379930e-07 2.158000e-14
7.396940e-07 2.054900e-14
7.413990e-07 2.150400e-14
7.431080e-07 2.057100e-14
7.448210e-07 2.103800e-14
7.465380e-07 2.161400e-14
7.482590e-07 2.125500e-14
7.499840e-07 2.104800e-14
7.517130e-07 2.137700e-14
7.534460e-07 2.176100e-14
7.551830e-07 2.210100e-14
7.569230e-07 2.178400e-14
7.586680e-07 2.172000e-14
7.604170e-07 2.106700e-14
7.621700e-07 2.105300e-14
7.639270e-07 2.056100e-14
7.656880e-07 2.078600e-14
7.674530e-07 1.768100e-14
7.692220e-07 1.996300e-14
7.709960e-07 1.811200e-14
7.727730e-07 1.984600e-14
7.745540e-07 2.015600e-14
7.763400e-07 1.959400e-14
7.781300e-07 1.944700e-14
7.799230e-07 1.947900e-14
7.817210e-07 1.964700e-14
7.835240e-07 2.013800e-14
7.853300e-07 2.021700e-14
7.871400e-07 2.020400e-14
7.889550e-07 2.000600e-14
7.907730e-07 1.994700e-14
7.925960e-07 1.921300e-14
7.944230e-07 1.969300e-14
7.962550e-07 2.013800e-14
7.980900e-07 2.035800e-14
7.999300e-07 2.058000e-14
8.017740e-07 2.037800e-14
8.036220e-07 1.931400e-14
8.054750e-07 2.002500e-14
8.073320e-07 2.095500e-14
8.091930e-07 2.041700e-14
8.110580e-07 2.083000e-14
8.129280e-07 2.076800e-14
8.148020e-07 2.104300e-14
8.166800e-07 2.098000e-14
8.185630e-07 2.025400e-14
8.204500e-07 1.833200e-14
8.223410e-07 2.046100e-14
8.242370e-07 1.966200e-14
8.261370e-07 2.115000e-14
8.280410e-07 2.123300e-14
8.299500e-07 1.980200e-14
8.318640e-07 1.992600e-14
8.337810e-07 1.991200e-14
8.357030e-07 1.971500e-14
8.376290e-07 2.048800e-14
8.395610e-07 1.923900e-14
8.414960e-07 2.050600e-14
8.434360e-07 1.934500e-14
8.453800e-07 1.919800e-14
8.473290e-07 1.940700e-14
8.492820e-07 1.970800e-14
8.512400e-07 1.889400e-14
8.532020e-07 1.954400e-14
8.551690e-07 1.152700e-14
8.571400e-07 1.960600e-14
8.591160e-07 1.919000e-14
8.610970e-07 1.957700e-14
8.630820e-07 1.933900e-14
8.650720e-07 1.968400e-14
8.670660e-07 1.296600e-14
8.690640e-07 1.890000e-14
8.710680e-07 1.897400e-14
8.730760e-07 1.976200e-14
8.750880e-07 1.920900e-14
8.771060e-07 1.986900e-14
8.791280e-07 1.985400e-14
8.811540e-07 1.947700e-14
8.831850e-07 1.928400e-14
8.852220e-07 1.967300e-14
8.872620e-07 1.805300e-14
8.893070e-07 1.875900e-14
8.913580e-07 1.918100e-14
8.934120e-07 1.899100e-14
8.954720e-07 1.824800e-14
8.975360e-07 1.773700e-14
8.996050e-07 1.788700e-14
9.016790e-07 1.808000e-14
9.037570e-07 1.835900e-14
9.058410e-07 2.006900e-14
9.079290e-07 1.841500e-14
9.100220e-07 1.781700e-14
9.121200e-07 1.952100e-14
9.142230e-07 1.803700e-14
9.163300e-07 1.674200e-14
9.184430e-07 1.608700e-14
9.205600e-07 1.799400e-14
9.226820e-07 1.748900e-14
9.248090e-07 1.792300e-14
9.269410e-07 1.803300e-14
9.290780e-07 1.793600e-14
9.312190e-07 1.902700e-14
9.333660e-07 1.918700e-14
9.355180e-07 1.912700e-14
9.376740e-07 1.876300e-14
9.398360e-07 1.914000e-14
9.420020e-07 1.881900e-14
9.441740e-07 1.915300e-14
9.463510e-07 1.971800e-14
9.485320e-07 1.979300e-14
9.507180e-07 1.919300e-14
9.529100e-07 1.944400e-14
9.551070e-07 1.898500e-14
9.573090e-07 1.936700e-14
9.595150e-07 1.971000e-14
9.617280e-07 1.937800e-14
9.639440e-07 1.954100e-14
9.661660e-07 1.912400e-14
9.683940e-07 1.946300e-14
9.706260e-07 1.900300e-14
9.728640e-07 1.872700e-14
9.751060e-07 1.875400e-14
9.773540e-07 1.891100e-14
9.796070e-07 1.859200e-14
9.818650e-07 1.927300e-14
9.841290e-07 1.903600e-14
9.863980e-07 1.910700e-14
9.886710e-07 1.909000e-14
9.909500e-07 1.876800e-14
9.932340e-07 1.905600e-14
9.955250e-07 1.921600e-14
9.978200e-07 1.924300e-14
1.000120e-06 1.918100e-14
1.002425e-06 1.943100e-14
1.007052e-06 1.921800e-14
1.011701e-06 1.981200e-14
1.016370e-06 1.963900e-14
1.023415e-06 1.994900e-14
1.028140e-06 2.018900e-14
1.030510e-06 2.017000e-14
1.049668e-06 1.933900e-14
1.069183e-06 1.825700e-14
1.089061e-06 1.821500e-14
1.109308e-06 1.696000e-14
1.129931e-06 1.715700e-14
1.150938e-06 1.751600e-14
1.169639e-06 1.723600e-14
1.188644e-06 1.604800e-14
1.210744e-06 1.630900e-14
1.230417e-06 1.634700e-14
1.250409e-06 1.571900e-14
1.270727e-06 1.546800e-14
1.291374e-06 1.529100e-14
1.309339e-06 1.511600e-14
1.330614e-06 1.453600e-14
1.349125e-06 1.410700e-14
1.371046e-06 1.391300e-14
1.390120e-06 1.322600e-14
1.409458e-06 1.245800e-14
1.429064e-06 1.231500e-14
1.448945e-06 1.257300e-14
1.469102e-06 1.209000e-14
1.489539e-06 1.245800e-14
1.510261e-06 1.271800e-14
1.531271e-06 1.316500e-14
1.549002e-06 1.310500e-14
1.570551e-06 1.289500e-14
1.588736e-06 1.242900e-14
1.610838e-06 1.245800e-14
1.629491e-06 1.248600e-14
1.648360e-06 1.245800e-14
1.671291e-06 1.254400e-14
1.690644e-06 1.263100e-14
1.710219e-06 1.248600e-14
1.730023e-06 1.206200e-14
1.750057e-06 1.154600e-14
1.770322e-06 1.090000e-14
1.790819e-06 1.031400e-14
1.811557e-06 9.692400e-15
1.828320e-06 9.428200e-15
1.849489e-06 9.066300e-15
1.870906e-06 8.618500e-15
1.888218e-06 8.422300e-15
1.910083e-06 8.383600e-15
1.932199e-06 8.192800e-15
1.950078e-06 7.914600e-15
1.968123e-06 7.610800e-15
1.990911e-06 7.352400e-15
2.009333e-06 7.318700e-15
2.027926e-06 7.119200e-15
2.051407e-06 7.119200e-15
2.070389e-06 7.021500e-15
2.089547e-06 6.957100e-15
2.108880e-06 6.925200e-15
2.128394e-06 6.845900e-15
2.148087e-06 6.783100e-15
2.167964e-06 6.613500e-15
2.188025e-06 6.537800e-15
2.208269e-06 6.359600e-15
2.228703e-06 6.214900e-15
2.249323e-06 6.101400e-15
2.270137e-06 5.947200e-15
2.291143e-06 5.303000e-15
2.312341e-06 5.196500e-15
2.328371e-06 4.522000e-15
2.349913e-06 4.221600e-15
2.371658e-06 4.252100e-15
2.388096e-06 3.892000e-15
2.410194e-06 3.691900e-15
2.432496e-06 3.575100e-15
2.449356e-06 3.264500e-15
2.472021e-06 3.146400e-15
2.489155e-06 2.626000e-15
2.512188e-06 2.560000e-15
2.515087e-06 2.804100e-15
2.524635e-06 2.643100e-15
2.534174e-06 2.771200e-15
2.543722e-06 2.607100e-15
2.553270e-06 2.645600e-15
2.562809e-06 2.611200e-15
2.572357e-06 2.653800e-15
2.581896e-06 2.632000e-15
2.591444e-06 2.713400e-15
2.600992e-06 2.619700e-15
2.610531e-06 2.573100e-15
2.620079e-06 2.548400e-15
2.629627e-06 2.511800e-15
2.639166e-06 2.413000e-15
2.648714e-06 2.492400e-15
2.658253e-06 2.418700e-15
2.667801e-06 2.401200e-15
2.677349e-06 2.329000e-15
2.686888e-06 2.334800e-15
2.696436e-06 2.305800e-15
2.705984e-06 2.323800e-15
2.715523e-06 2.270600e-15
2.725071e-06 2.314600e-15
2.734610e-06 2.275500e-15
2.744158e-06 2.301300e-15
2.753706e-06 2.242400e-15
2.763245e-06 2.263500e-15
2.772793e-06 2.121000e-15
2.782341e-06 2.153500e-15
2.791880e-06 2.105100e-15
2.801428e-06 2.159000e-15
2.810967e-06 2.109200e-15
2.820515e-06 2.135500e-15
2.830063e-06 1.993200e-15
2.839602e-06 2.051600e-15
2.849150e-06 1.971000e-15
2.858698e-06 1.961300e-15
2.868237e-06 1.938500e-15
2.877785e-06 1.905200e-15
2.887324e-06 1.863200e-15
2.896872e-06 1.884000e-15
2.906420e-06 1.816100e-15
2.915959e-06 1.828300e-15
2.925507e-06 1.790000e-15
2.935055e-06 1.822500e-15
2.944594e-06 1.779800e-15
2.954142e-06 1.779700e-15
2.963681e-06 1.754300e-15
2.973229e-06 1.812100e-15
2.982777e-06 1.732800e-15
2.992316e-06 1.744000e-15
3.001864e-06 1.654900e-15
3.011412e-06 1.640400e-15
3.020951e-06 1.596000e-15
3.030499e-06 1.586800e-15
3.040038e-06 1.562900e-15
3.049586e-06 1.579000e-15
3.059135e-06 1.562600e-15
3.068673e-06 1.566300e-15
3.078221e-06 1.527700e-15
3.087770e-06 1.549500e-15
3.097308e-06 1.533400e-15
3.106856e-06 1.505300e-15
3.116395e-06 1.499800e-15
3.125943e-06 1.488700e-15
3.135492e-06 1.509000e-15
3.145030e-06 1.558400e-15
3.154578e-06 1.548400e-15
3.164127e-06 1.598200e-15
3.173665e-06 1.560200e-15
3.183213e-06 1.663700e-15
3.192752e-06 1.706700e-15
3.202300e-06 1.788700e-15
3.211849e-06 1.838600e-15
3.221387e-06 1.968000e-15
3.230935e-06 2.160400e-15
3.240484e-06 2.329600e-15
3.250022e-06 2.417800e-15
3.259570e-06 2.492600e-15
3.269109e-06 2.561700e-15
3.278657e-06 2.692100e-15
3.288206e-06 2.440400e-15
3.297744e-06 2.218400e-15
3.307292e-06 2.024900e-15
3.316841e-06 1.935000e-15
3.326379e-06 1.778100e-15
3.335928e-06 1.690700e-15
3.345466e-06 1.669400e-15
3.355014e-06 1.737500e-15
3.364562e-06 1.614200e-15
3.374101e-06 1.623100e-15
3.383650e-06 1.621800e-15
3.393198e-06 1.628000e-15
3.402736e-06 1.663800e-15
3.412285e-06 1.697400e-15
3.421823e-06 1.611200e-15
3.431371e-06 1.590600e-15
3.440920e-06 1.579800e-15
3.450458e-06 1.563600e-15
3.460006e-06 1.584900e-15
3.469555e-06 1.584300e-15
3.479093e-06 1.493200e-15
3.488642e-06 1.465700e-15
3.498180e-06 1.399000e-15
3.507728e-06 1.456600e-15
3.517277e-06 1.423200e-15
3.526815e-06 1.404000e-15
3.536364e-06 1.354900e-15
3.545912e-06 1.332200e-15
3.555450e-06 1.279900e-15
3.564999e-06 1.316600e-15
3.574537e-06 1.307500e-15
3.584086e-06 1.306600e-15
3.593634e-06 1.296400e-15
3.603172e-06 1.340800e-15
3.612720e-06 1.274000e-15
3.622269e-06 1.278200e-15
3.631807e-06 1.241400e-15
3.641356e-06 1.288400e-15
3.650894e-06 1.184300e-15
3.660442e-06 1.170900e-15
3.669991e-06 1.161200e-15
3.679529e-06 1.186700e-15
3.689078e-06 1.155300e-15
3.698626e-06 1.170800e-15
3.708164e-06 1.168400e-15
3.717713e-06 1.184300e-15
3.727251e-06 1.171000e-15
3.736800e-06 1.179400e-15
3.746348e-06 1.145700e-15
3.755886e-06 1.169300e-15
3.765434e-06 1.125300e-15
3.774983e-06 1.113200e-15
3.784522e-06 1.133500e-15
3.794070e-06 1.132100e-15
3.803608e-06 1.096200e-15
3.813157e-06 1.096500e-15
3.822705e-06 1.019300e-15
3.832244e-06 1.039800e-15
3.841792e-06 1.046000e-15
3.851340e-06 1.035600e-15
3.860878e-06 1.028700e-15
3.870427e-06 1.057300e-15
3.879965e-06 1.008800e-15
3.889514e-06 1.014400e-15
3.899062e-06 1.001700e-15
3.908600e-06 9.918200e-16
3.918149e-06 9.841700e-16
3.927697e-06 1.002400e-15
3.937236e-06 9.735900e-16
3.946784e-06 9.458900e-16
3.956322e-06 9.733400e-16
3.965870e-06 1.006900e-15
3.975419e-06 9.866700e-16
3.984957e-06 1.020100e-15
3.994506e-06 1.019500e-15
4.004054e-06 1.034400e-15
4.013593e-06 1.003300e-15
4.023141e-06 1.038900e-15
4.032680e-06 1.105500e-15
4.042228e-06 1.110700e-15
4.051776e-06 1.013600e-15
4.061314e-06 9.796600e-16
4.070863e-06 9.075400e-16
4.080411e-06 8.955000e-16
4.089950e-06 8.638800e-16
4.099498e-06 8.467600e-16
4.109036e-06 8.650600e-16
4.118585e-06 8.562400e-16
4.128133e-06 8.554200e-16
4.137671e-06 8.622300e-16
4.147220e-06 8.422900e-16
4.156768e-06 8.175100e-16
4.166307e-06 8.049400e-16
4.175855e-06 8.057200e-16
4.185394e-06 7.766700e-16
4.194942e-06 8.073800e-16
4.204490e-06 7.614200e-16
4.214028e-06 7.966000e-16
4.223577e-06 7.861000e-16
4.233125e-06 7.934300e-16
4.242664e-06 7.511000e-16
4.252212e-06 7.486200e-16
4.261750e-06 7.496000e-16
4.271299e-06 7.563000e-16
4.280847e-06 7.525500e-16
4.290385e-06 7.614300e-16
4.299934e-06 7.613800e-16
4.309482e-06 7.399000e-16
4.319021e-06 7.532300e-16
4.328569e-06 7.563900e-16
4.338108e-06 7.582500e-16
4.347656e-06 7.628400e-16
4.357204e-06 7.187600e-16
4.366743e-06 7.538800e-16
4.376291e-06 6.979400e-16
4.385839e-06 6.929500e-16
4.395378e-06 6.710200e-16
4.404926e-06 6.247200e-16
4.414464e-06 6.449200e-16
4.424013e-06 6.088400e-16
4.433561e-06 6.414600e-16
4.443100e-06 6.191900e-16
4.452648e-06 5.989600e-16
4.462196e-06 6.108000e-16
4.471735e-06 5.714900e-16
4.481283e-06 6.016100e-16
4.490822e-06 6.230000e-16
4.500370e-06 6.440500e-16
4.509918e-06 6.208400e-16
4.519457e-06 6.341700e-16
4.529005e-06 6.102900e-16
4.538553e-06 6.155200e-16
4.548092e-06 5.845900e-16
4.557640e-06 5.752900e-16
4.567178e-06 5.721000e-16
4.576727e-06 5.582300e-16
4.586275e-06 5.784100e-16
4.595814e-06 5.981000e-16
4.605362e-06 6.006400e-16
4.614910e-06 5.651100e-16
4.624449e-06 6.001100e-16
4.633997e-06 6.197600e-16
4.643536e-06 5.976200e-16
4.653084e-06 5.752200e-16
4.662632e-06 5.922900e-16
4.672171e-06 6.425800e-16
4.681719e-06 5.913200e-16
4.691268e-06 5.875400e-16
4.700806e-06 5.783300e-16
4.710354e-06 5.637000e-16
4.719902e-06 5.356500e-16
4.729441e-06 5.429200e-16
4.738989e-06 5.590700e-16
4.748528e-06 5.588500e-16
4.758076e-06 5.520300e-16
4.767625e-06 5.421700e-16
4.777163e-06 5.674900e-16
4.786711e-06 5.589600e-16
4.796250e-06 5.287500e-16
4.805798e-06 5.550200e-16
4.815346e-06 5.288600e-16
4.824885e-06 5.134000e-16
4.834433e-06 4.987100e-16
4.843982e-06 4.871000e-16
4.853520e-06 5.059200e-16
4.863068e-06 4.404700e-16
4.872606e-06 4.795500e-16
4.882254e-06 4.718400e-16
4.931076e-06 5.380000e-16
4.980387e-06 6.048200e-16
5.030191e-06 6.723200e-16
5.080493e-06 7.404900e-16
5.131298e-06 8.093400e-16
5.182611e-06 8.788800e-16
5.234437e-06 9.491100e-16
5.263194e-06 9.880800e-16
5.293757e-06 8.432600e-16
5.324322e-06 8.403100e-16
5.354885e-06 9.177300e-16
5.385449e-06 6.521100e-16
5.416013e-06 6.277000e-16
5.446577e-06 6.852900e-16
5.477140e-06 6.780800e-16
5.507705e-06 7.451800e-16
5.538268e-06 7.405500e-16
5.568833e-06 7.357000e-16
5.599396e-06 8.050900e-16
5.629961e-06 1.031500e-15
5.660525e-06 1.099200e-15
5.691088e-06 1.127200e-15
5.721651e-06 1.124400e-15
5.752216e-06 1.043700e-15
5.782780e-06 9.822600e-16
5.813344e-06 9.428900e-16
5.843908e-06 1.031000e-15
5.874472e-06 1.106300e-15
5.905036e-06 1.047300e-15
5.935599e-06 1.054500e-15
5.966164e-06 1.211800e-15
5.996727e-06 1.492000e-15
6.027291e-06 1.574000e-15
6.057856e-06 1.612500e-15
6.088419e-06 1.707800e-15
6.118982e-06 2.187300e-15
6.149547e-06 3.066500e-15
6.180110e-06 4.131000e-15
6.210674e-06 4.578800e-15
6.241238e-06 3.439900e-15
6.271802e-06 3.771600e-15
6.302367e-06 2.948400e-15
6.332930e-06 2.613100e-15
6.363493e-06 2.118700e-15
6.394058e-06 1.928100e-15
6.424621e-06 1.721800e-15
6.455185e-06 1.566000e-15
6.485750e-06 1.491500e-15
6.516313e-06 1.462400e-15
6.546876e-06 1.418400e-15
6.577442e-06 1.362700e-15
6.608005e-06 1.438700e-15
6.638568e-06 1.491000e-15
6.669133e-06 1.388500e-15
6.699696e-06 1.469300e-15
6.730261e-06 1.482600e-15
6.760824e-06 1.491500e-15
6.791388e-06 1.504800e-15
6.821953e-06 1.408300e-15
6.852516e-06 1.528900e-15
6.883080e-06 1.611200e-15
6.913644e-06 1.779600e-15
6.944207e-06 1.893600e-15
6.974772e-06 2.549500e-15
7.005335e-06 2.318700e-15
7.035899e-06 1.892000e-15
7.066464e-06 1.986900e-15
7.097027e-06 2.028200e-15
7.127592e-06 2.035200e-15
7.158155e-06 2.087700e-15
7.188718e-06 2.104100e-15
7.219284e-06 2.172600e-15
7.249846e-06 2.186200e-15
7.280410e-06 2.264900e-15
7.310975e-06 2.388200e-15
7.341538e-06 2.639100e-15
7.372102e-06 2.895800e-15
7.402666e-06 3.093300e-15
7.431230e-06 3.261300e-15
7.433230e-06 3.273600e-15
7.463795e-06 3.578200e-15
7.492478e-06 4.023300e-15
7.494357e-06 3.886300e-15
7.553728e-06 4.616900e-15
7.614977e-06 5.003800e-15
7.676227e-06 4.756700e-15
7.737476e-06 4.567300e-15
7.798727e-06 4.502100e-15
7.859976e-06 4.206500e-15
7.921225e-06 3.664900e-15
7.982476e-06 3.134900e-15
8.043725e-06 2.732000e-15
8.104974e-06 2.401300e-15
8.166224e-06 2.227700e-15
8.227473e-06 2.123300e-15
8.288724e-06 2.127000e-15
8.349973e-06 2.101500e-15
8.411223e-06 2.104800e-15
8.472472e-06 2.219000e-15
8.533722e-06 1.981100e-15
8.594971e-06 2.359300e-15
8.656221e-06 2.118400e-15
8.717470e-06 1.753400e-15
8.778720e-06 1.426400e-15
8.839969e-06 1.158600e-15
8.901219e-06 9.907200e-16
8.962468e-06 8.950100e-16
9.023718e-06 8.008200e-16
9.084968e-06 7.123200e-16
9.146217e-06 6.842000e-16
9.207467e-06 6.668500e-16
9.268716e-06 5.777400e-16
9.329966e-06 6.018100e-16
9.391215e-06 5.839500e-16
9.452465e-06 5.697800e-16
9.513714e-06 5.666800e-16
9.574964e-06 5.808000e-16
9.636214e-06 5.772000e-16
9.697464e-06 6.194500e-16
9.758713e-06 5.407500e-16
9.819963e-06 5.121200e-16
9.881208e-06 4.999800e-16
9.942463e-06 4.985900e-16
1.000371e-05 4.944600e-16
1.006496e-05 5.026200e-16
1.012621e-05 4.877400e-16
1.018746e-05 4.913700e-16
1.024871e-05 4.213400e-16
1.030996e-05 4.938700e-16
1.037121e-05 5.060000e-16
1.043246e-05 5.367200e-16
1.049371e-05 5.811800e-16
1.055496e-05 6.300500e-16
1.061620e-05 6.555300e-16
1.067746e-05 6.645000e-16
1.073870e-05 6.887000e-16
1.079996e-05 6.749100e-16
1.086120e-05 7.009700e-16
1.092246e-05 7.865900e-16
1.098370e-05 9.429700e-16
1.104495e-05 1.050700e-15
1.110621e-05 1.315400e-15
1.116745e-05 2.154000e-15
1.122871e-05 2.795800e-15
1.128995e-05 2.637700e-15
1.135121e-05 2.137900e-15
1.141245e-05 1.742700e-15
1.147370e-05 1.455400e-15
1.153495e-05 1.268300e-15
1.159620e-05 1.135400e-15
1.165745e-05 1.042600e-15
1.171870e-05 9.906300e-16
1.177995e-05 9.961500e-16
1.184120e-05 1.107700e-15
1.190244e-05 1.101800e-15
1.196370e-05 1.150100e-15
1.202495e-05 1.130500e-15
1.208620e-05 1.086400e-15
1.214745e-05 1.053400e-15
1.220869e-05 1.067300e-15
1.226995e-05 1.149100e-15
1.233119e-05 1.186400e-15
1.239245e-05 1.203200e-15
1.245369e-05 1.264500e-15
1.251495e-05 1.332100e-15
1.257619e-05 1.405600e-15
1.263744e-05 1.474400e-15
1.269869e-05 1.533700e-15
1.275994e-05 2.078700e-15
1.282120e-05 2.360300e-15
1.288244e-05 1.424600e-15
1.294369e-05 9.545500e-16
1.300494e-05 8.801800e-16
1.306619e-05 9.024100e-16
1.312744e-05 8.326300e-16
1.318869e-05 8.396200e-16
1.324994e-05 8.271300e-16
1.331119e-05 8.158200e-16
1.337243e-05 8.030700e-16
1.343369e-05 7.945800e-16
1.349494e-05 8.049900e-16
1.355619e-05 7.906600e-16
1.361744e-05 7.842300e-16
1.367869e-05 7.633400e-16
1.373994e-05 7.322200e-16
1.380118e-05 7.129400e-16
1.386244e-05 7.224600e-16
1.392368e-05 7.407800e-16
1.398494e-05 7.260200e-16
1.404618e-05 7.145000e-16
1.410744e-05 7.139100e-16
1.416868e-05 7.090500e-16
1.422993e-05 6.937500e-16
1.429119e-05 6.653700e-16
1.434389e-05 6.670100e-16
1.443433e-05 6.341900e-16
1.452478e-05 6.153500e-16
1.461523e-05 6.066100e-16
1.470567e-05 5.980800e-16
1.479611e-05 5.722700e-16
1.488656e-05 5.904600e-16
1.497701e-05 5.872800e-16
1.506745e-05 5.863700e-16
1.515790e-05 6.678400e-16
1.524835e-05 5.860500e-16
1.533879e-05 5.874800e-16
1.542923e-05 6.060200e-16
1.551968e-05 6.710000e-16
1.561013e-05 6.802200e-16
1.570057e-05 6.529900e-16
1.579102e-05 6.451000e-16
1.588146e-05 6.452000e-16
1.597191e-05 6.710100e-16
1.606236e-05 6.688300e-16
1.615280e-05 6.822300e-16
1.624325e-05 7.143900e-16
1.633369e-05 7.892000e-16
1.642414e-05 9.001900e-16
1.651458e-05 8.872400e-16
1.660503e-05 8.338900e-16
1.669547e-05 8.565900e-16
1.678592e-05 8.379500e-16
1.687637e-05 8.505500e-16
1.696681e-05 9.855000e-16
1.705726e-05 1.053400e-15
1.714770e-05 9.144400e-16
1.723815e-05 8.686400e-16
1.732860e-05 8.870600e-16
1.741904e-05 8.737300e-16
1.750949e-05 7.911600e-16
1.759993e-05 7.750500e-16
1.769038e-05 7.510700e-16
1.778082e-05 7.442600e-16
1.787127e-05 7.389400e-16
1.796172e-05 7.309400e-16
1.805216e-05 7.040600e-16
1.814260e-05 7.104700e-16
1.823306e-05 7.092600e-16
1.832350e-05 6.856400e-16
1.841394e-05 7.106500e-16
1.850438e-05 7.199900e-16
1.859484e-05 7.474500e-16
1.868528e-05 9.567200e-16
1.877572e-05 9.041700e-16
1.886618e-05 7.630300e-16
1.895662e-05 7.476400e-16
1.904706e-05 7.599400e-16
1.913750e-05 7.384300e-16
1.922796e-05 7.071300e-16
1.931840e-05 7.450100e-16
1.940884e-05 7.310600e-16
1.949930e-05 7.472700e-16
1.958974e-05 7.069200e-16
1.968018e-05 7.403900e-16
1.977062e-05 7.810800e-16
1.986108e-05 7.522400e-16
1.995152e-05 7.756200e-16
2.004196e-05 7.661100e-16
2.013241e-05 7.564200e-16
2.027564e-05 7.022300e-16
2.044875e-05 8.298800e-16
2.062196e-05 7.956000e-16
2.079527e-05 7.375700e-16
2.096867e-05 8.260600e-16
2.114216e-05 8.096700e-16
2.131574e-05 7.734500e-16
2.148942e-05 8.125700e-16
2.166319e-05 8.725700e-16
2.183707e-05 8.165000e-16
2.201103e-05 7.765800e-16
2.218509e-05 8.382900e-16
2.235924e-05 8.735100e-16
2.253348e-05 8.373800e-16
2.270783e-05 8.084900e-16
2.288226e-05 8.535700e-16
2.305680e-05 8.868700e-16
2.323143e-05 8.807100e-16
2.340615e-05 8.523400e-16
2.358098e-05 8.587200e-16
2.375589e-05 8.957100e-16
2.393090e-05 9.145100e-16
2.410602e-05 8.874000e-16
2.428122e-05 8.770600e-16
2.445652e-05 9.037900e-16
2.463193e-05 9.221300e-16
2.480742e-05 9.275800e-16
2.498301e-05 9.244400e-16
2.515870e-05 9.256700e-16
2.533450e-05 9.427100e-16
2.551038e-05 9.592100e-16
2.568637e-05 9.706500e-16
2.586245e-05 9.962400e-16
2.603863e-05 9.831700e-16
2.621491e-05 9.770100e-16
2.639129e-05 9.878300e-16
2.656776e-05 9.773100e-16
2.674434e-05 1.001400e-15
2.692101e-05 1.005500e-15
2.709778e-05 1.001000e-15
2.727466e-05 9.887000e-16
2.745163e-05 1.004600e-15
2.762870e-05 1.036700e-15
2.780588e-05 1.055800e-15
2.798315e-05 1.038400e-15
2.816052e-05 1.055700e-15
2.833799e-05 1.044100e-15
2.851556e-05 1.052000e-15
2.869324e-05 1.055500e-15
2.887102e-05 1.076000e-15
2.904889e-05 1.046600e-15
2.922687e-05 1.076500e-15
2.940495e-05 1.083700e-15
2.958313e-05 1.084500e-15
2.976141e-05 1.065500e-15
2.993979e-05 1.116800e-15
3.011828e-05 1.108700e-15
3.029687e-05 1.115100e-15
3.047555e-05 1.103600e-15
3.065434e-05 1.137400e-15
3.083325e-05 1.121400e-15
3.101225e-05 1.102600e-15
3.119135e-05 1.150400e-15
3.137055e-05 1.199800e-15
3.154987e-05 1.157200e-15
3.172927e-05 1.155000e-15
3.190880e-05 1.197500e-15
3.208841e-05 1.134400e-15
3.226814e-05 1.198500e-15
3.244797e-05 1.182300e-15
3.262790e-05 1.179000e-15
3.280794e-05 1.193700e-15
3.298808e-05 1.159600e-15
3.316834e-05 1.260000e-15
3.334869e-05 1.287500e-15
3.352915e-05 1.298800e-15
3.370971e-05 1.209000e-15
3.389038e-05 1.157900e-15
3.407117e-05 1.162300e-15
3.425205e-05 1.236900e-15
3.443304e-05 1.203400e-15
