1.019800e-08 1.090100e-17
1.041100e-08 1.292600e-17
1.060500e-08 1.568400e-17
1.080200e-08 1.942900e-17
1.100300e-08 2.725600e-17
1.139000e-08 3.719300e-17
1.179000e-08 4.780400e-17
1.209200e-08 1.788400e-16
1.248800e-08 2.145200e-16
1.269100e-08 2.277500e-16
1.280900e-08 2.390300e-16
1.310700e-08 2.573100e-16
1.319800e-08 3.023100e-16
1.341200e-08 3.158300e-16
1.369300e-08 3.921600e-16
1.401200e-08 4.182700e-16
1.430600e-08 1.152000e-15
1.470600e-08 2.738200e-15
1.508400e-08 2.867200e-15
1.550600e-08 3.037100e-15
1.590400e-08 3.224500e-15
1.620000e-08 3.353200e-15
1.661500e-08 3.584800e-15
1.700200e-08 3.753700e-15
1.731800e-08 3.903500e-15
1.768100e-08 4.068700e-15
1.801000e-08 4.192400e-15
1.821800e-08 4.290000e-15
1.860000e-08 4.461300e-15
1.912100e-08 4.671500e-15
1.938700e-08 4.846900e-15
1.979300e-08 4.994100e-15
2.020700e-08 5.193500e-15
2.048800e-08 5.326700e-15
2.101400e-08 5.290000e-15
2.160300e-08 5.773800e-15
2.200400e-08 5.976700e-15
2.231000e-08 6.032000e-15
2.272500e-08 6.258300e-15
2.298800e-08 9.364000e-15
2.341600e-08 1.539800e-14
2.401600e-08 1.911900e-14
2.457600e-08 1.772000e-14
2.520600e-08 1.868400e-14
2.567500e-08 1.536200e-14
2.597200e-08 1.784300e-14
2.639400e-08 1.868400e-14
2.688500e-08 1.842700e-14
2.738500e-08 1.813300e-14
2.789400e-08 1.784300e-14
2.841200e-08 1.767900e-14
2.900700e-08 1.665200e-14
2.961500e-08 1.657500e-14
3.009600e-08 1.604900e-14
3.079700e-08 1.597600e-14
3.180600e-08 1.593900e-14
3.277200e-08 1.550500e-14
3.376800e-08 1.490900e-14
3.479400e-08 1.433700e-14
3.568700e-08 1.401100e-14
3.660200e-08 1.388200e-14
3.754100e-08 1.341100e-14
3.850400e-08 1.245800e-14
3.949200e-08 1.260300e-14
4.050500e-08 1.240100e-14
4.135300e-08 1.198000e-14
4.221900e-08 1.149400e-14
4.300400e-08 1.112900e-14
4.410700e-08 1.087600e-14
4.513400e-08 1.045800e-14
4.597400e-08 1.001100e-14
4.704400e-08 9.670700e-15
4.802900e-08 9.472400e-15
4.903500e-08 8.963100e-15
4.994700e-08 8.901400e-15
5.064200e-08 8.540000e-15
5.122800e-08 8.921900e-15
5.194100e-08 8.658800e-15
5.302800e-08 8.250100e-15
5.401400e-08 7.681700e-15
5.501800e-08 7.352900e-15
5.604100e-08 7.455200e-15
5.695200e-08 7.438100e-15
5.801100e-08 7.136100e-15
5.895300e-08 6.973600e-15
6.004900e-08 6.493200e-15
6.102500e-08 5.577800e-15
6.201700e-08 6.374700e-15
6.302400e-08 6.073800e-15
6.404800e-08 6.059800e-15
6.493900e-08 5.813800e-15
6.584300e-08 5.552100e-15
6.645200e-08 5.629400e-15
6.753200e-08 5.539400e-15
6.847100e-08 5.134000e-15
6.942400e-08 5.217500e-15
7.055200e-08 4.780400e-15
7.153300e-08 4.971200e-15
7.252800e-08 4.846900e-15
7.353700e-08 4.747400e-15
7.456000e-08 4.565200e-15
7.542400e-08 4.440800e-15
7.647300e-08 3.930600e-15
7.753700e-08 4.221400e-15
7.843500e-08 3.967000e-15
7.952600e-08 3.985300e-15
8.044700e-08 3.930600e-15
8.156600e-08 3.850000e-15
8.251000e-08 3.779700e-15
8.346600e-08 3.360900e-15
8.443200e-08 3.576500e-15
8.541000e-08 3.471000e-15
8.659800e-08 3.431300e-15
8.760100e-08 3.376400e-15
8.841100e-08 3.299600e-15
8.943500e-08 3.239400e-15
9.047100e-08 3.143800e-15
9.151800e-08 3.407700e-15
9.257800e-08 6.186700e-15
9.343500e-08 9.364000e-15
9.451700e-08 1.304500e-14
9.539100e-08 1.586600e-14
9.649600e-08 1.692200e-14
9.738900e-08 6.598700e-15
9.851600e-08 1.397800e-14
9.942800e-08 1.414000e-14
1.005790e-07 1.847000e-14
1.015100e-07 1.821600e-14
1.024490e-07 1.017300e-14
1.033970e-07 1.423800e-14
1.045940e-07 2.225700e-14
1.055620e-07 2.155100e-14
1.065390e-07 1.759800e-14
1.075250e-07 1.997400e-14
1.085200e-07 1.601300e-14
1.095240e-07 2.048600e-14
1.105370e-07 1.951900e-14
1.115600e-07 1.868400e-14
1.125920e-07 1.669000e-14
1.133730e-07 2.034500e-14
1.144220e-07 1.877000e-14
1.154800e-07 1.938500e-14
1.165490e-07 1.951900e-14
1.176270e-07 1.372300e-14
1.184430e-07 1.864100e-14
1.195390e-07 1.401100e-14
1.203670e-07 1.092600e-14
1.214810e-07 8.043800e-15
1.226050e-07 1.378700e-14
1.234550e-07 1.855500e-14
1.245970e-07 1.979100e-14
1.254610e-07 1.890000e-14
1.266220e-07 1.684500e-14
1.274990e-07 2.043900e-14
1.283830e-07 2.106000e-14
1.295710e-07 1.696100e-14
1.304690e-07 1.680600e-14
1.313730e-07 2.025200e-14
1.325890e-07 1.929600e-14
1.335080e-07 1.719700e-14
1.344340e-07 1.992800e-14
1.353650e-07 1.925100e-14
1.366180e-07 1.727700e-14
1.375650e-07 1.780200e-14
1.385180e-07 1.780200e-14
1.394790e-07 1.494400e-14
1.404450e-07 1.515200e-14
1.414190e-07 1.631000e-14
1.423990e-07 1.646100e-14
1.433860e-07 1.646100e-14
1.440480e-07 1.711800e-14
1.447130e-07 1.727700e-14
1.453810e-07 1.669000e-14
1.463890e-07 1.543300e-14
1.474030e-07 1.539800e-14
1.484250e-07 1.557600e-14
1.494540e-07 1.564800e-14
1.504900e-07 1.477300e-14
1.511850e-07 1.322700e-14
1.515330e-07 1.401100e-14
1.525840e-07 1.362900e-14
1.536410e-07 1.181600e-14
1.543500e-07 1.228700e-14
1.554200e-07 1.176100e-14
1.564980e-07 1.217500e-14
1.575820e-07 1.289600e-14
1.586750e-07 1.338000e-14
1.594070e-07 1.353500e-14
1.605120e-07 1.319700e-14
1.616250e-07 1.313600e-14
1.623710e-07 1.248700e-14
1.634960e-07 1.319700e-14
1.646300e-07 1.328800e-14
1.653890e-07 1.243000e-14
1.665360e-07 1.331900e-14
1.673050e-07 1.192500e-14
1.676900e-07 1.341100e-14
1.684640e-07 1.378700e-14
1.696320e-07 1.295600e-14
1.704150e-07 1.245800e-14
1.715960e-07 1.176100e-14
1.723880e-07 1.162700e-14
1.735830e-07 1.231600e-14
1.743840e-07 1.200800e-14
1.755930e-07 1.263200e-14
1.764040e-07 1.168000e-14
1.776270e-07 1.178900e-14
1.784460e-07 1.198000e-14
1.796830e-07 1.263200e-14
1.805130e-07 1.251600e-14
1.813460e-07 1.149400e-14
1.826030e-07 1.170700e-14
1.834460e-07 1.125800e-14
1.842930e-07 1.033900e-14
1.855700e-07 1.033900e-14
1.864270e-07 1.060400e-14
1.872870e-07 1.133600e-14
1.885850e-07 1.043400e-14
1.894560e-07 1.001100e-14
1.903300e-07 1.057900e-14
1.916500e-07 1.012700e-14
1.925340e-07 9.850500e-15
1.934230e-07 1.010300e-14
1.943160e-07 1.055500e-14
1.956630e-07 9.827900e-15
1.965660e-07 1.070200e-14
1.974730e-07 1.092600e-14
1.983850e-07 1.038600e-14
1.993000e-07 1.010300e-14
2.006820e-07 1.036200e-14
2.016080e-07 1.003400e-14
2.025390e-07 1.033900e-14
2.034730e-07 9.873200e-15
2.044130e-07 1.022000e-14
2.053560e-07 9.560000e-15
2.063040e-07 9.648500e-15
2.072560e-07 1.041000e-14
2.077340e-07 1.070200e-14
2.086930e-07 1.152000e-14
2.096560e-07 1.082600e-14
2.106240e-07 1.085100e-14
2.115960e-07 1.120600e-14
2.125730e-07 1.102700e-14
2.135540e-07 1.041000e-14
2.145400e-07 1.107800e-14
2.155300e-07 1.128400e-14
2.165250e-07 1.070200e-14
2.175240e-07 1.060400e-14
2.185280e-07 1.115500e-14
2.195370e-07 1.136200e-14
2.205500e-07 1.112900e-14
2.215680e-07 1.005700e-14
2.225910e-07 1.031500e-14
2.236180e-07 1.173400e-14
2.246510e-07 1.125800e-14
2.256880e-07 1.008000e-14
2.267290e-07 9.918800e-15
2.272520e-07 1.031500e-14
2.283010e-07 1.168000e-14
2.293550e-07 1.043400e-14
2.304130e-07 1.125600e-14
2.314770e-07 1.026300e-14
2.325450e-07 8.398300e-15
2.336190e-07 9.038300e-15
2.346970e-07 8.090700e-15
2.352380e-07 9.929600e-15
2.363240e-07 8.238200e-15
2.374150e-07 8.866000e-15
2.385110e-07 7.596600e-15
2.396120e-07 8.270200e-15
2.407180e-07 8.098600e-15
2.412720e-07 8.420800e-15
2.423860e-07 1.040500e-14
2.435050e-07 1.028400e-14
2.446290e-07 1.148200e-14
2.457580e-07 1.180100e-14
2.463250e-07 1.066300e-14
2.474620e-07 9.925700e-15
2.486040e-07 8.159300e-15
2.497510e-07 8.366500e-15
2.503270e-07 1.077700e-14
2.514830e-07 7.680300e-15
2.520620e-07 7.418600e-15
2.526430e-07 7.383500e-15
2.532260e-07 8.916800e-15
2.543940e-07 8.997000e-15
2.555690e-07 1.339600e-14
2.567480e-07 1.091100e-14
2.573400e-07 1.308600e-14
2.585280e-07 1.207000e-14
2.597210e-07 1.131300e-14
2.603200e-07 1.036400e-14
2.615220e-07 9.781600e-15
2.627290e-07 1.170300e-14
2.633350e-07 1.783300e-14
2.645500e-07 2.239300e-14
2.657710e-07 3.147800e-14
2.663840e-07 2.004200e-14
2.676130e-07 2.232700e-14
2.682300e-07 2.598700e-14
2.694680e-07 1.908300e-14
2.707120e-07 2.347100e-14
2.713360e-07 1.751700e-14
2.725890e-07 1.368800e-14
2.732170e-07 1.711100e-14
2.744780e-07 1.145900e-14
2.757450e-07 1.429000e-14
2.763810e-07 1.786400e-14
2.776560e-07 1.874400e-14
2.782960e-07 1.272900e-14
2.795810e-07 7.774400e-15
2.802260e-07 8.762100e-15
2.815190e-07 1.680700e-14
2.828180e-07 2.282200e-14
2.834700e-07 2.105200e-14
2.847790e-07 1.496800e-14
2.854350e-07 1.007200e-14
2.867530e-07 2.027600e-14
2.874140e-07 2.903400e-14
2.887410e-07 2.671700e-14
2.894060e-07 3.409700e-14
2.907420e-07 4.694500e-14
2.927570e-07 4.049400e-14
2.947870e-07 3.666000e-14
2.968300e-07 3.793100e-14
2.988880e-07 3.844100e-14
3.009590e-07 3.763500e-14
3.030460e-07 4.134200e-14
3.051460e-07 4.287400e-14
3.072610e-07 4.863900e-14
3.086790e-07 4.686500e-14
3.108190e-07 5.696900e-14
3.129740e-07 5.157400e-14
3.151430e-07 5.250700e-14
3.173280e-07 5.848000e-14
3.187920e-07 4.952900e-14
3.210020e-07 5.465700e-14
3.232270e-07 4.554400e-14
3.247190e-07 6.687800e-14
3.269700e-07 7.926200e-14
3.292360e-07 7.795500e-14
3.307560e-07 7.139900e-14
3.322830e-07 6.784900e-14
3.330490e-07 7.336200e-14
3.338160e-07 6.271800e-14
3.345860e-07 7.418500e-14
3.353570e-07 6.827200e-14
3.361300e-07 6.429400e-14
3.369050e-07 6.608300e-14
3.376820e-07 5.741400e-14
3.384600e-07 6.122600e-14
3.392400e-07 7.427800e-14
3.400230e-07 8.105600e-14
3.408060e-07 7.256200e-14
3.415920e-07 6.864900e-14
3.423800e-07 8.424700e-14
3.431690e-07 8.062600e-14
3.439600e-07 7.698400e-14
3.447530e-07 5.374300e-14
3.455480e-07 7.198500e-14
3.463440e-07 5.783200e-14
3.471420e-07 7.587300e-14
3.479430e-07 5.572000e-14
3.487450e-07 6.667000e-14
3.495490e-07 6.163800e-14
3.503550e-07 8.294200e-14
3.511620e-07 7.974300e-14
3.519720e-07 7.773400e-14
3.527830e-07 5.464300e-14
3.535960e-07 7.628800e-14
3.544110e-07 8.421200e-14
3.552290e-07 8.655500e-14
3.560470e-07 7.910700e-14
3.568680e-07 5.972200e-14
3.576910e-07 6.547100e-14
3.585150e-07 4.602200e-14
3.593420e-07 6.759100e-14
3.601700e-07 9.179200e-14
3.610010e-07 6.882200e-14
3.618330e-07 8.445900e-14
3.626670e-07 8.761100e-14
3.630140e-07 9.179000e-14
3.632890e-07 8.598900e-14
3.635640e-07 7.691600e-14
3.638380e-07 8.225100e-14
3.641130e-07 8.002800e-14
3.643880e-07 8.494300e-14
3.646620e-07 8.425800e-14
3.649370e-07 7.548900e-14
3.652120e-07 8.101900e-14
3.654870e-07 9.276000e-14
3.657610e-07 1.035700e-13
3.660360e-07 1.057800e-13
3.663110e-07 1.077400e-13
3.665850e-07 1.098000e-13
3.668600e-07 1.105800e-13
3.671350e-07 9.676800e-14
3.674090e-07 1.074200e-13
3.676840e-07 9.360900e-14
3.679590e-07 9.777300e-14
3.682330e-07 9.245700e-14
3.685080e-07 8.407200e-14
3.687830e-07 9.204800e-14
3.690570e-07 9.396800e-14
3.693320e-07 1.014200e-13
3.696070e-07 1.016800e-13
3.698820e-07 1.047200e-13
3.701560e-07 1.038500e-13
3.704310e-07 9.485900e-14
3.707060e-07 9.104400e-14
3.709800e-07 9.159200e-14
3.712550e-07 9.497300e-14
3.715300e-07 9.095400e-14
3.718040e-07 9.702400e-14
3.720790e-07 8.904200e-14
3.723540e-07 8.779000e-14
3.726280e-07 8.923500e-14
3.729030e-07 8.600600e-14
3.731780e-07 8.024700e-14
3.734530e-07 7.433500e-14
3.737270e-07 7.368400e-14
3.740020e-07 7.219900e-14
3.742770e-07 7.954200e-14
3.745510e-07 7.068400e-14
3.748260e-07 7.066800e-14
3.751010e-07 8.058000e-14
3.753750e-07 7.869000e-14
3.756500e-07 8.643500e-14
3.759250e-07 8.654600e-14
3.761990e-07 8.703200e-14
3.764740e-07 8.891200e-14
3.767490e-07 8.924400e-14
3.770230e-07 9.394400e-14
3.772980e-07 9.424900e-14
3.775730e-07 1.025500e-13
3.778480e-07 1.062000e-13
3.781220e-07 1.047300e-13
3.783970e-07 1.056700e-13
3.786720e-07 1.071100e-13
3.789460e-07 9.667200e-14
3.792210e-07 9.046900e-14
3.794960e-07 8.684500e-14
3.797700e-07 8.518400e-14
3.800450e-07 8.779800e-14
3.803200e-07 8.946800e-14
3.805940e-07 8.918900e-14
3.808690e-07 9.354800e-14
3.811440e-07 8.819100e-14
3.814180e-07 8.729200e-14
3.816930e-07 8.664300e-14
3.819680e-07 7.833700e-14
3.822430e-07 7.221700e-14
3.825170e-07 7.091200e-14
3.827920e-07 6.583100e-14
3.830670e-07 6.057600e-14
3.833410e-07 5.817600e-14
3.836160e-07 5.901700e-14
3.838910e-07 6.306300e-14
3.841650e-07 6.828200e-14
3.844400e-07 7.573700e-14
3.847150e-07 7.868200e-14
3.849890e-07 7.778200e-14
3.852640e-07 7.608800e-14
3.855390e-07 7.559000e-14
3.858130e-07 7.484700e-14
3.860880e-07 7.319900e-14
3.863630e-07 7.774500e-14
3.866380e-07 8.398300e-14
3.869120e-07 8.000700e-14
3.871870e-07 8.029600e-14
3.874620e-07 7.932800e-14
3.877360e-07 8.083500e-14
3.880110e-07 7.988000e-14
3.882860e-07 8.255000e-14
3.885600e-07 8.387900e-14
3.888350e-07 8.547300e-14
3.891100e-07 9.325100e-14
3.893840e-07 1.015000e-13
3.896590e-07 1.030500e-13
3.899340e-07 1.084600e-13
3.902090e-07 1.106500e-13
3.904830e-07 1.085700e-13
3.907580e-07 1.109800e-13
3.910330e-07 1.154500e-13
3.913070e-07 1.194000e-13
3.915820e-07 1.173500e-13
3.918570e-07 1.083500e-13
3.921310e-07 1.034000e-13
3.924060e-07 9.333200e-14
3.926810e-07 8.392100e-14
3.929550e-07 7.194900e-14
3.932300e-07 5.987000e-14
3.935050e-07 5.671800e-14
3.937790e-07 6.437600e-14
3.940540e-07 7.313800e-14
3.943290e-07 8.169600e-14
3.946040e-07 8.897200e-14
3.948780e-07 1.037400e-13
3.951530e-07 1.106400e-13
3.954280e-07 1.131100e-13
3.957020e-07 1.141200e-13
3.959770e-07 1.028600e-13
3.962520e-07 8.975200e-14
3.965260e-07 7.763100e-14
3.968010e-07 6.992400e-14
3.970760e-07 7.057400e-14
3.973500e-07 8.051800e-14
3.976250e-07 9.594400e-14
3.979000e-07 1.139200e-13
3.981740e-07 1.279200e-13
3.984490e-07 1.351100e-13
3.987240e-07 1.407900e-13
3.989990e-07 1.461300e-13
3.992730e-07 1.502800e-13
3.995480e-07 1.522600e-13
3.998230e-07 1.543300e-13
4.000970e-07 1.561700e-13
4.003720e-07 1.581600e-13
4.006470e-07 1.620900e-13
4.009210e-07 1.584600e-13
4.011960e-07 1.598300e-13
4.014710e-07 1.639400e-13
4.017450e-07 1.685500e-13
4.020200e-07 1.725300e-13
4.022950e-07 1.704400e-13
4.025690e-07 1.687300e-13
4.028440e-07 1.647500e-13
4.031190e-07 1.567300e-13
4.033940e-07 1.553000e-13
4.036680e-07 1.615400e-13
4.039430e-07 1.632500e-13
4.042180e-07 1.647900e-13
4.044920e-07 1.551000e-13
4.047670e-07 1.639800e-13
4.050420e-07 1.613500e-13
4.053160e-07 1.560100e-13
4.055910e-07 1.619400e-13
4.058660e-07 1.581900e-13
4.061400e-07 1.527000e-13
4.064150e-07 1.553600e-13
4.066900e-07 1.565900e-13
4.069650e-07 1.547200e-13
4.072390e-07 1.542000e-13
4.075140e-07 1.557600e-13
4.077890e-07 1.588300e-13
4.080630e-07 1.631500e-13
4.083380e-07 1.673500e-13
4.086130e-07 1.751200e-13
4.088870e-07 1.749500e-13
4.091620e-07 1.756100e-13
4.094370e-07 1.672400e-13
4.097110e-07 1.660400e-13
4.099860e-07 1.532600e-13
4.102610e-07 1.530700e-13
4.105350e-07 1.545100e-13
4.108100e-07 1.586600e-13
4.110850e-07 1.628600e-13
4.113590e-07 1.642000e-13
4.116340e-07 1.635500e-13
4.119090e-07 1.663800e-13
4.121840e-07 1.609100e-13
4.124580e-07 1.622000e-13
4.127330e-07 1.591100e-13
4.130080e-07 1.607300e-13
4.132820e-07 1.562100e-13
4.135570e-07 1.524500e-13
4.138320e-07 1.572800e-13
4.141060e-07 1.524900e-13
4.143810e-07 1.550500e-13
4.146560e-07 1.495300e-13
4.149300e-07 1.517600e-13
4.152050e-07 1.509900e-13
4.154800e-07 1.524000e-13
4.157550e-07 1.528200e-13
4.160290e-07 1.540500e-13
4.163040e-07 1.597600e-13
4.165790e-07 1.597800e-13
4.168530e-07 1.539400e-13
4.171280e-07 1.499300e-13
4.174030e-07 1.507200e-13
4.176770e-07 1.492100e-13
4.179520e-07 1.495700e-13
4.182270e-07 1.547300e-13
4.185010e-07 1.603800e-13
4.187760e-07 1.590100e-13
4.190510e-07 1.575900e-13
4.193250e-07 1.580300e-13
4.196000e-07 1.572400e-13
4.198750e-07 1.558200e-13
4.201500e-07 1.528000e-13
4.204240e-07 1.588200e-13
4.206990e-07 1.651800e-13
4.209740e-07 1.680600e-13
4.212480e-07 1.658700e-13
4.215230e-07 1.679100e-13
4.217980e-07 1.659500e-13
4.220720e-07 1.661700e-13
4.223470e-07 1.661000e-13
4.226220e-07 1.550800e-13
4.228960e-07 1.547300e-13
4.231710e-07 1.570600e-13
4.234460e-07 1.653500e-13
4.237200e-07 1.701400e-13
4.239950e-07 1.756200e-13
4.242700e-07 1.812600e-13
4.245450e-07 1.815300e-13
4.248190e-07 1.776200e-13
4.250940e-07 1.710200e-13
4.253690e-07 1.691800e-13
4.256430e-07 1.703200e-13
4.259180e-07 1.700300e-13
4.261930e-07 1.754500e-13
4.264670e-07 1.790100e-13
4.267420e-07 1.741000e-13
4.270170e-07 1.664800e-13
4.272910e-07 1.636200e-13
4.275660e-07 1.606700e-13
4.278410e-07 1.642800e-13
4.281150e-07 1.687000e-13
4.283900e-07 1.685800e-13
4.286650e-07 1.677000e-13
4.289400e-07 1.651000e-13
4.292140e-07 1.592300e-13
4.294890e-07 1.542500e-13
4.297640e-07 1.461200e-13
4.300380e-07 1.371200e-13
4.303130e-07 1.328800e-13
4.305880e-07 1.309600e-13
4.308620e-07 1.356100e-13
4.311370e-07 1.455200e-13
4.314120e-07 1.637600e-13
4.316860e-07 1.802800e-13
4.319610e-07 1.876300e-13
4.322360e-07 1.910800e-13
4.325110e-07 1.888000e-13
4.327850e-07 1.850500e-13
4.330600e-07 1.945600e-13
4.333350e-07 2.010900e-13
4.336090e-07 1.982900e-13
4.338840e-07 1.935300e-13
4.341590e-07 1.914800e-13
4.344330e-07 1.901900e-13
4.347080e-07 1.960300e-13
4.349830e-07 2.004800e-13
4.352570e-07 2.003100e-13
4.355320e-07 1.989600e-13
4.358070e-07 1.999400e-13
4.360810e-07 2.031100e-13
4.363560e-07 2.091200e-13
4.366310e-07 2.111000e-13
4.369060e-07 2.100000e-13
4.371800e-07 2.012000e-13
4.374550e-07 1.965400e-13
4.377300e-07 1.917800e-13
4.380040e-07 1.876300e-13
4.382790e-07 1.833700e-13
4.385540e-07 1.805900e-13
4.388280e-07 1.804100e-13
4.391030e-07 1.851900e-13
4.393780e-07 1.933800e-13
4.396520e-07 1.978200e-13
4.399270e-07 1.990100e-13
4.402020e-07 1.998000e-13
4.404760e-07 1.971300e-13
4.407510e-07 1.954900e-13
4.410260e-07 2.016000e-13
4.413010e-07 2.084400e-13
4.415750e-07 2.117600e-13
4.418500e-07 2.147000e-13
4.421250e-07 2.151900e-13
4.423990e-07 2.175000e-13
4.426740e-07 2.168100e-13
4.429490e-07 2.186700e-13
4.432230e-07 2.184000e-13
4.434980e-07 2.168600e-13
4.437730e-07 2.172000e-13
4.440470e-07 2.214800e-13
4.443220e-07 2.283000e-13
4.445970e-07 2.300000e-13
4.448710e-07 2.295100e-13
4.451460e-07 2.264600e-13
4.454210e-07 2.194700e-13
4.456960e-07 2.136400e-13
4.459700e-07 2.080700e-13
4.462450e-07 2.093300e-13
4.465200e-07 2.150500e-13
4.467940e-07 2.227300e-13
4.470690e-07 2.280900e-13
4.473440e-07 2.354800e-13
4.476180e-07 2.372100e-13
4.478930e-07 2.427600e-13
4.481680e-07 2.453200e-13
4.484420e-07 2.404200e-13
4.487170e-07 2.413800e-13
4.489920e-07 2.366600e-13
4.492670e-07 2.350300e-13
4.495410e-07 2.366100e-13
4.498160e-07 2.366300e-13
4.500910e-07 2.453400e-13
4.503650e-07 2.495800e-13
4.506400e-07 2.559400e-13
4.509150e-07 2.599300e-13
4.511890e-07 2.587800e-13
4.514640e-07 2.535500e-13
4.517390e-07 2.467700e-13
4.520130e-07 2.447800e-13
4.522880e-07 2.440000e-13
4.525630e-07 2.340600e-13
4.528370e-07 2.279300e-13
4.531120e-07 2.196400e-13
4.533870e-07 2.223600e-13
4.536620e-07 2.282600e-13
4.539360e-07 2.343200e-13
4.542110e-07 2.361700e-13
4.544860e-07 2.405600e-13
4.547600e-07 2.392000e-13
4.550350e-07 2.410300e-13
4.553100e-07 2.414100e-13
4.555840e-07 2.481600e-13
4.558590e-07 2.517400e-13
4.561340e-07 2.562800e-13
4.564080e-07 2.572900e-13
4.566830e-07 2.606800e-13
4.569580e-07 2.592400e-13
4.572320e-07 2.563900e-13
4.575070e-07 2.542500e-13
4.577820e-07 2.531800e-13
4.580570e-07 2.505300e-13
4.583310e-07 2.476900e-13
4.586060e-07 2.480700e-13
4.588810e-07 2.495300e-13
4.591550e-07 2.487100e-13
4.594300e-07 2.462800e-13
4.597050e-07 2.479700e-13
4.599790e-07 2.486700e-13
4.602540e-07 2.519400e-13
4.605290e-07 2.505600e-13
4.608030e-07 2.586500e-13
4.610780e-07 2.620100e-13
4.613530e-07 2.653300e-13
4.616270e-07 2.682900e-13
4.619020e-07 2.670000e-13
4.621770e-07 2.706900e-13
4.624520e-07 2.700300e-13
4.627260e-07 2.692100e-13
4.630010e-07 2.641000e-13
4.632760e-07 2.608300e-13
4.635500e-07 2.593100e-13
4.638250e-07 2.531600e-13
4.641000e-07 2.530900e-13
4.643740e-07 2.463300e-13
4.646490e-07 2.450300e-13
4.649240e-07 2.417600e-13
4.651980e-07 2.498800e-13
4.654730e-07 2.491600e-13
4.657480e-07 2.536200e-13
4.660230e-07 2.532800e-13
4.662970e-07 2.551900e-13
4.665720e-07 2.491000e-13
4.668470e-07 2.406800e-13
4.671210e-07 2.387400e-13
4.673960e-07 2.393200e-13
4.676710e-07 2.450700e-13
4.679450e-07 2.435500e-13
4.682200e-07 2.439500e-13
4.684950e-07 2.453000e-13
4.687690e-07 2.426400e-13
4.690440e-07 2.486600e-13
4.693190e-07 2.457600e-13
4.695930e-07 2.454500e-13
4.698680e-07 2.474500e-13
4.701430e-07 2.431100e-13
4.704180e-07 2.436600e-13
4.706920e-07 2.402800e-13
4.709670e-07 2.432300e-13
4.712420e-07 2.443700e-13
4.715160e-07 2.495800e-13
4.717910e-07 2.519200e-13
4.720660e-07 2.540000e-13
4.723400e-07 2.565100e-13
4.726150e-07 2.583500e-13
4.728900e-07 2.567600e-13
4.731640e-07 2.539600e-13
4.734390e-07 2.504200e-13
4.737140e-07 2.560300e-13
4.739880e-07 2.614500e-13
4.742630e-07 2.622200e-13
4.745380e-07 2.671600e-13
4.748130e-07 2.683400e-13
4.750870e-07 2.671800e-13
4.753620e-07 2.672300e-13
4.756370e-07 2.651600e-13
4.759110e-07 2.602000e-13
4.761860e-07 2.603300e-13
4.764610e-07 2.546400e-13
4.767350e-07 2.497200e-13
4.770100e-07 2.550600e-13
4.772850e-07 2.601600e-13
4.775590e-07 2.615400e-13
4.778340e-07 2.628400e-13
4.781090e-07 2.635300e-13
4.783830e-07 2.594000e-13
4.786580e-07 2.581200e-13
4.789330e-07 2.597900e-13
4.792080e-07 2.644400e-13
4.794820e-07 2.684100e-13
4.797570e-07 2.775800e-13
4.800320e-07 2.760500e-13
4.803060e-07 2.770100e-13
4.805810e-07 2.714500e-13
4.808560e-07 2.705300e-13
4.811300e-07 2.725600e-13
4.814050e-07 2.766400e-13
4.816800e-07 2.751700e-13
4.819540e-07 2.758800e-13
4.822290e-07 2.765900e-13
4.825040e-07 2.762300e-13
4.827790e-07 2.711600e-13
4.830530e-07 2.708100e-13
4.833280e-07 2.672200e-13
4.836030e-07 2.695300e-13
4.838770e-07 2.687200e-13
4.841520e-07 2.694300e-13
4.844270e-07 2.652100e-13
4.847010e-07 2.675200e-13
4.849760e-07 2.696600e-13
4.852510e-07 2.667200e-13
4.855250e-07 2.554000e-13
4.858000e-07 2.501500e-13
4.860750e-07 2.405200e-13
4.863490e-07 2.400100e-13
4.866240e-07 2.407800e-13
4.868990e-07 2.436100e-13
4.871740e-07 2.476500e-13
4.874480e-07 2.516800e-13
4.877230e-07 2.571500e-13
4.879980e-07 2.575500e-13
4.882720e-07 2.562000e-13
4.885470e-07 2.558400e-13
4.888220e-07 2.581900e-13
4.890960e-07 2.578000e-13
4.893710e-07 2.642600e-13
4.896460e-07 2.704000e-13
4.899200e-07 2.773800e-13
4.901950e-07 2.758800e-13
4.904700e-07 2.762800e-13
4.907440e-07 2.765200e-13
4.910190e-07 2.716100e-13
4.912940e-07 2.682900e-13
4.915690e-07 2.614800e-13
4.918430e-07 2.609900e-13
4.921180e-07 2.571400e-13
4.923930e-07 2.631100e-13
4.926670e-07 2.650000e-13
4.929420e-07 2.713100e-13
4.932170e-07 2.759100e-13
4.934910e-07 2.730000e-13
4.937660e-07 2.674700e-13
4.940410e-07 2.692100e-13
4.943150e-07 2.713800e-13
4.945900e-07 2.791200e-13
4.948650e-07 2.813200e-13
4.951390e-07 2.832100e-13
4.954140e-07 2.796700e-13
4.956890e-07 2.724600e-13
4.959640e-07 2.664600e-13
4.962380e-07 2.642600e-13
4.965130e-07 2.645700e-13
4.967880e-07 2.663300e-13
4.970620e-07 2.663200e-13
4.973370e-07 2.650900e-13
4.976120e-07 2.635100e-13
4.978860e-07 2.593600e-13
4.981610e-07 2.520200e-13
4.984360e-07 2.500600e-13
4.987100e-07 2.499900e-13
4.989850e-07 2.528800e-13
4.992600e-07 2.566700e-13
4.995350e-07 2.584700e-13
4.998090e-07 2.554600e-13
5.000840e-07 2.518300e-13
5.003590e-07 2.452600e-13
5.006330e-07 2.460500e-13
5.009080e-07 2.435400e-13
5.011830e-07 2.392600e-13
5.014570e-07 2.431100e-13
5.017320e-07 2.409400e-13
5.020070e-07 2.388900e-13
5.022810e-07 2.410900e-13
5.025560e-07 2.440100e-13
5.028310e-07 2.498800e-13
5.031050e-07 2.534900e-13
5.033800e-07 2.529900e-13
5.036550e-07 2.496900e-13
5.039300e-07 2.464700e-13
5.042040e-07 2.430000e-13
5.044790e-07 2.444800e-13
5.047540e-07 2.481400e-13
5.050280e-07 2.519700e-13
5.053030e-07 2.533300e-13
5.055780e-07 2.590100e-13
5.058520e-07 2.621700e-13
5.061270e-07 2.605400e-13
5.064020e-07 2.581800e-13
5.066760e-07 2.545700e-13
5.069510e-07 2.530700e-13
5.072260e-07 2.501100e-13
5.075000e-07 2.504800e-13
5.077750e-07 2.412200e-13
5.080500e-07 2.394500e-13
5.083250e-07 2.406800e-13
5.085990e-07 2.424100e-13
5.088740e-07 2.462200e-13
5.091490e-07 2.502700e-13
5.094230e-07 2.512700e-13
5.096980e-07 2.485800e-13
5.099730e-07 2.459500e-13
5.102470e-07 2.441800e-13
5.105220e-07 2.433600e-13
5.107970e-07 2.425000e-13
5.110710e-07 2.462700e-13
5.113460e-07 2.464300e-13
5.116210e-07 2.481900e-13
5.118950e-07 2.491300e-13
5.121700e-07 2.459000e-13
5.124450e-07 2.425400e-13
5.127200e-07 2.381100e-13
5.129940e-07 2.368100e-13
5.132690e-07 2.379900e-13
5.135440e-07 2.403300e-13
5.138180e-07 2.410400e-13
5.140930e-07 2.395500e-13
5.143680e-07 2.381900e-13
5.146420e-07 2.368700e-13
5.149170e-07 2.354100e-13
5.151920e-07 2.353800e-13
5.154660e-07 2.380400e-13
5.157410e-07 2.372000e-13
5.160160e-07 2.361600e-13
5.162910e-07 2.291400e-13
5.165650e-07 2.135800e-13
5.168400e-07 2.010300e-13
5.171150e-07 1.926100e-13
5.173890e-07 1.920300e-13
5.176640e-07 1.943500e-13
5.179390e-07 1.988200e-13
5.182130e-07 2.005100e-13
5.184880e-07 2.038200e-13
5.187630e-07 2.118700e-13
5.190370e-07 2.218900e-13
5.193120e-07 2.327700e-13
5.195870e-07 2.410100e-13
5.198610e-07 2.433500e-13
5.201360e-07 2.434100e-13
5.204110e-07 2.387000e-13
5.206860e-07 2.346400e-13
5.209600e-07 2.354100e-13
5.212350e-07 2.424600e-13
5.215100e-07 2.531000e-13
5.217840e-07 2.583800e-13
5.220590e-07 2.596800e-13
5.223340e-07 2.613400e-13
5.226080e-07 2.599500e-13
5.228830e-07 2.601000e-13
5.231580e-07 2.606100e-13
5.234320e-07 2.719900e-13
5.237070e-07 2.703600e-13
5.239820e-07 2.729100e-13
5.242560e-07 2.749400e-13
5.245310e-07 2.744600e-13
5.248060e-07 2.735300e-13
5.250810e-07 2.730600e-13
5.253550e-07 2.704000e-13
5.256300e-07 2.706900e-13
5.259050e-07 2.658500e-13
5.261790e-07 2.589600e-13
5.264540e-07 2.512100e-13
5.267290e-07 2.446600e-13
5.270030e-07 2.408500e-13
5.272780e-07 2.476400e-13
5.275530e-07 2.603200e-13
5.278270e-07 2.680900e-13
5.281020e-07 2.767800e-13
5.283770e-07 2.807200e-13
5.286510e-07 2.861800e-13
5.289260e-07 2.883300e-13
5.292010e-07 2.866100e-13
5.294760e-07 2.892300e-13
5.297500e-07 2.841300e-13
5.300250e-07 2.814400e-13
5.303000e-07 2.851000e-13
5.305740e-07 2.892200e-13
5.308490e-07 2.966200e-13
5.311240e-07 2.993600e-13
5.313980e-07 3.010800e-13
5.316730e-07 3.002000e-13
5.319480e-07 2.937700e-13
5.322220e-07 2.910800e-13
5.324970e-07 2.799900e-13
5.327720e-07 2.736200e-13
5.330470e-07 2.760000e-13
5.333210e-07 2.771000e-13
5.335960e-07 2.778500e-13
5.338710e-07 2.848200e-13
5.341450e-07 2.845600e-13
5.344200e-07 2.854900e-13
5.346950e-07 2.825600e-13
5.349690e-07 2.875500e-13
5.352440e-07 2.962500e-13
5.355190e-07 2.965700e-13
5.357930e-07 3.023900e-13
5.360680e-07 2.998700e-13
5.363430e-07 2.958300e-13
5.366170e-07 2.930800e-13
5.368920e-07 2.882500e-13
5.371670e-07 2.846800e-13
5.374420e-07 2.857900e-13
5.377160e-07 2.916100e-13
5.379910e-07 2.926500e-13
5.382660e-07 2.953700e-13
5.385400e-07 2.939800e-13
5.388150e-07 2.897600e-13
5.390900e-07 2.834400e-13
5.393640e-07 2.770900e-13
5.396390e-07 2.767400e-13
5.399140e-07 2.740100e-13
5.401880e-07 2.703800e-13
5.404630e-07 2.708400e-13
5.407380e-07 2.683400e-13
5.410120e-07 2.704300e-13
5.412870e-07 2.752900e-13
5.415620e-07 2.825300e-13
5.418370e-07 2.880600e-13
5.421110e-07 2.924200e-13
5.423860e-07 2.876000e-13
5.426610e-07 2.870000e-13
5.429350e-07 2.844500e-13
5.432100e-07 2.872500e-13
5.434850e-07 2.822200e-13
5.437590e-07 2.840800e-13
5.440340e-07 2.863400e-13
5.443090e-07 2.865600e-13
5.445830e-07 2.877100e-13
5.448580e-07 2.860500e-13
5.451330e-07 2.796900e-13
5.454070e-07 2.795000e-13
5.456820e-07 2.781800e-13
5.459570e-07 2.777400e-13
5.462320e-07 2.779000e-13
5.465060e-07 2.767900e-13
5.467810e-07 2.837500e-13
5.470560e-07 2.800700e-13
5.473300e-07 2.772800e-13
5.476050e-07 2.762200e-13
5.478800e-07 2.763000e-13
5.481540e-07 2.694400e-13
5.484290e-07 2.775100e-13
5.487040e-07 2.842100e-13
5.489780e-07 2.842000e-13
5.492530e-07 2.847500e-13
5.495280e-07 2.860600e-13
5.498030e-07 2.830400e-13
5.500770e-07 2.851200e-13
5.503520e-07 2.800200e-13
5.506270e-07 2.813300e-13
5.509010e-07 2.793100e-13
5.511760e-07 2.775500e-13
5.514510e-07 2.771800e-13
5.517250e-07 2.839200e-13
5.520000e-07 2.836200e-13
5.522750e-07 2.864700e-13
5.525490e-07 2.849900e-13
5.528240e-07 2.828200e-13
5.530990e-07 2.868300e-13
5.533730e-07 2.860400e-13
5.536480e-07 2.845900e-13
5.539230e-07 2.885500e-13
5.541980e-07 2.886000e-13
5.544720e-07 2.889700e-13
5.547470e-07 2.910500e-13
5.550220e-07 2.909400e-13
5.552960e-07 2.928000e-13
5.555710e-07 2.923300e-13
5.558460e-07 2.963400e-13
5.561200e-07 2.868100e-13
5.563950e-07 2.863600e-13
5.566700e-07 2.822800e-13
5.569440e-07 2.804300e-13
5.572190e-07 2.877000e-13
5.574940e-07 2.817300e-13
5.577680e-07 2.861600e-13
5.580430e-07 2.797900e-13
5.583180e-07 2.826200e-13
5.585930e-07 2.767600e-13
5.588670e-07 2.702900e-13
5.591420e-07 2.709600e-13
5.594170e-07 2.734400e-13
5.596910e-07 2.697900e-13
5.599660e-07 2.745500e-13
5.602410e-07 2.815000e-13
5.605150e-07 2.841400e-13
5.607900e-07 2.880600e-13
5.610650e-07 2.899000e-13
5.613390e-07 2.875600e-13
5.616140e-07 2.841300e-13
5.618890e-07 2.831500e-13
5.621630e-07 2.837200e-13
5.624380e-07 2.819600e-13
5.627130e-07 2.832100e-13
5.629880e-07 2.818700e-13
5.632620e-07 2.876800e-13
5.635370e-07 2.869200e-13
5.638120e-07 2.863400e-13
5.640860e-07 2.856700e-13
5.643610e-07 2.854100e-13
5.646360e-07 2.847300e-13
5.649100e-07 2.845300e-13
5.651850e-07 2.907400e-13
5.654600e-07 2.849100e-13
5.657340e-07 2.887200e-13
5.660090e-07 2.855800e-13
5.662840e-07 2.859500e-13
5.665580e-07 2.825600e-13
5.668330e-07 2.851400e-13
5.671080e-07 2.914100e-13
5.673830e-07 2.890300e-13
5.676570e-07 2.943100e-13
5.679320e-07 2.917700e-13
5.682070e-07 2.882200e-13
5.684810e-07 2.873700e-13
5.687560e-07 2.867500e-13
5.690310e-07 2.886900e-13
5.693050e-07 2.884900e-13
5.695800e-07 2.904000e-13
5.698550e-07 2.918200e-13
5.701290e-07 2.859400e-13
5.704040e-07 2.798900e-13
5.706790e-07 2.802400e-13
5.709540e-07 2.808700e-13
5.712280e-07 2.816100e-13
5.715030e-07 2.886600e-13
5.717780e-07 2.937900e-13
5.720520e-07 2.974200e-13
5.723270e-07 3.011000e-13
5.726020e-07 3.019100e-13
5.728760e-07 3.029700e-13
5.731510e-07 3.027300e-13
5.734260e-07 3.012000e-13
5.737000e-07 3.029500e-13
5.739750e-07 3.000100e-13
5.742500e-07 3.022200e-13
5.745240e-07 3.000300e-13
5.747990e-07 2.987700e-13
5.750740e-07 3.006500e-13
5.753490e-07 2.990600e-13
5.756230e-07 2.976700e-13
5.758980e-07 2.964000e-13
5.761730e-07 2.982600e-13
5.764470e-07 3.006600e-13
5.767220e-07 2.998100e-13
5.769970e-07 3.007100e-13
5.772710e-07 2.983800e-13
5.775460e-07 2.942300e-13
5.778210e-07 2.911500e-13
5.780950e-07 2.877300e-13
5.783700e-07 2.857500e-13
5.786450e-07 2.834700e-13
5.789190e-07 2.863900e-13
5.791940e-07 2.929700e-13
5.794690e-07 2.971300e-13
5.797440e-07 3.022100e-13
5.800180e-07 2.990800e-13
5.802930e-07 3.017500e-13
5.805680e-07 3.034000e-13
5.808420e-07 3.030500e-13
5.811170e-07 3.055600e-13
5.813920e-07 3.050600e-13
5.816660e-07 3.025700e-13
5.819410e-07 3.048200e-13
5.822160e-07 3.066900e-13
5.824900e-07 3.078000e-13
5.827650e-07 3.081500e-13
5.830400e-07 3.046800e-13
5.833140e-07 3.056200e-13
5.835890e-07 3.041400e-13
5.838640e-07 3.030100e-13
5.841390e-07 3.061400e-13
5.844130e-07 3.030000e-13
5.846880e-07 2.999200e-13
5.849630e-07 2.989700e-13
5.852370e-07 2.914700e-13
5.855120e-07 2.851800e-13
5.857870e-07 2.894400e-13
5.860610e-07 2.889700e-13
5.863360e-07 2.890700e-13
5.866110e-07 2.890600e-13
5.868850e-07 2.895500e-13
5.871600e-07 2.901400e-13
5.874350e-07 2.860300e-13
5.877100e-07 2.832800e-13
5.879840e-07 2.795300e-13
5.882590e-07 2.691900e-13
5.885340e-07 2.498600e-13
5.888080e-07 2.345100e-13
5.890830e-07 2.172200e-13
5.893580e-07 2.114200e-13
5.896320e-07 2.178500e-13
5.899070e-07 2.330800e-13
5.901820e-07 2.490800e-13
5.904560e-07 2.615900e-13
5.907310e-07 2.711000e-13
5.910060e-07 2.795900e-13
5.912800e-07 2.830500e-13
5.915550e-07 2.824000e-13
5.918300e-07 2.842900e-13
5.921050e-07 2.857100e-13
5.923790e-07 2.880900e-13
5.926540e-07 2.910500e-13
5.929290e-07 2.877600e-13
5.932030e-07 2.851300e-13
5.934780e-07 2.902500e-13
5.937530e-07 2.878400e-13
5.940270e-07 2.866400e-13
5.943020e-07 2.882200e-13
5.945770e-07 2.888600e-13
5.948510e-07 2.855600e-13
5.951260e-07 2.850100e-13
5.954010e-07 2.877000e-13
5.956750e-07 2.857200e-13
5.959500e-07 2.885600e-13
5.962250e-07 2.911900e-13
5.965000e-07 2.928600e-13
5.967740e-07 2.957300e-13
5.970490e-07 2.965700e-13
5.973240e-07 2.944400e-13
5.975980e-07 2.897600e-13
5.978730e-07 2.886400e-13
5.981480e-07 2.886000e-13
5.984220e-07 2.889900e-13
5.986970e-07 2.905700e-13
5.989720e-07 2.881400e-13
5.992460e-07 2.934200e-13
5.995210e-07 2.895800e-13
5.997960e-07 2.891100e-13
6.000700e-07 2.910100e-13
6.003450e-07 2.880500e-13
6.006200e-07 2.877200e-13
6.008950e-07 2.885100e-13
6.011690e-07 2.895400e-13
6.014440e-07 2.859700e-13
6.017190e-07 2.861400e-13
6.019930e-07 2.863900e-13
6.022680e-07 2.866400e-13
6.025430e-07 2.886100e-13
6.028170e-07 2.912700e-13
6.030920e-07 2.951400e-13
6.033670e-07 2.988400e-13
6.036410e-07 3.027900e-13
6.039160e-07 2.999300e-13
6.041910e-07 3.009200e-13
6.044660e-07 3.013400e-13
6.047400e-07 3.024900e-13
6.050150e-07 3.018400e-13
6.052900e-07 2.989500e-13
6.055640e-07 2.982200e-13
6.058390e-07 2.974800e-13
6.061140e-07 2.988300e-13
6.063880e-07 2.956600e-13
6.066630e-07 2.982900e-13
6.069380e-07 3.003700e-13
6.072120e-07 3.008600e-13
6.074870e-07 2.987800e-13
6.077620e-07 3.006300e-13
6.080360e-07 2.968200e-13
6.083110e-07 2.953800e-13
6.085860e-07 2.938000e-13
6.088610e-07 2.954700e-13
6.091350e-07 2.942200e-13
6.094100e-07 2.943900e-13
6.096850e-07 2.956500e-13
6.099590e-07 2.932900e-13
6.102340e-07 2.910700e-13
6.105090e-07 2.918900e-13
6.107830e-07 2.939000e-13
6.110580e-07 2.918300e-13
6.113330e-07 2.926500e-13
6.116070e-07 2.941600e-13
6.118820e-07 2.926800e-13
6.121570e-07 2.920600e-13
6.124310e-07 2.908800e-13
6.127060e-07 2.905800e-13
6.129810e-07 2.933500e-13
6.132560e-07 2.915700e-13
6.135300e-07 2.923200e-13
6.138050e-07 2.918400e-13
6.140800e-07 2.889600e-13
6.143540e-07 2.906900e-13
6.146290e-07 2.930700e-13
6.149040e-07 2.949400e-13
6.151780e-07 2.915000e-13
6.154530e-07 2.843200e-13
6.157280e-07 2.795800e-13
6.160020e-07 2.747100e-13
6.162770e-07 2.705000e-13
6.165520e-07 2.674700e-13
6.168260e-07 2.681200e-13
6.171010e-07 2.714400e-13
6.173760e-07 2.758800e-13
6.176510e-07 2.779700e-13
6.179250e-07 2.796000e-13
6.182000e-07 2.812900e-13
6.184750e-07 2.793200e-13
6.187490e-07 2.788000e-13
6.190240e-07 2.755600e-13
6.192990e-07 2.753100e-13
6.195730e-07 2.765900e-13
6.198480e-07 2.788800e-13
6.201230e-07 2.790300e-13
6.203970e-07 2.786200e-13
6.206720e-07 2.794500e-13
6.209470e-07 2.801400e-13
6.212220e-07 2.770100e-13
6.214960e-07 2.723300e-13
6.217710e-07 2.679900e-13
6.220460e-07 2.668000e-13
6.223200e-07 2.662300e-13
6.225950e-07 2.667300e-13
6.228700e-07 2.690200e-13
6.231440e-07 2.661000e-13
6.234190e-07 2.673600e-13
6.236940e-07 2.670600e-13
6.239680e-07 2.666500e-13
6.242430e-07 2.682100e-13
6.245180e-07 2.675900e-13
6.247920e-07 2.676600e-13
6.250670e-07 2.678200e-13
6.253420e-07 2.656000e-13
6.256170e-07 2.640800e-13
6.258910e-07 2.646600e-13
6.261660e-07 2.697700e-13
6.264410e-07 2.700300e-13
6.267150e-07 2.803900e-13
6.269900e-07 2.767500e-13
6.272650e-07 2.761500e-13
6.275390e-07 2.793100e-13
6.278140e-07 2.772200e-13
6.280890e-07 2.738100e-13
6.283630e-07 2.787200e-13
6.286380e-07 2.781300e-13
6.289130e-07 2.828400e-13
6.291870e-07 2.919700e-13
6.294620e-07 2.893700e-13
6.297370e-07 2.824600e-13
6.300120e-07 2.680000e-13
6.302860e-07 2.766800e-13
6.305610e-07 2.762900e-13
6.308360e-07 2.773000e-13
6.311100e-07 2.825800e-13
6.313850e-07 2.823200e-13
6.316600e-07 2.851300e-13
6.319340e-07 2.792400e-13
6.322090e-07 2.820500e-13
6.324840e-07 2.821900e-13
6.327580e-07 2.826800e-13
6.330330e-07 2.901900e-13
6.333080e-07 2.901300e-13
6.335820e-07 2.904300e-13
6.338570e-07 2.897900e-13
6.341320e-07 2.861700e-13
6.344070e-07 2.829000e-13
6.346810e-07 2.877900e-13
6.349560e-07 2.857400e-13
6.352310e-07 2.923900e-13
6.355050e-07 2.882100e-13
6.357800e-07 2.823200e-13
6.360550e-07 2.802600e-13
6.363290e-07 2.822000e-13
6.366040e-07 2.851900e-13
6.368790e-07 2.879300e-13
6.371530e-07 2.930100e-13
6.374280e-07 2.946800e-13
6.377030e-07 2.948200e-13
6.379780e-07 2.936300e-13
6.382520e-07 2.973400e-13
6.385270e-07 2.936800e-13
6.388020e-07 2.906800e-13
6.390760e-07 2.895000e-13
6.393510e-07 2.880500e-13
6.396260e-07 2.881700e-13
6.399000e-07 2.869700e-13
6.401750e-07 2.869600e-13
6.404500e-07 2.903900e-13
6.407240e-07 2.877800e-13
6.409990e-07 2.908000e-13
6.412740e-07 2.887500e-13
6.415480e-07 2.886100e-13
6.418230e-07 2.917600e-13
6.420980e-07 2.921700e-13
6.423730e-07 2.921300e-13
6.426470e-07 2.894200e-13
6.429220e-07 2.903100e-13
6.431970e-07 2.939600e-13
6.434710e-07 2.947800e-13
6.437460e-07 2.913700e-13
6.440210e-07 2.915000e-13
6.442950e-07 2.927700e-13
6.445700e-07 2.930300e-13
6.448450e-07 2.932900e-13
6.451190e-07 2.909600e-13
6.453940e-07 2.903200e-13
6.456690e-07 2.910300e-13
6.459430e-07 2.899100e-13
6.462180e-07 2.905500e-13
6.464930e-07 2.913600e-13
6.467680e-07 2.923600e-13
6.470420e-07 2.934700e-13
6.473170e-07 2.953600e-13
6.475920e-07 2.957100e-13
6.478660e-07 2.941000e-13
6.481410e-07 2.953100e-13
6.484160e-07 2.919600e-13
6.486900e-07 2.875200e-13
6.489650e-07 2.830000e-13
6.492400e-07 2.783800e-13
6.495140e-07 2.800600e-13
6.497890e-07 2.784500e-13
6.500640e-07 2.810000e-13
6.503380e-07 2.860500e-13
6.506130e-07 2.886000e-13
6.508880e-07 2.884300e-13
6.511630e-07 2.896900e-13
6.514370e-07 2.900400e-13
6.517120e-07 2.944200e-13
6.519870e-07 2.947600e-13
6.522610e-07 2.952500e-13
6.525360e-07 2.953600e-13
6.528110e-07 2.995700e-13
6.530850e-07 2.975800e-13
6.533600e-07 3.014300e-13
6.536350e-07 2.985300e-13
6.539090e-07 2.995700e-13
6.541840e-07 2.934900e-13
6.544590e-07 2.965600e-13
6.547340e-07 2.897900e-13
6.550080e-07 2.890900e-13
6.552830e-07 2.863200e-13
6.555580e-07 2.825300e-13
6.558320e-07 2.773000e-13
6.561070e-07 2.672100e-13
6.563820e-07 2.699900e-13
6.566560e-07 2.718600e-13
6.569310e-07 2.790000e-13
6.572060e-07 2.854600e-13
6.574800e-07 2.856900e-13
6.577550e-07 2.871200e-13
6.580300e-07 2.898500e-13
6.583040e-07 2.942400e-13
6.585790e-07 2.929700e-13
6.588540e-07 2.954600e-13
6.591290e-07 2.923600e-13
6.594030e-07 2.901300e-13
6.596780e-07 2.870900e-13
6.599530e-07 2.858000e-13
6.602270e-07 2.868300e-13
6.605020e-07 2.901800e-13
6.607770e-07 2.891400e-13
6.610510e-07 2.912900e-13
6.613260e-07 2.920100e-13
6.616010e-07 2.917100e-13
6.618750e-07 2.927900e-13
6.621500e-07 2.927700e-13
6.624250e-07 2.922500e-13
6.626990e-07 2.918000e-13
6.629740e-07 2.874600e-13
6.632490e-07 2.848400e-13
6.635240e-07 2.838800e-13
6.637980e-07 2.848800e-13
6.640730e-07 2.884000e-13
6.643480e-07 2.895100e-13
6.646220e-07 2.885900e-13
6.648970e-07 2.892900e-13
6.651720e-07 2.885800e-13
6.654460e-07 2.861800e-13
6.657210e-07 2.868800e-13
6.659960e-07 2.863100e-13
6.662700e-07 2.850100e-13
6.665450e-07 2.847200e-13
6.668200e-07 2.835500e-13
6.670940e-07 2.841300e-13
6.673690e-07 2.847600e-13
6.676440e-07 2.836000e-13
6.679190e-07 2.835200e-13
6.681930e-07 2.817200e-13
6.684680e-07 2.854800e-13
6.687430e-07 2.833300e-13
6.690170e-07 2.823900e-13
6.692920e-07 2.814900e-13
6.695670e-07 2.848100e-13
6.698410e-07 2.841500e-13
6.701160e-07 2.826800e-13
6.703910e-07 2.805100e-13
6.706650e-07 2.824000e-13
6.709400e-07 2.839000e-13
6.712150e-07 2.792100e-13
6.714900e-07 2.780900e-13
6.717640e-07 2.788400e-13
6.720390e-07 2.770900e-13
6.723140e-07 2.773100e-13
6.725880e-07 2.770300e-13
6.728630e-07 2.766800e-13
6.731380e-07 2.829000e-13
6.734120e-07 2.812600e-13
6.736870e-07 2.784600e-13
6.739620e-07 2.783900e-13
6.742360e-07 2.751500e-13
6.745110e-07 2.746700e-13
6.747860e-07 2.749500e-13
6.750600e-07 2.768700e-13
6.753350e-07 2.733000e-13
6.756100e-07 2.750400e-13
6.758850e-07 2.781500e-13
6.761590e-07 2.773300e-13
6.764340e-07 2.768000e-13
6.767090e-07 2.770300e-13
6.769830e-07 2.764600e-13
6.772580e-07 2.781300e-13
6.775330e-07 2.773100e-13
6.778070e-07 2.789800e-13
6.780820e-07 2.792600e-13
6.783570e-07 2.762700e-13
6.786310e-07 2.740100e-13
6.789060e-07 2.730900e-13
6.791810e-07 2.749400e-13
6.794550e-07 2.763600e-13
6.797300e-07 2.746800e-13
6.800050e-07 2.738700e-13
6.802800e-07 2.770300e-13
6.805540e-07 2.748900e-13
6.808290e-07 2.773600e-13
6.811040e-07 2.752900e-13
6.813780e-07 2.727200e-13
6.816530e-07 2.758700e-13
6.819280e-07 2.767000e-13
6.822020e-07 2.781900e-13
6.831370e-07 2.855200e-13
6.847120e-07 2.664500e-13
6.862900e-07 2.695300e-13
6.878720e-07 2.695300e-13
6.894580e-07 2.695200e-13
6.910470e-07 2.726400e-13
6.926400e-07 2.732600e-13
6.942370e-07 2.809100e-13
6.958370e-07 2.783300e-13
6.974420e-07 2.907700e-13
6.990490e-07 2.894300e-13
7.006610e-07 2.776700e-13
7.022760e-07 2.682400e-13
7.038950e-07 2.880800e-13
7.055170e-07 3.023500e-13
7.071440e-07 2.713300e-13
7.087740e-07 2.828000e-13
7.104080e-07 2.633200e-13
7.120450e-07 2.639200e-13
7.136870e-07 2.497200e-13
7.153320e-07 2.549500e-13
7.169810e-07 2.590800e-13
7.186340e-07 2.531800e-13
7.202910e-07 2.561100e-13
7.219510e-07 2.669400e-13
7.236150e-07 2.700200e-13
7.252840e-07 2.663100e-13
7.269550e-07 2.632600e-13
7.286310e-07 2.706300e-13
7.303110e-07 2.820800e-13
7.319940e-07 2.769200e-13
7.336820e-07 2.827100e-13
7.353730e-07 2.873000e-13
7.370680e-07 2.769000e-13
7.387670e-07 2.953400e-13
7.404700e-07 2.953300e-13
7.421780e-07 2.807400e-13
7.438880e-07 2.899300e-13
7.456030e-07 2.959900e-13
7.473220e-07 3.007900e-13
7.490450e-07 2.932600e-13
7.507710e-07 3.014700e-13
7.525020e-07 3.063700e-13
7.542370e-07 3.070700e-13
7.559760e-07 2.986900e-13
7.577190e-07 2.932300e-13
7.594650e-07 2.885400e-13
7.612160e-07 2.839200e-13
7.629700e-07 2.865400e-13
7.647300e-07 2.852100e-13
7.664920e-07 2.742600e-13
7.682590e-07 2.736200e-13
7.700300e-07 2.748800e-13
7.718050e-07 2.736100e-13
7.735840e-07 2.692300e-13
7.753680e-07 2.643100e-13
7.771550e-07 2.729600e-13
7.789470e-07 2.673600e-13
7.807420e-07 2.661200e-13
7.825420e-07 2.812400e-13
7.843460e-07 2.636700e-13
7.861540e-07 2.741900e-13
7.879670e-07 2.735500e-13
7.897830e-07 2.792700e-13
7.916040e-07 2.691700e-13
7.934290e-07 2.679200e-13
7.952580e-07 2.541000e-13
7.970910e-07 2.691500e-13
7.989280e-07 2.735100e-13
8.007700e-07 2.642200e-13
8.026160e-07 2.811600e-13
8.044660e-07 2.863800e-13
8.063210e-07 2.818000e-13
8.081790e-07 2.716000e-13
8.100420e-07 2.593700e-13
8.119100e-07 2.779100e-13
8.137810e-07 2.798300e-13
8.156570e-07 2.703200e-13
8.175380e-07 2.715700e-13
8.194220e-07 2.653800e-13
8.213110e-07 2.791600e-13
8.232040e-07 2.734300e-13
8.251020e-07 2.791500e-13
8.270040e-07 2.876200e-13
8.289110e-07 2.746700e-13
8.308220e-07 2.721400e-13
8.327370e-07 2.715100e-13
8.346560e-07 2.647200e-13
8.365810e-07 2.740100e-13
8.385090e-07 2.653100e-13
8.404420e-07 2.714900e-13
8.423800e-07 2.733600e-13
8.443210e-07 2.458800e-13
8.462680e-07 2.610400e-13
8.482180e-07 2.616400e-13
8.501740e-07 2.640500e-13
8.521340e-07 2.550800e-13
8.540980e-07 2.562500e-13
8.560670e-07 2.550700e-13
8.580410e-07 2.604000e-13
8.600180e-07 2.598000e-13
8.620010e-07 2.503900e-13
8.639880e-07 2.640100e-13
8.659800e-07 2.550400e-13
8.679760e-07 2.538600e-13
8.699770e-07 2.435500e-13
8.719820e-07 2.603600e-13
8.739920e-07 2.645800e-13
8.760080e-07 2.591500e-13
8.780270e-07 2.615400e-13
8.800510e-07 2.609300e-13
8.820800e-07 2.682300e-13
8.841130e-07 2.707100e-13
8.861510e-07 2.713200e-13
8.881940e-07 2.491600e-13
8.902420e-07 2.508800e-13
8.922940e-07 2.531900e-13
8.943500e-07 2.555300e-13
8.964120e-07 2.440200e-13
8.984790e-07 2.417800e-13
9.005500e-07 2.614600e-13
9.026260e-07 2.271900e-13
9.047070e-07 2.650800e-13
9.067920e-07 2.681500e-13
9.088830e-07 2.384300e-13
9.109780e-07 2.428600e-13
9.130780e-07 2.572400e-13
9.151820e-07 2.479300e-13
9.172930e-07 2.519500e-13
9.194070e-07 2.490600e-13
9.215260e-07 2.507800e-13
9.236510e-07 2.439400e-13
9.257800e-07 2.439300e-13
9.279140e-07 2.595700e-13
9.300530e-07 2.411200e-13
9.321970e-07 2.607500e-13
9.343460e-07 2.595500e-13
9.365000e-07 2.548000e-13
9.386590e-07 2.595300e-13
9.408230e-07 2.553800e-13
9.429910e-07 2.625200e-13
9.451650e-07 2.583200e-13
9.473440e-07 2.655500e-13
9.495280e-07 2.655400e-13
9.517170e-07 2.588900e-13
9.539110e-07 2.618800e-13
9.561100e-07 2.606700e-13
9.583140e-07 2.655100e-13
9.605230e-07 2.612600e-13
9.627370e-07 2.636700e-13
9.649560e-07 2.582500e-13
9.671810e-07 2.588400e-13
9.694110e-07 2.624300e-13
9.716450e-07 2.570400e-13
9.738850e-07 2.535100e-13
9.761300e-07 2.546700e-13
9.783800e-07 2.505900e-13
9.806360e-07 2.582000e-13
9.828970e-07 2.558300e-13
9.851620e-07 2.570000e-13
9.874330e-07 2.552200e-13
9.897100e-07 2.552100e-13
9.919910e-07 2.505500e-13
9.942780e-07 2.546100e-13
9.965700e-07 2.551900e-13
9.988670e-07 2.540100e-13
1.003477e-06 2.551700e-13
1.008110e-06 2.528100e-13
1.012763e-06 2.557300e-13
1.017437e-06 2.533700e-13
1.022134e-06 2.545200e-13
1.026852e-06 2.550900e-13
1.029219e-06 2.539100e-13
1.050770e-06 2.457900e-13
1.070306e-06 2.352100e-13
1.090204e-06 2.288000e-13
1.110472e-06 2.170000e-13
1.131117e-06 2.130400e-13
1.149496e-06 2.115700e-13
1.170867e-06 2.058100e-13
1.189893e-06 1.974500e-13
1.209227e-06 1.938500e-13
1.228876e-06 1.907500e-13
1.248843e-06 1.851200e-13
1.269135e-06 1.809100e-13
1.289757e-06 1.767900e-13
1.310714e-06 1.731600e-13
1.328948e-06 1.676700e-13
1.350541e-06 1.638600e-13
1.369329e-06 1.608600e-13
1.391579e-06 1.539800e-13
1.410938e-06 1.467100e-13
1.430566e-06 1.447000e-13
1.450467e-06 1.460400e-13
1.470646e-06 1.404300e-13
1.491103e-06 1.423800e-13
1.508369e-06 1.437000e-13
1.529353e-06 1.463700e-13
1.550629e-06 1.447000e-13
1.568584e-06 1.427100e-13
1.590406e-06 1.381800e-13
1.608820e-06 1.385000e-13
1.631201e-06 1.375500e-13
1.650090e-06 1.356600e-13
1.669198e-06 1.344200e-13
1.688527e-06 1.325700e-13
1.708077e-06 1.292600e-13
1.731839e-06 1.243000e-13
1.751894e-06 1.195300e-13
1.768105e-06 1.141500e-13
1.788577e-06 1.092600e-13
1.809288e-06 1.038600e-13
1.830239e-06 1.008000e-13
1.851433e-06 9.715400e-14
1.868562e-06 9.256800e-14
1.890200e-06 8.983800e-14
1.912088e-06 8.819800e-14
1.929779e-06 8.520400e-14
1.952125e-06 8.193300e-14
1.970189e-06 7.878800e-14
1.988417e-06 7.611300e-14
2.011443e-06 7.489600e-14
2.030055e-06 7.218700e-14
2.048838e-06 7.119700e-14
2.067796e-06 6.941600e-14
2.091741e-06 6.783600e-14
2.111094e-06 6.659800e-14
2.130629e-06 6.523200e-14
2.150344e-06 6.374700e-14
2.170240e-06 6.172500e-14
2.190321e-06 6.045900e-14
2.210587e-06 5.867600e-14
2.231042e-06 5.694600e-14
2.251687e-06 5.564900e-14
2.272520e-06 5.400800e-14
2.288273e-06 4.824600e-14
2.309445e-06 4.758400e-14
2.330815e-06 4.134800e-14
2.352383e-06 3.885600e-14
2.368688e-06 3.930600e-14
2.390606e-06 3.601300e-14
2.412724e-06 3.471000e-14
2.429450e-06 3.407700e-14
2.451928e-06 3.151100e-14
2.468925e-06 3.079400e-14
2.491768e-06 2.561300e-14
2.509042e-06 2.508800e-14
2.532256e-06 2.520300e-14
2.549810e-06 2.497200e-14
2.567483e-06 2.543700e-14
2.591241e-06 2.497200e-14
2.609201e-06 2.497200e-14
2.627289e-06 2.429200e-14
2.651597e-06 2.395900e-14
2.669979e-06 2.352100e-14
2.688485e-06 2.314500e-14
2.707122e-06 2.272300e-14
2.732169e-06 2.220500e-14
2.751109e-06 2.185000e-14
2.770178e-06 2.135300e-14
2.789381e-06 2.101200e-14
2.808715e-06 2.058100e-14
2.828186e-06 2.020500e-14
2.847788e-06 1.979100e-14
2.867530e-06 1.938500e-14
2.887405e-06 1.903100e-14
2.907422e-06 1.868400e-14
2.927573e-06 1.825800e-14
2.947865e-06 1.792500e-14
2.968300e-06 1.759800e-14
2.988874e-06 1.723700e-14
3.009594e-06 1.696100e-14
3.030454e-06 1.669000e-14
3.051462e-06 1.646100e-14
3.072612e-06 1.623500e-14
3.086793e-06 1.601300e-14
3.108192e-06 1.579300e-14
3.129735e-06 1.557600e-14
3.151431e-06 1.532700e-14
3.173275e-06 1.511700e-14
3.187924e-06 1.490900e-14
3.210020e-06 1.470500e-14
3.232273e-06 1.447000e-14
3.247191e-06 1.427100e-14
3.269698e-06 1.404300e-14
3.292365e-06 1.381800e-14
3.307560e-06 1.362900e-14
3.330486e-06 1.338000e-14
3.353573e-06 1.319700e-14
3.369052e-06 1.295600e-14
3.392407e-06 1.271900e-14
3.408064e-06 1.248700e-14
3.431686e-06 1.228700e-14
3.447529e-06 1.209100e-14
3.471424e-06 1.184300e-14
3.487450e-06 1.165400e-14
3.511622e-06 1.144100e-14
3.527830e-06 1.120600e-14
3.552286e-06 1.102700e-14
3.568681e-06 1.080100e-14
3.593420e-06 1.060400e-14
3.610005e-06 1.043400e-14
3.626667e-06 1.024400e-14
3.651808e-06 1.003400e-14
3.668663e-06 9.850500e-15
3.694091e-06 9.626300e-15
3.711145e-06 9.428900e-15
3.728274e-06 9.299500e-15
3.754115e-06 9.087800e-15
3.771446e-06 8.942500e-15
3.788853e-06 8.779300e-15
3.806341e-06 8.619100e-15
3.832727e-06 8.461700e-15
3.850417e-06 8.307300e-15
3.868188e-06 8.136900e-15
3.886046e-06 7.988400e-15
3.912981e-06 7.842600e-15
3.931041e-06 7.699500e-15
3.949189e-06 7.541500e-15
3.967416e-06 7.403900e-15
3.985728e-06 7.218700e-15
4.013358e-06 7.119700e-15
4.031881e-06 7.005800e-15
4.050490e-06 6.862100e-15
4.069189e-06 6.736900e-15
4.087971e-06 6.629200e-15
4.106839e-06 6.508200e-15
4.125798e-06 6.404100e-15
4.154395e-06 6.287200e-15
4.173569e-06 6.186700e-15
4.192837e-06 6.073800e-15
4.212188e-06 5.962900e-15
4.231629e-06 5.881100e-15
4.251165e-06 5.773800e-15
4.270786e-06 5.681500e-15
4.290498e-06 5.438300e-15
4.310305e-06 5.193500e-15
4.330199e-06 5.181600e-15
4.350185e-06 4.959700e-15
4.370263e-06 4.846900e-15
4.390439e-06 4.758400e-15
4.410703e-06 4.607400e-15
4.431060e-06 4.512900e-15
4.451516e-06 4.440800e-15
4.472062e-06 4.329700e-15
4.492703e-06 4.280200e-15
4.513443e-06 4.211700e-15
4.534275e-06 4.134900e-15
4.555203e-06 4.087500e-15
4.565703e-06 4.031400e-15
4.586781e-06 3.912500e-15
4.607951e-06 3.903500e-15
4.629218e-06 3.832300e-15
4.650590e-06 3.788400e-15
4.672054e-06 3.771000e-15
4.693618e-06 3.693700e-15
4.715281e-06 3.634600e-15
4.726155e-06 3.617900e-15
4.747969e-06 3.535600e-15
4.769883e-06 3.503200e-15
4.791903e-06 3.463100e-15
4.814020e-06 3.384200e-15
4.825117e-06 3.392000e-15
4.847387e-06 3.314800e-15
4.869765e-06 3.254300e-15
4.892241e-06 3.209700e-15
4.914821e-06 3.158300e-15
4.926150e-06 3.136600e-15
4.948892e-06 3.079400e-15
4.971733e-06 3.058200e-15
4.994680e-06 2.995200e-15
5.006193e-06 2.946200e-15
5.029305e-06 2.890000e-15
5.052517e-06 2.821800e-15
5.075837e-06 2.780500e-15
5.087537e-06 2.747300e-15
5.099270e-06 2.714500e-15
5.111024e-06 2.682100e-15
5.122805e-06 2.656100e-15
5.134613e-06 2.630300e-15
5.146449e-06 2.598700e-15
5.158312e-06 2.573500e-15
5.170208e-06 2.554200e-15
5.182126e-06 2.523500e-15
5.194071e-06 2.487300e-15
5.206044e-06 2.463000e-15
5.218044e-06 2.438800e-15
5.230072e-06 2.409300e-15
5.242127e-06 2.385600e-15
5.254217e-06 2.367500e-15
5.266328e-06 2.355000e-15
5.278467e-06 2.331700e-15
5.290634e-06 2.298000e-15
5.302830e-06 2.269900e-15
5.315053e-06 2.247400e-15
5.327311e-06 2.225000e-15
5.339591e-06 2.207900e-15
5.351899e-06 2.180800e-15
5.364235e-06 2.159000e-15
5.376600e-06 2.137400e-15
5.388994e-06 2.120800e-15
5.401415e-06 2.094700e-15
5.413872e-06 2.073600e-15
5.426352e-06 2.043200e-15
5.438860e-06 2.022600e-15
5.451397e-06 2.002100e-15
5.463962e-06 1.981800e-15
5.476557e-06 1.952600e-15
5.489181e-06 1.932700e-15
5.501840e-06 1.908600e-15
5.514522e-06 1.884800e-15
5.527234e-06 1.878400e-15
5.539974e-06 1.859200e-15
5.552744e-06 1.827400e-15
5.565544e-06 1.808600e-15
5.578379e-06 1.794000e-15
5.591237e-06 1.771400e-15
5.604126e-06 1.749000e-15
5.617044e-06 1.730900e-15
5.629991e-06 1.705000e-15
5.642969e-06 1.687300e-15
5.655976e-06 1.673500e-15
5.669020e-06 1.656000e-15
5.682087e-06 1.634900e-15
5.695185e-06 1.610300e-15
5.708313e-06 1.597000e-15
5.721471e-06 1.583800e-15
5.734659e-06 1.563500e-15
5.747884e-06 1.543400e-15
5.761134e-06 1.523500e-15
5.774414e-06 1.507300e-15
5.787724e-06 1.491200e-15
5.801065e-06 1.471900e-15
5.814437e-06 1.452800e-15
5.827840e-06 1.437200e-15
5.841280e-06 1.421800e-15
5.854744e-06 1.403200e-15
5.868240e-06 1.384900e-15
5.881766e-06 1.366800e-15
5.895324e-06 1.351900e-15
5.917785e-06 1.264900e-15
5.948735e-06 1.146000e-15
5.979685e-06 1.176700e-15
6.010635e-06 1.220800e-15
6.041586e-06 1.224100e-15
6.072536e-06 1.256400e-15
6.103486e-06 1.197700e-15
6.134437e-06 1.070300e-15
6.165387e-06 1.124500e-15
6.196336e-06 1.145100e-15
6.227287e-06 1.159400e-15
6.258237e-06 1.176300e-15
6.289187e-06 1.172100e-15
6.320138e-06 1.067300e-15
6.351088e-06 1.165100e-15
6.382039e-06 1.201700e-15
6.412989e-06 1.023300e-15
6.443938e-06 9.029300e-16
6.474890e-06 9.579200e-16
6.505839e-06 8.908800e-16
6.536789e-06 9.341800e-16
6.567740e-06 9.858300e-16
6.598690e-06 9.369000e-16
6.629640e-06 9.451400e-16
6.660591e-06 9.877600e-16
6.691541e-06 1.017500e-15
6.722491e-06 9.382900e-16
6.753442e-06 7.782600e-16
6.784392e-06 9.090800e-16
6.815342e-06 7.853600e-16
6.846293e-06 8.657800e-16
6.877243e-06 5.787100e-16
6.908193e-06 8.372900e-16
6.939143e-06 7.802100e-16
6.970094e-06 7.158400e-16
7.001044e-06 7.921000e-16
7.031994e-06 6.973700e-16
7.062945e-06 4.867200e-16
7.093895e-06 5.877100e-16
7.124845e-06 7.026600e-16
7.155795e-06 6.821800e-16
7.186745e-06 5.648200e-16
7.217696e-06 4.887900e-16
7.248646e-06 6.595000e-16
7.279596e-06 6.424600e-16
7.310547e-06 7.228300e-16
7.341497e-06 7.981800e-16
7.372447e-06 7.082600e-16
7.403398e-06 6.240700e-16
7.434348e-06 6.447800e-16
7.465298e-06 6.665300e-16
7.496248e-06 5.931100e-16
7.525173e-06 6.845500e-16
7.587195e-06 7.942200e-16
7.649220e-06 6.332600e-16
7.711243e-06 6.402200e-16
7.773267e-06 5.322800e-16
7.835291e-06 4.945500e-16
7.897316e-06 5.598200e-16
7.959339e-06 5.196900e-16
8.021362e-06 5.560900e-16
8.083387e-06 4.671800e-16
8.145411e-06 4.040400e-16
8.207434e-06 4.599000e-16
8.269458e-06 4.873600e-16
8.331482e-06 3.916300e-16
8.393507e-06 3.699900e-16
8.455530e-06 4.135600e-16
8.517554e-06 3.941700e-16
8.579578e-06 3.830500e-16
8.641603e-06 3.918200e-16
8.703625e-06 4.172900e-16
8.765650e-06 3.927100e-16
8.827674e-06 4.117900e-16
8.889697e-06 3.363400e-16
8.951721e-06 4.106100e-16
9.013745e-06 4.056100e-16
9.075768e-06 3.934000e-16
9.137793e-06 4.063700e-16
9.199817e-06 3.797700e-16
9.261841e-06 3.519800e-16
9.323865e-06 3.754000e-16
9.385888e-06 3.824200e-16
9.447912e-06 3.892900e-16
9.509935e-06 4.059100e-16
9.571960e-06 4.112200e-16
9.633984e-06 3.890300e-16
9.696007e-06 3.067900e-16
9.758032e-06 3.304400e-16
9.820056e-06 3.610200e-16
9.882080e-06 3.722200e-16
9.944104e-06 3.254100e-16
1.000612e-05 3.124100e-16
1.006815e-05 3.470800e-16
1.013017e-05 3.479600e-16
1.019220e-05 3.647100e-16
1.025422e-05 3.302200e-16
1.031625e-05 3.412000e-16
1.037827e-05 3.068300e-16
1.044029e-05 3.304800e-16
1.050232e-05 3.195700e-16
1.056434e-05 3.112500e-16
1.062637e-05 3.029400e-16
1.068839e-05 3.090300e-16
1.075041e-05 2.899600e-16
1.081244e-05 2.956700e-16
1.087446e-05 3.240300e-16
1.093649e-05 2.529300e-16
1.099851e-05 2.895500e-16
1.106054e-05 2.421600e-16
1.112256e-05 2.683700e-16
1.118458e-05 2.857600e-16
1.124661e-05 2.572900e-16
1.130863e-05 2.882500e-16
1.137066e-05 2.565200e-16
1.143267e-05 2.770200e-16
1.149471e-05 2.778600e-16
1.155672e-05 2.303400e-16
1.161874e-05 2.414800e-16
1.168077e-05 2.250600e-16
1.174279e-05 2.049000e-16
1.180482e-05 2.114800e-16
1.186684e-05 1.874800e-16
1.192887e-05 1.951500e-16
1.199089e-05 2.113900e-16
1.205291e-05 1.822900e-16
1.211494e-05 1.602200e-16
1.217696e-05 1.770100e-16
1.223899e-05 1.560700e-16
1.230101e-05 1.534700e-16
1.236303e-05 1.917900e-16
1.242506e-05 1.685500e-16
1.248708e-05 2.128300e-16
1.254911e-05 1.547200e-16
1.261113e-05 1.766200e-16
1.267316e-05 1.965900e-16
1.273518e-05 1.803400e-16
1.279720e-05 2.148500e-16
1.285923e-05 1.717100e-16
1.292125e-05 1.842700e-16
1.298328e-05 1.759300e-16
1.304530e-05 1.403800e-16
1.310732e-05 1.381000e-16
1.316935e-05 1.335900e-16
1.323137e-05 1.363200e-16
1.329340e-05 1.443500e-16
1.335541e-05 1.354400e-16
1.341744e-05 1.387800e-16
1.347946e-05 1.458500e-16
1.354149e-05 1.317100e-16
1.360351e-05 1.484800e-16
1.366553e-05 1.264700e-16
1.372756e-05 1.169100e-16
1.378958e-05 1.181200e-16
1.385161e-05 1.208500e-16
1.391363e-05 1.452100e-16
1.397565e-05 1.004200e-16
1.403768e-05 1.195400e-16
1.409970e-05 1.381000e-16
1.416173e-05 1.459100e-16
1.422375e-05 8.712800e-17
1.425045e-05 1.027800e-16
1.434204e-05 1.039300e-16
1.443363e-05 1.120000e-16
1.452522e-05 9.961300e-17
1.461680e-05 1.025100e-16
1.470840e-05 1.017300e-16
1.479999e-05 1.020400e-16
1.489157e-05 9.869900e-17
1.498316e-05 1.000500e-16
1.507475e-05 8.999900e-17
1.516634e-05 9.081800e-17
1.525793e-05 9.639700e-17
1.534952e-05 9.496300e-17
1.544111e-05 8.904700e-17
1.553270e-05 1.130300e-16
1.562428e-05 1.100100e-16
1.571588e-05 9.297200e-17
1.580746e-05 8.502400e-17
1.589905e-05 8.349600e-17
1.599065e-05 8.360900e-17
1.608223e-05 7.874200e-17
1.617382e-05 8.214600e-17
1.626541e-05 8.149000e-17
1.635700e-05 7.785400e-17
1.644859e-05 8.189700e-17
1.654017e-05 7.098000e-17
1.663177e-05 7.706500e-17
1.672335e-05 8.278500e-17
1.681494e-05 7.561300e-17
1.690653e-05 7.279800e-17
1.699812e-05 7.271600e-17
1.708971e-05 6.935400e-17
1.718130e-05 6.975400e-17
1.727289e-05 7.240100e-17
1.736448e-05 7.182800e-17
1.745607e-05 6.741200e-17
1.754766e-05 6.749800e-17
1.763925e-05 7.072500e-17
1.773083e-05 7.078700e-17
1.782242e-05 6.117400e-17
1.791401e-05 6.871200e-17
1.800560e-05 6.400200e-17
1.809719e-05 6.068800e-17
1.818878e-05 6.877000e-17
1.828037e-05 6.320100e-17
1.837195e-05 5.876200e-17
1.846355e-05 5.874000e-17
1.855514e-05 6.185500e-17
1.864673e-05 7.141700e-17
1.873831e-05 7.288500e-17
1.882991e-05 5.848900e-17
1.892149e-05 5.880100e-17
1.901308e-05 5.158700e-17
1.910468e-05 5.647100e-17
1.919626e-05 6.224800e-17
1.928785e-05 5.794100e-17
1.937943e-05 6.003600e-17
1.947103e-05 5.709700e-17
1.956262e-05 5.854600e-17
1.965420e-05 5.196900e-17
1.974580e-05 5.438300e-17
1.983738e-05 4.628700e-17
1.992897e-05 5.776200e-17
2.002056e-05 5.102400e-17
2.011215e-05 4.214900e-17
2.020374e-05 5.271400e-17
2.029533e-05 4.285700e-17
2.038692e-05 4.781700e-17
2.047851e-05 4.513300e-17
2.049681e-05 4.401500e-17
2.067314e-05 4.307000e-17
2.084958e-05 4.861400e-17
2.102611e-05 3.986900e-17
2.120275e-05 4.724900e-17
2.137948e-05 4.121600e-17
2.155634e-05 3.712800e-17
2.173327e-05 4.195200e-17
2.191032e-05 4.306400e-17
2.208747e-05 3.993800e-17
2.226473e-05 3.431300e-17
2.244209e-05 3.285000e-17
2.261955e-05 3.431700e-17
2.279712e-05 3.493500e-17
2.297479e-05 3.616600e-17
2.315255e-05 3.266900e-17
2.333043e-05 2.899400e-17
2.350841e-05 2.898700e-17
2.368650e-05 2.649300e-17
2.386470e-05 2.748300e-17
2.404299e-05 2.752300e-17
2.422139e-05 2.765300e-17
2.439990e-05 2.681000e-17
2.457851e-05 2.465600e-17
2.475724e-05 2.414700e-17
2.493605e-05 2.547800e-17
2.511498e-05 2.766000e-17
2.529402e-05 2.465200e-17
2.547316e-05 2.219600e-17
2.565241e-05 2.304100e-17
2.583177e-05 2.694100e-17
2.601123e-05 2.626500e-17
2.619081e-05 2.224600e-17
2.637049e-05 2.057100e-17
2.655027e-05 1.970600e-17
2.673017e-05 2.242400e-17
2.691016e-05 2.198100e-17
2.709028e-05 1.972600e-17
2.727049e-05 2.263700e-17
2.745082e-05 1.971200e-17
2.763126e-05 2.092700e-17
2.781180e-05 2.160300e-17
2.799246e-05 1.919300e-17
2.817322e-05 1.970600e-17
2.835410e-05 1.807300e-17
2.853508e-05 2.054200e-17
2.871618e-05 1.993100e-17
2.889738e-05 1.929900e-17
2.907869e-05 1.900500e-17
2.926012e-05 1.797400e-17
2.944165e-05 1.816600e-17
2.962330e-05 1.907200e-17
2.980506e-05 1.660400e-17
2.998693e-05 1.673300e-17
3.016891e-05 1.554100e-17
3.035100e-05 1.917900e-17
3.053320e-05 1.710800e-17
3.071553e-05 1.817300e-17
3.089795e-05 1.767300e-17
3.108050e-05 1.824700e-17
3.126316e-05 1.841200e-17
3.144592e-05 1.512200e-17
3.162880e-05 1.806600e-17
3.181180e-05 1.592000e-17
3.199491e-05 1.523600e-17
3.217813e-05 1.859200e-17
3.236147e-05 1.829300e-17
3.254492e-05 1.776200e-17
3.272848e-05 1.471100e-17
3.291217e-05 1.576400e-17
3.309597e-05 2.031800e-17
3.327988e-05 2.139200e-17
3.346390e-05 2.757600e-17
3.364804e-05 2.452300e-17
3.383231e-05 1.558200e-17
3.401668e-05 1.640500e-17
3.420117e-05 1.535100e-17
3.438578e-05 1.057800e-17
3.457051e-05 1.750700e-17
3.475535e-05 2.756800e-17
3.494031e-05 3.157700e-17
