1.000900e-08 8.906600e-23
1.019500e-08 1.348100e-22
1.040800e-08 1.856600e-22
1.060200e-08 2.592500e-22
1.079900e-08 3.678800e-22
1.100000e-08 5.817200e-22
1.141300e-08 1.022600e-21
1.178700e-08 1.677700e-21
1.208900e-08 7.091100e-21
1.251400e-08 1.056100e-20
1.268800e-08 1.246600e-20
1.280500e-08 1.376300e-20
1.310300e-08 1.724700e-20
1.319400e-08 2.121800e-20
1.340900e-08 2.441800e-20
1.368900e-08 3.465100e-20
1.400800e-08 4.214200e-20
1.430200e-08 1.338800e-19
1.470200e-08 3.996800e-19
1.511400e-08 4.849700e-19
1.550200e-08 5.911700e-19
1.590000e-08 7.206300e-19
1.619500e-08 8.273900e-19
1.661100e-08 1.006300e-18
1.699800e-08 1.187700e-18
1.731400e-08 1.351200e-18
1.771700e-08 1.580200e-18
1.800500e-08 1.768900e-18
1.821300e-08 1.908600e-18
1.859500e-08 2.201500e-18
1.911600e-08 2.616400e-18
1.938100e-08 2.915500e-18
1.978700e-08 3.301500e-18
2.020200e-08 3.755900e-18
2.048300e-08 4.118200e-18
2.100800e-08 4.546900e-18
2.159700e-08 5.619700e-18
2.199800e-08 6.290900e-18
2.230400e-08 6.725300e-18
2.271900e-08 7.511200e-18
2.298200e-08 1.204200e-17
2.340900e-08 2.151300e-17
2.401000e-08 2.862300e-17
2.462600e-08 2.935700e-17
2.519900e-08 3.347400e-17
2.572700e-08 3.011000e-17
2.602500e-08 3.578600e-17
2.638700e-08 3.914800e-17
2.687700e-08 4.127700e-17
2.737700e-08 4.332200e-17
2.788600e-08 4.546900e-17
2.840400e-08 4.761100e-17
2.899900e-08 4.783100e-17
2.960600e-08 5.137000e-17
3.008800e-08 5.305300e-17
3.078800e-08 5.658600e-17
3.179700e-08 6.218900e-17
3.276300e-08 6.633000e-17
3.383700e-08 7.009900e-17
3.478500e-08 7.357200e-17
3.567700e-08 7.686200e-17
3.659200e-08 8.048400e-17
3.753100e-08 8.331300e-17
3.849300e-08 8.369700e-17
3.948100e-08 8.927100e-17
4.049400e-08 9.283500e-17
4.143700e-08 9.499700e-17
4.220700e-08 9.609700e-17
4.299200e-08 9.765900e-17
4.409500e-08 1.006300e-16
4.512200e-08 1.017900e-16
4.596100e-08 1.027300e-16
4.703100e-08 1.044000e-16
4.801600e-08 1.065900e-16
4.902100e-08 1.061000e-16
5.004800e-08 1.088200e-16
5.062700e-08 1.080700e-16
5.121400e-08 1.147400e-16
5.204600e-08 1.158000e-16
5.301300e-08 1.158000e-16
5.399900e-08 1.142100e-16
5.500300e-08 1.168700e-16
5.602600e-08 1.215400e-16
5.693600e-08 1.261000e-16
5.799400e-08 1.246600e-16
5.893700e-08 1.299300e-16
6.003200e-08 1.287400e-16
6.100800e-08 1.218200e-16
6.199900e-08 1.392200e-16
6.300700e-08 1.414900e-16
6.403000e-08 1.434500e-16
6.507100e-08 1.484900e-16
6.582400e-08 1.512600e-16
6.643300e-08 1.558500e-16
6.751300e-08 1.565700e-16
6.845200e-08 1.533600e-16
6.956400e-08 1.736600e-16
7.053200e-08 1.681600e-16
7.167800e-08 1.852300e-16
7.267500e-08 1.899800e-16
7.351700e-08 1.944100e-16
7.453900e-08 2.087900e-16
7.557600e-08 2.181300e-16
7.645200e-08 2.186300e-16
7.751500e-08 2.402800e-16
7.841300e-08 2.510200e-16
7.950300e-08 2.610400e-16
8.042400e-08 2.714600e-16
8.154300e-08 2.797100e-16
8.248700e-08 3.017900e-16
8.344200e-08 2.533400e-16
8.440800e-08 3.152900e-16
8.558300e-08 3.226300e-16
8.657400e-08 3.457100e-16
8.757600e-08 3.695800e-16
8.859000e-08 4.015200e-16
8.941000e-08 4.233600e-16
9.044500e-08 4.175500e-16
9.149300e-08 6.771900e-16
9.255200e-08 4.974100e-15
9.340800e-08 1.098300e-14
9.449000e-08 2.171300e-14
9.558400e-08 3.271200e-14
9.646900e-08 3.339700e-14
9.758600e-08 4.536400e-15
9.848900e-08 2.321200e-14
9.940000e-08 2.868900e-14
1.005510e-07 4.939800e-14
1.014810e-07 5.020100e-14
1.024200e-07 2.242400e-14
1.036060e-07 3.124000e-14
1.045650e-07 7.074700e-14
1.055320e-07 7.009900e-14
1.065090e-07 5.008500e-14
1.074940e-07 6.393100e-14
1.084890e-07 4.599500e-14
1.094930e-07 6.977700e-14
1.105060e-07 6.725300e-14
1.115290e-07 6.247600e-14
1.125610e-07 5.491700e-14
1.136020e-07 7.811100e-14
1.143890e-07 6.961600e-14
1.154480e-07 7.721700e-14
1.165160e-07 7.974600e-14
1.175940e-07 5.020100e-14
1.184090e-07 7.811100e-14
1.195050e-07 4.631400e-14
1.206110e-07 2.928900e-14
1.214470e-07 2.504400e-14
1.225710e-07 5.354400e-14
1.234200e-07 8.989000e-14
1.245620e-07 1.001600e-13
1.254260e-07 9.304900e-14
1.265860e-07 7.650900e-14
1.274640e-07 1.085700e-13
1.286430e-07 1.166000e-13
1.295350e-07 8.235900e-14
1.304330e-07 8.104200e-14
1.316390e-07 1.126400e-13
1.325520e-07 1.070800e-13
1.334710e-07 8.886100e-14
1.343960e-07 1.171400e-13
1.356390e-07 1.131600e-13
1.365800e-07 9.676300e-14
1.375260e-07 1.048800e-13
1.384800e-07 1.065900e-13
1.394400e-07 9.177200e-14
1.404060e-07 9.587600e-14
1.413790e-07 9.676300e-14
1.423590e-07 1.027300e-13
1.433460e-07 1.013200e-13
1.443400e-07 1.093200e-13
1.446730e-07 1.123900e-13
1.453400e-07 1.080700e-13
1.463480e-07 9.698600e-14
1.473620e-07 9.788400e-14
1.483840e-07 1.017900e-13
1.494120e-07 1.048800e-13
1.504480e-07 9.765900e-14
1.511420e-07 8.350500e-14
1.518400e-07 9.240800e-14
1.525410e-07 8.804600e-14
1.535980e-07 7.340200e-14
1.546630e-07 8.584400e-14
1.553770e-07 8.048400e-14
1.564540e-07 8.122900e-14
1.575380e-07 8.764200e-14
1.586300e-07 9.477900e-14
1.593620e-07 9.676300e-14
1.604670e-07 9.565600e-14
1.615790e-07 9.698600e-14
1.623250e-07 9.009700e-14
1.634500e-07 9.833600e-14
1.645830e-07 1.003900e-13
1.653430e-07 9.093100e-14
1.664890e-07 1.017900e-13
1.672580e-07 8.663800e-14
1.676430e-07 1.022600e-13
1.684170e-07 1.098300e-13
1.695840e-07 1.017900e-13
1.703670e-07 9.676300e-14
1.715480e-07 8.989000e-14
1.723400e-07 8.968300e-14
1.735350e-07 9.788400e-14
1.743360e-07 9.543600e-14
1.755440e-07 1.046400e-13
1.763540e-07 9.326300e-14
1.775770e-07 9.631900e-14
1.783960e-07 9.901700e-14
1.796330e-07 1.085700e-13
1.804620e-07 1.080700e-13
1.812950e-07 9.721000e-14
1.825520e-07 1.003900e-13
1.833940e-07 9.543600e-14
1.846660e-07 8.624000e-14
1.855180e-07 8.584400e-14
1.863740e-07 8.968300e-14
1.876660e-07 1.006300e-13
1.885320e-07 9.093100e-14
1.894030e-07 8.703800e-14
1.907160e-07 9.347800e-14
1.915960e-07 8.906600e-14
1.924800e-07 8.804600e-14
1.933690e-07 9.135100e-14
1.947090e-07 9.565600e-14
1.956080e-07 8.906600e-14
1.965110e-07 1.003900e-13
1.974180e-07 1.039200e-13
1.983290e-07 9.721000e-14
1.997040e-07 9.391000e-14
2.006250e-07 9.788400e-14
2.015520e-07 9.304900e-14
2.024820e-07 9.924500e-14
2.034160e-07 9.283500e-14
2.043550e-07 9.810900e-14
2.052990e-07 9.326300e-14
2.067220e-07 9.304900e-14
2.071980e-07 1.015600e-13
2.076760e-07 9.565600e-14
2.086350e-07 1.006300e-13
2.095980e-07 9.434300e-14
2.105650e-07 9.456100e-14
2.115370e-07 9.587600e-14
2.125130e-07 9.765900e-14
2.134940e-07 8.906600e-14
2.144800e-07 9.262100e-14
2.154700e-07 9.721000e-14
2.164640e-07 9.369400e-14
2.174630e-07 9.283500e-14
2.184670e-07 9.072200e-14
2.194750e-07 9.609700e-14
2.204890e-07 9.304900e-14
2.215060e-07 8.744000e-14
2.225290e-07 8.408300e-14
2.235560e-07 9.135100e-14
2.245880e-07 8.663800e-14
2.256240e-07 8.179200e-14
2.266660e-07 8.466600e-14
2.277120e-07 8.764200e-14
2.287630e-07 9.072200e-14
2.292910e-07 8.506300e-14
2.303490e-07 8.471300e-14
2.314120e-07 7.964500e-14
2.324800e-07 5.812600e-14
2.335530e-07 7.237300e-14
2.346310e-07 7.027300e-14
2.357140e-07 7.762600e-14
2.362580e-07 6.968100e-14
2.373480e-07 7.233100e-14
2.384440e-07 6.645700e-14
2.395440e-07 7.223700e-14
2.406500e-07 6.870300e-14
2.417610e-07 7.131700e-14
2.423180e-07 7.679000e-14
2.434370e-07 7.337100e-14
2.445600e-07 7.883900e-14
2.456890e-07 7.761800e-14
2.462560e-07 7.692600e-14
2.473920e-07 7.367100e-14
2.485340e-07 7.612400e-14
2.496810e-07 7.157200e-14
2.502570e-07 8.106900e-14
2.514120e-07 7.032100e-14
2.519920e-07 7.297900e-14
2.525730e-07 6.907300e-14
2.537380e-07 7.088200e-14
2.543230e-07 6.912700e-14
2.554970e-07 7.601200e-14
2.566770e-07 7.313200e-14
2.572680e-07 7.874500e-14
2.584560e-07 7.734900e-14
2.596490e-07 7.597800e-14
2.602470e-07 7.291300e-14
2.614480e-07 7.178600e-14
2.626550e-07 7.608000e-14
2.632610e-07 8.005500e-14
2.644760e-07 8.843500e-14
2.656970e-07 9.201600e-14
2.663090e-07 8.016500e-14
2.675380e-07 8.535300e-14
2.687730e-07 8.520400e-14
2.693930e-07 8.046000e-14
2.706360e-07 8.410500e-14
2.712600e-07 7.833300e-14
2.725120e-07 7.783700e-14
2.737700e-07 8.287600e-14
2.744010e-07 6.943000e-14
2.756680e-07 7.158000e-14
2.763030e-07 7.514800e-14
2.775790e-07 7.946300e-14
2.782190e-07 7.400900e-14
2.795030e-07 5.814800e-14
2.807930e-07 6.321000e-14
2.814400e-07 7.850700e-14
2.827390e-07 8.436400e-14
2.833910e-07 8.077600e-14
2.846990e-07 7.790000e-14
2.853550e-07 7.390300e-14
2.866730e-07 8.451200e-14
2.873330e-07 8.610800e-14
2.886600e-07 8.478100e-14
2.893250e-07 8.480600e-14
2.913310e-07 9.501900e-14
2.926750e-07 9.037900e-14
2.947040e-07 8.860500e-14
2.967470e-07 9.116900e-14
2.988040e-07 9.167300e-14
3.008750e-07 9.324800e-14
3.029610e-07 9.354900e-14
3.050610e-07 9.363500e-14
3.071750e-07 9.480700e-14
3.093040e-07 9.577400e-14
3.107320e-07 9.672000e-14
3.128860e-07 9.504500e-14
3.150550e-07 9.557400e-14
3.172390e-07 9.632800e-14
3.187030e-07 9.016400e-14
3.209120e-07 9.494000e-14
3.231370e-07 8.889400e-14
3.246280e-07 9.730900e-14
3.268780e-07 1.024700e-13
3.291440e-07 1.013900e-13
3.306630e-07 1.007600e-13
3.321900e-07 9.944500e-14
3.329550e-07 1.051300e-13
3.337230e-07 1.018300e-13
3.344920e-07 1.004700e-13
3.352630e-07 9.776000e-14
3.360360e-07 1.019300e-13
3.368110e-07 1.015000e-13
3.375870e-07 9.090700e-14
3.383650e-07 9.305600e-14
3.391460e-07 1.032500e-13
3.399270e-07 1.056900e-13
3.407110e-07 1.005000e-13
3.414960e-07 1.014700e-13
3.422840e-07 1.080100e-13
3.430730e-07 1.046200e-13
3.438640e-07 1.061100e-13
3.446560e-07 9.097600e-14
3.454510e-07 1.030600e-13
3.462470e-07 9.402100e-14
3.470450e-07 1.007800e-13
3.478450e-07 9.194400e-14
3.486470e-07 9.810100e-14
3.494510e-07 9.634400e-14
3.502560e-07 1.032700e-13
3.510640e-07 1.018900e-13
3.518730e-07 9.891800e-14
3.526840e-07 9.692300e-14
3.534970e-07 1.043700e-13
3.543120e-07 1.103400e-13
3.551290e-07 1.101200e-13
3.559480e-07 1.074100e-13
3.567680e-07 1.047600e-13
3.575910e-07 9.491700e-14
3.584150e-07 8.881700e-14
3.592410e-07 9.303600e-14
3.600690e-07 1.083400e-13
3.608990e-07 9.907400e-14
3.617310e-07 1.033000e-13
3.625650e-07 1.072200e-13
3.627300e-07 1.216300e-13
3.630040e-07 1.061300e-13
3.632780e-07 1.128700e-13
3.635520e-07 1.263600e-13
3.638250e-07 8.802800e-14
3.640990e-07 1.331700e-13
3.643730e-07 1.050100e-13
3.646470e-07 5.385100e-14
3.649210e-07 1.258300e-13
3.651950e-07 9.768300e-14
3.654690e-07 1.284500e-13
3.657430e-07 7.756300e-14
3.660170e-07 8.781800e-14
3.662910e-07 9.309900e-14
3.665650e-07 5.614900e-14
3.668390e-07 1.078200e-13
3.671130e-07 1.323600e-13
3.673870e-07 8.325600e-14
3.676610e-07 1.118900e-13
3.679350e-07 1.200700e-13
3.682090e-07 1.168000e-13
3.684830e-07 7.934500e-14
3.687570e-07 1.013600e-13
3.690310e-07 1.344100e-13
3.693050e-07 1.228300e-13
3.695790e-07 1.388100e-13
3.698530e-07 1.258500e-13
3.701270e-07 8.557800e-14
3.704010e-07 1.115400e-13
3.706750e-07 9.720100e-14
3.709490e-07 7.755300e-14
3.712230e-07 1.032800e-13
3.714970e-07 1.163200e-13
3.717710e-07 1.338600e-13
3.720450e-07 1.835500e-13
3.723190e-07 3.039000e-13
3.725930e-07 3.561400e-13
3.728670e-07 3.078500e-13
3.731410e-07 2.482600e-13
3.734150e-07 1.638900e-13
3.736890e-07 1.199000e-13
3.739630e-07 1.163400e-13
3.742370e-07 9.076200e-14
3.745110e-07 1.304100e-13
3.747850e-07 1.332000e-13
3.750590e-07 1.212900e-13
3.753330e-07 1.153700e-13
3.756070e-07 1.101500e-13
3.758810e-07 1.022200e-13
3.761550e-07 1.391800e-13
3.764290e-07 1.140100e-13
3.767030e-07 1.260400e-13
3.769770e-07 1.361800e-13
3.772510e-07 1.264800e-13
3.775240e-07 1.175000e-13
3.777980e-07 8.387500e-14
3.780720e-07 1.522200e-13
3.783460e-07 1.540600e-13
3.786200e-07 1.429300e-13
3.788940e-07 1.638100e-13
3.791680e-07 1.536300e-13
3.794420e-07 1.518700e-13
3.797160e-07 1.176500e-13
3.799900e-07 1.372900e-13
3.802640e-07 1.796400e-13
3.805380e-07 1.627700e-13
3.808120e-07 1.495300e-13
3.810860e-07 1.929400e-13
3.813600e-07 1.685500e-13
3.816340e-07 1.748800e-13
3.819080e-07 1.531500e-13
3.821820e-07 1.186400e-13
3.824560e-07 1.263500e-13
3.827300e-07 1.116300e-13
3.830040e-07 1.585800e-13
3.832780e-07 8.479100e-14
3.835520e-07 1.165000e-13
3.838260e-07 1.003900e-13
3.841000e-07 1.438500e-13
3.843740e-07 1.391600e-13
3.846480e-07 1.563600e-13
3.849220e-07 1.252500e-13
3.851960e-07 1.534600e-13
3.854700e-07 1.272300e-13
3.857440e-07 1.573400e-13
3.860180e-07 1.616600e-13
3.862920e-07 1.592000e-13
3.865660e-07 1.561800e-13
3.868400e-07 1.579100e-13
3.871140e-07 1.701300e-13
3.873880e-07 1.623100e-13
3.876620e-07 1.575400e-13
3.879360e-07 1.543400e-13
3.882100e-07 1.472700e-13
3.884840e-07 1.210500e-13
3.887580e-07 1.492100e-13
3.890320e-07 1.311700e-13
3.893060e-07 1.388300e-13
3.895800e-07 1.205500e-13
3.898540e-07 1.469700e-13
3.901280e-07 1.579700e-13
3.904020e-07 1.430200e-13
3.906760e-07 1.603100e-13
3.909490e-07 1.592300e-13
3.912230e-07 1.613400e-13
3.914970e-07 1.338500e-13
3.917710e-07 1.481000e-13
3.920450e-07 1.654000e-13
3.923190e-07 1.763300e-13
3.925930e-07 1.499900e-13
3.928670e-07 1.246900e-13
3.931410e-07 1.328900e-13
3.934150e-07 1.233200e-13
3.936890e-07 1.241900e-13
3.939630e-07 1.317500e-13
3.942370e-07 1.509600e-13
3.945110e-07 1.426000e-13
3.947850e-07 1.639900e-13
3.950590e-07 1.721500e-13
3.953330e-07 1.605900e-13
3.956070e-07 1.462500e-13
3.958810e-07 1.313100e-13
3.961550e-07 1.297400e-13
3.964290e-07 1.233400e-13
3.967030e-07 9.351800e-14
3.969770e-07 1.023200e-13
3.972510e-07 1.091600e-13
3.975250e-07 1.241200e-13
3.977990e-07 1.557200e-13
3.980730e-07 1.738900e-13
3.983470e-07 1.668000e-13
3.986210e-07 1.548400e-13
3.988950e-07 1.670500e-13
3.991690e-07 1.730100e-13
3.994430e-07 1.719700e-13
3.997170e-07 1.761900e-13
3.999910e-07 1.647200e-13
4.002650e-07 1.817100e-13
4.005390e-07 1.852500e-13
4.008130e-07 1.897300e-13
4.010870e-07 1.982800e-13
4.013610e-07 2.008300e-13
4.016350e-07 2.027900e-13
4.019090e-07 1.970200e-13
4.021830e-07 1.987300e-13
4.024570e-07 2.011300e-13
4.027310e-07 1.912500e-13
4.030050e-07 1.981200e-13
4.032790e-07 1.960600e-13
4.035530e-07 1.947900e-13
4.038270e-07 1.624500e-13
4.041010e-07 1.667400e-13
4.043750e-07 1.920800e-13
4.046480e-07 1.986000e-13
4.049220e-07 1.851800e-13
4.051960e-07 1.899800e-13
4.054700e-07 1.855100e-13
4.057440e-07 1.866000e-13
4.060180e-07 2.002500e-13
4.062920e-07 2.015200e-13
4.065660e-07 1.824300e-13
4.068400e-07 1.801600e-13
4.071140e-07 1.813100e-13
4.073880e-07 1.857000e-13
4.076620e-07 1.674200e-13
4.079360e-07 1.827800e-13
4.082100e-07 1.715000e-13
4.084840e-07 1.580000e-13
4.087580e-07 1.767300e-13
4.090320e-07 1.823300e-13
4.093060e-07 1.689100e-13
4.095800e-07 1.525800e-13
4.098540e-07 1.438900e-13
4.101280e-07 1.553200e-13
4.104020e-07 1.626100e-13
4.106760e-07 1.579600e-13
4.109500e-07 1.474800e-13
4.112240e-07 1.747900e-13
4.114980e-07 2.004900e-13
4.117720e-07 1.954900e-13
4.120460e-07 1.748600e-13
4.123200e-07 1.586000e-13
4.125940e-07 1.759500e-13
4.128680e-07 1.978600e-13
4.131420e-07 1.739200e-13
4.134160e-07 1.770900e-13
4.136900e-07 1.856500e-13
4.139640e-07 1.834900e-13
4.142380e-07 1.676100e-13
4.145120e-07 1.720300e-13
4.147860e-07 2.082600e-13
4.150600e-07 2.048700e-13
4.153340e-07 1.761900e-13
4.156080e-07 1.680500e-13
4.158820e-07 1.890000e-13
4.161560e-07 1.958800e-13
4.164300e-07 1.755200e-13
4.167040e-07 1.831500e-13
4.169780e-07 1.736500e-13
4.172520e-07 1.768300e-13
4.175260e-07 1.760400e-13
4.178000e-07 1.678700e-13
4.180730e-07 1.815100e-13
4.183470e-07 1.905500e-13
4.186210e-07 1.848000e-13
4.188950e-07 1.821600e-13
4.191690e-07 1.721900e-13
4.194430e-07 1.705800e-13
4.197170e-07 1.848700e-13
4.199910e-07 1.735900e-13
4.202650e-07 1.884900e-13
4.205390e-07 1.830700e-13
4.208130e-07 1.827300e-13
4.210870e-07 1.677100e-13
4.213610e-07 1.735800e-13
4.216350e-07 1.845200e-13
4.219090e-07 1.970200e-13
4.221830e-07 1.739400e-13
4.224570e-07 1.624100e-13
4.227310e-07 1.840000e-13
4.230050e-07 1.589100e-13
4.232790e-07 1.849100e-13
4.235530e-07 1.834100e-13
4.238270e-07 1.772600e-13
4.241010e-07 1.747300e-13
4.243750e-07 1.716700e-13
4.246490e-07 1.713500e-13
4.249230e-07 1.932100e-13
4.251970e-07 1.616700e-13
4.254710e-07 1.721700e-13
4.257450e-07 1.878300e-13
4.260190e-07 1.797200e-13
4.262930e-07 1.869400e-13
4.265670e-07 1.740300e-13
4.268410e-07 1.583600e-13
4.271150e-07 1.850700e-13
4.273890e-07 1.713500e-13
4.276630e-07 1.633000e-13
4.279370e-07 1.647600e-13
4.282110e-07 1.731700e-13
4.284850e-07 1.774600e-13
4.287590e-07 1.697900e-13
4.290330e-07 1.713900e-13
4.293070e-07 1.846300e-13
4.295810e-07 1.361500e-13
4.298550e-07 1.616300e-13
4.301290e-07 1.389400e-13
4.304030e-07 1.594000e-13
4.306770e-07 1.331300e-13
4.309510e-07 1.554500e-13
4.312250e-07 1.708000e-13
4.314990e-07 1.787300e-13
4.317720e-07 1.775800e-13
4.320460e-07 1.818100e-13
4.323200e-07 1.726500e-13
4.325940e-07 1.705800e-13
4.328680e-07 1.620600e-13
4.331420e-07 1.618500e-13
4.334160e-07 1.778500e-13
4.336900e-07 1.828400e-13
4.339640e-07 1.606300e-13
4.342380e-07 1.526300e-13
4.345120e-07 1.579900e-13
4.347860e-07 1.838800e-13
4.350600e-07 1.700500e-13
4.353340e-07 1.771000e-13
4.356080e-07 1.829200e-13
4.358820e-07 1.937200e-13
4.361560e-07 1.814400e-13
4.364300e-07 1.823400e-13
4.367040e-07 1.897000e-13
4.369780e-07 1.877900e-13
4.372520e-07 1.674000e-13
4.375260e-07 1.696800e-13
4.378000e-07 1.765400e-13
4.380740e-07 1.694000e-13
4.383480e-07 1.711100e-13
4.386220e-07 1.710100e-13
4.388960e-07 1.755600e-13
4.391700e-07 2.096200e-13
4.394440e-07 1.930100e-13
4.397180e-07 1.867500e-13
4.399920e-07 1.683300e-13
4.402660e-07 1.741000e-13
4.405400e-07 1.768500e-13
4.408140e-07 1.878000e-13
4.410880e-07 1.777700e-13
4.413620e-07 1.830400e-13
4.416360e-07 1.899100e-13
4.419100e-07 1.876000e-13
4.421840e-07 1.739500e-13
4.424580e-07 1.857300e-13
4.427320e-07 1.913500e-13
4.430060e-07 1.985400e-13
4.432800e-07 1.902100e-13
4.435540e-07 1.905200e-13
4.438280e-07 1.912200e-13
4.441020e-07 1.897300e-13
4.443760e-07 1.843600e-13
4.446500e-07 1.743700e-13
4.449240e-07 1.851700e-13
4.451980e-07 1.982900e-13
4.454710e-07 1.961400e-13
4.457450e-07 1.856200e-13
4.460190e-07 1.909900e-13
4.462930e-07 1.751500e-13
4.465670e-07 1.892400e-13
4.468410e-07 1.965800e-13
4.471150e-07 1.971300e-13
4.473890e-07 1.872700e-13
4.476630e-07 1.867600e-13
4.479370e-07 1.876800e-13
4.482110e-07 2.020300e-13
4.484850e-07 2.003900e-13
4.487590e-07 1.843600e-13
4.490330e-07 1.938700e-13
4.493070e-07 1.884000e-13
4.495810e-07 1.905300e-13
4.498550e-07 1.969200e-13
4.501290e-07 2.061400e-13
4.504030e-07 2.080500e-13
4.506770e-07 2.095200e-13
4.509510e-07 2.041800e-13
4.512250e-07 2.062100e-13
4.514990e-07 2.032700e-13
4.517730e-07 1.930000e-13
4.520470e-07 2.013800e-13
4.523210e-07 1.950400e-13
4.525950e-07 1.838700e-13
4.528690e-07 1.719300e-13
4.531430e-07 1.785000e-13
4.534170e-07 1.934400e-13
4.536910e-07 2.017900e-13
4.539650e-07 1.985300e-13
4.542390e-07 1.969400e-13
4.545130e-07 1.987600e-13
4.547870e-07 1.955100e-13
4.550610e-07 1.953700e-13
4.553350e-07 1.907800e-13
4.556090e-07 1.929700e-13
4.558830e-07 2.007200e-13
4.561570e-07 2.021000e-13
4.564310e-07 2.028000e-13
4.567050e-07 2.058500e-13
4.569790e-07 2.090600e-13
4.572530e-07 2.063600e-13
4.575270e-07 2.082400e-13
4.578010e-07 2.018200e-13
4.580750e-07 1.912100e-13
4.583490e-07 1.899200e-13
4.586230e-07 2.018400e-13
4.588970e-07 2.031100e-13
4.591700e-07 1.997300e-13
4.594440e-07 1.966600e-13
4.597180e-07 1.968100e-13
4.599920e-07 1.966200e-13
4.602660e-07 1.965200e-13
4.605400e-07 2.005500e-13
4.608140e-07 2.038300e-13
4.610880e-07 2.077900e-13
4.613620e-07 2.154500e-13
4.616360e-07 2.173600e-13
4.619100e-07 2.009700e-13
4.621840e-07 2.023200e-13
4.624580e-07 2.084700e-13
4.627320e-07 2.016700e-13
4.630060e-07 2.134000e-13
4.632800e-07 2.070900e-13
4.635540e-07 2.133700e-13
4.638280e-07 2.017700e-13
4.641020e-07 1.827200e-13
4.643760e-07 1.895400e-13
4.646500e-07 1.950500e-13
4.649240e-07 1.885400e-13
4.651980e-07 1.885100e-13
4.654720e-07 1.953200e-13
4.657460e-07 2.040400e-13
4.660200e-07 1.943100e-13
4.662940e-07 1.867700e-13
4.665680e-07 1.877300e-13
4.668420e-07 1.927600e-13
4.671160e-07 1.882700e-13
4.673900e-07 1.897300e-13
4.676640e-07 1.894500e-13
4.679380e-07 1.910300e-13
4.682120e-07 1.965600e-13
4.684860e-07 2.108900e-13
4.687600e-07 1.963600e-13
4.690340e-07 1.911900e-13
4.693080e-07 2.107100e-13
4.695820e-07 2.025600e-13
4.698560e-07 1.910500e-13
4.701300e-07 1.902200e-13
4.704040e-07 2.015800e-13
4.706780e-07 1.995700e-13
4.709520e-07 1.971500e-13
4.712260e-07 1.981400e-13
4.715000e-07 1.980900e-13
4.717740e-07 1.993200e-13
4.720480e-07 1.985600e-13
4.723220e-07 2.072000e-13
4.725960e-07 1.918500e-13
4.728690e-07 1.749200e-13
4.731430e-07 1.968400e-13
4.734170e-07 2.077200e-13
4.736910e-07 2.023400e-13
4.739650e-07 2.121900e-13
4.742390e-07 1.947700e-13
4.745130e-07 1.881900e-13
4.747870e-07 1.973600e-13
4.750610e-07 2.057100e-13
4.753350e-07 2.152400e-13
4.756090e-07 2.097900e-13
4.758830e-07 1.782200e-13
4.761570e-07 2.001100e-13
4.764310e-07 1.850900e-13
4.767050e-07 1.941100e-13
4.769790e-07 2.074600e-13
4.772530e-07 2.105000e-13
4.775270e-07 2.165700e-13
4.778010e-07 2.137000e-13
4.780750e-07 1.953900e-13
4.783490e-07 1.944900e-13
4.786230e-07 1.840800e-13
4.788970e-07 1.869100e-13
4.791710e-07 1.998300e-13
4.794450e-07 1.921300e-13
4.797190e-07 1.944800e-13
4.799930e-07 1.973000e-13
4.802670e-07 1.891800e-13
4.805410e-07 1.991400e-13
4.808150e-07 1.918500e-13
4.810890e-07 2.140400e-13
4.813630e-07 2.128200e-13
4.816370e-07 2.079200e-13
4.819110e-07 1.996600e-13
4.821850e-07 2.050500e-13
4.824590e-07 2.172800e-13
4.827330e-07 2.165400e-13
4.830070e-07 2.077600e-13
4.832810e-07 1.974300e-13
4.835550e-07 1.932900e-13
4.838290e-07 2.005600e-13
4.841030e-07 1.959000e-13
4.843770e-07 1.907700e-13
4.846510e-07 1.932200e-13
4.849250e-07 1.908500e-13
4.851990e-07 1.890100e-13
4.854730e-07 2.100300e-13
4.857470e-07 2.421700e-13
4.860210e-07 2.368700e-13
4.862950e-07 2.260000e-13
4.865680e-07 2.083000e-13
4.868420e-07 1.716100e-13
4.871160e-07 1.778400e-13
4.873900e-07 1.824900e-13
4.876640e-07 1.822400e-13
4.879380e-07 1.850100e-13
4.882120e-07 1.874200e-13
4.884860e-07 1.832300e-13
4.887600e-07 1.770900e-13
4.890340e-07 1.854700e-13
4.893080e-07 1.832500e-13
4.895820e-07 1.828200e-13
4.898560e-07 1.851100e-13
4.901300e-07 1.930500e-13
4.904040e-07 1.881900e-13
4.906780e-07 1.932700e-13
4.909520e-07 1.984400e-13
4.912260e-07 2.032500e-13
4.915000e-07 1.906700e-13
4.917740e-07 1.958500e-13
4.920480e-07 1.736600e-13
4.923220e-07 1.973100e-13
4.925960e-07 1.879200e-13
4.928700e-07 1.988600e-13
4.931440e-07 1.877500e-13
4.934180e-07 2.137000e-13
4.936920e-07 1.962600e-13
4.939660e-07 2.061800e-13
4.942400e-07 1.953300e-13
4.945140e-07 2.079100e-13
4.947880e-07 2.111600e-13
4.950620e-07 1.987900e-13
4.953360e-07 2.319700e-13
4.956100e-07 2.351200e-13
4.958840e-07 2.329300e-13
4.961580e-07 2.202200e-13
4.964320e-07 2.207900e-13
4.967060e-07 1.946400e-13
4.969800e-07 2.009600e-13
4.972540e-07 1.987000e-13
4.975280e-07 2.013100e-13
4.978020e-07 1.811400e-13
4.980760e-07 1.998200e-13
4.983500e-07 1.959500e-13
4.986240e-07 1.926800e-13
4.988980e-07 1.891600e-13
4.991720e-07 2.017100e-13
4.994460e-07 1.964700e-13
4.997200e-07 2.197600e-13
4.999940e-07 2.425400e-13
5.002670e-07 2.768000e-13
5.005410e-07 2.721300e-13
5.008150e-07 2.547200e-13
5.010890e-07 2.296300e-13
5.013630e-07 1.935900e-13
5.016370e-07 1.975700e-13
5.019110e-07 1.904400e-13
5.021850e-07 1.735200e-13
5.024590e-07 1.779900e-13
5.027330e-07 1.927700e-13
5.030070e-07 1.941900e-13
5.032810e-07 1.892900e-13
5.035550e-07 1.687200e-13
5.038290e-07 1.836200e-13
5.041030e-07 1.835500e-13
5.043770e-07 1.890500e-13
5.046510e-07 1.934900e-13
5.049250e-07 1.926000e-13
5.051990e-07 1.911200e-13
5.054730e-07 1.903300e-13
5.057470e-07 1.959900e-13
5.060210e-07 2.011100e-13
5.062950e-07 1.845800e-13
5.065690e-07 1.935300e-13
5.068430e-07 1.985700e-13
5.071170e-07 1.981900e-13
5.073910e-07 1.842200e-13
5.076650e-07 1.891600e-13
5.079390e-07 1.844500e-13
5.082130e-07 2.019300e-13
5.084870e-07 1.976900e-13
5.087610e-07 2.047300e-13
5.090350e-07 1.875000e-13
5.093090e-07 1.856900e-13
5.095830e-07 1.720100e-13
5.098570e-07 1.964500e-13
5.101310e-07 1.832600e-13
5.104050e-07 1.867700e-13
5.106790e-07 1.816300e-13
5.109530e-07 1.838000e-13
5.112270e-07 1.842000e-13
5.115010e-07 1.887900e-13
5.117750e-07 1.963500e-13
5.120490e-07 1.851600e-13
5.123230e-07 1.906700e-13
5.125970e-07 1.995500e-13
5.128710e-07 1.815400e-13
5.131450e-07 1.921400e-13
5.134190e-07 1.823000e-13
5.136930e-07 1.813700e-13
5.139660e-07 1.929400e-13
5.142400e-07 1.848200e-13
5.145140e-07 1.766100e-13
5.147880e-07 1.847000e-13
5.150620e-07 1.914100e-13
5.153360e-07 1.889900e-13
5.156100e-07 1.928200e-13
5.158840e-07 1.780400e-13
5.161580e-07 1.881000e-13
5.164320e-07 1.951400e-13
5.167060e-07 1.695600e-13
5.169800e-07 1.609700e-13
5.172540e-07 1.791200e-13
5.175280e-07 1.686100e-13
5.178020e-07 1.693700e-13
5.180760e-07 1.626400e-13
5.183500e-07 1.560700e-13
5.186240e-07 1.785800e-13
5.188980e-07 1.792500e-13
5.191720e-07 1.975100e-13
5.194460e-07 1.776500e-13
5.197200e-07 1.870400e-13
5.199940e-07 1.810800e-13
5.202680e-07 1.977400e-13
5.205420e-07 1.607800e-13
5.208160e-07 1.783500e-13
5.210900e-07 1.830700e-13
5.213640e-07 1.898700e-13
5.216380e-07 1.889800e-13
5.219120e-07 1.770700e-13
5.221860e-07 1.794900e-13
5.224600e-07 1.800500e-13
5.227340e-07 1.866300e-13
5.230080e-07 1.841500e-13
5.232820e-07 1.839800e-13
5.235560e-07 2.008500e-13
5.238300e-07 1.902400e-13
5.241040e-07 2.004100e-13
5.243780e-07 1.914700e-13
5.246520e-07 1.918800e-13
5.249260e-07 1.989600e-13
5.252000e-07 1.980600e-13
5.254740e-07 1.794800e-13
5.257480e-07 1.914100e-13
5.260220e-07 1.698100e-13
5.262960e-07 1.918000e-13
5.265700e-07 1.742800e-13
5.268440e-07 1.641900e-13
5.271180e-07 1.751400e-13
5.273920e-07 1.944100e-13
5.276650e-07 1.843000e-13
5.279390e-07 1.809600e-13
5.282130e-07 1.897900e-13
5.284870e-07 1.870000e-13
5.287610e-07 1.859700e-13
5.290350e-07 1.940100e-13
5.293090e-07 2.106800e-13
5.295830e-07 2.003200e-13
5.298570e-07 1.914000e-13
5.301310e-07 1.969500e-13
5.304050e-07 2.070400e-13
5.306790e-07 2.021800e-13
5.309530e-07 2.105200e-13
5.312270e-07 1.925000e-13
5.315010e-07 1.992400e-13
5.317750e-07 2.151700e-13
5.320490e-07 2.010600e-13
5.323230e-07 1.832100e-13
5.325970e-07 1.780300e-13
5.328710e-07 1.820200e-13
5.331450e-07 1.951300e-13
5.334190e-07 1.888300e-13
5.336930e-07 1.912400e-13
5.339670e-07 1.795400e-13
5.342410e-07 1.976400e-13
5.345150e-07 1.913600e-13
5.347890e-07 1.980700e-13
5.350630e-07 1.948800e-13
5.353370e-07 2.187800e-13
5.356110e-07 2.251200e-13
5.358850e-07 2.094200e-13
5.361590e-07 2.031600e-13
5.364330e-07 1.992100e-13
5.367070e-07 1.814800e-13
5.369810e-07 1.864100e-13
5.372550e-07 1.933600e-13
5.375290e-07 2.051900e-13
5.378030e-07 1.903100e-13
5.380770e-07 2.140300e-13
5.383510e-07 1.986400e-13
5.386250e-07 1.961500e-13
5.388990e-07 1.935300e-13
5.391730e-07 1.965500e-13
5.394470e-07 1.900200e-13
5.397210e-07 1.875300e-13
5.399950e-07 1.964600e-13
5.402690e-07 1.936300e-13
5.405430e-07 1.915700e-13
5.408170e-07 1.829400e-13
5.410910e-07 1.806600e-13
5.413640e-07 1.804000e-13
5.416380e-07 2.044400e-13
5.419120e-07 1.932400e-13
5.421860e-07 1.945300e-13
5.424600e-07 2.049900e-13
5.427340e-07 1.896700e-13
5.430080e-07 1.901100e-13
5.432820e-07 1.986000e-13
5.435560e-07 1.873900e-13
5.438300e-07 1.918300e-13
5.441040e-07 1.848900e-13
5.443780e-07 2.116300e-13
5.446520e-07 1.897000e-13
5.449260e-07 2.004300e-13
5.452000e-07 1.771700e-13
5.454740e-07 1.867300e-13
5.457480e-07 1.940200e-13
5.460220e-07 1.931400e-13
5.462960e-07 2.034000e-13
5.465700e-07 1.920100e-13
5.468440e-07 2.060000e-13
5.471180e-07 2.038800e-13
5.473920e-07 2.046100e-13
5.476660e-07 1.946000e-13
5.479400e-07 1.939900e-13
5.482140e-07 2.018900e-13
5.484880e-07 1.975700e-13
5.487620e-07 1.990500e-13
5.490360e-07 1.986100e-13
5.493100e-07 2.069600e-13
5.495840e-07 2.015600e-13
5.498580e-07 1.911200e-13
5.501320e-07 1.875100e-13
5.504060e-07 1.969900e-13
5.506800e-07 1.833900e-13
5.509540e-07 2.169900e-13
5.512280e-07 2.002400e-13
5.515020e-07 2.055400e-13
5.517760e-07 1.891900e-13
5.520500e-07 2.013300e-13
5.523240e-07 2.002600e-13
5.525980e-07 1.820200e-13
5.528720e-07 1.931600e-13
5.531460e-07 1.937700e-13
5.534200e-07 1.915200e-13
5.536940e-07 2.062400e-13
5.539680e-07 2.065300e-13
5.542420e-07 2.013000e-13
5.545160e-07 2.054400e-13
5.547890e-07 1.907900e-13
5.550630e-07 2.087300e-13
5.553370e-07 2.101400e-13
5.556110e-07 2.009100e-13
5.558850e-07 1.999700e-13
5.561590e-07 1.915700e-13
5.564330e-07 1.965000e-13
5.567070e-07 1.905400e-13
5.569810e-07 1.970300e-13
5.572550e-07 1.923200e-13
5.575290e-07 1.947200e-13
5.578030e-07 1.884200e-13
5.580770e-07 1.822200e-13
5.583510e-07 1.865500e-13
5.586250e-07 1.812900e-13
5.588990e-07 1.945500e-13
5.591730e-07 1.843800e-13
5.594470e-07 1.917300e-13
5.597210e-07 1.837600e-13
5.599950e-07 1.875600e-13
5.602690e-07 1.947200e-13
5.605430e-07 1.866100e-13
5.608170e-07 1.961200e-13
5.610910e-07 2.060800e-13
5.613650e-07 1.984600e-13
5.616390e-07 1.924400e-13
5.619130e-07 2.003200e-13
5.621870e-07 1.946600e-13
5.624610e-07 1.985400e-13
5.627350e-07 1.913900e-13
5.630090e-07 1.936700e-13
5.632830e-07 1.941400e-13
5.635570e-07 2.139600e-13
5.638310e-07 2.010800e-13
5.641050e-07 2.071400e-13
5.643790e-07 1.920000e-13
5.646530e-07 1.742300e-13
5.649270e-07 1.908700e-13
5.652010e-07 1.988200e-13
5.654750e-07 2.072800e-13
5.657490e-07 2.097300e-13
5.660230e-07 2.016000e-13
5.662970e-07 1.915100e-13
5.665710e-07 2.048200e-13
5.668450e-07 1.967800e-13
5.671190e-07 1.943300e-13
5.673930e-07 1.836500e-13
5.676670e-07 1.908300e-13
5.679410e-07 1.941200e-13
5.682150e-07 2.045300e-13
5.684880e-07 2.086800e-13
5.687620e-07 2.030000e-13
5.690360e-07 1.989300e-13
5.693100e-07 1.929900e-13
5.695840e-07 1.943600e-13
5.698580e-07 1.938500e-13
5.701320e-07 1.896800e-13
5.704060e-07 1.905100e-13
5.706800e-07 1.972300e-13
5.709540e-07 1.936900e-13
5.712280e-07 1.919500e-13
5.715020e-07 1.958000e-13
5.717760e-07 2.042600e-13
5.720500e-07 2.079400e-13
5.723240e-07 2.011700e-13
5.725980e-07 1.995500e-13
5.728720e-07 2.020900e-13
5.731460e-07 2.080000e-13
5.734200e-07 2.066700e-13
5.736940e-07 1.997700e-13
5.739680e-07 2.085400e-13
5.742420e-07 2.084500e-13
5.745160e-07 1.993500e-13
5.747900e-07 1.933100e-13
5.750640e-07 1.937800e-13
5.753380e-07 1.904800e-13
5.756120e-07 1.877500e-13
5.758860e-07 1.985300e-13
5.761600e-07 2.058400e-13
5.764340e-07 2.055300e-13
5.767080e-07 1.923400e-13
5.769820e-07 2.001200e-13
5.772560e-07 2.056400e-13
5.775300e-07 1.938000e-13
5.778040e-07 1.888300e-13
5.780780e-07 1.876800e-13
5.783520e-07 1.958600e-13
5.786260e-07 2.030300e-13
5.789000e-07 1.944600e-13
5.791740e-07 1.875600e-13
5.794480e-07 2.019400e-13
5.797220e-07 2.056100e-13
5.799960e-07 1.928700e-13
5.802700e-07 1.893900e-13
5.805440e-07 1.908300e-13
5.808180e-07 1.880100e-13
5.810920e-07 2.067100e-13
5.813660e-07 2.067600e-13
5.816400e-07 2.077800e-13
5.819140e-07 2.042700e-13
5.821870e-07 2.047400e-13
5.824610e-07 1.942500e-13
5.827350e-07 1.949400e-13
5.830090e-07 2.044100e-13
5.832830e-07 2.017200e-13
5.835570e-07 1.955800e-13
5.838310e-07 2.014100e-13
5.841050e-07 2.098000e-13
5.843790e-07 1.962100e-13
5.846530e-07 2.004900e-13
5.849270e-07 1.971800e-13
5.852010e-07 1.916900e-13
5.854750e-07 1.913100e-13
5.857490e-07 1.856500e-13
5.860230e-07 1.930800e-13
5.862970e-07 2.000800e-13
5.865710e-07 2.017900e-13
5.868450e-07 1.923600e-13
5.871190e-07 1.848300e-13
5.873930e-07 1.508600e-13
5.876670e-07 1.726000e-13
5.879410e-07 1.853000e-13
5.882150e-07 1.839300e-13
5.884890e-07 1.703700e-13
5.887630e-07 1.811700e-13
5.890370e-07 1.637500e-13
5.893110e-07 1.553700e-13
5.895850e-07 1.686000e-13
5.898590e-07 1.782800e-13
5.901330e-07 1.927600e-13
5.904070e-07 2.045400e-13
5.906810e-07 2.116700e-13
5.909550e-07 1.894500e-13
5.912290e-07 1.951500e-13
5.915030e-07 1.880000e-13
5.917770e-07 2.085400e-13
5.920510e-07 2.011100e-13
5.923250e-07 1.917700e-13
5.925990e-07 1.887500e-13
5.928730e-07 1.900700e-13
5.931470e-07 2.027900e-13
5.934210e-07 1.941300e-13
5.936950e-07 2.001900e-13
5.939690e-07 1.967700e-13
5.942430e-07 1.894100e-13
5.945170e-07 1.756400e-13
5.947910e-07 2.018300e-13
5.950650e-07 1.941200e-13
5.953390e-07 1.894700e-13
5.956130e-07 2.009300e-13
5.958860e-07 2.135300e-13
5.961600e-07 1.976600e-13
5.964340e-07 1.963900e-13
5.967080e-07 1.801900e-13
5.969820e-07 1.982700e-13
5.972560e-07 1.886200e-13
5.975300e-07 1.958300e-13
5.978040e-07 1.942400e-13
5.980780e-07 1.947600e-13
5.983520e-07 1.903800e-13
5.986260e-07 1.796800e-13
5.989000e-07 1.898300e-13
5.991740e-07 2.014700e-13
5.994480e-07 2.047800e-13
5.997220e-07 2.026900e-13
5.999960e-07 1.877400e-13
6.002700e-07 1.934400e-13
6.005440e-07 2.058100e-13
6.008180e-07 2.001200e-13
6.010920e-07 1.887000e-13
6.013660e-07 1.844300e-13
6.016400e-07 1.942400e-13
6.019140e-07 1.915600e-13
6.021880e-07 1.946600e-13
6.024620e-07 1.962800e-13
6.027360e-07 1.852600e-13
6.030100e-07 2.018200e-13
6.032840e-07 1.943600e-13
6.035580e-07 1.909900e-13
6.038320e-07 2.086000e-13
6.041060e-07 1.914900e-13
6.043800e-07 2.008700e-13
6.046540e-07 2.007200e-13
6.049280e-07 1.851800e-13
6.052020e-07 1.869400e-13
6.054760e-07 1.965200e-13
6.057500e-07 1.949400e-13
6.060240e-07 1.891800e-13
6.062980e-07 1.834700e-13
6.065720e-07 1.874100e-13
6.068460e-07 1.974900e-13
6.071200e-07 2.092500e-13
6.073940e-07 1.879800e-13
6.076680e-07 1.976700e-13
6.079420e-07 1.815300e-13
6.082160e-07 1.987900e-13
6.084900e-07 1.720100e-13
6.087640e-07 1.966500e-13
6.090380e-07 1.889600e-13
6.093120e-07 1.915900e-13
6.095850e-07 1.828700e-13
6.098590e-07 2.049300e-13
6.101330e-07 1.898200e-13
6.104070e-07 1.930700e-13
6.106810e-07 1.785200e-13
6.109550e-07 1.863600e-13
6.112290e-07 1.874300e-13
6.115030e-07 1.875200e-13
6.117770e-07 1.967800e-13
6.120510e-07 1.935800e-13
6.123250e-07 1.851000e-13
6.125990e-07 1.849800e-13
6.128730e-07 1.909600e-13
6.131470e-07 2.007000e-13
6.134210e-07 1.803000e-13
6.136950e-07 1.791100e-13
6.139690e-07 1.781600e-13
6.142430e-07 1.845700e-13
6.145170e-07 1.852400e-13
6.147910e-07 1.771200e-13
6.150650e-07 1.801800e-13
6.153390e-07 1.893300e-13
6.156130e-07 1.770000e-13
6.158870e-07 1.837800e-13
6.161610e-07 1.872900e-13
6.164350e-07 1.854800e-13
6.167090e-07 1.750000e-13
6.169830e-07 1.654700e-13
6.172570e-07 1.791500e-13
6.175310e-07 1.943200e-13
6.178050e-07 1.900800e-13
6.180790e-07 1.819400e-13
6.183530e-07 1.876200e-13
6.186270e-07 1.875900e-13
6.189010e-07 1.892000e-13
6.191750e-07 1.891100e-13
6.194490e-07 1.843800e-13
6.197230e-07 1.821700e-13
6.199970e-07 1.884600e-13
6.202710e-07 2.075000e-13
6.205450e-07 1.978900e-13
6.208190e-07 2.084300e-13
6.210930e-07 2.029700e-13
6.213670e-07 1.644300e-13
6.216410e-07 1.746200e-13
6.219150e-07 1.836600e-13
6.221890e-07 1.892200e-13
6.224630e-07 1.869100e-13
6.227370e-07 1.869100e-13
6.230110e-07 1.932400e-13
6.232840e-07 1.801300e-13
6.235580e-07 1.745500e-13
6.238320e-07 1.542500e-13
6.241060e-07 1.665400e-13
6.243800e-07 1.787600e-13
6.246540e-07 1.907600e-13
6.249280e-07 1.777500e-13
6.252020e-07 1.778700e-13
6.254760e-07 1.790100e-13
6.257500e-07 1.785300e-13
6.260240e-07 1.832000e-13
6.262980e-07 1.802600e-13
6.265720e-07 1.873500e-13
6.268460e-07 1.856000e-13
6.271200e-07 1.891500e-13
6.273940e-07 1.788500e-13
6.276680e-07 1.766600e-13
6.279420e-07 1.766300e-13
6.282160e-07 1.822100e-13
6.284900e-07 1.772400e-13
6.287640e-07 1.862300e-13
6.290380e-07 1.530400e-13
6.293120e-07 2.153300e-13
6.295860e-07 1.966900e-13
6.298600e-07 2.069000e-13
6.301340e-07 2.021400e-13
6.304080e-07 1.942600e-13
6.306820e-07 1.810200e-13
6.309560e-07 1.673500e-13
6.312300e-07 1.908700e-13
6.315040e-07 1.900700e-13
6.317780e-07 1.876600e-13
6.320520e-07 1.880200e-13
6.323260e-07 1.862900e-13
6.326000e-07 1.902300e-13
6.328740e-07 1.736800e-13
6.331480e-07 1.877700e-13
6.334220e-07 1.916500e-13
6.336960e-07 1.865100e-13
6.339700e-07 1.895900e-13
6.342440e-07 1.925900e-13
6.345180e-07 1.867200e-13
6.347920e-07 1.846400e-13
6.350660e-07 1.876200e-13
6.353400e-07 1.857300e-13
6.356140e-07 1.900800e-13
6.358880e-07 1.852400e-13
6.361620e-07 1.718800e-13
6.364360e-07 1.890900e-13
6.367100e-07 1.862300e-13
6.369830e-07 1.899200e-13
6.372570e-07 1.846500e-13
6.375310e-07 1.792200e-13
6.378050e-07 2.030700e-13
6.380790e-07 1.829100e-13
6.383530e-07 1.981400e-13
6.386270e-07 1.924100e-13
6.389010e-07 1.920300e-13
6.391750e-07 1.701300e-13
6.394490e-07 1.806200e-13
6.397230e-07 1.821800e-13
6.399970e-07 1.879100e-13
6.402710e-07 1.858000e-13
6.405450e-07 1.914200e-13
6.408190e-07 1.837500e-13
6.410930e-07 1.856400e-13
6.413670e-07 1.885700e-13
6.416410e-07 1.856100e-13
6.419150e-07 2.000800e-13
6.421890e-07 1.903900e-13
6.424630e-07 1.818700e-13
6.427370e-07 1.895100e-13
6.430110e-07 1.926300e-13
6.432850e-07 1.897500e-13
6.435590e-07 1.937200e-13
6.438330e-07 1.903600e-13
6.441070e-07 1.798600e-13
6.443810e-07 1.686100e-13
6.446550e-07 1.685100e-13
6.449290e-07 1.916000e-13
6.452030e-07 1.917100e-13
6.454770e-07 1.824300e-13
6.457510e-07 1.877100e-13
6.460250e-07 1.866500e-13
6.462990e-07 1.937800e-13
6.465730e-07 1.906500e-13
6.468470e-07 1.904800e-13
6.471210e-07 2.023200e-13
6.473950e-07 1.750800e-13
6.476690e-07 2.013400e-13
6.479430e-07 1.868700e-13
6.482170e-07 1.954600e-13
6.484910e-07 1.828400e-13
6.487650e-07 1.859600e-13
6.490390e-07 1.847000e-13
6.493130e-07 1.852800e-13
6.495870e-07 1.705600e-13
6.498610e-07 1.961100e-13
6.501350e-07 1.771200e-13
6.504090e-07 1.793400e-13
6.506820e-07 1.982900e-13
6.509560e-07 1.805600e-13
6.512300e-07 1.971100e-13
6.515040e-07 1.914700e-13
6.517780e-07 2.013900e-13
6.520520e-07 1.975200e-13
6.523260e-07 2.004500e-13
6.526000e-07 2.075100e-13
6.528740e-07 1.733700e-13
6.531480e-07 1.991800e-13
6.534220e-07 2.006300e-13
6.536960e-07 1.920800e-13
6.539700e-07 2.102800e-13
6.542440e-07 2.155200e-13
6.545180e-07 2.338900e-13
6.547920e-07 2.371000e-13
6.550660e-07 2.765700e-13
6.553400e-07 2.973600e-13
6.556140e-07 3.908800e-13
6.558880e-07 4.514300e-13
6.561620e-07 4.708500e-13
6.564360e-07 4.416600e-13
6.567100e-07 3.650000e-13
6.569840e-07 2.716800e-13
6.572580e-07 2.210500e-13
6.575320e-07 2.505000e-13
6.578060e-07 2.803700e-13
6.580800e-07 3.018800e-13
6.583540e-07 3.036600e-13
6.586280e-07 2.738000e-13
6.589020e-07 2.496500e-13
6.591760e-07 2.150700e-13
6.594500e-07 2.153500e-13
6.597240e-07 1.849600e-13
6.599980e-07 1.910900e-13
6.602720e-07 1.777400e-13
6.605460e-07 2.023500e-13
6.608200e-07 1.845700e-13
6.610940e-07 1.897700e-13
6.613680e-07 1.765300e-13
6.616420e-07 1.793600e-13
6.619160e-07 1.907500e-13
6.621900e-07 1.918900e-13
6.624640e-07 1.917700e-13
6.627380e-07 1.965200e-13
6.630120e-07 1.833000e-13
6.632860e-07 1.877900e-13
6.635600e-07 1.927000e-13
6.638340e-07 1.876800e-13
6.641080e-07 2.001600e-13
6.643810e-07 1.971900e-13
6.646550e-07 1.847000e-13
6.649290e-07 1.823800e-13
6.652030e-07 1.904200e-13
6.654770e-07 1.952900e-13
6.657510e-07 1.914100e-13
6.660250e-07 1.958700e-13
6.662990e-07 1.910700e-13
6.665730e-07 1.858500e-13
6.668470e-07 1.842700e-13
6.671210e-07 1.724700e-13
6.673950e-07 1.856100e-13
6.676690e-07 1.908600e-13
6.679430e-07 1.883700e-13
6.682170e-07 1.791700e-13
6.684910e-07 1.725600e-13
6.687650e-07 1.897300e-13
6.690390e-07 1.885200e-13
6.693130e-07 1.988700e-13
6.695870e-07 1.840600e-13
6.698610e-07 1.859500e-13
6.701350e-07 1.943600e-13
6.704090e-07 1.904800e-13
6.706830e-07 1.941900e-13
6.709570e-07 2.192300e-13
6.712310e-07 2.529200e-13
6.715050e-07 2.590300e-13
6.717790e-07 2.565600e-13
6.720530e-07 2.433000e-13
6.723270e-07 2.386300e-13
6.726010e-07 2.255100e-13
6.728750e-07 2.427600e-13
6.731490e-07 2.441200e-13
6.734230e-07 2.414200e-13
6.736970e-07 1.972500e-13
6.739710e-07 1.769200e-13
6.742450e-07 1.837900e-13
6.745190e-07 1.839800e-13
6.747930e-07 1.808000e-13
6.750670e-07 1.701900e-13
6.753410e-07 1.904300e-13
6.756150e-07 1.819600e-13
6.758890e-07 1.857900e-13
6.761630e-07 1.864700e-13
6.764370e-07 1.834300e-13
6.767110e-07 1.870300e-13
6.769850e-07 1.619600e-13
6.772590e-07 1.732600e-13
6.775330e-07 1.775800e-13
6.778070e-07 1.783400e-13
6.780800e-07 1.833600e-13
6.783540e-07 1.879300e-13
6.786280e-07 1.841900e-13
6.789020e-07 1.849600e-13
6.791760e-07 1.897800e-13
6.794500e-07 1.720600e-13
6.797240e-07 1.697500e-13
6.799980e-07 1.904900e-13
6.802720e-07 2.016400e-13
6.813750e-07 1.843200e-13
6.829460e-07 1.864400e-13
6.845200e-07 1.830200e-13
6.860980e-07 1.817500e-13
6.876800e-07 1.821600e-13
6.892650e-07 1.775900e-13
6.908540e-07 1.812900e-13
6.924460e-07 1.808600e-13
6.940420e-07 1.863400e-13
6.956430e-07 1.893600e-13
6.972460e-07 1.884700e-13
6.988530e-07 1.858700e-13
7.004640e-07 1.875800e-13
7.020790e-07 1.862700e-13
7.036980e-07 1.879800e-13
7.053200e-07 1.945700e-13
7.069460e-07 1.790800e-13
7.085750e-07 1.853600e-13
7.102090e-07 1.741700e-13
7.118460e-07 1.725600e-13
7.134870e-07 1.690100e-13
7.151320e-07 1.721400e-13
7.167810e-07 1.729200e-13
7.184330e-07 1.709300e-13
7.200890e-07 1.666400e-13
7.217490e-07 1.748800e-13
7.234130e-07 1.793600e-13
7.250800e-07 1.752600e-13
7.267520e-07 1.764600e-13
7.284270e-07 1.784900e-13
7.301060e-07 1.760300e-13
7.317890e-07 1.805300e-13
7.334770e-07 1.830300e-13
7.351670e-07 1.842800e-13
7.368620e-07 1.834200e-13
7.385600e-07 1.933800e-13
7.402630e-07 1.898300e-13
7.419700e-07 1.876500e-13
7.436800e-07 1.911200e-13
7.453950e-07 1.859000e-13
7.471130e-07 1.854500e-13
7.488350e-07 1.902000e-13
7.505610e-07 1.897400e-13
7.522920e-07 1.928100e-13
7.540260e-07 1.914700e-13
7.557640e-07 1.941200e-13
7.575060e-07 1.914400e-13
7.592520e-07 1.909800e-13
7.610020e-07 1.874800e-13
7.627570e-07 1.811000e-13
7.645150e-07 1.831800e-13
7.662770e-07 1.831700e-13
7.680440e-07 1.773400e-13
7.698150e-07 1.785600e-13
7.715890e-07 1.769000e-13
7.733680e-07 1.760800e-13
7.751510e-07 1.752500e-13
7.769370e-07 1.760500e-13
7.787280e-07 1.728200e-13
7.805240e-07 1.728100e-13
7.823230e-07 1.805200e-13
7.841260e-07 1.715900e-13
7.859340e-07 1.763800e-13
7.877460e-07 1.780000e-13
7.895620e-07 1.800400e-13
7.913820e-07 1.767400e-13
7.932060e-07 1.735000e-13
7.950350e-07 1.691500e-13
7.968680e-07 1.750800e-13
7.987050e-07 1.750600e-13
8.005460e-07 1.730400e-13
8.023910e-07 1.811800e-13
8.042410e-07 1.832600e-13
8.060950e-07 1.824100e-13
8.079530e-07 1.749800e-13
8.098160e-07 1.782200e-13
8.116820e-07 1.802700e-13
8.135530e-07 1.819200e-13
8.154290e-07 1.785900e-13
8.173090e-07 1.689700e-13
8.191930e-07 1.674100e-13
8.210810e-07 1.748800e-13
8.229740e-07 1.740600e-13
8.248710e-07 1.835100e-13
8.267730e-07 1.793100e-13
8.286790e-07 1.768400e-13
8.305890e-07 1.752000e-13
8.325040e-07 1.772100e-13
8.344230e-07 1.715800e-13
8.363460e-07 1.763700e-13
8.382740e-07 1.751400e-13
8.402070e-07 1.779700e-13
8.421440e-07 1.707300e-13
8.440850e-07 1.775300e-13
8.460310e-07 1.714800e-13
8.479810e-07 1.679500e-13
8.499360e-07 1.742400e-13
8.518950e-07 1.718300e-13
8.538590e-07 1.698500e-13
8.558270e-07 1.596000e-13
8.578000e-07 1.721800e-13
8.597780e-07 1.709800e-13
8.617600e-07 1.697900e-13
8.637460e-07 1.721300e-13
8.657370e-07 1.639900e-13
8.677330e-07 1.580400e-13
8.697330e-07 1.537200e-13
8.717380e-07 1.689300e-13
8.737480e-07 1.681300e-13
8.757620e-07 1.646700e-13
8.777810e-07 1.692700e-13
8.798050e-07 1.724000e-13
8.818330e-07 1.634900e-13
8.838650e-07 1.707900e-13
8.859030e-07 1.688100e-13
8.879450e-07 1.608300e-13
8.899920e-07 1.641800e-13
8.920430e-07 1.645400e-13
8.941000e-07 1.634000e-13
8.961610e-07 1.637600e-13
8.982270e-07 1.567300e-13
9.002980e-07 1.510500e-13
9.023730e-07 1.493000e-13
9.044530e-07 1.710100e-13
9.065380e-07 1.741800e-13
9.086280e-07 1.690200e-13
9.107230e-07 1.666900e-13
9.128220e-07 1.485400e-13
9.149260e-07 1.602600e-13
9.170350e-07 1.647300e-13
9.191490e-07 1.632000e-13
9.212680e-07 1.635600e-13
9.233920e-07 1.533400e-13
9.255200e-07 1.558100e-13
9.276540e-07 1.712200e-13
9.297930e-07 1.550600e-13
9.319360e-07 1.672900e-13
9.340840e-07 1.680400e-13
9.362380e-07 1.649600e-13
9.383960e-07 1.676200e-13
9.405590e-07 1.641700e-13
9.427280e-07 1.699200e-13
9.449010e-07 1.675700e-13
9.470790e-07 1.722500e-13
9.492620e-07 1.722300e-13
9.514500e-07 1.671300e-13
9.536440e-07 1.678900e-13
9.558420e-07 1.621700e-13
9.580460e-07 1.678500e-13
9.602540e-07 1.690000e-13
9.624670e-07 1.701500e-13
9.646860e-07 1.678000e-13
9.669100e-07 1.677800e-13
9.691390e-07 1.701000e-13
9.713730e-07 1.665900e-13
9.736120e-07 1.642900e-13
9.758570e-07 1.639000e-13
9.781070e-07 1.653900e-13
9.803610e-07 1.676800e-13
9.826210e-07 1.657400e-13
9.848860e-07 1.672600e-13
9.871570e-07 1.660900e-13
9.894320e-07 1.660700e-13
9.917130e-07 1.649100e-13
9.940000e-07 1.668000e-13
9.962910e-07 1.679400e-13
9.985870e-07 1.675300e-13
1.003196e-06 1.686600e-13
1.007828e-06 1.663100e-13
1.012479e-06 1.725100e-13
1.017152e-06 1.716800e-13
1.021848e-06 1.748300e-13
1.026564e-06 1.768200e-13
1.028931e-06 1.772000e-13
1.050475e-06 1.702300e-13
1.070006e-06 1.609600e-13
1.089899e-06 1.583800e-13
1.110161e-06 1.471300e-13
1.130800e-06 1.488400e-13
1.149174e-06 1.516000e-13
1.170540e-06 1.488400e-13
1.189560e-06 1.382600e-13
1.208888e-06 1.401900e-13
1.231363e-06 1.398700e-13
1.251371e-06 1.341900e-13
1.268779e-06 1.317400e-13
1.289395e-06 1.302300e-13
1.310346e-06 1.284400e-13
1.328575e-06 1.238000e-13
1.350163e-06 1.201500e-13
1.368945e-06 1.182300e-13
1.391189e-06 1.121300e-13
1.410542e-06 1.048800e-13
1.430165e-06 1.039200e-13
1.450061e-06 1.058500e-13
1.470233e-06 1.013200e-13
1.490687e-06 1.044000e-13
1.511424e-06 1.063400e-13
1.528924e-06 1.095700e-13
1.550194e-06 1.085700e-13
1.571759e-06 1.061000e-13
1.589960e-06 1.015600e-13
1.608371e-06 1.010900e-13
1.630746e-06 1.010900e-13
1.649628e-06 1.006300e-13
1.668730e-06 1.017900e-13
1.691945e-06 1.022600e-13
1.711537e-06 1.015600e-13
1.731354e-06 9.833600e-14
1.751403e-06 9.477900e-14
1.771684e-06 8.989000e-14
1.788077e-06 8.525300e-14
1.808781e-06 8.011400e-14
1.829726e-06 7.793100e-14
1.850914e-06 7.494000e-14
1.868039e-06 7.074700e-14
1.889670e-06 6.929600e-14
1.911552e-06 6.897800e-14
1.929240e-06 6.740800e-14
1.951578e-06 6.497000e-14
1.969637e-06 6.233200e-14
1.987862e-06 6.035500e-14
2.010879e-06 5.980100e-14
2.029486e-06 5.817200e-14
2.048266e-06 5.803800e-14
2.071982e-06 5.724100e-14
2.091155e-06 5.658600e-14
2.110505e-06 5.619700e-14
2.130032e-06 5.529800e-14
2.149741e-06 5.466500e-14
2.169631e-06 5.317500e-14
2.189708e-06 5.232500e-14
2.209970e-06 5.101700e-14
2.230417e-06 4.974100e-14
2.251056e-06 4.872000e-14
2.271883e-06 4.750200e-14
2.287632e-06 4.253100e-14
2.308798e-06 4.194800e-14
2.330162e-06 3.670400e-14
2.351724e-06 3.425400e-14
2.368024e-06 3.473000e-14
2.389936e-06 3.196800e-14
2.412048e-06 3.045900e-14
2.428769e-06 2.962900e-14
2.451240e-06 2.708400e-14
2.468233e-06 2.604400e-14
2.491070e-06 2.166300e-14
2.508339e-06 2.117000e-14
2.531549e-06 2.117000e-14
2.549096e-06 2.102400e-14
2.572683e-06 2.146400e-14
2.590515e-06 2.112100e-14
2.608473e-06 2.112100e-14
2.632607e-06 2.059300e-14
2.650857e-06 2.040400e-14
2.669231e-06 2.003100e-14
2.687734e-06 1.975700e-14
2.712602e-06 1.948500e-14
2.731406e-06 1.908600e-14
2.750338e-06 1.882400e-14
2.769401e-06 1.839500e-14
2.788599e-06 1.818500e-14
2.807928e-06 1.785300e-14
2.827393e-06 1.760800e-14
2.846990e-06 1.732600e-14
2.866726e-06 1.701000e-14
2.893250e-06 1.677700e-14
2.913307e-06 1.654700e-14
2.926753e-06 1.624500e-14
2.947042e-06 1.598500e-14
2.967468e-06 1.580200e-14
2.988040e-06 1.551400e-14
3.008750e-06 1.533600e-14
3.029604e-06 1.512600e-14
3.050606e-06 1.505600e-14
3.071751e-06 1.495200e-14
3.093045e-06 1.481500e-14
3.107321e-06 1.474700e-14
3.128862e-06 1.464600e-14
3.150548e-06 1.454500e-14
3.172385e-06 1.444500e-14
3.187031e-06 1.444500e-14
3.209120e-06 1.447800e-14
3.231367e-06 1.461200e-14
3.246281e-06 1.509100e-14
3.268782e-06 1.643300e-14
3.291442e-06 2.026300e-14
3.306633e-06 2.012400e-14
3.329556e-06 1.602200e-14
3.352633e-06 1.444500e-14
3.368107e-06 1.373100e-14
3.391456e-06 1.329600e-14
3.407109e-06 1.299300e-14
3.430728e-06 1.275600e-14
3.446563e-06 1.252300e-14
3.470451e-06 1.232300e-14
3.486473e-06 1.212600e-14
3.510638e-06 1.195900e-14
3.526841e-06 1.174100e-14
3.551290e-06 1.158000e-14
3.567681e-06 1.139500e-14
3.592413e-06 1.121300e-14
3.608994e-06 1.105900e-14
3.634008e-06 1.088200e-14
3.650785e-06 1.070800e-14
3.667635e-06 1.053700e-14
3.693056e-06 1.034500e-14
3.710105e-06 1.017900e-14
3.727229e-06 1.003900e-14
3.753067e-06 9.833600e-15
3.770389e-06 9.721000e-15
3.787791e-06 9.565600e-15
3.814050e-06 9.412600e-15
3.831653e-06 9.283500e-15
3.849338e-06 9.135100e-15
3.867109e-06 8.968300e-15
3.893912e-06 8.824900e-15
3.911884e-06 8.683800e-15
3.929943e-06 8.545000e-15
3.948082e-06 8.389000e-15
3.966304e-06 8.254900e-15
3.993800e-06 8.085600e-15
4.012233e-06 7.974600e-15
4.030751e-06 7.865200e-15
4.049359e-06 7.721700e-15
4.068049e-06 7.615700e-15
4.086825e-06 7.494000e-15
4.105688e-06 7.391100e-15
4.134149e-06 7.289700e-15
4.153230e-06 7.173200e-15
4.172404e-06 7.074700e-15
4.191661e-06 6.961600e-15
4.211008e-06 6.866100e-15
4.230443e-06 6.787500e-15
4.249974e-06 6.679000e-15
4.269589e-06 6.602500e-15
4.289295e-06 6.393100e-15
4.309097e-06 6.176100e-15
4.328986e-06 6.147700e-15
4.348966e-06 5.966400e-15
4.369043e-06 5.857500e-15
4.389208e-06 5.777100e-15
4.409466e-06 5.632600e-15
4.429818e-06 5.568100e-15
4.450268e-06 5.491700e-15
4.470809e-06 5.379100e-15
4.491443e-06 5.342100e-15
4.512179e-06 5.268800e-15
4.533004e-06 5.184500e-15
4.553926e-06 5.137000e-15
4.574949e-06 5.078200e-15
4.585495e-06 4.974100e-15
4.606659e-06 4.962600e-15
4.627921e-06 4.894500e-15
4.649286e-06 4.838500e-15
4.670745e-06 4.805200e-15
4.692302e-06 4.750200e-15
4.713965e-06 4.695800e-15
4.724831e-06 4.674200e-15
4.746638e-06 4.599500e-15
4.768546e-06 4.567800e-15
4.790560e-06 4.526000e-15
4.812671e-06 4.453600e-15
4.834883e-06 4.453600e-15
4.846028e-06 4.392500e-15
4.868400e-06 4.342200e-15
4.890870e-06 4.302400e-15
4.913444e-06 4.253200e-15
4.924769e-06 4.223900e-15
4.947505e-06 4.175500e-15
4.970340e-06 4.156300e-15
4.993280e-06 4.121100e-15
5.004796e-06 4.104600e-15
5.027895e-06 4.090700e-15
5.051101e-06 4.067400e-15
5.074414e-06 4.072200e-15
5.086117e-06 4.065200e-15
5.097840e-06 4.058300e-15
5.109591e-06 4.051300e-15
5.121369e-06 4.044400e-15
5.133174e-06 4.037400e-15
5.145007e-06 4.030500e-15
5.156872e-06 4.023500e-15
5.168759e-06 4.025900e-15
5.180673e-06 4.028200e-15
5.192615e-06 4.021200e-15
5.204584e-06 4.014300e-15
5.216581e-06 4.016600e-15
5.228606e-06 4.009600e-15
5.240664e-06 4.002700e-15
5.252744e-06 4.014200e-15
5.264852e-06 4.016500e-15
5.276988e-06 4.018700e-15
5.289152e-06 4.011700e-15
5.301344e-06 4.004800e-15
5.313570e-06 4.007000e-15
5.325818e-06 4.009200e-15
5.338094e-06 4.020700e-15
5.350399e-06 4.022900e-15
5.362732e-06 4.025200e-15
5.375093e-06 4.027400e-15
5.387483e-06 4.038900e-15
5.399907e-06 4.041100e-15
5.412355e-06 4.052600e-15
5.424831e-06 4.045500e-15
5.437335e-06 4.057100e-15
5.449869e-06 4.068600e-15
5.462431e-06 4.080200e-15
5.475022e-06 4.082400e-15
5.487649e-06 4.094000e-15
5.500298e-06 4.105600e-15
5.512977e-06 4.117300e-15
5.525685e-06 4.138500e-15
5.538421e-06 4.159800e-15
5.551188e-06 4.171600e-15
5.563990e-06 4.183400e-15
5.576815e-06 4.214700e-15
5.589671e-06 4.236300e-15
5.602555e-06 4.258100e-15
5.615469e-06 4.289900e-15
5.628413e-06 4.311900e-15
5.641387e-06 4.344100e-15
5.654397e-06 4.376500e-15
5.667431e-06 4.409100e-15
5.680495e-06 4.452100e-15
5.693589e-06 4.485300e-15
5.706713e-06 4.529100e-15
5.719867e-06 4.594500e-15
5.733058e-06 4.639400e-15
5.746273e-06 4.695500e-15
5.759519e-06 4.752200e-15
5.772795e-06 4.820800e-15
5.786102e-06 4.901600e-15
5.799439e-06 4.972300e-15
5.812807e-06 5.067200e-15
5.826213e-06 5.164000e-15
5.839642e-06 5.262700e-15
5.853103e-06 5.387900e-15
5.866595e-06 5.490800e-15
5.880118e-06 5.634400e-15
5.893672e-06 5.781800e-15
5.902520e-06 6.629000e-15
5.933391e-06 6.102300e-15
5.964261e-06 6.594300e-15
5.995131e-06 7.503600e-15
6.026002e-06 8.790800e-15
6.056872e-06 9.221000e-15
6.087742e-06 1.008400e-14
6.118614e-06 1.274700e-14
6.149484e-06 1.731900e-14
6.180353e-06 2.212700e-14
6.211224e-06 2.433200e-14
6.242095e-06 2.269700e-14
6.272965e-06 1.893200e-14
6.303836e-06 1.564700e-14
6.334706e-06 1.349500e-14
6.365577e-06 1.158900e-14
6.396447e-06 1.064700e-14
6.427317e-06 9.682300e-15
6.458188e-06 8.728600e-15
6.489058e-06 8.732200e-15
6.519928e-06 7.760200e-15
6.550800e-06 7.753200e-15
6.581669e-06 7.803200e-15
6.612539e-06 8.339700e-15
6.643411e-06 8.143800e-15
6.674281e-06 8.562100e-15
6.705151e-06 8.279200e-15
6.736022e-06 8.303100e-15
6.766892e-06 8.307400e-15
6.797763e-06 8.533900e-15
6.828633e-06 8.732700e-15
6.859503e-06 8.578700e-15
6.890374e-06 9.781100e-15
6.921244e-06 1.061100e-14
6.952115e-06 9.702000e-15
6.982985e-06 1.111700e-14
7.013855e-06 1.075500e-14
7.044726e-06 9.721100e-15
7.075597e-06 1.001300e-14
7.106467e-06 1.037200e-14
7.137338e-06 1.091700e-14
7.168207e-06 1.093500e-14
7.199079e-06 1.171000e-14
7.229949e-06 1.328300e-14
7.260819e-06 1.335800e-14
7.291691e-06 1.350900e-14
7.322560e-06 1.463700e-14
7.353430e-06 1.524500e-14
7.384301e-06 1.653100e-14
7.415171e-06 1.776600e-14
7.446042e-06 1.984800e-14
7.476912e-06 2.156900e-14
7.505762e-06 2.244300e-14
7.507783e-06 2.294600e-14
7.538654e-06 2.469400e-14
7.567625e-06 2.674200e-14
7.569523e-06 2.597000e-14
7.629489e-06 2.708300e-14
7.691353e-06 2.597200e-14
7.753217e-06 2.525300e-14
7.815080e-06 2.406500e-14
7.876945e-06 2.229000e-14
7.938809e-06 1.982500e-14
8.000672e-06 1.698700e-14
8.062537e-06 1.466200e-14
8.124401e-06 1.297400e-14
8.186264e-06 1.171000e-14
8.248128e-06 1.099900e-14
8.309992e-06 1.092200e-14
8.371857e-06 1.054900e-14
8.433720e-06 1.056300e-14
8.495584e-06 1.123400e-14
8.557448e-06 1.163700e-14
8.619313e-06 1.075900e-14
8.681175e-06 9.128000e-15
8.743040e-06 7.039700e-15
8.804904e-06 5.570300e-15
8.866767e-06 4.526000e-15
8.928631e-06 3.718700e-15
8.990495e-06 3.040600e-15
9.052358e-06 2.716900e-15
9.114223e-06 2.407600e-15
9.176087e-06 2.221000e-15
9.237951e-06 2.082400e-15
9.299815e-06 2.188700e-15
9.361679e-06 2.033800e-15
9.423542e-06 1.907100e-15
9.485405e-06 1.752500e-15
9.547270e-06 1.641200e-15
9.609134e-06 2.009300e-15
9.670997e-06 2.356800e-15
9.732862e-06 1.825500e-15
9.794726e-06 1.389700e-15
9.856590e-06 1.311300e-15
9.918454e-06 1.446100e-15
9.980314e-06 1.523600e-15
1.004218e-05 1.550000e-15
1.010404e-05 1.421700e-15
1.016591e-05 1.468300e-15
1.022777e-05 1.383400e-15
1.028964e-05 1.285300e-15
1.035150e-05 1.325400e-15
1.041336e-05 1.587600e-15
1.047523e-05 1.745200e-15
1.053709e-05 1.946200e-15
1.059896e-05 2.036900e-15
1.066082e-05 2.129000e-15
1.072268e-05 2.099700e-15
1.078455e-05 2.243400e-15
1.084641e-05 2.381900e-15
1.090828e-05 2.739800e-15
1.097014e-05 3.449700e-15
1.103201e-05 3.993800e-15
1.109387e-05 4.689600e-15
1.115573e-05 7.654700e-15
1.121760e-05 1.130200e-14
1.127946e-05 1.155600e-14
1.134133e-05 9.289400e-15
1.140319e-05 7.539000e-15
1.146505e-05 6.341900e-15
1.152691e-05 5.449700e-15
1.158877e-05 4.968400e-15
1.165064e-05 4.508700e-15
1.171251e-05 4.323200e-15
1.177437e-05 4.329300e-15
1.183623e-05 4.390700e-15
1.189810e-05 4.813600e-15
1.195996e-05 5.161200e-15
1.202182e-05 5.218900e-15
1.208369e-05 5.105800e-15
1.214555e-05 4.887700e-15
1.220742e-05 4.981100e-15
1.226928e-05 5.787900e-15
1.233114e-05 5.841300e-15
1.239301e-05 5.823600e-15
1.245487e-05 6.193100e-15
1.251674e-05 6.605400e-15
1.257860e-05 7.118900e-15
1.264047e-05 7.605600e-15
1.270233e-05 8.061400e-15
1.276419e-05 9.531200e-15
1.282606e-05 9.663700e-15
1.288792e-05 6.220400e-15
1.294979e-05 4.586300e-15
1.301165e-05 4.155100e-15
1.307351e-05 3.916400e-15
1.313538e-05 3.867200e-15
1.319724e-05 3.884200e-15
1.325911e-05 3.729500e-15
1.332096e-05 3.719400e-15
1.338284e-05 3.625300e-15
1.344470e-05 3.609100e-15
1.350656e-05 3.688900e-15
1.356843e-05 3.683700e-15
1.363028e-05 3.502400e-15
1.369215e-05 3.233200e-15
1.375401e-05 3.035900e-15
1.381588e-05 2.819900e-15
1.387774e-05 2.810300e-15
1.393960e-05 2.791600e-15
1.400147e-05 2.766100e-15
1.406333e-05 2.824300e-15
1.412520e-05 2.908600e-15
1.418706e-05 2.955500e-15
1.424893e-05 2.924300e-15
1.431079e-05 2.826400e-15
1.437265e-05 2.770000e-15
1.443452e-05 2.588100e-15
1.448775e-05 2.301900e-15
1.457910e-05 2.242900e-15
1.467046e-05 2.215300e-15
1.476181e-05 2.036500e-15
1.485316e-05 2.081600e-15
1.494451e-05 2.000200e-15
1.503587e-05 1.964400e-15
1.512722e-05 1.942700e-15
1.521857e-05 1.967200e-15
1.530993e-05 2.027700e-15
1.540128e-05 1.948400e-15
1.549263e-05 2.336400e-15
1.558398e-05 2.584800e-15
1.567534e-05 2.056100e-15
1.576669e-05 1.940200e-15
1.585804e-05 2.035700e-15
1.594940e-05 1.965500e-15
1.604075e-05 1.914500e-15
1.613210e-05 1.874200e-15
1.622346e-05 1.978200e-15
1.631481e-05 2.489200e-15
1.640616e-05 3.170000e-15
1.649751e-05 3.059800e-15
1.658887e-05 2.656700e-15
1.668022e-05 2.551200e-15
1.677157e-05 2.621500e-15
1.686292e-05 2.601500e-15
1.695428e-05 3.371900e-15
1.704563e-05 4.374700e-15
1.713698e-05 3.207700e-15
1.722834e-05 2.669300e-15
1.731969e-05 2.632400e-15
1.741104e-05 2.519800e-15
1.750240e-05 2.164500e-15
1.759375e-05 1.914500e-15
1.768510e-05 1.830000e-15
1.777645e-05 1.754900e-15
1.786781e-05 1.651700e-15
1.795916e-05 1.526500e-15
1.805051e-05 1.404000e-15
1.814187e-05 1.285900e-15
1.823322e-05 1.331300e-15
1.832457e-05 1.265500e-15
1.841593e-05 1.228400e-15
1.850728e-05 1.172700e-15
1.859863e-05 1.406100e-15
1.868998e-05 1.761400e-15
1.878134e-05 1.712100e-15
1.887269e-05 1.313800e-15
1.896404e-05 1.245600e-15
1.905540e-05 1.245300e-15
1.914675e-05 1.215400e-15
1.923810e-05 1.176000e-15
1.932945e-05 1.153400e-15
1.942081e-05 1.161400e-15
1.951216e-05 1.203100e-15
1.960351e-05 1.173700e-15
1.969487e-05 1.228400e-15
1.978622e-05 1.224100e-15
1.987757e-05 1.285600e-15
1.996892e-05 1.224500e-15
2.006028e-05 1.274700e-15
2.015163e-05 1.256100e-15
2.024298e-05 1.197200e-15
2.033434e-05 1.292600e-15
2.047900e-05 1.170700e-15
2.065385e-05 1.357700e-15
2.082879e-05 1.282800e-15
2.100384e-05 1.227300e-15
2.117898e-05 1.301000e-15
2.135421e-05 1.298800e-15
2.152954e-05 1.252400e-15
2.170495e-05 1.350100e-15
2.188047e-05 1.396900e-15
2.205608e-05 1.311100e-15
2.223179e-05 1.294100e-15
2.240760e-05 1.410800e-15
2.258349e-05 1.423800e-15
2.275949e-05 1.399100e-15
2.293558e-05 1.368400e-15
2.311176e-05 1.425200e-15
2.328805e-05 1.476900e-15
2.346443e-05 1.510600e-15
2.364090e-05 1.513500e-15
2.381749e-05 1.525700e-15
2.399415e-05 1.625100e-15
2.417092e-05 1.673700e-15
2.434779e-05 1.654000e-15
2.452475e-05 1.648200e-15
2.470181e-05 1.738500e-15
2.487898e-05 1.813300e-15
2.505623e-05 1.897400e-15
2.523359e-05 1.847900e-15
2.541104e-05 1.907800e-15
2.558860e-05 1.971300e-15
2.576624e-05 2.060900e-15
2.594399e-05 2.198700e-15
2.612184e-05 2.109800e-15
2.629979e-05 2.006700e-15
2.647783e-05 2.033900e-15
2.665598e-05 2.071600e-15
2.683423e-05 2.072700e-15
2.701257e-05 2.125000e-15
2.719102e-05 2.119900e-15
2.736956e-05 2.144200e-15
2.754822e-05 2.152600e-15
2.772696e-05 2.201100e-15
2.790581e-05 2.284100e-15
2.808476e-05 2.440200e-15
2.826381e-05 2.465600e-15
2.844296e-05 2.338000e-15
2.862221e-05 2.329300e-15
2.880156e-05 2.378500e-15
2.898103e-05 2.452300e-15
2.916058e-05 2.541900e-15
2.934024e-05 2.498400e-15
2.952001e-05 2.587300e-15
2.969987e-05 2.613600e-15
2.987983e-05 2.629900e-15
3.005991e-05 2.616200e-15
3.024008e-05 2.799200e-15
3.042035e-05 2.729800e-15
3.060073e-05 2.810800e-15
3.078121e-05 2.820500e-15
3.096180e-05 2.876900e-15
3.114250e-05 2.811800e-15
3.132329e-05 2.825600e-15
3.150419e-05 2.934700e-15
3.168519e-05 3.051500e-15
3.186630e-05 2.989400e-15
3.204751e-05 3.077100e-15
3.222883e-05 3.188400e-15
3.241025e-05 3.072800e-15
3.259178e-05 3.234600e-15
3.277342e-05 3.253100e-15
3.295515e-05 3.199200e-15
3.313699e-05 3.282100e-15
3.331894e-05 3.585900e-15
3.350100e-05 4.086400e-15
3.368317e-05 3.506200e-15
3.386544e-05 3.536300e-15
3.404781e-05 3.270700e-15
3.423029e-05 3.281100e-15
3.441289e-05 3.448600e-15
3.459558e-05 4.161200e-15
3.477839e-05 5.406500e-15
