1.019800e-08 3.379400e-22
1.041200e-08 4.444700e-22
1.060500e-08 5.927100e-22
1.080300e-08 8.069400e-22
1.100300e-08 1.221400e-21
1.139000e-08 1.980800e-21
1.179000e-08 3.018800e-21
1.209300e-08 1.199100e-20
1.248900e-08 1.670500e-20
1.269200e-08 1.909200e-20
1.280900e-08 2.074200e-20
1.310800e-08 2.482200e-20
1.319900e-08 3.011900e-20
1.341300e-08 3.363900e-20
1.369400e-08 4.569200e-20
1.401300e-08 5.343700e-20
1.430600e-08 1.636200e-19
1.470700e-08 4.654200e-19
1.508400e-08 5.368300e-19
1.550700e-08 6.249400e-19
1.590500e-08 7.275100e-19
1.620000e-08 8.069400e-19
1.661600e-08 9.415400e-19
1.700300e-08 1.066200e-18
1.731900e-08 1.177200e-18
1.768200e-08 1.323900e-18
1.801100e-08 1.441600e-18
1.821900e-08 1.530500e-18
1.860100e-08 1.705500e-18
1.912200e-08 1.944600e-18
1.938800e-08 2.117600e-18
1.979400e-08 2.327200e-18
2.020800e-08 2.569500e-18
2.048900e-08 2.753200e-18
2.101500e-08 2.936600e-18
2.160400e-08 3.490100e-18
2.200500e-08 3.800500e-18
2.231100e-08 3.988800e-18
2.267400e-08 4.343500e-18
2.298900e-08 6.836600e-18
2.341700e-08 1.210200e-17
2.401800e-08 1.555400e-17
2.457700e-08 1.544700e-17
2.520700e-08 1.705500e-17
2.567600e-08 1.499100e-17
2.597300e-08 1.749200e-17
2.639500e-08 1.878600e-17
2.688600e-08 1.935700e-17
2.738600e-08 1.985400e-17
2.789500e-08 2.036300e-17
2.841400e-08 2.088500e-17
2.900900e-08 2.050400e-17
2.961600e-08 2.147000e-17
3.009700e-08 2.181900e-17
3.079800e-08 2.269000e-17
3.180700e-08 2.398000e-17
3.277400e-08 2.482200e-17
3.377000e-08 2.540000e-17
3.479600e-08 2.587300e-17
3.568900e-08 2.629300e-17
3.660400e-08 2.678200e-17
3.754300e-08 2.703000e-17
3.850600e-08 2.653600e-17
3.949400e-08 2.753200e-17
4.050700e-08 2.791500e-17
4.135500e-08 2.791500e-17
4.222100e-08 2.785100e-17
4.300600e-08 2.778700e-17
4.410900e-08 2.791500e-17
4.513700e-08 2.772300e-17
4.597600e-08 2.759600e-17
4.704700e-08 2.746900e-17
4.803200e-08 2.746900e-17
4.903800e-08 2.696700e-17
4.994900e-08 2.709200e-17
5.064400e-08 2.678200e-17
5.123000e-08 2.759600e-17
5.194300e-08 2.746900e-17
5.303100e-08 2.709200e-17
5.401700e-08 2.641400e-17
5.502100e-08 2.635400e-17
5.604400e-08 2.665900e-17
5.695500e-08 2.696700e-17
5.801300e-08 2.635400e-17
5.895600e-08 2.665900e-17
6.005200e-08 2.599200e-17
6.102800e-08 2.370500e-17
6.202000e-08 2.653600e-17
6.302700e-08 2.629300e-17
6.405100e-08 2.623300e-17
6.494200e-08 2.629300e-17
6.584600e-08 2.617200e-17
6.645500e-08 2.647500e-17
6.753500e-08 2.629300e-17
6.847400e-08 2.545900e-17
6.942700e-08 2.703000e-17
7.055500e-08 2.593200e-17
7.153700e-08 2.734300e-17
7.253200e-08 2.734300e-17
7.354100e-08 2.746900e-17
7.456400e-08 2.817300e-17
7.542700e-08 2.850000e-17
7.647700e-08 2.740600e-17
7.754000e-08 2.950100e-17
7.843800e-08 2.984300e-17
7.953000e-08 3.032800e-17
8.045000e-08 3.082100e-17
8.157000e-08 3.110600e-17
8.251400e-08 3.234700e-17
8.347000e-08 2.823800e-17
8.443600e-08 3.264700e-17
8.541400e-08 3.279700e-17
8.640300e-08 3.402800e-17
8.740300e-08 3.538700e-17
8.841500e-08 3.714000e-17
8.943900e-08 3.826800e-17
9.047500e-08 3.765700e-17
9.152300e-08 5.518800e-17
9.258200e-08 3.242200e-16
9.343900e-08 6.979800e-16
9.452100e-08 1.336100e-15
9.539600e-08 1.953600e-15
9.650000e-08 2.059900e-15
9.739300e-08 3.067900e-16
9.852100e-08 1.523500e-15
9.943200e-08 1.769500e-15
1.005840e-07 2.863100e-15
1.015150e-07 2.850000e-15
1.024540e-07 1.264300e-15
1.034020e-07 1.844300e-15
1.045990e-07 3.907000e-15
1.055670e-07 3.844500e-15
1.065440e-07 2.836900e-15
1.075300e-07 3.530500e-15
1.085250e-07 2.617200e-15
1.095290e-07 3.783000e-15
1.105420e-07 3.629400e-15
1.115650e-07 3.410700e-15
1.125970e-07 3.011900e-15
1.133780e-07 4.110000e-15
1.144270e-07 3.679900e-15
1.154860e-07 4.007200e-15
1.165540e-07 4.129000e-15
1.176330e-07 2.672000e-15
1.184480e-07 4.016400e-15
1.195440e-07 2.499400e-15
1.203730e-07 1.655200e-15
1.214870e-07 1.293700e-15
1.226110e-07 2.715400e-15
1.234610e-07 4.393800e-15
1.246030e-07 4.862300e-15
1.254670e-07 4.548200e-15
1.266280e-07 3.783000e-15
1.275050e-07 5.210000e-15
1.283890e-07 5.531500e-15
1.295770e-07 4.053600e-15
1.304750e-07 3.979600e-15
1.313800e-07 5.343700e-15
1.325950e-07 5.068000e-15
1.335140e-07 4.293800e-15
1.344400e-07 5.455600e-15
1.353720e-07 5.270400e-15
1.366240e-07 4.558700e-15
1.375710e-07 4.884700e-15
1.385250e-07 4.941300e-15
1.394850e-07 4.254400e-15
1.404520e-07 4.434500e-15
1.414260e-07 4.485800e-15
1.424060e-07 4.697200e-15
1.433930e-07 4.643400e-15
1.440550e-07 4.964100e-15
1.447200e-07 5.079700e-15
1.453880e-07 4.896000e-15
1.463960e-07 4.424300e-15
1.474100e-07 4.434500e-15
1.484320e-07 4.579700e-15
1.494610e-07 4.697200e-15
1.504970e-07 4.383700e-15
1.511920e-07 3.791800e-15
1.515400e-07 4.148000e-15
1.525910e-07 3.970500e-15
1.536490e-07 3.348400e-15
1.543580e-07 3.835700e-15
1.554280e-07 3.596200e-15
1.565050e-07 3.637800e-15
1.575900e-07 3.907000e-15
1.586820e-07 4.176800e-15
1.594150e-07 4.264200e-15
1.605200e-07 4.196100e-15
1.616320e-07 4.225100e-15
1.623780e-07 3.943100e-15
1.635040e-07 4.254400e-15
1.646370e-07 4.333500e-15
1.653970e-07 3.943100e-15
1.665440e-07 4.373600e-15
1.673120e-07 3.774300e-15
1.676980e-07 4.393800e-15
1.684720e-07 4.664900e-15
1.696400e-07 4.333500e-15
1.704230e-07 4.129000e-15
1.716040e-07 3.862300e-15
1.723960e-07 3.844500e-15
1.735910e-07 4.157600e-15
1.743930e-07 4.053600e-15
1.756020e-07 4.393800e-15
1.764120e-07 3.952200e-15
1.776350e-07 4.072300e-15
1.784550e-07 4.157600e-15
1.796920e-07 4.527300e-15
1.805210e-07 4.485800e-15
1.813540e-07 4.062900e-15
1.826120e-07 4.176800e-15
1.834540e-07 3.979600e-15
1.843010e-07 3.604500e-15
1.855790e-07 3.612800e-15
1.864350e-07 3.757000e-15
1.872960e-07 4.148000e-15
1.885940e-07 3.774300e-15
1.894650e-07 3.621100e-15
1.903390e-07 3.862300e-15
1.916590e-07 3.688400e-15
1.925430e-07 3.629400e-15
1.934320e-07 3.731100e-15
1.943250e-07 3.925000e-15
1.956720e-07 3.663000e-15
1.965750e-07 4.081700e-15
1.974820e-07 4.196100e-15
1.983940e-07 3.952200e-15
1.993100e-07 3.826800e-15
2.006910e-07 3.961300e-15
2.016170e-07 3.783000e-15
2.025480e-07 3.988800e-15
2.034830e-07 3.765700e-15
2.044220e-07 3.961300e-15
2.053660e-07 3.757000e-15
2.063140e-07 3.757000e-15
2.072660e-07 4.072300e-15
2.077440e-07 3.925000e-15
2.087030e-07 4.129000e-15
2.096660e-07 3.871200e-15
2.106340e-07 3.880100e-15
2.116060e-07 3.934100e-15
2.125830e-07 3.979600e-15
2.135640e-07 3.646200e-15
2.145500e-07 3.809300e-15
2.155400e-07 3.970500e-15
2.165350e-07 3.818000e-15
2.175350e-07 3.783000e-15
2.185390e-07 3.748400e-15
2.195470e-07 3.934100e-15
2.205610e-07 3.809300e-15
2.215790e-07 3.563200e-15
2.226020e-07 3.458100e-15
2.236290e-07 3.783000e-15
2.246610e-07 3.596200e-15
2.256980e-07 3.370300e-15
2.267400e-07 3.446600e-15
2.272630e-07 3.574800e-15
2.283120e-07 3.740900e-15
2.293660e-07 3.480900e-15
2.304240e-07 3.519000e-15
2.314880e-07 3.289500e-15
2.325560e-07 2.476600e-15
2.336300e-07 2.961900e-15
2.347080e-07 2.820200e-15
2.352490e-07 3.170600e-15
2.363350e-07 2.804400e-15
2.374260e-07 2.934600e-15
2.385220e-07 2.650100e-15
2.396230e-07 2.870600e-15
2.407290e-07 2.739500e-15
2.412840e-07 2.847900e-15
2.423980e-07 3.134900e-15
2.435160e-07 3.012500e-15
2.446400e-07 3.240600e-15
2.457700e-07 3.208700e-15
2.463360e-07 3.134600e-15
2.474730e-07 2.991400e-15
2.486160e-07 2.982400e-15
2.497630e-07 2.833100e-15
2.503390e-07 3.274200e-15
2.514940e-07 2.740300e-15
2.520740e-07 2.796700e-15
2.526550e-07 2.676000e-15
2.532380e-07 2.794600e-15
2.544070e-07 2.754300e-15
2.555810e-07 3.145500e-15
2.567600e-07 2.947000e-15
2.573520e-07 3.200500e-15
2.585400e-07 3.111000e-15
2.597340e-07 3.024000e-15
2.603320e-07 2.880100e-15
2.615340e-07 2.812500e-15
2.627410e-07 3.039200e-15
2.633470e-07 3.377500e-15
2.645620e-07 3.857200e-15
2.657840e-07 4.226100e-15
2.663960e-07 3.457600e-15
2.676260e-07 3.719100e-15
2.682430e-07 3.813100e-15
2.694810e-07 3.458900e-15
2.707250e-07 3.711900e-15
2.713490e-07 3.314600e-15
2.726010e-07 3.192200e-15
2.732300e-07 3.458800e-15
2.744910e-07 2.751500e-15
2.757580e-07 2.925700e-15
2.763940e-07 3.162700e-15
2.776700e-07 3.339700e-15
2.783100e-07 2.934500e-15
2.795940e-07 2.203900e-15
2.802390e-07 2.398900e-15
2.815320e-07 3.240800e-15
2.821810e-07 3.685300e-15
2.834840e-07 3.557300e-15
2.847920e-07 3.301900e-15
2.854490e-07 2.921300e-15
2.867660e-07 3.734400e-15
2.874270e-07 4.009000e-15
2.887540e-07 3.834200e-15
2.894200e-07 3.985600e-15
2.907560e-07 4.657200e-15
2.927710e-07 4.330800e-15
2.948010e-07 4.197700e-15
2.968440e-07 4.369600e-15
2.989020e-07 4.394200e-15
3.009730e-07 4.480200e-15
3.030600e-07 4.536500e-15
3.051600e-07 4.582900e-15
3.072760e-07 4.704900e-15
3.086940e-07 4.744100e-15
3.108340e-07 4.915400e-15
3.129890e-07 4.774900e-15
3.151580e-07 4.757200e-15
3.173420e-07 4.906200e-15
3.188070e-07 4.470300e-15
3.210170e-07 4.805200e-15
3.232420e-07 4.306200e-15
3.247340e-07 5.077700e-15
3.269850e-07 5.521200e-15
3.292520e-07 5.412500e-15
3.307720e-07 5.333000e-15
3.322980e-07 5.291000e-15
3.330650e-07 5.640600e-15
3.338320e-07 5.141700e-15
3.346020e-07 5.583200e-15
3.353730e-07 5.136500e-15
3.361460e-07 5.241400e-15
3.369210e-07 5.287300e-15
3.376980e-07 5.070000e-15
3.384760e-07 4.940700e-15
3.392570e-07 5.604900e-15
3.400390e-07 5.920300e-15
3.408230e-07 5.384200e-15
3.416080e-07 5.234800e-15
3.423960e-07 5.843500e-15
3.431850e-07 5.827100e-15
3.439760e-07 5.770700e-15
3.447690e-07 4.764300e-15
3.455640e-07 5.379900e-15
3.463600e-07 4.825500e-15
3.471590e-07 5.524800e-15
3.479590e-07 4.743400e-15
3.487610e-07 5.174400e-15
3.495650e-07 5.077300e-15
3.503710e-07 5.759700e-15
3.511790e-07 5.586900e-15
3.519880e-07 5.596800e-15
3.528000e-07 4.894500e-15
3.536130e-07 5.642500e-15
3.544280e-07 5.959900e-15
3.552450e-07 6.081400e-15
3.560640e-07 5.885300e-15
3.568850e-07 5.146800e-15
3.577080e-07 5.050100e-15
3.585320e-07 4.446900e-15
3.593590e-07 5.138300e-15
3.598850e-07 7.236300e-15
3.601540e-07 5.288500e-15
3.604230e-07 6.766500e-15
3.606920e-07 5.789300e-15
3.609610e-07 4.766700e-15
3.612300e-07 6.630700e-15
3.614990e-07 5.082700e-15
3.617680e-07 5.537900e-15
3.620370e-07 5.473600e-15
3.623060e-07 5.861900e-15
3.625760e-07 4.363400e-15
3.628450e-07 7.336600e-15
3.631140e-07 9.465800e-15
3.633830e-07 7.050000e-15
3.636520e-07 4.094200e-15
3.639210e-07 6.079900e-15
3.641900e-07 7.267700e-15
3.644590e-07 6.443300e-15
3.647280e-07 7.528600e-15
3.649970e-07 7.289900e-15
3.652660e-07 8.302600e-15
3.655350e-07 9.193000e-15
3.658040e-07 5.921200e-15
3.660730e-07 6.897200e-15
3.663430e-07 7.510600e-15
3.666120e-07 7.252700e-15
3.668810e-07 8.938700e-15
3.671500e-07 6.952700e-15
3.674190e-07 8.620600e-15
3.676880e-07 7.309200e-15
3.679570e-07 7.269500e-15
3.682260e-07 6.283400e-15
3.684950e-07 4.430900e-15
3.687640e-07 5.646600e-15
3.690330e-07 6.139400e-15
3.693020e-07 6.356000e-15
3.695710e-07 6.249400e-15
3.698400e-07 8.714500e-15
3.701090e-07 6.669600e-15
3.703790e-07 6.497900e-15
3.706480e-07 5.395700e-15
3.709170e-07 6.643300e-15
3.711860e-07 8.011700e-15
3.714550e-07 6.947800e-15
3.717240e-07 5.205000e-15
3.719930e-07 6.634200e-15
3.722620e-07 9.444700e-15
3.725310e-07 1.194400e-14
3.728000e-07 1.263300e-14
3.730690e-07 1.274000e-14
3.733380e-07 1.094700e-14
3.736070e-07 7.809700e-15
3.738760e-07 4.881800e-15
3.741450e-07 5.780000e-15
3.744150e-07 8.709200e-15
3.746840e-07 9.180400e-15
3.749530e-07 7.881200e-15
3.752220e-07 7.836800e-15
3.754910e-07 8.170600e-15
3.757600e-07 6.703900e-15
3.760290e-07 6.450200e-15
3.762980e-07 7.341300e-15
3.765670e-07 7.844800e-15
3.768360e-07 7.449900e-15
3.771050e-07 6.613600e-15
3.773740e-07 8.863300e-15
3.776430e-07 9.986300e-15
3.779120e-07 7.778500e-15
3.781810e-07 8.363800e-15
3.784510e-07 7.782300e-15
3.787200e-07 8.726300e-15
3.789890e-07 7.481300e-15
3.792580e-07 7.482000e-15
3.795270e-07 7.554700e-15
3.797960e-07 8.739100e-15
3.800650e-07 6.690700e-15
3.803340e-07 7.005500e-15
3.806030e-07 7.853100e-15
3.808720e-07 8.045200e-15
3.811410e-07 8.603800e-15
3.814100e-07 8.786300e-15
3.816790e-07 6.495900e-15
3.819480e-07 7.412800e-15
3.822170e-07 6.581800e-15
3.824870e-07 6.518100e-15
3.827560e-07 5.812500e-15
3.830250e-07 5.861200e-15
3.832940e-07 3.605500e-15
3.835630e-07 3.163700e-15
3.838320e-07 4.291600e-15
3.841010e-07 6.684800e-15
3.843700e-07 7.282300e-15
3.846390e-07 8.983800e-15
3.849080e-07 7.182200e-15
3.851770e-07 8.225400e-15
3.854460e-07 8.388400e-15
3.857150e-07 8.102300e-15
3.859840e-07 7.523200e-15
3.862530e-07 7.166000e-15
3.865230e-07 9.607600e-15
3.867920e-07 9.162800e-15
3.870610e-07 9.186700e-15
3.873300e-07 7.366800e-15
3.875990e-07 6.411900e-15
3.878680e-07 5.535200e-15
3.881370e-07 6.714100e-15
3.884060e-07 6.350200e-15
3.886750e-07 6.476200e-15
3.889440e-07 7.718800e-15
3.892130e-07 6.782700e-15
3.894820e-07 7.624900e-15
3.897510e-07 8.269300e-15
3.900200e-07 7.603700e-15
3.902900e-07 8.302600e-15
3.905590e-07 1.037700e-14
3.908280e-07 8.882700e-15
3.910970e-07 7.930300e-15
3.913660e-07 9.373900e-15
3.916350e-07 9.616900e-15
3.919040e-07 9.130800e-15
3.921730e-07 9.429500e-15
3.924420e-07 8.398500e-15
3.927110e-07 9.188400e-15
3.929800e-07 6.845700e-15
3.932490e-07 5.389400e-15
3.935180e-07 4.234800e-15
3.937870e-07 5.032500e-15
3.940560e-07 7.262300e-15
3.943260e-07 9.344200e-15
3.945950e-07 7.373700e-15
3.948640e-07 8.247200e-15
3.951330e-07 8.346000e-15
3.954020e-07 7.511900e-15
3.956710e-07 8.044800e-15
3.959400e-07 8.096100e-15
3.962090e-07 7.077300e-15
3.964780e-07 5.553000e-15
3.967470e-07 3.929800e-15
3.970160e-07 5.703400e-15
3.972850e-07 6.695400e-15
3.975540e-07 9.360900e-15
3.978230e-07 8.195200e-15
3.980920e-07 6.514500e-15
3.983620e-07 8.704500e-15
3.986310e-07 1.097100e-14
3.989000e-07 1.181900e-14
3.991690e-07 1.129300e-14
3.994380e-07 1.343400e-14
3.997070e-07 1.171700e-14
3.999760e-07 1.140300e-14
4.002450e-07 1.219100e-14
4.005140e-07 1.126300e-14
4.007830e-07 1.064900e-14
4.010520e-07 1.039900e-14
4.013210e-07 1.140900e-14
4.015900e-07 1.229900e-14
4.018590e-07 1.220600e-14
4.021280e-07 1.201900e-14
4.023980e-07 1.229500e-14
4.026670e-07 1.237800e-14
4.029360e-07 1.213500e-14
4.032050e-07 1.203900e-14
4.034740e-07 1.196900e-14
4.037430e-07 1.134300e-14
4.040120e-07 1.201600e-14
4.042810e-07 1.116800e-14
4.045500e-07 1.142800e-14
4.048190e-07 1.097100e-14
4.050880e-07 1.165600e-14
4.053570e-07 1.159400e-14
4.056260e-07 1.099100e-14
4.058950e-07 1.113000e-14
4.061640e-07 1.099400e-14
4.064340e-07 1.006700e-14
4.067030e-07 1.061700e-14
4.069720e-07 1.042800e-14
4.072410e-07 1.157000e-14
4.075100e-07 1.110400e-14
4.077790e-07 1.036600e-14
4.080480e-07 1.111500e-14
4.083170e-07 1.194400e-14
4.085860e-07 1.083000e-14
4.088550e-07 1.025800e-14
4.091240e-07 1.106900e-14
4.093930e-07 9.679400e-15
4.096620e-07 9.196700e-15
4.099310e-07 8.620600e-15
4.102010e-07 1.026800e-14
4.104700e-07 1.042900e-14
4.107390e-07 9.172800e-15
4.110080e-07 9.527100e-15
4.112770e-07 1.094200e-14
4.115460e-07 1.051700e-14
4.118150e-07 1.139600e-14
4.120840e-07 1.277000e-14
4.123530e-07 1.241600e-14
4.126220e-07 1.185600e-14
4.128910e-07 1.209700e-14
4.131600e-07 1.212300e-14
4.134290e-07 1.173600e-14
4.136980e-07 1.181400e-14
4.139670e-07 1.139600e-14
4.142370e-07 1.114600e-14
4.145060e-07 1.070700e-14
4.147750e-07 1.086300e-14
4.150440e-07 9.727400e-15
4.153130e-07 1.005200e-14
4.155820e-07 1.060100e-14
4.158510e-07 1.131800e-14
4.161200e-07 1.127200e-14
4.163890e-07 1.109100e-14
4.166580e-07 1.113100e-14
4.169270e-07 1.119500e-14
4.171960e-07 1.098900e-14
4.174650e-07 1.031800e-14
4.177340e-07 1.066300e-14
4.180030e-07 1.101400e-14
4.182730e-07 1.104200e-14
4.185420e-07 1.034100e-14
4.188110e-07 1.066800e-14
4.190800e-07 1.126200e-14
4.193490e-07 1.065100e-14
4.196180e-07 1.065200e-14
4.198870e-07 1.096900e-14
4.201560e-07 1.142600e-14
4.204250e-07 1.236100e-14
4.206940e-07 1.129500e-14
4.209630e-07 1.094000e-14
4.212320e-07 1.168800e-14
4.215010e-07 1.220100e-14
4.217700e-07 1.140400e-14
4.220390e-07 1.134200e-14
4.223090e-07 1.076300e-14
4.225780e-07 1.003500e-14
4.228470e-07 1.082500e-14
4.231160e-07 1.038400e-14
4.233850e-07 1.081800e-14
4.236540e-07 1.187700e-14
4.239230e-07 1.257700e-14
4.241920e-07 1.199300e-14
4.244610e-07 1.173900e-14
4.247300e-07 1.188400e-14
4.249990e-07 1.207200e-14
4.252680e-07 1.127000e-14
4.255370e-07 1.143500e-14
4.258060e-07 1.070600e-14
4.260750e-07 1.176100e-14
4.263450e-07 1.270000e-14
4.266140e-07 1.210800e-14
4.268830e-07 1.152700e-14
4.271520e-07 1.073900e-14
4.274210e-07 9.706800e-15
4.276900e-07 1.068600e-14
4.279590e-07 1.185400e-14
4.282280e-07 1.178000e-14
4.284970e-07 1.062900e-14
4.287660e-07 1.032100e-14
4.290350e-07 1.061700e-14
4.293040e-07 1.037500e-14
4.295730e-07 1.025800e-14
4.298420e-07 1.027900e-14
4.301110e-07 8.386200e-15
4.303810e-07 8.290200e-15
4.306500e-07 9.171400e-15
4.309190e-07 9.029400e-15
4.311880e-07 1.038600e-14
4.314570e-07 1.128900e-14
4.317260e-07 1.256300e-14
4.319950e-07 1.175100e-14
4.322640e-07 1.227100e-14
4.325330e-07 1.148000e-14
4.328020e-07 1.198600e-14
4.330710e-07 1.101500e-14
4.333400e-07 1.042700e-14
4.336090e-07 1.054900e-14
4.338780e-07 9.373300e-15
4.341480e-07 1.063700e-14
4.344170e-07 1.161200e-14
4.346860e-07 1.058000e-14
4.349550e-07 1.052700e-14
4.352240e-07 1.031500e-14
4.354930e-07 1.138300e-14
4.357620e-07 1.108900e-14
4.360310e-07 1.281900e-14
4.363000e-07 1.265100e-14
4.365690e-07 1.250000e-14
4.368380e-07 1.305900e-14
4.371070e-07 1.235600e-14
4.373760e-07 1.173600e-14
4.376450e-07 1.171000e-14
4.379140e-07 1.196700e-14
4.381840e-07 1.133900e-14
4.384530e-07 1.064000e-14
4.387220e-07 1.100500e-14
4.389910e-07 1.183900e-14
4.392600e-07 1.227700e-14
4.395290e-07 1.256600e-14
4.397980e-07 1.280700e-14
4.400670e-07 1.256600e-14
4.403360e-07 1.242800e-14
4.406050e-07 1.246500e-14
4.408740e-07 1.192800e-14
4.411430e-07 1.213600e-14
4.414120e-07 1.336200e-14
4.416810e-07 1.219600e-14
4.419500e-07 1.178500e-14
4.422200e-07 1.181600e-14
4.424890e-07 1.303300e-14
4.427580e-07 1.297000e-14
4.430270e-07 1.225400e-14
4.432960e-07 1.307000e-14
4.435650e-07 1.340800e-14
4.438340e-07 1.217400e-14
4.441030e-07 1.270200e-14
4.443720e-07 1.330000e-14
4.446410e-07 1.317200e-14
4.449100e-07 1.299700e-14
4.451790e-07 1.298700e-14
4.454480e-07 1.263900e-14
4.457170e-07 1.197900e-14
4.459860e-07 1.216700e-14
4.462560e-07 1.246600e-14
4.465250e-07 1.282400e-14
4.467940e-07 1.122800e-14
4.470630e-07 1.278700e-14
4.473320e-07 1.231200e-14
4.476010e-07 1.284200e-14
4.478700e-07 1.335200e-14
4.481390e-07 1.309800e-14
4.484080e-07 1.386600e-14
4.486770e-07 1.412000e-14
4.489460e-07 1.251700e-14
4.492150e-07 1.300400e-14
4.494840e-07 1.327600e-14
4.497530e-07 1.356400e-14
4.500220e-07 1.395600e-14
4.502920e-07 1.344600e-14
4.505610e-07 1.427500e-14
4.508300e-07 1.511800e-14
4.510990e-07 1.356000e-14
4.513680e-07 1.394100e-14
4.516370e-07 1.433600e-14
4.519060e-07 1.451700e-14
4.521750e-07 1.383100e-14
4.524440e-07 1.347000e-14
4.527130e-07 1.259500e-14
4.529820e-07 1.166500e-14
4.532510e-07 1.249500e-14
4.535200e-07 1.223000e-14
4.537890e-07 1.324900e-14
4.540580e-07 1.350400e-14
4.543280e-07 1.364600e-14
4.545970e-07 1.338500e-14
4.548660e-07 1.343200e-14
4.551350e-07 1.329800e-14
4.554040e-07 1.304500e-14
4.556730e-07 1.438700e-14
4.559420e-07 1.365800e-14
4.562110e-07 1.305700e-14
4.564800e-07 1.425400e-14
4.567490e-07 1.375700e-14
4.570180e-07 1.433100e-14
4.572870e-07 1.408800e-14
4.575560e-07 1.356900e-14
4.578250e-07 1.427800e-14
4.580940e-07 1.417200e-14
4.583640e-07 1.380400e-14
4.586330e-07 1.347000e-14
4.589020e-07 1.435500e-14
4.591710e-07 1.387800e-14
4.594400e-07 1.346700e-14
4.597090e-07 1.354900e-14
4.599780e-07 1.326500e-14
4.602470e-07 1.326000e-14
4.605160e-07 1.415800e-14
4.607850e-07 1.382800e-14
4.610540e-07 1.347800e-14
4.613230e-07 1.464300e-14
4.615920e-07 1.405500e-14
4.618610e-07 1.458900e-14
4.621310e-07 1.439600e-14
4.624000e-07 1.472900e-14
4.626690e-07 1.457700e-14
4.629380e-07 1.417300e-14
4.632070e-07 1.306300e-14
4.634760e-07 1.424200e-14
4.637450e-07 1.437600e-14
4.640140e-07 1.435900e-14
4.642830e-07 1.332100e-14
4.645520e-07 1.373300e-14
4.648210e-07 1.424200e-14
4.650900e-07 1.373100e-14
4.653590e-07 1.339700e-14
4.656280e-07 1.410800e-14
4.658970e-07 1.382000e-14
4.661670e-07 1.430800e-14
4.664360e-07 1.431400e-14
4.667050e-07 1.302500e-14
4.669740e-07 1.322000e-14
4.672430e-07 1.342100e-14
4.675120e-07 1.317000e-14
4.677810e-07 1.323700e-14
4.680500e-07 1.335600e-14
4.683190e-07 1.351800e-14
4.685880e-07 1.363500e-14
4.688570e-07 1.384100e-14
4.691260e-07 1.348200e-14
4.693950e-07 1.386000e-14
4.696640e-07 1.357100e-14
4.699330e-07 1.309000e-14
4.702030e-07 1.225300e-14
4.704720e-07 1.244300e-14
4.707410e-07 1.277000e-14
4.710100e-07 1.379300e-14
4.712790e-07 1.362400e-14
4.715480e-07 1.270100e-14
4.718170e-07 1.335200e-14
4.720860e-07 1.421200e-14
4.723550e-07 1.471600e-14
4.726240e-07 1.455500e-14
4.728930e-07 1.408700e-14
4.731620e-07 1.405900e-14
4.734310e-07 1.354600e-14
4.737000e-07 1.346300e-14
4.739690e-07 1.402700e-14
4.742390e-07 1.405900e-14
4.745080e-07 1.471300e-14
4.747770e-07 1.510900e-14
4.750460e-07 1.497500e-14
4.753150e-07 1.509700e-14
4.755840e-07 1.474100e-14
4.758530e-07 1.432000e-14
4.761220e-07 1.470400e-14
4.763910e-07 1.445500e-14
4.766600e-07 1.451100e-14
4.769290e-07 1.370500e-14
4.771980e-07 1.312100e-14
4.774670e-07 1.359200e-14
4.777360e-07 1.427200e-14
4.780050e-07 1.381300e-14
4.782750e-07 1.401700e-14
4.785440e-07 1.456100e-14
4.788130e-07 1.416700e-14
4.790820e-07 1.400700e-14
4.793510e-07 1.434400e-14
4.796200e-07 1.432000e-14
4.798890e-07 1.499000e-14
4.801580e-07 1.427200e-14
4.804270e-07 1.474500e-14
4.806960e-07 1.471200e-14
4.809650e-07 1.441900e-14
4.812340e-07 1.441800e-14
4.815030e-07 1.457700e-14
4.817720e-07 1.477100e-14
4.820410e-07 1.462500e-14
4.823110e-07 1.439200e-14
4.825800e-07 1.405600e-14
4.828490e-07 1.375200e-14
4.831180e-07 1.321100e-14
4.833870e-07 1.370900e-14
4.836560e-07 1.403200e-14
4.839250e-07 1.473300e-14
4.841940e-07 1.335500e-14
4.844630e-07 1.335900e-14
4.847320e-07 1.360900e-14
4.850010e-07 1.390500e-14
4.852700e-07 1.331600e-14
4.855390e-07 1.320200e-14
4.858080e-07 1.331400e-14
4.860770e-07 1.333200e-14
4.863470e-07 1.347000e-14
4.866160e-07 1.335600e-14
4.868850e-07 1.309400e-14
4.871540e-07 1.319300e-14
4.874230e-07 1.321500e-14
4.876920e-07 1.262500e-14
4.879610e-07 1.332800e-14
4.882300e-07 1.316600e-14
4.884990e-07 1.359900e-14
4.887680e-07 1.349100e-14
4.890370e-07 1.308100e-14
4.893060e-07 1.391800e-14
4.895750e-07 1.501300e-14
4.898440e-07 1.491600e-14
4.901140e-07 1.411900e-14
4.903830e-07 1.456300e-14
4.906520e-07 1.491400e-14
4.909210e-07 1.437300e-14
4.911900e-07 1.444100e-14
4.914590e-07 1.435400e-14
4.917280e-07 1.335500e-14
4.919970e-07 1.306000e-14
4.922660e-07 1.343800e-14
4.925350e-07 1.309400e-14
4.928040e-07 1.364800e-14
4.930730e-07 1.436400e-14
4.933420e-07 1.442500e-14
4.936110e-07 1.465800e-14
4.938800e-07 1.457500e-14
4.941500e-07 1.471800e-14
4.944190e-07 1.416600e-14
4.946880e-07 1.460500e-14
4.949570e-07 1.519300e-14
4.952260e-07 1.515000e-14
4.954950e-07 1.481600e-14
4.957640e-07 1.448600e-14
4.960330e-07 1.454100e-14
4.963020e-07 1.490500e-14
4.965710e-07 1.433900e-14
4.968400e-07 1.442700e-14
4.971090e-07 1.378000e-14
4.973780e-07 1.369400e-14
4.976470e-07 1.412100e-14
4.979160e-07 1.371500e-14
4.981860e-07 1.361900e-14
4.984550e-07 1.299400e-14
4.987240e-07 1.322500e-14
4.989930e-07 1.396300e-14
4.992620e-07 1.374800e-14
4.995310e-07 1.418000e-14
4.998000e-07 1.422100e-14
5.000690e-07 1.464800e-14
5.003380e-07 1.545900e-14
5.006070e-07 1.610900e-14
5.008760e-07 1.608800e-14
5.011450e-07 1.554100e-14
5.014140e-07 1.466400e-14
5.016830e-07 1.371700e-14
5.019520e-07 1.338000e-14
5.022220e-07 1.327100e-14
5.024910e-07 1.314800e-14
5.027600e-07 1.305400e-14
5.030290e-07 1.380000e-14
5.032980e-07 1.400700e-14
5.035670e-07 1.335600e-14
5.038360e-07 1.355500e-14
5.041050e-07 1.361300e-14
5.043740e-07 1.361900e-14
5.046430e-07 1.375800e-14
5.049120e-07 1.390100e-14
5.051810e-07 1.409800e-14
5.054500e-07 1.417300e-14
5.057190e-07 1.426300e-14
5.059880e-07 1.426600e-14
5.062580e-07 1.432200e-14
5.065270e-07 1.448900e-14
5.067960e-07 1.417800e-14
5.070650e-07 1.422100e-14
5.073340e-07 1.391700e-14
5.076030e-07 1.333800e-14
5.078720e-07 1.331800e-14
5.081410e-07 1.330900e-14
5.084100e-07 1.284600e-14
5.086790e-07 1.328400e-14
5.089480e-07 1.382300e-14
5.092170e-07 1.329200e-14
5.094860e-07 1.316500e-14
5.097550e-07 1.363000e-14
5.100240e-07 1.327900e-14
5.102940e-07 1.317700e-14
5.105630e-07 1.344300e-14
5.108320e-07 1.295700e-14
5.111010e-07 1.308800e-14
5.113700e-07 1.334700e-14
5.116390e-07 1.348600e-14
5.119080e-07 1.347300e-14
5.121770e-07 1.313600e-14
5.124460e-07 1.299400e-14
5.127150e-07 1.299400e-14
5.129840e-07 1.292600e-14
5.132530e-07 1.298700e-14
5.135220e-07 1.349200e-14
5.137910e-07 1.380200e-14
5.140600e-07 1.359100e-14
5.143300e-07 1.343800e-14
5.145990e-07 1.330500e-14
5.148680e-07 1.306100e-14
5.151370e-07 1.304400e-14
5.154060e-07 1.307200e-14
5.156750e-07 1.383400e-14
5.159440e-07 1.374200e-14
5.162130e-07 1.306500e-14
5.164820e-07 1.211400e-14
5.167510e-07 1.183800e-14
5.170200e-07 1.189300e-14
5.172890e-07 1.147400e-14
5.175580e-07 1.185400e-14
5.178270e-07 1.193200e-14
5.180970e-07 1.140500e-14
5.183660e-07 1.147400e-14
5.186350e-07 1.236300e-14
5.189040e-07 1.296300e-14
5.191730e-07 1.252900e-14
5.194420e-07 1.333900e-14
5.197110e-07 1.421400e-14
5.199800e-07 1.370200e-14
5.202490e-07 1.330400e-14
5.205180e-07 1.333600e-14
5.207870e-07 1.278300e-14
5.210560e-07 1.230000e-14
5.213250e-07 1.292400e-14
5.215940e-07 1.362800e-14
5.218630e-07 1.415300e-14
5.221330e-07 1.390100e-14
5.224020e-07 1.409400e-14
5.226710e-07 1.359900e-14
5.229400e-07 1.349700e-14
5.232090e-07 1.358100e-14
5.234780e-07 1.367800e-14
5.237470e-07 1.466200e-14
5.240160e-07 1.478000e-14
5.242850e-07 1.424000e-14
5.245540e-07 1.367900e-14
5.248230e-07 1.383200e-14
5.250920e-07 1.374500e-14
5.253610e-07 1.420200e-14
5.256300e-07 1.389800e-14
5.258990e-07 1.457600e-14
5.261690e-07 1.392400e-14
5.264380e-07 1.301800e-14
5.267070e-07 1.302600e-14
5.269760e-07 1.321800e-14
5.272450e-07 1.277300e-14
5.275140e-07 1.373000e-14
5.277830e-07 1.388500e-14
5.280520e-07 1.383900e-14
5.283210e-07 1.419500e-14
5.285900e-07 1.425000e-14
5.288590e-07 1.408700e-14
5.291280e-07 1.408400e-14
5.293970e-07 1.397000e-14
5.296660e-07 1.420300e-14
5.299350e-07 1.389900e-14
5.302050e-07 1.365500e-14
5.304740e-07 1.432800e-14
5.307430e-07 1.495600e-14
5.310120e-07 1.475200e-14
5.312810e-07 1.439400e-14
5.315500e-07 1.431100e-14
5.318190e-07 1.408600e-14
5.320880e-07 1.417500e-14
5.323570e-07 1.381500e-14
5.326260e-07 1.324700e-14
5.328950e-07 1.294500e-14
5.331640e-07 1.366900e-14
5.334330e-07 1.373200e-14
5.337020e-07 1.377200e-14
5.339710e-07 1.477300e-14
5.342410e-07 1.432100e-14
5.345100e-07 1.368300e-14
5.347790e-07 1.345300e-14
5.350480e-07 1.401000e-14
5.353170e-07 1.498200e-14
5.355860e-07 1.481200e-14
5.358550e-07 1.465600e-14
5.361240e-07 1.528200e-14
5.363930e-07 1.496200e-14
5.366620e-07 1.533200e-14
5.369310e-07 1.471500e-14
5.372000e-07 1.411300e-14
5.374690e-07 1.405400e-14
5.377380e-07 1.474100e-14
5.380070e-07 1.523300e-14
5.382770e-07 1.464600e-14
5.385460e-07 1.500200e-14
5.388150e-07 1.492000e-14
5.390840e-07 1.335700e-14
5.393530e-07 1.420600e-14
5.396220e-07 1.385200e-14
5.398910e-07 1.310300e-14
5.401600e-07 1.350000e-14
5.404290e-07 1.298400e-14
5.406980e-07 1.265100e-14
5.409670e-07 1.355000e-14
5.412360e-07 1.392100e-14
5.415050e-07 1.404300e-14
5.417740e-07 1.405200e-14
5.420440e-07 1.455100e-14
5.423130e-07 1.506000e-14
5.425820e-07 1.437900e-14
5.428510e-07 1.422800e-14
5.431200e-07 1.374200e-14
5.433890e-07 1.304600e-14
5.436580e-07 1.392000e-14
5.439270e-07 1.288800e-14
5.441960e-07 1.468400e-14
5.444650e-07 1.412400e-14
5.447340e-07 1.436000e-14
5.450030e-07 1.424900e-14
5.452720e-07 1.361100e-14
5.455410e-07 1.324700e-14
5.458100e-07 1.451900e-14
5.460800e-07 1.423800e-14
5.463490e-07 1.445000e-14
5.466180e-07 1.386600e-14
5.468870e-07 1.351300e-14
5.471560e-07 1.454800e-14
5.474250e-07 1.405100e-14
5.476940e-07 1.363300e-14
5.479630e-07 1.408700e-14
5.482320e-07 1.327900e-14
5.485010e-07 1.330700e-14
5.487700e-07 1.407100e-14
5.490390e-07 1.390400e-14
5.493080e-07 1.399700e-14
5.495770e-07 1.378600e-14
5.498460e-07 1.463800e-14
5.501160e-07 1.408400e-14
5.503850e-07 1.424300e-14
5.506540e-07 1.383500e-14
5.509230e-07 1.382700e-14
5.511920e-07 1.439000e-14
5.514610e-07 1.396500e-14
5.517300e-07 1.345500e-14
5.519990e-07 1.421400e-14
5.522680e-07 1.429800e-14
5.525370e-07 1.387600e-14
5.528060e-07 1.375700e-14
5.530750e-07 1.377900e-14
5.533440e-07 1.451400e-14
5.536130e-07 1.554400e-14
5.538820e-07 1.391600e-14
5.541520e-07 1.523800e-14
5.544210e-07 1.474700e-14
5.546900e-07 1.405600e-14
5.549590e-07 1.522900e-14
5.552280e-07 1.496500e-14
5.554970e-07 1.507900e-14
5.557660e-07 1.423800e-14
5.560350e-07 1.372900e-14
5.563040e-07 1.445300e-14
5.565730e-07 1.456100e-14
5.568420e-07 1.352200e-14
5.571110e-07 1.410200e-14
5.573800e-07 1.365900e-14
5.576490e-07 1.426700e-14
5.579180e-07 1.436300e-14
5.581880e-07 1.429000e-14
5.584570e-07 1.410200e-14
5.587260e-07 1.506100e-14
5.589950e-07 1.397400e-14
5.592640e-07 1.321100e-14
5.595330e-07 1.389600e-14
5.598020e-07 1.333200e-14
5.600710e-07 1.319400e-14
5.603400e-07 1.307800e-14
5.606090e-07 1.306700e-14
5.608780e-07 1.312200e-14
5.611470e-07 1.472400e-14
5.614160e-07 1.436400e-14
5.616850e-07 1.405000e-14
5.619540e-07 1.396400e-14
5.622240e-07 1.449800e-14
5.624930e-07 1.403600e-14
5.627620e-07 1.419300e-14
5.630310e-07 1.404000e-14
5.633000e-07 1.430100e-14
5.635690e-07 1.462000e-14
5.638380e-07 1.373700e-14
5.641070e-07 1.302100e-14
5.643760e-07 1.401700e-14
5.646450e-07 1.412700e-14
5.649140e-07 1.405200e-14
5.651830e-07 1.359500e-14
5.654520e-07 1.413200e-14
5.657210e-07 1.438000e-14
5.659900e-07 1.387300e-14
5.662600e-07 1.349100e-14
5.665290e-07 1.423800e-14
5.667980e-07 1.479900e-14
5.670670e-07 1.320500e-14
5.673360e-07 1.466200e-14
5.676050e-07 1.408400e-14
5.678740e-07 1.475600e-14
5.681430e-07 1.434000e-14
5.684120e-07 1.405800e-14
5.686810e-07 1.480600e-14
5.689500e-07 1.411300e-14
5.692190e-07 1.394100e-14
5.694880e-07 1.469700e-14
5.697570e-07 1.463800e-14
5.700270e-07 1.501200e-14
5.702960e-07 1.500400e-14
5.705650e-07 1.347000e-14
5.708340e-07 1.341500e-14
5.711030e-07 1.373800e-14
5.713720e-07 1.366500e-14
5.716410e-07 1.343400e-14
5.719100e-07 1.382200e-14
5.721790e-07 1.425900e-14
5.724480e-07 1.435500e-14
5.727170e-07 1.422700e-14
5.729860e-07 1.479000e-14
5.732550e-07 1.469900e-14
5.735240e-07 1.411300e-14
5.737930e-07 1.377600e-14
5.740630e-07 1.503100e-14
5.743320e-07 1.516100e-14
5.746010e-07 1.472700e-14
5.748700e-07 1.376500e-14
5.751390e-07 1.475100e-14
5.754080e-07 1.413200e-14
5.756770e-07 1.484000e-14
5.759460e-07 1.375700e-14
5.762150e-07 1.404100e-14
5.764840e-07 1.463000e-14
5.767530e-07 1.446900e-14
5.770220e-07 1.540400e-14
5.772910e-07 1.499500e-14
5.775600e-07 1.470700e-14
5.778290e-07 1.470400e-14
5.780990e-07 1.451000e-14
5.783680e-07 1.433400e-14
5.786370e-07 1.414500e-14
5.789060e-07 1.441100e-14
5.791750e-07 1.357000e-14
5.794440e-07 1.428100e-14
5.797130e-07 1.460800e-14
5.799820e-07 1.531900e-14
5.802510e-07 1.416700e-14
5.805200e-07 1.397000e-14
5.807890e-07 1.386500e-14
5.810580e-07 1.488600e-14
5.813270e-07 1.484000e-14
5.815960e-07 1.440900e-14
5.818650e-07 1.466100e-14
5.821350e-07 1.451400e-14
5.824040e-07 1.450200e-14
5.826730e-07 1.389000e-14
5.829420e-07 1.491100e-14
5.832110e-07 1.527000e-14
5.834800e-07 1.527100e-14
5.837490e-07 1.503500e-14
5.840180e-07 1.477300e-14
5.842870e-07 1.423300e-14
5.845560e-07 1.465400e-14
5.848250e-07 1.506200e-14
5.850940e-07 1.473000e-14
5.853630e-07 1.440900e-14
5.856320e-07 1.335900e-14
5.859010e-07 1.321000e-14
5.861710e-07 1.378900e-14
5.864400e-07 1.351100e-14
5.867090e-07 1.354200e-14
5.869780e-07 1.401900e-14
5.872470e-07 1.429400e-14
5.875160e-07 1.436400e-14
5.877850e-07 1.426200e-14
5.880540e-07 1.470500e-14
5.883230e-07 1.437500e-14
5.885920e-07 1.404600e-14
5.888610e-07 1.375400e-14
5.891300e-07 1.346100e-14
5.893990e-07 1.320000e-14
5.896680e-07 1.295800e-14
5.899370e-07 1.329300e-14
5.902070e-07 1.413300e-14
5.904760e-07 1.389900e-14
5.907450e-07 1.366700e-14
5.910140e-07 1.348500e-14
5.912830e-07 1.383600e-14
5.915520e-07 1.446400e-14
5.918210e-07 1.381700e-14
5.920900e-07 1.355400e-14
5.923590e-07 1.423800e-14
5.926280e-07 1.485400e-14
5.928970e-07 1.436900e-14
5.931660e-07 1.409300e-14
5.934350e-07 1.518100e-14
5.937040e-07 1.470300e-14
5.939730e-07 1.417400e-14
5.942430e-07 1.350800e-14
5.945120e-07 1.337500e-14
5.947810e-07 1.416000e-14
5.950500e-07 1.451200e-14
5.953190e-07 1.377400e-14
5.955880e-07 1.387300e-14
5.958570e-07 1.424300e-14
5.961260e-07 1.344200e-14
5.963950e-07 1.332400e-14
5.966640e-07 1.417800e-14
5.969330e-07 1.522300e-14
5.972020e-07 1.391100e-14
5.974710e-07 1.481900e-14
5.977400e-07 1.407700e-14
5.980100e-07 1.384900e-14
5.982790e-07 1.427300e-14
5.985480e-07 1.332900e-14
5.988170e-07 1.366000e-14
5.990860e-07 1.435300e-14
5.993550e-07 1.427400e-14
5.996240e-07 1.500000e-14
5.998930e-07 1.513400e-14
6.001620e-07 1.447600e-14
6.004310e-07 1.462800e-14
6.007000e-07 1.376300e-14
6.009690e-07 1.350600e-14
6.012380e-07 1.335300e-14
6.015070e-07 1.393000e-14
6.017760e-07 1.384200e-14
6.020460e-07 1.396900e-14
6.023150e-07 1.438700e-14
6.025840e-07 1.454500e-14
6.028530e-07 1.515300e-14
6.031220e-07 1.445600e-14
6.033910e-07 1.518200e-14
6.036600e-07 1.542500e-14
6.039290e-07 1.457600e-14
6.041980e-07 1.363800e-14
6.044670e-07 1.399900e-14
6.047360e-07 1.530700e-14
6.050050e-07 1.425400e-14
6.052740e-07 1.451400e-14
6.055430e-07 1.468600e-14
6.058120e-07 1.520200e-14
6.060820e-07 1.446500e-14
6.063510e-07 1.466700e-14
6.066200e-07 1.524600e-14
6.068890e-07 1.538100e-14
6.071580e-07 1.477100e-14
6.074270e-07 1.431200e-14
6.076960e-07 1.452900e-14
6.079650e-07 1.426700e-14
6.082340e-07 1.433500e-14
6.085030e-07 1.297300e-14
6.087720e-07 1.333200e-14
6.090410e-07 1.326000e-14
6.093100e-07 1.405300e-14
6.095790e-07 1.361700e-14
6.098480e-07 1.455600e-14
6.101180e-07 1.359300e-14
6.103870e-07 1.278400e-14
6.106560e-07 1.330900e-14
6.109250e-07 1.350600e-14
6.111940e-07 1.339700e-14
6.114630e-07 1.440500e-14
6.117320e-07 1.458400e-14
6.120010e-07 1.563200e-14
6.122700e-07 1.584800e-14
6.125390e-07 1.414900e-14
6.128080e-07 1.382700e-14
6.130770e-07 1.410500e-14
6.133460e-07 1.353500e-14
6.136150e-07 1.383500e-14
6.138840e-07 1.395000e-14
6.141540e-07 1.343500e-14
6.144230e-07 1.413900e-14
6.146920e-07 1.494100e-14
6.149610e-07 1.462300e-14
6.152300e-07 1.315200e-14
6.154990e-07 1.368100e-14
6.157680e-07 1.278500e-14
6.160370e-07 1.309700e-14
6.163060e-07 1.325100e-14
6.165750e-07 1.376600e-14
6.168440e-07 1.315400e-14
6.171130e-07 1.384200e-14
6.173820e-07 1.284400e-14
6.176510e-07 1.321500e-14
6.179200e-07 1.439400e-14
6.181900e-07 1.395400e-14
6.184590e-07 1.306900e-14
6.187280e-07 1.387100e-14
6.189970e-07 1.346500e-14
6.192660e-07 1.430100e-14
6.195350e-07 1.250700e-14
6.198040e-07 1.257800e-14
6.200730e-07 1.357700e-14
6.203420e-07 1.421700e-14
6.206110e-07 1.404600e-14
6.208800e-07 1.377700e-14
6.211490e-07 1.365100e-14
6.214180e-07 1.439500e-14
6.216870e-07 1.413100e-14
6.219570e-07 1.331300e-14
6.222260e-07 1.378400e-14
6.224950e-07 1.364200e-14
6.227640e-07 1.368200e-14
6.230330e-07 1.355200e-14
6.233020e-07 1.291700e-14
6.235710e-07 1.272000e-14
6.238400e-07 1.334000e-14
6.241090e-07 1.277700e-14
6.243780e-07 1.292100e-14
6.246470e-07 1.318900e-14
6.249160e-07 1.306200e-14
6.251850e-07 1.244100e-14
6.254540e-07 1.250400e-14
6.257230e-07 1.309700e-14
6.259930e-07 1.238500e-14
6.262620e-07 1.301500e-14
6.265310e-07 1.295100e-14
6.268000e-07 1.253600e-14
6.270690e-07 1.397000e-14
6.273380e-07 1.339100e-14
6.276070e-07 1.386900e-14
6.278760e-07 1.426100e-14
6.281450e-07 1.397500e-14
6.284140e-07 1.333200e-14
6.286830e-07 1.365000e-14
6.289520e-07 1.310600e-14
6.292210e-07 1.408300e-14
6.294900e-07 1.356800e-14
6.297590e-07 1.373400e-14
6.300290e-07 1.361500e-14
6.302980e-07 1.441300e-14
6.305670e-07 1.401700e-14
6.308360e-07 1.380700e-14
6.311050e-07 1.518400e-14
6.313740e-07 1.379100e-14
6.316430e-07 1.387400e-14
6.319120e-07 1.319300e-14
6.321810e-07 1.427500e-14
6.324500e-07 1.361100e-14
6.327190e-07 1.564400e-14
6.329880e-07 1.385700e-14
6.332570e-07 1.356500e-14
6.335260e-07 1.305400e-14
6.337950e-07 1.286300e-14
6.340650e-07 1.360900e-14
6.343340e-07 1.328300e-14
6.346030e-07 1.406000e-14
6.348720e-07 1.436200e-14
6.351410e-07 1.456600e-14
6.354100e-07 1.395600e-14
6.356790e-07 1.445100e-14
6.359480e-07 1.471200e-14
6.362170e-07 1.374200e-14
6.364860e-07 1.390900e-14
6.367550e-07 1.398100e-14
6.370240e-07 1.390200e-14
6.372930e-07 1.315200e-14
6.375620e-07 1.394700e-14
6.378310e-07 1.424900e-14
6.381010e-07 1.378300e-14
6.383700e-07 1.337200e-14
6.386390e-07 1.519600e-14
6.389080e-07 1.515400e-14
6.391770e-07 1.400400e-14
6.394460e-07 1.311500e-14
6.397150e-07 1.340400e-14
6.399840e-07 1.393100e-14
6.402530e-07 1.377800e-14
6.405220e-07 1.427100e-14
6.407910e-07 1.376000e-14
6.410600e-07 1.373400e-14
6.413290e-07 1.274300e-14
6.415980e-07 1.239000e-14
6.418670e-07 1.314000e-14
6.421370e-07 1.339900e-14
6.424060e-07 1.415900e-14
6.426750e-07 1.244200e-14
6.429440e-07 1.388300e-14
6.432130e-07 1.401600e-14
6.434820e-07 1.514000e-14
6.437510e-07 1.388600e-14
6.440200e-07 1.303000e-14
6.442890e-07 1.235500e-14
6.445580e-07 1.400800e-14
6.448270e-07 1.303700e-14
6.450960e-07 1.299900e-14
6.453650e-07 1.216400e-14
6.456340e-07 1.315700e-14
6.459030e-07 1.437300e-14
6.461730e-07 1.422000e-14
6.464420e-07 1.372900e-14
6.467110e-07 1.382900e-14
6.469800e-07 1.416500e-14
6.472490e-07 1.318500e-14
6.475180e-07 1.387800e-14
6.477870e-07 1.496200e-14
6.480560e-07 1.440200e-14
6.483250e-07 1.353600e-14
6.485940e-07 1.364000e-14
6.488630e-07 1.391500e-14
6.491320e-07 1.373600e-14
6.494010e-07 1.306600e-14
6.496700e-07 1.311100e-14
6.499400e-07 1.318100e-14
6.502090e-07 1.305900e-14
6.504780e-07 1.251500e-14
6.507470e-07 1.428900e-14
6.510160e-07 1.442800e-14
6.512850e-07 1.417400e-14
6.515540e-07 1.258800e-14
6.518230e-07 1.303600e-14
6.520920e-07 1.397100e-14
6.523610e-07 1.498700e-14
6.526300e-07 1.435100e-14
6.528990e-07 1.348000e-14
6.531680e-07 1.301700e-14
6.534370e-07 1.422500e-14
6.537060e-07 1.453500e-14
6.539760e-07 1.409500e-14
6.542450e-07 1.492100e-14
6.545140e-07 1.576000e-14
6.547830e-07 1.555500e-14
6.550520e-07 1.509600e-14
6.553210e-07 1.587200e-14
6.555900e-07 1.730300e-14
6.558590e-07 1.901800e-14
6.561280e-07 2.056900e-14
6.563970e-07 2.003800e-14
6.566660e-07 1.882800e-14
6.569350e-07 1.674900e-14
6.572040e-07 1.478200e-14
6.574730e-07 1.470700e-14
6.577420e-07 1.552600e-14
6.580120e-07 1.787200e-14
6.582810e-07 1.870300e-14
6.585500e-07 1.927000e-14
6.588190e-07 1.746900e-14
6.590880e-07 1.594800e-14
6.593570e-07 1.579000e-14
6.596260e-07 1.421800e-14
6.598950e-07 1.260800e-14
6.601640e-07 1.275300e-14
6.604330e-07 1.276000e-14
6.607020e-07 1.360500e-14
6.609710e-07 1.339200e-14
6.612400e-07 1.359700e-14
6.615090e-07 1.368200e-14
6.617780e-07 1.366600e-14
6.620480e-07 1.379500e-14
6.623170e-07 1.385900e-14
6.625860e-07 1.391900e-14
6.628550e-07 1.359800e-14
6.631240e-07 1.330500e-14
6.633930e-07 1.364400e-14
6.636620e-07 1.336400e-14
6.639310e-07 1.330200e-14
6.642000e-07 1.322400e-14
6.644690e-07 1.292500e-14
6.647380e-07 1.270900e-14
6.650070e-07 1.355700e-14
6.652760e-07 1.367700e-14
6.655450e-07 1.251200e-14
6.658140e-07 1.257800e-14
6.660840e-07 1.291600e-14
6.663530e-07 1.344700e-14
6.666220e-07 1.389900e-14
6.668910e-07 1.356900e-14
6.671600e-07 1.333300e-14
6.674290e-07 1.362000e-14
6.676980e-07 1.284500e-14
6.679670e-07 1.451600e-14
6.682360e-07 1.317500e-14
6.691570e-07 1.365200e-14
6.707000e-07 1.365300e-14
6.722460e-07 1.301000e-14
6.737960e-07 1.350000e-14
6.753490e-07 1.328500e-14
6.769060e-07 1.356500e-14
6.784660e-07 1.369200e-14
6.800300e-07 1.325900e-14
6.815980e-07 1.341400e-14
6.831690e-07 1.369600e-14
6.847440e-07 1.296100e-14
6.863220e-07 1.305200e-14
6.879050e-07 1.305400e-14
6.894910e-07 1.308500e-14
6.910800e-07 1.314700e-14
6.926730e-07 1.317900e-14
6.942700e-07 1.351800e-14
6.958700e-07 1.342600e-14
6.974740e-07 1.386800e-14
6.990820e-07 1.383700e-14
7.006940e-07 1.333800e-14
7.023090e-07 1.294600e-14
7.039280e-07 1.374600e-14
7.055510e-07 1.436300e-14
7.071770e-07 1.310000e-14
7.088070e-07 1.359300e-14
7.104420e-07 1.283400e-14
7.120790e-07 1.274700e-14
7.137210e-07 1.220300e-14
7.153660e-07 1.240300e-14
7.170150e-07 1.257700e-14
7.186680e-07 1.234800e-14
7.203250e-07 1.243500e-14
7.219850e-07 1.290300e-14
7.236490e-07 1.305400e-14
7.253180e-07 1.284700e-14
7.269900e-07 1.273000e-14
7.286660e-07 1.308900e-14
7.303450e-07 1.361300e-14
7.320290e-07 1.333500e-14
7.337160e-07 1.349100e-14
7.354080e-07 1.368000e-14
7.371030e-07 1.327800e-14
7.388020e-07 1.400200e-14
7.405050e-07 1.393900e-14
7.422130e-07 1.334400e-14
7.439240e-07 1.371900e-14
7.456380e-07 1.381600e-14
7.473570e-07 1.407400e-14
7.490800e-07 1.381900e-14
7.508070e-07 1.411000e-14
7.525380e-07 1.427500e-14
7.542730e-07 1.437500e-14
7.560110e-07 1.408200e-14
7.577540e-07 1.382700e-14
7.595010e-07 1.360700e-14
7.612520e-07 1.339100e-14
7.630060e-07 1.354800e-14
7.647650e-07 1.339400e-14
7.665290e-07 1.291100e-14
7.682950e-07 1.300200e-14
7.700660e-07 1.297400e-14
7.718420e-07 1.294500e-14
7.736210e-07 1.291700e-14
7.754040e-07 1.245100e-14
7.771920e-07 1.298000e-14
7.789840e-07 1.274400e-14
7.807790e-07 1.271700e-14
7.825790e-07 1.331700e-14
7.843830e-07 1.260300e-14
7.861910e-07 1.304700e-14
7.880040e-07 1.301900e-14
7.898200e-07 1.320200e-14
7.916410e-07 1.272600e-14
7.934660e-07 1.275600e-14
7.952950e-07 1.212800e-14
7.971280e-07 1.273000e-14
7.989660e-07 1.296800e-14
8.008080e-07 1.255800e-14
8.026540e-07 1.330400e-14
8.045040e-07 1.352200e-14
8.063580e-07 1.343100e-14
8.082180e-07 1.291700e-14
8.100810e-07 1.245100e-14
8.119480e-07 1.322100e-14
8.138200e-07 1.334500e-14
8.156960e-07 1.289300e-14
8.175760e-07 1.298400e-14
8.194610e-07 1.248700e-14
8.213500e-07 1.319800e-14
8.232430e-07 1.298900e-14
8.251410e-07 1.323200e-14
8.270430e-07 1.360400e-14
8.289500e-07 1.305400e-14
8.308610e-07 1.296500e-14
8.327760e-07 1.273000e-14
8.346960e-07 1.250000e-14
8.366200e-07 1.303000e-14
8.385490e-07 1.267700e-14
8.404820e-07 1.273700e-14
8.424190e-07 1.300500e-14
8.443610e-07 1.205500e-14
8.463080e-07 1.259600e-14
8.482590e-07 1.265500e-14
8.502140e-07 1.259900e-14
8.521740e-07 1.234200e-14
8.541380e-07 1.240100e-14
8.561070e-07 1.248800e-14
8.580810e-07 1.257600e-14
8.600590e-07 1.246300e-14
8.620420e-07 1.204100e-14
8.640290e-07 1.255200e-14
8.660210e-07 1.218400e-14
8.680170e-07 1.201800e-14
8.700180e-07 1.193700e-14
8.720240e-07 1.224500e-14
8.740340e-07 1.261800e-14
8.760490e-07 1.199700e-14
8.780680e-07 1.236300e-14
8.800920e-07 1.233600e-14
8.821210e-07 1.271200e-14
8.841550e-07 1.271400e-14
8.861930e-07 1.262800e-14
8.882360e-07 1.186900e-14
8.902840e-07 1.200800e-14
8.923360e-07 1.220400e-14
8.943930e-07 1.226200e-14
8.964540e-07 1.179300e-14
8.985210e-07 1.160600e-14
9.005920e-07 1.235200e-14
9.026680e-07 1.083400e-14
9.047500e-07 1.273100e-14
9.068350e-07 1.273300e-14
9.089250e-07 1.142800e-14
9.110210e-07 1.153600e-14
9.131210e-07 1.222100e-14
9.152260e-07 1.183500e-14
9.173350e-07 1.202900e-14
9.194500e-07 1.181100e-14
9.215700e-07 1.192200e-14
9.236940e-07 1.151900e-14
9.258240e-07 1.168000e-14
9.279580e-07 1.240300e-14
9.300970e-07 1.173800e-14
9.322410e-07 1.234900e-14
9.343900e-07 1.232200e-14
9.365440e-07 1.212700e-14
9.387030e-07 1.232600e-14
9.408670e-07 1.207500e-14
9.430360e-07 1.244300e-14
9.452100e-07 1.227400e-14
9.473890e-07 1.259100e-14
9.495730e-07 1.262200e-14
9.517620e-07 1.228000e-14
9.539560e-07 1.236600e-14
9.561550e-07 1.231100e-14
9.583590e-07 1.257100e-14
9.605690e-07 1.240000e-14
9.627830e-07 1.245900e-14
9.650020e-07 1.226200e-14
9.672260e-07 1.226400e-14
9.694560e-07 1.243600e-14
9.716910e-07 1.221100e-14
9.739310e-07 1.207300e-14
9.761760e-07 1.210200e-14
9.784270e-07 1.196500e-14
9.806820e-07 1.227400e-14
9.829430e-07 1.216300e-14
9.852080e-07 1.225000e-14
9.874800e-07 1.216700e-14
9.897570e-07 1.214100e-14
9.920380e-07 1.205900e-14
9.943250e-07 1.222900e-14
9.966170e-07 1.225900e-14
9.989140e-07 1.220400e-14
1.003526e-06 1.229200e-14
1.008157e-06 1.212700e-14
1.012810e-06 1.244200e-14
1.017486e-06 1.236000e-14
1.022182e-06 1.250700e-14
1.026900e-06 1.262700e-14
1.029267e-06 1.259900e-14
1.050820e-06 1.215700e-14
1.070356e-06 1.155700e-14
1.090255e-06 1.132000e-14
1.110524e-06 1.066200e-14
1.131172e-06 1.063800e-14
1.149552e-06 1.071100e-14
1.170923e-06 1.046700e-14
1.189949e-06 9.859200e-15
1.209284e-06 9.881900e-15
1.228933e-06 9.791300e-15
1.248902e-06 9.437100e-15
1.269195e-06 9.243600e-15
1.289817e-06 9.095800e-15
1.310775e-06 8.950400e-15
1.329010e-06 8.626600e-15
1.350604e-06 8.410900e-15
1.369393e-06 8.257300e-15
1.388444e-06 7.867600e-15
1.411004e-06 7.444600e-15
1.430633e-06 7.359400e-15
1.450535e-06 7.444600e-15
1.470714e-06 7.158800e-15
1.491174e-06 7.291900e-15
1.508442e-06 7.393300e-15
1.529424e-06 7.565600e-15
1.550701e-06 7.496200e-15
1.568658e-06 7.325600e-15
1.590480e-06 7.044300e-15
1.608897e-06 7.028100e-15
1.631280e-06 7.012000e-15
1.650169e-06 6.947700e-15
1.669276e-06 6.963700e-15
1.688606e-06 6.931700e-15
1.708159e-06 6.836600e-15
1.731922e-06 6.574200e-15
1.751976e-06 6.351000e-15
1.768187e-06 6.037300e-15
1.788662e-06 5.752300e-15
1.809375e-06 5.430500e-15
1.830325e-06 5.270400e-15
1.851519e-06 5.068000e-15
1.868652e-06 4.806600e-15
1.890288e-06 4.686400e-15
1.912177e-06 4.643400e-15
1.929871e-06 4.516900e-15
1.952219e-06 4.343500e-15
1.970281e-06 4.186400e-15
1.988513e-06 4.053600e-15
2.011539e-06 3.998000e-15
2.030150e-06 3.871200e-15
2.048936e-06 3.844500e-15
2.067893e-06 3.774300e-15
2.091839e-06 3.705400e-15
2.111195e-06 3.663000e-15
2.130728e-06 3.596200e-15
2.150445e-06 3.538700e-15
2.170344e-06 3.434300e-15
2.190424e-06 3.379400e-15
2.210693e-06 3.279800e-15
2.231146e-06 3.197700e-15
2.251792e-06 3.124900e-15
2.267399e-06 3.039800e-15
2.288381e-06 2.721700e-15
2.309556e-06 2.684400e-15
2.330924e-06 2.348800e-15
2.352493e-06 2.197100e-15
2.368798e-06 2.227600e-15
2.390718e-06 2.045700e-15
2.407288e-06 1.958100e-15
2.429564e-06 1.913600e-15
2.452045e-06 1.757300e-15
2.469041e-06 1.705500e-15
2.491887e-06 1.428400e-15
2.509159e-06 1.402300e-15
2.532377e-06 1.405500e-15
2.549930e-06 1.392600e-15
2.567606e-06 1.421800e-15
2.591362e-06 1.395900e-15
2.609326e-06 1.392600e-15
2.627412e-06 1.357800e-15
2.651724e-06 1.342300e-15
2.670104e-06 1.317800e-15
2.688614e-06 1.299700e-15
2.707249e-06 1.278900e-15
2.732300e-06 1.252700e-15
2.751238e-06 1.232700e-15
2.770310e-06 1.204600e-15
2.789512e-06 1.188100e-15
2.808850e-06 1.166400e-15
2.828318e-06 1.147700e-15
2.847925e-06 1.126800e-15
2.867664e-06 1.103700e-15
2.887540e-06 1.088500e-15
2.907558e-06 1.068700e-15
2.927710e-06 1.046700e-15
2.948006e-06 1.030000e-15
2.968439e-06 1.015900e-15
2.989017e-06 9.950400e-16
3.009735e-06 9.813900e-16
3.030599e-06 9.657000e-16
3.051604e-06 9.568400e-16
3.072759e-06 9.458900e-16
3.086941e-06 9.350600e-16
3.108337e-06 9.264900e-16
3.129885e-06 9.180000e-16
3.151579e-06 9.054000e-16
3.173426e-06 8.971000e-16
3.188073e-06 8.909200e-16
3.210171e-06 8.868300e-16
3.232424e-06 8.868300e-16
3.247343e-06 8.971000e-16
3.269855e-06 9.393800e-16
3.292518e-06 1.066200e-15
3.307715e-06 1.056400e-15
3.330645e-06 9.054000e-16
3.353730e-06 8.449700e-16
3.369213e-06 8.144100e-16
3.392566e-06 7.940400e-16
3.408224e-06 7.759600e-16
3.431851e-06 7.635600e-16
3.447690e-06 7.496200e-16
3.471590e-06 7.359400e-16
3.487613e-06 7.241700e-16
3.511787e-06 7.125900e-16
3.527999e-06 6.995900e-16
3.552452e-06 6.899900e-16
3.568848e-06 6.773900e-16
3.593588e-06 6.665600e-16
3.610175e-06 6.559000e-16
3.626837e-06 6.454200e-16
3.651979e-06 6.336400e-16
3.668835e-06 6.235100e-16
3.685772e-06 6.107200e-16
3.711319e-06 5.995700e-16
3.728448e-06 5.913400e-16
3.754295e-06 5.792200e-16
3.771623e-06 5.725900e-16
3.789031e-06 5.621400e-16
3.806523e-06 5.531500e-16
3.832907e-06 5.443000e-16
3.850597e-06 5.356000e-16
3.868373e-06 5.246200e-16
3.886228e-06 5.162300e-16
3.913168e-06 5.079700e-16
3.931229e-06 4.998500e-16
3.949374e-06 4.896000e-16
3.967602e-06 4.817700e-16
3.985918e-06 4.718900e-16
4.013546e-06 4.654200e-16
4.032070e-06 4.579700e-16
4.050684e-06 4.496100e-16
4.069380e-06 4.424300e-16
4.088162e-06 4.353500e-16
4.107035e-06 4.293800e-16
4.125991e-06 4.234900e-16
4.154589e-06 4.157600e-16
4.173769e-06 4.100500e-16
4.193033e-06 4.035000e-16
4.212386e-06 3.970500e-16
4.231832e-06 3.925000e-16
4.251364e-06 3.862300e-16
4.270986e-06 3.809300e-16
4.290703e-06 3.671500e-16
4.310507e-06 3.538700e-16
4.330402e-06 3.522400e-16
4.350388e-06 3.410700e-16
4.370472e-06 3.340700e-16
4.390644e-06 3.287300e-16
4.410909e-06 3.197700e-16
4.431272e-06 3.153800e-16
4.451724e-06 3.110600e-16
4.472271e-06 3.039800e-16
4.492918e-06 3.018800e-16
4.513655e-06 2.970600e-16
4.534487e-06 2.923100e-16
4.544939e-06 2.896300e-16
4.565921e-06 2.863100e-16
4.586995e-06 2.798000e-16
4.608166e-06 2.791500e-16
4.629440e-06 2.753200e-16
4.650807e-06 2.721700e-16
4.672273e-06 2.703000e-16
4.693843e-06 2.665900e-16
4.704662e-06 2.629300e-16
4.726376e-06 2.623300e-16
4.748191e-06 2.581300e-16
4.770111e-06 2.557600e-16
4.792127e-06 2.534200e-16
4.814245e-06 2.487900e-16
4.825342e-06 2.487900e-16
4.847619e-06 2.453800e-16
4.869993e-06 2.420100e-16
4.892470e-06 2.398100e-16
4.915056e-06 2.379300e-16
4.926386e-06 2.367200e-16
4.949123e-06 2.343300e-16
4.971966e-06 2.341100e-16
4.994919e-06 2.317400e-16
5.006433e-06 2.305700e-16
5.029540e-06 2.292900e-16
5.052754e-06 2.269800e-16
5.064406e-06 2.258300e-16
5.076080e-06 2.252100e-16
5.087780e-06 2.256200e-16
5.099508e-06 2.250000e-16
5.111263e-06 2.238600e-16
5.123045e-06 2.232400e-16
5.134853e-06 2.226300e-16
5.146696e-06 2.220100e-16
5.158559e-06 2.214000e-16
5.170450e-06 2.213000e-16
5.182368e-06 2.206900e-16
5.194314e-06 2.195700e-16
5.206287e-06 2.189700e-16
5.218294e-06 2.183700e-16
5.230322e-06 2.177600e-16
5.242378e-06 2.171600e-16
5.254463e-06 2.170700e-16
5.266575e-06 2.174700e-16
5.278714e-06 2.168700e-16
5.290882e-06 2.162700e-16
5.303084e-06 2.151800e-16
5.315308e-06 2.150900e-16
5.327560e-06 2.149900e-16
5.339840e-06 2.148900e-16
5.352149e-06 2.143000e-16
5.364486e-06 2.142100e-16
5.376852e-06 2.141100e-16
5.389252e-06 2.140200e-16
5.401674e-06 2.139200e-16
5.414126e-06 2.133400e-16
5.426605e-06 2.132400e-16
5.439114e-06 2.126600e-16
5.451652e-06 2.130500e-16
5.464224e-06 2.129600e-16
5.476819e-06 2.123800e-16
5.489444e-06 2.127800e-16
5.502098e-06 2.126800e-16
5.514780e-06 2.125900e-16
5.527492e-06 2.134800e-16
5.540234e-06 2.138800e-16
5.553010e-06 2.132900e-16
5.565810e-06 2.136900e-16
5.578640e-06 2.145900e-16
5.591499e-06 2.144900e-16
5.604388e-06 2.153900e-16
5.617306e-06 2.157900e-16
5.630261e-06 2.162000e-16
5.643239e-06 2.171000e-16
5.656247e-06 2.180100e-16
5.669285e-06 2.189300e-16
5.682353e-06 2.198400e-16
5.695451e-06 2.202600e-16
5.708580e-06 2.222000e-16
5.721745e-06 2.236500e-16
5.734934e-06 2.251000e-16
5.748153e-06 2.265700e-16
5.761403e-06 2.285700e-16
5.774683e-06 2.300500e-16
5.787995e-06 2.326200e-16
5.801336e-06 2.352200e-16
5.814715e-06 2.372900e-16
5.828118e-06 2.404900e-16
5.841553e-06 2.437400e-16
5.855018e-06 2.476000e-16
5.868514e-06 2.509400e-16
5.882042e-06 2.555000e-16
5.895607e-06 2.595400e-16
5.917952e-06 2.318300e-16
5.948269e-06 2.802600e-16
5.978585e-06 3.100800e-16
6.008903e-06 3.380800e-16
6.039219e-06 3.377100e-16
6.069536e-06 3.526600e-16
6.099853e-06 4.115200e-16
6.130170e-06 5.456800e-16
6.160487e-06 7.562300e-16
6.190804e-06 9.594700e-16
6.221121e-06 1.018900e-15
6.251438e-06 9.192500e-16
6.281755e-06 7.575200e-16
6.312071e-06 6.277500e-16
6.342389e-06 5.500100e-16
6.372705e-06 4.871800e-16
6.403022e-06 4.255300e-16
6.433340e-06 3.746300e-16
6.463656e-06 3.527100e-16
6.493972e-06 3.374200e-16
6.524290e-06 3.247500e-16
6.554606e-06 3.178000e-16
6.584923e-06 3.363900e-16
6.615241e-06 3.324500e-16
6.645557e-06 3.319800e-16
6.675875e-06 3.309000e-16
6.706191e-06 3.244400e-16
6.736508e-06 3.386600e-16
6.766826e-06 3.323400e-16
6.797142e-06 3.121700e-16
6.827459e-06 3.328100e-16
6.857776e-06 3.418400e-16
6.888092e-06 3.715600e-16
6.918410e-06 3.798400e-16
6.948727e-06 3.997000e-16
6.979043e-06 5.247700e-16
7.009361e-06 4.936500e-16
7.039677e-06 4.174200e-16
7.069995e-06 4.218800e-16
7.100311e-06 4.380200e-16
7.130628e-06 4.254500e-16
7.160946e-06 4.431400e-16
7.191262e-06 4.645200e-16
7.221578e-06 4.479100e-16
7.251896e-06 4.878000e-16
7.282213e-06 5.253500e-16
7.312529e-06 5.476700e-16
7.342846e-06 6.051900e-16
7.371179e-06 5.433500e-16
7.373163e-06 6.519500e-16
7.403481e-06 7.085300e-16
7.431933e-06 6.454600e-16
7.433797e-06 7.702200e-16
7.492687e-06 7.710000e-16
7.553442e-06 9.181900e-16
7.614197e-06 9.558200e-16
7.674951e-06 9.302700e-16
7.735707e-06 9.093800e-16
7.796461e-06 8.899300e-16
7.857215e-06 8.250900e-16
7.917971e-06 7.217500e-16
7.978725e-06 6.207600e-16
8.039479e-06 5.291900e-16
8.100234e-06 4.532600e-16
8.160988e-06 4.195300e-16
8.221744e-06 3.922400e-16
8.282498e-06 3.879700e-16
8.343253e-06 3.878800e-16
8.404007e-06 3.854600e-16
8.464763e-06 4.008600e-16
8.525516e-06 4.348900e-16
8.586271e-06 4.336300e-16
8.647026e-06 3.916900e-16
8.707780e-06 3.284700e-16
8.768534e-06 2.611600e-16
8.829289e-06 2.063200e-16
8.890044e-06 1.670200e-16
8.950799e-06 1.466300e-16
9.011553e-06 1.351600e-16
9.072308e-06 1.170700e-16
9.133063e-06 1.035500e-16
9.193818e-06 9.919300e-17
9.254572e-06 9.803900e-17
9.315326e-06 9.178900e-17
9.376082e-06 8.821500e-17
9.436836e-06 8.847200e-17
9.497590e-06 8.510900e-17
9.558346e-06 8.411900e-17
9.619101e-06 9.231800e-17
9.679855e-06 9.566300e-17
9.740610e-06 8.119200e-17
9.801360e-06 7.624300e-17
9.862120e-06 7.388000e-17
9.922870e-06 7.274100e-17
9.983631e-06 7.424600e-17
1.004438e-05 7.472000e-17
1.010514e-05 7.418500e-17
1.016589e-05 7.641000e-17
1.022664e-05 7.514700e-17
1.028740e-05 7.936100e-17
1.034815e-05 7.928600e-17
1.040891e-05 8.761600e-17
1.046966e-05 9.382000e-17
1.053041e-05 1.069100e-16
1.059117e-05 1.089700e-16
1.065193e-05 1.108700e-16
1.071269e-05 1.100500e-16
1.077344e-05 1.050100e-16
1.083420e-05 1.095600e-16
1.089495e-05 1.218700e-16
1.095570e-05 1.456700e-16
1.101646e-05 1.728600e-16
1.107721e-05 2.072000e-16
1.113797e-05 3.015700e-16
1.119872e-05 4.353500e-16
1.125948e-05 4.815200e-16
1.132023e-05 4.208800e-16
1.138098e-05 3.436300e-16
1.144174e-05 2.805400e-16
1.150249e-05 2.334400e-16
1.156325e-05 2.019600e-16
1.162400e-05 1.865400e-16
1.168476e-05 1.756200e-16
1.174551e-05 1.733600e-16
1.180626e-05 1.778500e-16
1.186702e-05 1.860400e-16
1.192777e-05 1.955800e-16
1.198853e-05 1.998800e-16
1.204929e-05 1.953900e-16
1.211004e-05 1.891600e-16
1.217080e-05 1.890000e-16
1.223155e-05 1.972500e-16
1.229231e-05 2.142600e-16
1.235306e-05 2.147000e-16
1.241382e-05 2.205500e-16
1.247457e-05 2.307900e-16
1.253532e-05 2.483600e-16
1.259608e-05 2.651400e-16
1.265683e-05 2.758800e-16
1.271759e-05 3.180000e-16
1.277834e-05 4.282100e-16
1.283909e-05 3.990900e-16
1.289985e-05 2.476200e-16
1.296060e-05 1.712300e-16
1.302136e-05 1.567800e-16
1.308211e-05 1.495900e-16
1.314287e-05 1.486500e-16
1.320362e-05 1.466900e-16
1.326437e-05 1.430300e-16
1.332514e-05 1.409900e-16
1.338588e-05 1.405100e-16
1.344665e-05 1.408600e-16
1.350740e-05 1.419900e-16
1.356816e-05 1.388700e-16
1.362891e-05 1.419900e-16
1.368966e-05 1.345000e-16
1.375042e-05 1.262300e-16
1.381117e-05 1.236200e-16
1.387193e-05 1.222500e-16
1.393268e-05 1.183700e-16
1.399344e-05 1.209000e-16
1.405419e-05 1.142400e-16
1.411494e-05 1.124200e-16
1.417570e-05 1.164600e-16
1.422798e-05 1.180300e-16
1.431769e-05 1.207500e-16
1.440741e-05 1.103400e-16
1.449712e-05 9.963400e-17
1.458683e-05 8.922700e-17
1.467655e-05 9.085400e-17
1.476627e-05 8.329700e-17
1.485598e-05 8.664400e-17
1.494569e-05 9.007100e-17
1.503541e-05 7.806000e-17
1.512513e-05 9.332800e-17
1.521484e-05 8.913700e-17
1.530455e-05 7.689400e-17
1.539427e-05 8.674900e-17
1.548398e-05 1.060300e-16
1.557370e-05 1.239900e-16
1.566342e-05 1.019800e-16
1.575313e-05 9.631700e-17
1.584284e-05 9.338400e-17
1.593256e-05 9.627000e-17
1.602227e-05 9.530900e-17
1.611199e-05 9.629600e-17
1.620170e-05 9.824000e-17
1.629142e-05 1.036200e-16
1.638113e-05 1.289100e-16
1.647084e-05 1.489700e-16
1.656056e-05 1.274000e-16
1.665028e-05 1.204500e-16
1.673999e-05 1.230800e-16
1.682970e-05 1.313000e-16
1.691943e-05 1.339400e-16
1.700914e-05 1.643900e-16
1.709885e-05 1.622400e-16
1.718857e-05 1.267600e-16
1.727828e-05 1.283300e-16
1.736799e-05 1.420100e-16
1.745770e-05 1.215500e-16
1.754743e-05 1.042800e-16
1.763714e-05 9.646900e-17
1.772685e-05 1.080600e-16
1.781657e-05 9.996600e-17
1.790628e-05 9.943300e-17
1.799600e-05 9.895900e-17
1.808572e-05 8.887100e-17
1.817543e-05 8.846100e-17
1.826514e-05 8.992100e-17
1.835485e-05 8.893100e-17
1.844458e-05 8.882800e-17
1.853429e-05 1.104700e-16
1.862400e-05 1.105300e-16
1.871372e-05 1.641100e-16
1.880343e-05 1.255300e-16
1.889314e-05 9.708400e-17
1.898286e-05 9.251600e-17
1.907258e-05 8.367500e-17
1.916229e-05 9.249900e-17
1.925200e-05 9.372900e-17
1.934172e-05 8.870000e-17
1.943144e-05 8.284800e-17
1.952115e-05 9.286300e-17
1.961086e-05 9.174800e-17
1.970058e-05 9.411900e-17
1.979029e-05 1.002100e-16
1.988001e-05 9.580000e-17
1.996973e-05 9.538900e-17
2.011180e-05 9.113500e-17
2.028351e-05 1.042900e-16
2.045532e-05 9.861900e-17
2.062723e-05 9.463000e-17
2.079923e-05 1.043400e-16
2.097131e-05 1.049900e-16
2.114350e-05 9.625800e-17
2.131577e-05 1.038900e-16
2.148814e-05 1.030100e-16
2.166060e-05 9.074200e-17
2.183316e-05 9.712600e-17
2.200581e-05 1.044800e-16
2.217855e-05 1.102300e-16
2.235139e-05 1.044700e-16
2.252433e-05 1.012000e-16
2.269735e-05 1.031300e-16
2.287048e-05 1.121600e-16
2.304370e-05 1.155400e-16
2.321701e-05 1.067900e-16
2.339043e-05 1.073600e-16
2.356392e-05 1.059500e-16
2.373752e-05 1.182900e-16
2.391122e-05 1.165400e-16
2.408501e-05 1.129700e-16
2.425890e-05 1.149400e-16
2.443288e-05 1.179600e-16
2.460695e-05 1.232200e-16
2.478113e-05 1.166500e-16
2.495540e-05 1.177700e-16
2.512977e-05 1.204600e-16
2.530424e-05 1.239500e-16
2.547880e-05 1.263900e-16
2.565346e-05 1.486200e-16
2.582821e-05 1.344600e-16
2.600307e-05 1.327200e-16
2.617802e-05 1.283600e-16
2.635307e-05 1.269900e-16
2.652822e-05 1.508700e-16
2.670347e-05 1.305000e-16
2.687881e-05 1.307000e-16
2.705426e-05 1.289000e-16
2.722980e-05 1.331600e-16
2.740544e-05 1.357200e-16
2.758118e-05 1.360800e-16
2.775703e-05 1.368300e-16
2.793296e-05 1.370800e-16
2.810899e-05 1.413600e-16
2.828513e-05 1.423300e-16
2.846138e-05 1.407200e-16
2.863772e-05 1.415700e-16
2.881415e-05 1.777700e-16
2.899069e-05 1.454800e-16
2.916733e-05 1.416600e-16
2.934407e-05 1.436000e-16
2.952091e-05 1.400500e-16
2.969785e-05 1.457900e-16
2.987490e-05 1.476400e-16
3.005204e-05 1.512100e-16
3.022928e-05 1.495300e-16
3.040663e-05 1.521700e-16
3.058409e-05 1.511500e-16
3.076165e-05 1.511600e-16
3.093930e-05 1.508700e-16
3.111705e-05 1.556400e-16
3.129492e-05 1.560600e-16
3.147288e-05 1.598300e-16
3.165095e-05 1.602600e-16
3.182911e-05 1.661100e-16
3.200739e-05 1.612600e-16
3.218577e-05 1.663600e-16
3.236424e-05 1.484200e-16
3.254282e-05 1.647200e-16
3.272151e-05 1.739500e-16
3.290031e-05 1.781400e-16
3.307921e-05 1.828700e-16
3.325821e-05 2.134500e-16
3.343731e-05 3.040100e-16
3.361652e-05 1.997800e-16
3.379585e-05 1.792500e-16
3.397526e-05 1.770900e-16
3.415479e-05 1.861000e-16
