1.000100e-08 1.379900e-19
1.021000e-08 1.896000e-19
1.040000e-08 2.376000e-19
1.059300e-08 3.032800e-19
1.079000e-08 3.943100e-19
1.099100e-08 5.739100e-19
1.140300e-08 8.587000e-19
1.180400e-08 1.207400e-18
1.210700e-08 4.579700e-18
1.250300e-08 5.940700e-18
1.270700e-08 6.559000e-18
1.279500e-08 7.028100e-18
1.309300e-08 8.013800e-18
1.321400e-08 9.568400e-18
1.339800e-08 1.034800e-17
1.371000e-08 1.345400e-17
1.399700e-08 1.509500e-17
1.429000e-08 4.424300e-17
1.469000e-08 1.185300e-16
1.510200e-08 1.302700e-16
1.548900e-08 1.444900e-16
1.588600e-08 1.606400e-16
1.618200e-08 1.729200e-16
1.659700e-08 1.931300e-16
1.698400e-08 2.103000e-16
1.729900e-08 2.253400e-16
1.770200e-08 2.442500e-16
1.799000e-08 2.587300e-16
1.819800e-08 2.696700e-16
1.857900e-08 2.903000e-16
1.910000e-08 3.183000e-16
1.941000e-08 3.379400e-16
1.981700e-08 3.596200e-16
2.018500e-08 3.853400e-16
2.051300e-08 4.044300e-16
2.099100e-08 4.167200e-16
2.157900e-08 4.751600e-16
2.198000e-08 5.044800e-16
2.228600e-08 5.186100e-16
2.270000e-08 5.518700e-16
2.301600e-08 8.527900e-16
2.339000e-08 1.471800e-15
2.399000e-08 1.835900e-15
2.460500e-08 1.765400e-15
2.517800e-08 1.896000e-15
2.570600e-08 1.621200e-15
2.600300e-08 1.870000e-15
2.642600e-08 1.976200e-15
2.691700e-08 1.985400e-15
2.741700e-08 1.994500e-15
2.792700e-08 2.003700e-15
2.838100e-08 2.013000e-15
2.897500e-08 1.931300e-15
2.958200e-08 1.976200e-15
3.013200e-08 1.962600e-15
3.083400e-08 1.994500e-15
3.177100e-08 2.041000e-15
3.281200e-08 2.041000e-15
3.380900e-08 2.026900e-15
3.483600e-08 2.003700e-15
3.573000e-08 1.985400e-15
3.656200e-08 1.980800e-15
3.750000e-08 1.953600e-15
3.846200e-08 1.870000e-15
3.953900e-08 1.896000e-15
4.046000e-08 1.883000e-15
4.140300e-08 1.848600e-15
4.217200e-08 1.810700e-15
4.295600e-08 1.777600e-15
4.405800e-08 1.749200e-15
4.508500e-08 1.705500e-15
4.602900e-08 1.666600e-15
4.699200e-08 1.632500e-15
4.797600e-08 1.606400e-15
4.898100e-08 1.551800e-15
5.000700e-08 1.534100e-15
5.058600e-08 1.499100e-15
5.117100e-08 1.530500e-15
5.200300e-08 1.502600e-15
5.297000e-08 1.458300e-15
5.395400e-08 1.399100e-15
5.495800e-08 1.364100e-15
5.597900e-08 1.357800e-15
5.702000e-08 1.348500e-15
5.794700e-08 1.302700e-15
5.902400e-08 1.284800e-15
5.998300e-08 1.227000e-15
6.095800e-08 1.081000e-15
6.194800e-08 1.201800e-15
6.295500e-08 1.163700e-15
6.397800e-08 1.150400e-15
6.501700e-08 1.119000e-15
6.577000e-08 1.083500e-15
6.653100e-08 1.086000e-15
6.745700e-08 1.068700e-15
6.855300e-08 1.013500e-15
6.950700e-08 1.020600e-15
7.047400e-08 9.634700e-16
7.161900e-08 9.791300e-16
7.261500e-08 9.568400e-16
7.345600e-08 9.415400e-16
7.447800e-08 9.158800e-16
7.551400e-08 8.950400e-16
7.656400e-08 8.088000e-16
7.745100e-08 8.587000e-16
7.852900e-08 8.257300e-16
7.943800e-08 8.200500e-16
8.054300e-08 8.088000e-16
8.147600e-08 7.922100e-16
8.241900e-08 7.813400e-16
8.356600e-08 7.175300e-16
8.453300e-08 7.461700e-16
8.551200e-08 7.291900e-16
8.650200e-08 7.191800e-16
8.750400e-08 7.109500e-16
8.851700e-08 6.979800e-16
8.954200e-08 6.868200e-16
9.057900e-08 6.696400e-16
9.141700e-08 7.741800e-16
9.247600e-08 1.458300e-15
9.354600e-08 2.305900e-15
9.441200e-08 3.474100e-15
9.550500e-08 4.465200e-15
9.638900e-08 4.806600e-15
9.750500e-08 1.602700e-15
9.840700e-08 3.970500e-15
9.954700e-08 4.148000e-15
1.004680e-07 5.752300e-15
1.013980e-07 5.647300e-15
1.025720e-07 2.830400e-15
1.035210e-07 4.196000e-15
1.044790e-07 7.225000e-15
1.054450e-07 7.060600e-15
1.064210e-07 5.595500e-15
1.074060e-07 6.544000e-15
1.084000e-07 5.114900e-15
1.094030e-07 6.820900e-15
1.104150e-07 6.544000e-15
1.114370e-07 6.235100e-15
1.124680e-07 5.569800e-15
1.135080e-07 7.028100e-15
1.145590e-07 6.409700e-15
1.156180e-07 6.773900e-15
1.164200e-07 6.884000e-15
1.174970e-07 4.751600e-15
1.185840e-07 6.619700e-15
1.194060e-07 4.654200e-15
1.205110e-07 3.482100e-15
1.216260e-07 2.505200e-15
1.224690e-07 4.697200e-15
1.236030e-07 6.820900e-15
1.244590e-07 7.393300e-15
1.256110e-07 7.012000e-15
1.264820e-07 6.065100e-15
1.273580e-07 7.777500e-15
1.285370e-07 8.125300e-15
1.294280e-07 6.321800e-15
1.306250e-07 6.235100e-15
1.315310e-07 7.831400e-15
1.324420e-07 7.444600e-15
1.333610e-07 6.528900e-15
1.345950e-07 7.831400e-15
1.355270e-07 7.548100e-15
1.364670e-07 6.696400e-15
1.374130e-07 7.012000e-15
1.383650e-07 7.044300e-15
1.396460e-07 6.023400e-15
1.406140e-07 6.177900e-15
1.415880e-07 6.439300e-15
1.425700e-07 6.604500e-15
1.435580e-07 6.559000e-15
1.442210e-07 6.899900e-15
1.445530e-07 7.012000e-15
1.455550e-07 6.773900e-15
1.465640e-07 6.206400e-15
1.475800e-07 6.192100e-15
1.486030e-07 6.321800e-15
1.496330e-07 6.409700e-15
1.506700e-07 6.023400e-15
1.513660e-07 5.331400e-15
1.517150e-07 5.712700e-15
1.524150e-07 5.531500e-15
1.534710e-07 4.784500e-15
1.545350e-07 5.246100e-15
1.556060e-07 4.952700e-15
1.563250e-07 5.044800e-15
1.574080e-07 5.443000e-15
1.584990e-07 5.739100e-15
1.595980e-07 5.886300e-15
1.603350e-07 5.739100e-15
1.614460e-07 5.739100e-15
1.625650e-07 5.368300e-15
1.633150e-07 5.752300e-15
1.644480e-07 5.927100e-15
1.655870e-07 5.331400e-15
1.663520e-07 5.954400e-15
1.671200e-07 5.126700e-15
1.678910e-07 6.899900e-15
1.686660e-07 7.208400e-15
1.694440e-07 6.498900e-15
1.706190e-07 6.365600e-15
1.714070e-07 6.574200e-15
1.725950e-07 6.665600e-15
1.733910e-07 7.461700e-15
1.745930e-07 7.158800e-15
1.753990e-07 8.144000e-15
1.766150e-07 6.884000e-15
1.774300e-07 7.618000e-15
1.786600e-07 7.670800e-15
1.794850e-07 9.158800e-15
1.803130e-07 8.508300e-15
1.815630e-07 8.276400e-15
1.824010e-07 8.200500e-15
1.836650e-07 7.670800e-15
1.845130e-07 6.773900e-15
1.853650e-07 7.548100e-15
1.866500e-07 8.488700e-15
1.875110e-07 8.547500e-15
1.883770e-07 8.314600e-15
1.896830e-07 8.787000e-15
1.905580e-07 8.726500e-15
1.914380e-07 8.827600e-15
1.923210e-07 8.200500e-15
1.936540e-07 6.619700e-15
1.945480e-07 9.546400e-15
1.954460e-07 9.415400e-15
1.968010e-07 1.078500e-14
1.977090e-07 1.044300e-14
1.986220e-07 1.068700e-14
1.995390e-07 1.056400e-14
2.004600e-07 1.008900e-14
2.013850e-07 9.881900e-15
2.023150e-07 9.415400e-15
2.037170e-07 1.049200e-14
2.046570e-07 1.145100e-14
2.056020e-07 1.081000e-14
2.065510e-07 1.039500e-14
2.075040e-07 1.207400e-14
2.079830e-07 1.520000e-14
2.084620e-07 1.640000e-14
2.094240e-07 1.523500e-14
2.103910e-07 1.418500e-14
2.113620e-07 1.499100e-14
2.123380e-07 1.451600e-14
2.133180e-07 1.267200e-14
2.143030e-07 1.520000e-14
2.152920e-07 1.551800e-14
2.162850e-07 1.392600e-14
2.172840e-07 1.412000e-14
2.182870e-07 1.577000e-14
2.192940e-07 1.647600e-14
2.203070e-07 1.566200e-14
2.213230e-07 1.299700e-14
2.223450e-07 1.348500e-14
2.233710e-07 1.697600e-14
2.244020e-07 1.584300e-14
2.254380e-07 1.308700e-14
2.264790e-07 1.296700e-14
2.275240e-07 1.438300e-14
2.285740e-07 1.693700e-14
2.296290e-07 1.475300e-14
2.306890e-07 1.656100e-14
2.317540e-07 1.473400e-14
2.322880e-07 1.038600e-14
2.333600e-07 1.085600e-14
2.344380e-07 8.315600e-15
2.355200e-07 1.349300e-14
2.366070e-07 8.838000e-15
2.376990e-07 1.098000e-14
2.382470e-07 7.306300e-15
2.393470e-07 8.931700e-15
2.404510e-07 8.773400e-15
2.415610e-07 9.986200e-15
2.426760e-07 1.488100e-14
2.432360e-07 1.474900e-14
2.443580e-07 1.694300e-14
2.454860e-07 1.754800e-14
2.466190e-07 1.608700e-14
2.477580e-07 1.454500e-14
2.483290e-07 1.210100e-14
2.494750e-07 1.253400e-14
2.506270e-07 1.791900e-14
2.512040e-07 1.001000e-14
2.517840e-07 8.601200e-15
2.523640e-07 8.926500e-15
2.535290e-07 1.148000e-14
2.546990e-07 1.211100e-14
2.552860e-07 1.833600e-14
2.564650e-07 1.470800e-14
2.576480e-07 1.793900e-14
2.582420e-07 1.655500e-14
2.594340e-07 1.521100e-14
2.606320e-07 1.356500e-14
2.612330e-07 1.234600e-14
2.624380e-07 1.647400e-14
2.636500e-07 2.404600e-14
2.642580e-07 3.207600e-14
2.654770e-07 4.115600e-14
2.667030e-07 2.733300e-14
2.673170e-07 3.132000e-14
2.685510e-07 3.444100e-14
2.697910e-07 2.724800e-14
2.704130e-07 3.261800e-14
2.716610e-07 2.521900e-14
2.722870e-07 2.232800e-14
2.735440e-07 2.655300e-14
2.748070e-07 1.557300e-14
2.754400e-07 1.970200e-14
2.767120e-07 2.436500e-14
2.773500e-07 2.678600e-14
2.786300e-07 1.779000e-14
2.792720e-07 8.228200e-15
2.805610e-07 1.001300e-14
2.812080e-07 2.464400e-14
2.825060e-07 3.451300e-14
2.838100e-07 3.343900e-14
2.844640e-07 2.788600e-14
2.857770e-07 1.998300e-14
2.864360e-07 3.538300e-14
2.877580e-07 4.286100e-14
2.884210e-07 3.973800e-14
2.897530e-07 4.492400e-14
2.910900e-07 5.939600e-14
2.931080e-07 5.262200e-14
2.951400e-07 4.972700e-14
2.971850e-07 5.321200e-14
2.992450e-07 5.413000e-14
3.013200e-07 5.544500e-14
3.027110e-07 5.796300e-14
3.048090e-07 5.992100e-14
3.069220e-07 6.486500e-14
3.090490e-07 6.523000e-14
3.111910e-07 7.225800e-14
3.133480e-07 6.828500e-14
3.147950e-07 6.912300e-14
3.169770e-07 7.414300e-14
3.191740e-07 6.464200e-14
3.206470e-07 7.174900e-14
3.228700e-07 6.113200e-14
3.251080e-07 8.160600e-14
3.273610e-07 9.379600e-14
3.288720e-07 9.214900e-14
3.311520e-07 8.891000e-14
3.319150e-07 8.493900e-14
3.326810e-07 8.419000e-14
3.334470e-07 9.559100e-14
3.342160e-07 8.741200e-14
3.349870e-07 9.413000e-14
3.357590e-07 9.657900e-14
3.365330e-07 7.345800e-14
3.373090e-07 6.889600e-14
3.380860e-07 9.491900e-14
3.388650e-07 9.408300e-14
3.396470e-07 8.122100e-14
3.404300e-07 1.025200e-13
3.412140e-07 8.810200e-14
3.420010e-07 9.378700e-14
3.427890e-07 9.147500e-14
3.435800e-07 9.560100e-14
3.443720e-07 7.271500e-14
3.451660e-07 9.392500e-14
3.459610e-07 9.417600e-14
3.467590e-07 9.185500e-14
3.475580e-07 9.402900e-14
3.483590e-07 9.363200e-14
3.491620e-07 9.388300e-14
3.499670e-07 8.049100e-14
3.507740e-07 1.037300e-13
3.515830e-07 8.711100e-14
3.523930e-07 9.777700e-14
3.532050e-07 9.536700e-14
3.540200e-07 1.065500e-13
3.548360e-07 1.116200e-13
3.556540e-07 9.974400e-14
3.564740e-07 1.052100e-13
3.572950e-07 7.965600e-14
3.581190e-07 8.558200e-14
3.589450e-07 6.509500e-14
3.597720e-07 9.856300e-14
3.606010e-07 1.011300e-13
3.614330e-07 9.163200e-14
3.622660e-07 8.039200e-14
3.630460e-07 1.137500e-13
3.633200e-07 1.026600e-13
3.635950e-07 9.961400e-14
3.638690e-07 9.644000e-14
3.641440e-07 1.072200e-13
3.644180e-07 1.147300e-13
3.646920e-07 9.006700e-14
3.649670e-07 1.119900e-13
3.652410e-07 1.079500e-13
3.655160e-07 1.109800e-13
3.657900e-07 1.203800e-13
3.660640e-07 1.387800e-13
3.663390e-07 1.192200e-13
3.666130e-07 1.264600e-13
3.668870e-07 1.072400e-13
3.671620e-07 1.021400e-13
3.674360e-07 1.138300e-13
3.677110e-07 1.182000e-13
3.679850e-07 1.145000e-13
3.682590e-07 1.038800e-13
3.685340e-07 1.145100e-13
3.688080e-07 1.150900e-13
3.690830e-07 1.229300e-13
3.693570e-07 1.142700e-13
3.696310e-07 1.317000e-13
3.699060e-07 1.363600e-13
3.701800e-07 1.274000e-13
3.704540e-07 1.108800e-13
3.707290e-07 1.173500e-13
3.710030e-07 1.109000e-13
3.712780e-07 1.152800e-13
3.715520e-07 1.233500e-13
3.718260e-07 1.353000e-13
3.721010e-07 1.215500e-13
3.723750e-07 1.201500e-13
3.726500e-07 1.185000e-13
3.729240e-07 1.180400e-13
3.731980e-07 1.167800e-13
3.734730e-07 9.698100e-14
3.737470e-07 9.633200e-14
3.740210e-07 1.095100e-13
3.742960e-07 1.095600e-13
3.745700e-07 1.063800e-13
3.748450e-07 1.012900e-13
3.751190e-07 1.018000e-13
3.753930e-07 1.122900e-13
3.756680e-07 1.131000e-13
3.759420e-07 1.248500e-13
3.762170e-07 1.213300e-13
3.764910e-07 1.228500e-13
3.767650e-07 1.247900e-13
3.770400e-07 1.132200e-13
3.773140e-07 1.294300e-13
3.775880e-07 1.368600e-13
3.778630e-07 1.404100e-13
3.781370e-07 1.370700e-13
3.784120e-07 1.269100e-13
3.786860e-07 1.427900e-13
3.789600e-07 1.292500e-13
3.792350e-07 1.318400e-13
3.795090e-07 1.114100e-13
3.797840e-07 1.144100e-13
3.800580e-07 1.297400e-13
3.803320e-07 1.208900e-13
3.806070e-07 1.301600e-13
3.808810e-07 1.282900e-13
3.811550e-07 1.236500e-13
3.814300e-07 1.147900e-13
3.817040e-07 1.216900e-13
3.819790e-07 1.202600e-13
3.822530e-07 1.102700e-13
3.825270e-07 1.035600e-13
3.828020e-07 8.543700e-14
3.830760e-07 9.050800e-14
3.833510e-07 9.604600e-14
3.836250e-07 8.260200e-14
3.838990e-07 9.004600e-14
3.841740e-07 1.039400e-13
3.844480e-07 1.046200e-13
3.847220e-07 1.191700e-13
3.849970e-07 1.290300e-13
3.852710e-07 1.164300e-13
3.855460e-07 1.246600e-13
3.858200e-07 1.260900e-13
3.860940e-07 1.177600e-13
3.863690e-07 1.112000e-13
3.866430e-07 1.271500e-13
3.869180e-07 1.262200e-13
3.871920e-07 1.286800e-13
3.874660e-07 1.148000e-13
3.877410e-07 1.153900e-13
3.880150e-07 1.130300e-13
3.882890e-07 1.168300e-13
3.885640e-07 1.071600e-13
3.888380e-07 1.223500e-13
3.891130e-07 1.195000e-13
3.893870e-07 1.240500e-13
3.896610e-07 1.409000e-13
3.899360e-07 1.361400e-13
3.902100e-07 1.355700e-13
3.904850e-07 1.435700e-13
3.907590e-07 1.403200e-13
3.910330e-07 1.492500e-13
3.913080e-07 1.400300e-13
3.915820e-07 1.476400e-13
3.918560e-07 1.450900e-13
3.921310e-07 1.376400e-13
3.924050e-07 1.229500e-13
3.926800e-07 1.081700e-13
3.929540e-07 1.000200e-13
3.932280e-07 8.769300e-14
3.935030e-07 7.936500e-14
3.937770e-07 8.130800e-14
3.940520e-07 9.018200e-14
3.943260e-07 1.119000e-13
3.946000e-07 1.227900e-13
3.948750e-07 1.326600e-13
3.951490e-07 1.428100e-13
3.954230e-07 1.436100e-13
3.956980e-07 1.397900e-13
3.959720e-07 1.358600e-13
3.962470e-07 1.210900e-13
3.965210e-07 9.949200e-14
3.967950e-07 8.921100e-14
3.970700e-07 8.416700e-14
3.973440e-07 9.227100e-14
3.976190e-07 1.088100e-13
3.978930e-07 1.282800e-13
3.981670e-07 1.519500e-13
3.984420e-07 1.678400e-13
3.987160e-07 1.701400e-13
3.989900e-07 1.739800e-13
3.992650e-07 1.820000e-13
3.995390e-07 1.845500e-13
3.998140e-07 1.902600e-13
4.000880e-07 1.924300e-13
4.003620e-07 1.877500e-13
4.006370e-07 1.906500e-13
4.009110e-07 1.917700e-13
4.011860e-07 1.966500e-13
4.014600e-07 1.983500e-13
4.017340e-07 2.036100e-13
4.020090e-07 1.995600e-13
4.022830e-07 1.998800e-13
4.025570e-07 2.043700e-13
4.028320e-07 1.993700e-13
4.031060e-07 1.937700e-13
4.033810e-07 1.906600e-13
4.036550e-07 1.940900e-13
4.039290e-07 2.011100e-13
4.042040e-07 1.990600e-13
4.044780e-07 1.876400e-13
4.047530e-07 1.899900e-13
4.050270e-07 1.935300e-13
4.053010e-07 1.911100e-13
4.055760e-07 1.943100e-13
4.058500e-07 1.958800e-13
4.061240e-07 1.909500e-13
4.063990e-07 1.901400e-13
4.066730e-07 1.891700e-13
4.069480e-07 1.914300e-13
4.072220e-07 1.889600e-13
4.074960e-07 1.855600e-13
4.077710e-07 1.936700e-13
4.080450e-07 1.964400e-13
4.083200e-07 1.968000e-13
4.085940e-07 2.037200e-13
4.088680e-07 2.111600e-13
4.091430e-07 2.085300e-13
4.094170e-07 2.004700e-13
4.096910e-07 1.924600e-13
4.099660e-07 1.852300e-13
4.102400e-07 1.722400e-13
4.105150e-07 1.686900e-13
4.107890e-07 1.814000e-13
4.110630e-07 1.894900e-13
4.113380e-07 1.921200e-13
4.116120e-07 1.965500e-13
4.118870e-07 2.021000e-13
4.121610e-07 1.998100e-13
4.124350e-07 2.016100e-13
4.127100e-07 2.023500e-13
4.129840e-07 1.952800e-13
4.132580e-07 1.969600e-13
4.135330e-07 2.008900e-13
4.138070e-07 2.036000e-13
4.140820e-07 2.058200e-13
4.143560e-07 2.010500e-13
4.146300e-07 2.012400e-13
4.149050e-07 1.950900e-13
4.151790e-07 1.951900e-13
4.154540e-07 1.985800e-13
4.157280e-07 2.000900e-13
4.160020e-07 2.011700e-13
4.162770e-07 2.003400e-13
4.165510e-07 2.054900e-13
4.168250e-07 2.016200e-13
4.171000e-07 1.943100e-13
4.173740e-07 1.937500e-13
4.176490e-07 1.914500e-13
4.179230e-07 1.878500e-13
4.181970e-07 1.896500e-13
4.184720e-07 1.910000e-13
4.187460e-07 1.933000e-13
4.190210e-07 1.996000e-13
4.192950e-07 1.949600e-13
4.195690e-07 1.917800e-13
4.198440e-07 1.908100e-13
4.201180e-07 1.941300e-13
4.203920e-07 1.940300e-13
4.206670e-07 2.018200e-13
4.209410e-07 2.025800e-13
4.212160e-07 2.094900e-13
4.214900e-07 2.044700e-13
4.217640e-07 2.094000e-13
4.220390e-07 2.076900e-13
4.223130e-07 1.931900e-13
4.225880e-07 1.887300e-13
4.228620e-07 1.896700e-13
4.231360e-07 1.885800e-13
4.234110e-07 1.953300e-13
4.236850e-07 1.995800e-13
4.239590e-07 2.035100e-13
4.242340e-07 2.044200e-13
4.245080e-07 2.109800e-13
4.247830e-07 2.126000e-13
4.250570e-07 2.045500e-13
4.253310e-07 2.057700e-13
4.256060e-07 2.054500e-13
4.258800e-07 1.982600e-13
4.261550e-07 1.994700e-13
4.264290e-07 2.050200e-13
4.267030e-07 2.108100e-13
4.269780e-07 2.026600e-13
4.272520e-07 1.932600e-13
4.275260e-07 1.883900e-13
4.278010e-07 1.960500e-13
4.280750e-07 1.993600e-13
4.283500e-07 1.981400e-13
4.286240e-07 1.959200e-13
4.288980e-07 1.902700e-13
4.291730e-07 1.899700e-13
4.294470e-07 1.847300e-13
4.297220e-07 1.796400e-13
4.299960e-07 1.668600e-13
4.302700e-07 1.568500e-13
4.305450e-07 1.601500e-13
4.308190e-07 1.589700e-13
4.310930e-07 1.612600e-13
4.313680e-07 1.776600e-13
4.316420e-07 2.031400e-13
4.319170e-07 2.081300e-13
4.321910e-07 2.133900e-13
4.324650e-07 2.128900e-13
4.327400e-07 2.063100e-13
4.330140e-07 2.120000e-13
4.332890e-07 2.186300e-13
4.335630e-07 2.154000e-13
4.338370e-07 2.107300e-13
4.341120e-07 2.007200e-13
4.343860e-07 2.004200e-13
4.346610e-07 2.087100e-13
4.349350e-07 2.233400e-13
4.352090e-07 2.232900e-13
4.354840e-07 2.228500e-13
4.357580e-07 2.322600e-13
4.360320e-07 2.346300e-13
4.363070e-07 2.315900e-13
4.365810e-07 2.456000e-13
4.368560e-07 2.409100e-13
4.371300e-07 2.363500e-13
4.374040e-07 2.210300e-13
4.376790e-07 2.193700e-13
4.379530e-07 2.148000e-13
4.382280e-07 2.133200e-13
4.385020e-07 2.078200e-13
4.387760e-07 2.057000e-13
4.390510e-07 2.086400e-13
4.393250e-07 2.216200e-13
4.395990e-07 2.119000e-13
4.398740e-07 2.234300e-13
4.401480e-07 2.317800e-13
4.404230e-07 2.175500e-13
4.406970e-07 2.199800e-13
4.409710e-07 2.316100e-13
4.412460e-07 2.258400e-13
4.415200e-07 2.331600e-13
4.417950e-07 2.404400e-13
4.420690e-07 2.401700e-13
4.423430e-07 2.425800e-13
4.426180e-07 2.383400e-13
4.428920e-07 2.482400e-13
4.431660e-07 2.331100e-13
4.434410e-07 2.375800e-13
4.437150e-07 2.382200e-13
4.439900e-07 2.432400e-13
4.442640e-07 2.439900e-13
4.445380e-07 2.481300e-13
4.448130e-07 2.488400e-13
4.450870e-07 2.516300e-13
4.453620e-07 2.457800e-13
4.456360e-07 2.347300e-13
4.459100e-07 2.300800e-13
4.461850e-07 2.270000e-13
4.464590e-07 2.339800e-13
4.467330e-07 2.400800e-13
4.470080e-07 2.455400e-13
4.472820e-07 2.517500e-13
4.475570e-07 2.567600e-13
4.478310e-07 2.516400e-13
4.481050e-07 2.562600e-13
4.483800e-07 2.541500e-13
4.486540e-07 2.583000e-13
4.489290e-07 2.613800e-13
4.492030e-07 2.569700e-13
4.494770e-07 2.595500e-13
4.497520e-07 2.609200e-13
4.500260e-07 2.621100e-13
4.503000e-07 2.654200e-13
4.505750e-07 2.751100e-13
4.508490e-07 2.818500e-13
4.511240e-07 2.746300e-13
4.513980e-07 2.704000e-13
4.516720e-07 2.698500e-13
4.519470e-07 2.742300e-13
4.522210e-07 2.697800e-13
4.524960e-07 2.629400e-13
4.527700e-07 2.514900e-13
4.530440e-07 2.420300e-13
4.533190e-07 2.438100e-13
4.535930e-07 2.477400e-13
4.538670e-07 2.502700e-13
4.541420e-07 2.551100e-13
4.544160e-07 2.579100e-13
4.546910e-07 2.586500e-13
4.549650e-07 2.541500e-13
4.552390e-07 2.544400e-13
4.555140e-07 2.543900e-13
4.557880e-07 2.552400e-13
4.560630e-07 2.580600e-13
4.563370e-07 2.665700e-13
4.566110e-07 2.734200e-13
4.568860e-07 2.695300e-13
4.571600e-07 2.724200e-13
4.574340e-07 2.717500e-13
4.577090e-07 2.716800e-13
4.579830e-07 2.688600e-13
4.582580e-07 2.609900e-13
4.585320e-07 2.599900e-13
4.588060e-07 2.632300e-13
4.590810e-07 2.676800e-13
4.593550e-07 2.669700e-13
4.596300e-07 2.612800e-13
4.599040e-07 2.630500e-13
4.601780e-07 2.610300e-13
4.604530e-07 2.624800e-13
4.607270e-07 2.697500e-13
4.610010e-07 2.754300e-13
4.612760e-07 2.780600e-13
4.615500e-07 2.829500e-13
4.618250e-07 2.846600e-13
4.620990e-07 2.854100e-13
4.623730e-07 2.841900e-13
4.626480e-07 2.817300e-13
4.629220e-07 2.804500e-13
4.631970e-07 2.761500e-13
4.634710e-07 2.774500e-13
4.637450e-07 2.740700e-13
4.640200e-07 2.719100e-13
4.642940e-07 2.688500e-13
4.645680e-07 2.615300e-13
4.648430e-07 2.590000e-13
4.651170e-07 2.617500e-13
4.653920e-07 2.612700e-13
4.656660e-07 2.641100e-13
4.659400e-07 2.700000e-13
4.662150e-07 2.726200e-13
4.664890e-07 2.663400e-13
4.667640e-07 2.599700e-13
4.670380e-07 2.546400e-13
4.673120e-07 2.546600e-13
4.675870e-07 2.601400e-13
4.678610e-07 2.629500e-13
4.681350e-07 2.630000e-13
4.684100e-07 2.629000e-13
4.686840e-07 2.654600e-13
4.689590e-07 2.635600e-13
4.692330e-07 2.637700e-13
4.695070e-07 2.602600e-13
4.697820e-07 2.643100e-13
4.700560e-07 2.634200e-13
4.703310e-07 2.558800e-13
4.706050e-07 2.517000e-13
4.708790e-07 2.534100e-13
4.711540e-07 2.549300e-13
4.714280e-07 2.593700e-13
4.717020e-07 2.642800e-13
4.719770e-07 2.677000e-13
4.722510e-07 2.696900e-13
4.725260e-07 2.715500e-13
4.728000e-07 2.722200e-13
4.730740e-07 2.697000e-13
4.733490e-07 2.647700e-13
4.736230e-07 2.658300e-13
4.738980e-07 2.701500e-13
4.741720e-07 2.729700e-13
4.744460e-07 2.760400e-13
4.747210e-07 2.787300e-13
4.749950e-07 2.813100e-13
4.752690e-07 2.789100e-13
4.755440e-07 2.783800e-13
4.758180e-07 2.697600e-13
4.760930e-07 2.662200e-13
4.763670e-07 2.647600e-13
4.766410e-07 2.641400e-13
4.769160e-07 2.675700e-13
4.771900e-07 2.742300e-13
4.774650e-07 2.743900e-13
4.777390e-07 2.767700e-13
4.780130e-07 2.789100e-13
4.782880e-07 2.770800e-13
4.785620e-07 2.762400e-13
4.788360e-07 2.741500e-13
4.791110e-07 2.757400e-13
4.793850e-07 2.789400e-13
4.796600e-07 2.820000e-13
4.799340e-07 2.852800e-13
4.802080e-07 2.833600e-13
4.804830e-07 2.840000e-13
4.807570e-07 2.843200e-13
4.810320e-07 2.826300e-13
4.813060e-07 2.831000e-13
4.815800e-07 2.880100e-13
4.818550e-07 2.935100e-13
4.821290e-07 2.886900e-13
4.824030e-07 2.873000e-13
4.826780e-07 2.824500e-13
4.829520e-07 2.782000e-13
4.832270e-07 2.791500e-13
4.835010e-07 2.804600e-13
4.837750e-07 2.823000e-13
4.840500e-07 2.802900e-13
4.843240e-07 2.743400e-13
4.845990e-07 2.737000e-13
4.848730e-07 2.750300e-13
4.851470e-07 2.784100e-13
4.854220e-07 2.723200e-13
4.856960e-07 2.658300e-13
4.859700e-07 2.514800e-13
4.862450e-07 2.412600e-13
4.865190e-07 2.397700e-13
4.867940e-07 2.476400e-13
4.870680e-07 2.525900e-13
4.873420e-07 2.567500e-13
4.876170e-07 2.635900e-13
4.878910e-07 2.690600e-13
4.881660e-07 2.719500e-13
4.884400e-07 2.693200e-13
4.887140e-07 2.659000e-13
4.889890e-07 2.650000e-13
4.892630e-07 2.644000e-13
4.895370e-07 2.714400e-13
4.898120e-07 2.829000e-13
4.900860e-07 2.860300e-13
4.903610e-07 2.838800e-13
4.906350e-07 2.806600e-13
4.909090e-07 2.800600e-13
4.911840e-07 2.800400e-13
4.914580e-07 2.800100e-13
4.917330e-07 2.718300e-13
4.920070e-07 2.646100e-13
4.922810e-07 2.625000e-13
4.925560e-07 2.672900e-13
4.928300e-07 2.700400e-13
4.931040e-07 2.771700e-13
4.933790e-07 2.843700e-13
4.936530e-07 2.774000e-13
4.939280e-07 2.751800e-13
4.942020e-07 2.792900e-13
4.944760e-07 2.820400e-13
4.947510e-07 2.861000e-13
4.950250e-07 2.907100e-13
4.953000e-07 2.885100e-13
4.955740e-07 2.860800e-13
4.958480e-07 2.803200e-13
4.961230e-07 2.750600e-13
4.963970e-07 2.750100e-13
4.966710e-07 2.736500e-13
4.969460e-07 2.755300e-13
4.972200e-07 2.836900e-13
4.974950e-07 2.852100e-13
4.977690e-07 2.764600e-13
4.980430e-07 2.703500e-13
4.983180e-07 2.711500e-13
4.985920e-07 2.622300e-13
4.988670e-07 2.617000e-13
4.991410e-07 2.659900e-13
4.994150e-07 2.686500e-13
4.996900e-07 2.708900e-13
4.999640e-07 2.681000e-13
5.002380e-07 2.631700e-13
5.005130e-07 2.662800e-13
5.007870e-07 2.689800e-13
5.010620e-07 2.678200e-13
5.013360e-07 2.566700e-13
5.016100e-07 2.547400e-13
5.018850e-07 2.513200e-13
5.021590e-07 2.510200e-13
5.024340e-07 2.558500e-13
5.027080e-07 2.569200e-13
5.029820e-07 2.622700e-13
5.032570e-07 2.672200e-13
5.035310e-07 2.718600e-13
5.038050e-07 2.637600e-13
5.040800e-07 2.594600e-13
5.043540e-07 2.659900e-13
5.046290e-07 2.587800e-13
5.049030e-07 2.607300e-13
5.051770e-07 2.656700e-13
5.054520e-07 2.687400e-13
5.057260e-07 2.751700e-13
5.060010e-07 2.785900e-13
5.062750e-07 2.786600e-13
5.065490e-07 2.768300e-13
5.068240e-07 2.772500e-13
5.070980e-07 2.668600e-13
5.073720e-07 2.627200e-13
5.076470e-07 2.667700e-13
5.079210e-07 2.652000e-13
5.081960e-07 2.624600e-13
5.084700e-07 2.598100e-13
5.087440e-07 2.633300e-13
5.090190e-07 2.638100e-13
5.092930e-07 2.690400e-13
5.095680e-07 2.693500e-13
5.098420e-07 2.684700e-13
5.101160e-07 2.613400e-13
5.103910e-07 2.613600e-13
5.106650e-07 2.640100e-13
5.109390e-07 2.642600e-13
5.112140e-07 2.620500e-13
5.114880e-07 2.669800e-13
5.117630e-07 2.698400e-13
5.120370e-07 2.734000e-13
5.123110e-07 2.639200e-13
5.125860e-07 2.624600e-13
5.128600e-07 2.558700e-13
5.131350e-07 2.567900e-13
5.134090e-07 2.602800e-13
5.136830e-07 2.589500e-13
5.139580e-07 2.598200e-13
5.142320e-07 2.580700e-13
5.145060e-07 2.554700e-13
5.147810e-07 2.534600e-13
5.150550e-07 2.482000e-13
5.153300e-07 2.553800e-13
5.156040e-07 2.581600e-13
5.158780e-07 2.579300e-13
5.161530e-07 2.597500e-13
5.164270e-07 2.497800e-13
5.167020e-07 2.345000e-13
5.169760e-07 2.240800e-13
5.172500e-07 2.155400e-13
5.175250e-07 2.169900e-13
5.177990e-07 2.236600e-13
5.180730e-07 2.299400e-13
5.183480e-07 2.328200e-13
5.186220e-07 2.327100e-13
5.188970e-07 2.337700e-13
5.191710e-07 2.415000e-13
5.194450e-07 2.501100e-13
5.197200e-07 2.555600e-13
5.199940e-07 2.601700e-13
5.202690e-07 2.555800e-13
5.205430e-07 2.514000e-13
5.208170e-07 2.519400e-13
5.210920e-07 2.492800e-13
5.213660e-07 2.531300e-13
5.216400e-07 2.592900e-13
5.219150e-07 2.671900e-13
5.221890e-07 2.685700e-13
5.224640e-07 2.671400e-13
5.227380e-07 2.651700e-13
5.230120e-07 2.615500e-13
5.232870e-07 2.631900e-13
5.235610e-07 2.657100e-13
5.238360e-07 2.733300e-13
5.241100e-07 2.783100e-13
5.243840e-07 2.771000e-13
5.246590e-07 2.780800e-13
5.249330e-07 2.776900e-13
5.252070e-07 2.711200e-13
5.254820e-07 2.736500e-13
5.257560e-07 2.769400e-13
5.260310e-07 2.764200e-13
5.263050e-07 2.657600e-13
5.265790e-07 2.580400e-13
5.268540e-07 2.446900e-13
5.271280e-07 2.428700e-13
5.274030e-07 2.505500e-13
5.276770e-07 2.618600e-13
5.279510e-07 2.725500e-13
5.282260e-07 2.792200e-13
5.285000e-07 2.842600e-13
5.287740e-07 2.880800e-13
5.290490e-07 2.929400e-13
5.293230e-07 2.957700e-13
5.295980e-07 2.907100e-13
5.298720e-07 2.873500e-13
5.301460e-07 2.834600e-13
5.304210e-07 2.874900e-13
5.306950e-07 3.010800e-13
5.309700e-07 3.064600e-13
5.312440e-07 3.042300e-13
5.315180e-07 3.059500e-13
5.317930e-07 3.038300e-13
5.320670e-07 2.999900e-13
5.323420e-07 2.894500e-13
5.326160e-07 2.829400e-13
5.328900e-07 2.758900e-13
5.331650e-07 2.756500e-13
5.334390e-07 2.780700e-13
5.337130e-07 2.844400e-13
5.339880e-07 2.902700e-13
5.342620e-07 2.947100e-13
5.345370e-07 2.903700e-13
5.348110e-07 2.882000e-13
5.350850e-07 2.957500e-13
5.353600e-07 2.988900e-13
5.356340e-07 3.053100e-13
5.359090e-07 3.104700e-13
5.361830e-07 3.072700e-13
5.364570e-07 3.006700e-13
5.367320e-07 2.938300e-13
5.370060e-07 2.909200e-13
5.372800e-07 2.888600e-13
5.375550e-07 2.920600e-13
5.378290e-07 2.983100e-13
5.381040e-07 3.000900e-13
5.383780e-07 2.971200e-13
5.386520e-07 2.933700e-13
5.389270e-07 2.939900e-13
5.392010e-07 2.908400e-13
5.394760e-07 2.882600e-13
5.397500e-07 2.829500e-13
5.400240e-07 2.777600e-13
5.402990e-07 2.771800e-13
5.405730e-07 2.732200e-13
5.408470e-07 2.733100e-13
5.411220e-07 2.757500e-13
5.413960e-07 2.840800e-13
5.416710e-07 2.894200e-13
5.419450e-07 2.910800e-13
5.422190e-07 2.926000e-13
5.424940e-07 2.897200e-13
5.427680e-07 2.897800e-13
5.430430e-07 2.858900e-13
5.433170e-07 2.857800e-13
5.435910e-07 2.833900e-13
5.438660e-07 2.885400e-13
5.441400e-07 2.917700e-13
5.444140e-07 2.975700e-13
5.446890e-07 2.935500e-13
5.449630e-07 2.876000e-13
5.452380e-07 2.863800e-13
5.455120e-07 2.829900e-13
5.457860e-07 2.862000e-13
5.460610e-07 2.887700e-13
5.463350e-07 2.889300e-13
5.466100e-07 2.862400e-13
5.468840e-07 2.870500e-13
5.471580e-07 2.873300e-13
5.474330e-07 2.827200e-13
5.477070e-07 2.813000e-13
5.479810e-07 2.798200e-13
5.482560e-07 2.835600e-13
5.485300e-07 2.875000e-13
5.488050e-07 2.891600e-13
5.490790e-07 2.917400e-13
5.493530e-07 2.914100e-13
5.496280e-07 2.944200e-13
5.499020e-07 2.952000e-13
5.501770e-07 2.949100e-13
5.504510e-07 2.929300e-13
5.507250e-07 2.856400e-13
5.510000e-07 2.831800e-13
5.512740e-07 2.833100e-13
5.515480e-07 2.868600e-13
5.518230e-07 2.891800e-13
5.520970e-07 2.911300e-13
5.523720e-07 2.916200e-13
5.526460e-07 2.919000e-13
5.529200e-07 2.931000e-13
5.531950e-07 2.927800e-13
5.534690e-07 2.952500e-13
5.537440e-07 2.884300e-13
5.540180e-07 2.912700e-13
5.542920e-07 2.898400e-13
5.545670e-07 3.016200e-13
5.548410e-07 2.978900e-13
5.551150e-07 3.011600e-13
5.553900e-07 3.043900e-13
5.556640e-07 2.994000e-13
5.559390e-07 3.022700e-13
5.562130e-07 2.911400e-13
5.564870e-07 2.899000e-13
5.567620e-07 2.901500e-13
5.570360e-07 2.906500e-13
5.573110e-07 2.839600e-13
5.575850e-07 2.954900e-13
5.578590e-07 2.903800e-13
5.581340e-07 2.886300e-13
5.584080e-07 2.941600e-13
5.586820e-07 2.883300e-13
5.589570e-07 2.774600e-13
5.592310e-07 2.789600e-13
5.595060e-07 2.769300e-13
5.597800e-07 2.826600e-13
5.600540e-07 2.835600e-13
5.603290e-07 2.852000e-13
5.606030e-07 2.907600e-13
5.608780e-07 2.927400e-13
5.611520e-07 2.971500e-13
5.614260e-07 3.003600e-13
5.617010e-07 2.954300e-13
5.619750e-07 2.875000e-13
5.622490e-07 2.884200e-13
5.625240e-07 2.861000e-13
5.627980e-07 2.871000e-13
5.630730e-07 2.929800e-13
5.633470e-07 2.961100e-13
5.636210e-07 2.949700e-13
5.638960e-07 2.915700e-13
5.641700e-07 2.899000e-13
5.644450e-07 2.883600e-13
5.647190e-07 2.893200e-13
5.649930e-07 2.965300e-13
5.652680e-07 2.919000e-13
5.655420e-07 2.912900e-13
5.658160e-07 2.906500e-13
5.660910e-07 2.898400e-13
5.663650e-07 2.887900e-13
5.666400e-07 2.898000e-13
5.669140e-07 2.881800e-13
5.671880e-07 2.993200e-13
5.674630e-07 3.007400e-13
5.677370e-07 2.975500e-13
5.680120e-07 3.011500e-13
5.682860e-07 2.963500e-13
5.685600e-07 2.959500e-13
5.688350e-07 2.921200e-13
5.691090e-07 2.924200e-13
5.693830e-07 2.948700e-13
5.696580e-07 2.954800e-13
5.699320e-07 2.954900e-13
5.702070e-07 2.956100e-13
5.704810e-07 2.894700e-13
5.707550e-07 2.852200e-13
5.710300e-07 2.826600e-13
5.713040e-07 2.802200e-13
5.715790e-07 2.929000e-13
5.718530e-07 2.933000e-13
5.721270e-07 3.004100e-13
5.724020e-07 3.100300e-13
5.726760e-07 3.117200e-13
5.729500e-07 3.088900e-13
5.732250e-07 3.006200e-13
5.734990e-07 3.024300e-13
5.737740e-07 3.051100e-13
5.740480e-07 3.030100e-13
5.743220e-07 3.023900e-13
5.745970e-07 3.030800e-13
5.748710e-07 2.981300e-13
5.751460e-07 2.971300e-13
5.754200e-07 2.990200e-13
5.756940e-07 3.017600e-13
5.759690e-07 3.055100e-13
5.762430e-07 2.982100e-13
5.765170e-07 3.049300e-13
5.767920e-07 2.995300e-13
5.770660e-07 3.028500e-13
5.773410e-07 3.076500e-13
5.776150e-07 3.050500e-13
5.778890e-07 2.944500e-13
5.781640e-07 2.910100e-13
5.784380e-07 2.885300e-13
5.787130e-07 2.852000e-13
5.789870e-07 2.932700e-13
5.792610e-07 3.023400e-13
5.795360e-07 3.010200e-13
5.798100e-07 3.049000e-13
5.800840e-07 3.032000e-13
5.803590e-07 3.009300e-13
5.806330e-07 3.029100e-13
5.809080e-07 3.049600e-13
5.811820e-07 3.091400e-13
5.814560e-07 2.975000e-13
5.817310e-07 3.005900e-13
5.820050e-07 3.052500e-13
5.822800e-07 3.055300e-13
5.825540e-07 3.112000e-13
5.828280e-07 3.048100e-13
5.831030e-07 3.125200e-13
5.833770e-07 3.115300e-13
5.836510e-07 3.110700e-13
5.839260e-07 3.121200e-13
5.842000e-07 3.095000e-13
5.844750e-07 3.068300e-13
5.847490e-07 2.986100e-13
5.850230e-07 3.074500e-13
5.852980e-07 3.059300e-13
5.855720e-07 2.992200e-13
5.858470e-07 2.929400e-13
5.861210e-07 2.902400e-13
5.863950e-07 2.970300e-13
5.866700e-07 2.977900e-13
5.869440e-07 3.043300e-13
5.872180e-07 3.031300e-13
5.874930e-07 2.999000e-13
5.877670e-07 2.953000e-13
5.880420e-07 2.974300e-13
5.883160e-07 2.995900e-13
5.885900e-07 2.813800e-13
5.888650e-07 2.626500e-13
5.891390e-07 2.551400e-13
5.894140e-07 2.457300e-13
5.896880e-07 2.449200e-13
5.899620e-07 2.596400e-13
5.902370e-07 2.752600e-13
5.905110e-07 2.808500e-13
5.907850e-07 2.906200e-13
5.910600e-07 3.014900e-13
5.913340e-07 2.898500e-13
5.916090e-07 2.948300e-13
5.918830e-07 2.955400e-13
5.921570e-07 3.000900e-13
5.924320e-07 3.026800e-13
5.927060e-07 2.920100e-13
5.929810e-07 2.928400e-13
5.932550e-07 2.979600e-13
5.935290e-07 3.009300e-13
5.938040e-07 3.011800e-13
5.940780e-07 2.963900e-13
5.943520e-07 2.999600e-13
5.946270e-07 2.981400e-13
5.949010e-07 2.950300e-13
5.951760e-07 2.954800e-13
5.954500e-07 2.943500e-13
5.957240e-07 2.965800e-13
5.959990e-07 2.971600e-13
5.962730e-07 2.967200e-13
5.965480e-07 3.006200e-13
5.968220e-07 2.967200e-13
5.970960e-07 2.981800e-13
5.973710e-07 3.021200e-13
5.976450e-07 3.010600e-13
5.979190e-07 2.958000e-13
5.981940e-07 2.913900e-13
5.984680e-07 2.896100e-13
5.987430e-07 2.941800e-13
5.990170e-07 2.954900e-13
5.992910e-07 2.958800e-13
5.995660e-07 2.978900e-13
5.998400e-07 3.031800e-13
6.001150e-07 3.022200e-13
6.003890e-07 2.944500e-13
6.006630e-07 2.924500e-13
6.009380e-07 2.937200e-13
6.012120e-07 2.930600e-13
6.014860e-07 2.930200e-13
6.017610e-07 2.936600e-13
6.020350e-07 2.961200e-13
6.023100e-07 2.947700e-13
6.025840e-07 2.936100e-13
6.028580e-07 2.954200e-13
6.031330e-07 3.007400e-13
6.034070e-07 3.012100e-13
6.036820e-07 2.997200e-13
6.039560e-07 3.015900e-13
6.042300e-07 2.996000e-13
6.045050e-07 3.038800e-13
6.047790e-07 3.051900e-13
6.050530e-07 3.016000e-13
6.053280e-07 3.012800e-13
6.056020e-07 3.047200e-13
6.058770e-07 2.974600e-13
6.061510e-07 2.971300e-13
6.064250e-07 3.023500e-13
6.067000e-07 3.012400e-13
6.069740e-07 2.991100e-13
6.072490e-07 3.006200e-13
6.075230e-07 3.051000e-13
6.077970e-07 3.058400e-13
6.080720e-07 2.984100e-13
6.083460e-07 2.963900e-13
6.086200e-07 2.945900e-13
6.088950e-07 2.968500e-13
6.091690e-07 3.025300e-13
6.094440e-07 2.925400e-13
6.097180e-07 2.963800e-13
6.099920e-07 2.954900e-13
6.102670e-07 2.990900e-13
6.105410e-07 2.903700e-13
6.108160e-07 2.953600e-13
6.110900e-07 2.948400e-13
6.113640e-07 2.964000e-13
6.116390e-07 2.922500e-13
6.119130e-07 3.005700e-13
6.121870e-07 2.914800e-13
6.124620e-07 2.939900e-13
6.127360e-07 2.916100e-13
6.130110e-07 2.979500e-13
6.132850e-07 2.873000e-13
6.135590e-07 2.842800e-13
6.138340e-07 2.866400e-13
6.141080e-07 2.917600e-13
6.143830e-07 2.929700e-13
6.146570e-07 2.953200e-13
6.149310e-07 2.970400e-13
6.152060e-07 2.961600e-13
6.154800e-07 2.918000e-13
6.157540e-07 2.939700e-13
6.160290e-07 2.841100e-13
6.163030e-07 2.740300e-13
6.165780e-07 2.783000e-13
6.168520e-07 2.684500e-13
6.171260e-07 2.730600e-13
6.174010e-07 2.793000e-13
6.176750e-07 2.800900e-13
6.179500e-07 2.841400e-13
6.182240e-07 2.883200e-13
6.184980e-07 2.852400e-13
6.187730e-07 2.924800e-13
6.190470e-07 2.861600e-13
6.193210e-07 2.825500e-13
6.195960e-07 2.787300e-13
6.198700e-07 2.811400e-13
6.201450e-07 2.804800e-13
6.204190e-07 2.837600e-13
6.206930e-07 2.880700e-13
6.209680e-07 2.880600e-13
6.212420e-07 2.817900e-13
6.215170e-07 2.788300e-13
6.217910e-07 2.804900e-13
6.220650e-07 2.892900e-13
6.223400e-07 2.754200e-13
6.226140e-07 2.750800e-13
6.228880e-07 2.756100e-13
6.231630e-07 2.729900e-13
6.234370e-07 2.723000e-13
6.237120e-07 2.749900e-13
6.239860e-07 2.851800e-13
6.242600e-07 2.821100e-13
6.245350e-07 2.806000e-13
6.248090e-07 2.779900e-13
6.250840e-07 2.757700e-13
6.253580e-07 2.756900e-13
6.256320e-07 2.727200e-13
6.259070e-07 2.677900e-13
6.261810e-07 2.664000e-13
6.264550e-07 2.741200e-13
6.267300e-07 2.733800e-13
6.270040e-07 2.863100e-13
6.272790e-07 2.789900e-13
6.275530e-07 2.786600e-13
6.278270e-07 2.744300e-13
6.281020e-07 2.783700e-13
6.283760e-07 2.788300e-13
6.286510e-07 3.571500e-13
6.289250e-07 3.267500e-13
6.291990e-07 2.877600e-13
6.294740e-07 2.747100e-13
6.297480e-07 2.806500e-13
6.300220e-07 2.801800e-13
6.302970e-07 2.832000e-13
6.305710e-07 2.852300e-13
6.308460e-07 2.897400e-13
6.311200e-07 2.913300e-13
6.313940e-07 2.852600e-13
6.316690e-07 2.768200e-13
6.319430e-07 2.828800e-13
6.322180e-07 2.882300e-13
6.324920e-07 2.844200e-13
6.327660e-07 2.919400e-13
6.330410e-07 2.895400e-13
6.333150e-07 2.852800e-13
6.335900e-07 2.901000e-13
6.338640e-07 2.867500e-13
6.341380e-07 2.866400e-13
6.344130e-07 2.886100e-13
6.346870e-07 2.912100e-13
6.349610e-07 2.921300e-13
6.352360e-07 2.900100e-13
6.355100e-07 2.887700e-13
6.357850e-07 2.874400e-13
6.360590e-07 2.817600e-13
6.363330e-07 2.917300e-13
6.366080e-07 2.881900e-13
6.368820e-07 2.839400e-13
6.371570e-07 2.935100e-13
6.374310e-07 2.982600e-13
6.377050e-07 2.943200e-13
6.379800e-07 2.880700e-13
6.382540e-07 2.922000e-13
6.385280e-07 2.898700e-13
6.388030e-07 3.000900e-13
6.390770e-07 2.960000e-13
6.393520e-07 2.950500e-13
6.396260e-07 2.912900e-13
6.399000e-07 2.844500e-13
6.401750e-07 2.887300e-13
6.404490e-07 2.901800e-13
6.407240e-07 2.798400e-13
6.409980e-07 2.905700e-13
6.412720e-07 2.878900e-13
6.415470e-07 2.860800e-13
6.418210e-07 2.828600e-13
6.420950e-07 2.924500e-13
6.423700e-07 2.916600e-13
6.426440e-07 2.915000e-13
6.429190e-07 2.944900e-13
6.431930e-07 2.853400e-13
6.434670e-07 2.895600e-13
6.437420e-07 2.871400e-13
6.440160e-07 2.930200e-13
6.442910e-07 2.967900e-13
6.445650e-07 2.993600e-13
6.448390e-07 2.993300e-13
6.451140e-07 2.916700e-13
6.453880e-07 2.933400e-13
6.456620e-07 2.880400e-13
6.459370e-07 2.883400e-13
6.462110e-07 2.873700e-13
6.464860e-07 2.921400e-13
6.467600e-07 2.905800e-13
6.470340e-07 2.982400e-13
6.473090e-07 3.017300e-13
6.475830e-07 3.016100e-13
6.478580e-07 3.013700e-13
6.481320e-07 3.090100e-13
6.484060e-07 3.060500e-13
6.486810e-07 2.913300e-13
6.489550e-07 2.823100e-13
6.492290e-07 2.818000e-13
6.495040e-07 2.807600e-13
6.497780e-07 2.795500e-13
6.500530e-07 2.798200e-13
6.503270e-07 2.788200e-13
6.506010e-07 2.875900e-13
6.508760e-07 2.951400e-13
6.511500e-07 2.930300e-13
6.514250e-07 2.984800e-13
6.516990e-07 2.995400e-13
6.519730e-07 2.946000e-13
6.522480e-07 2.939800e-13
6.525220e-07 2.957000e-13
6.527960e-07 3.034000e-13
6.530710e-07 2.992900e-13
6.533450e-07 2.926300e-13
6.536200e-07 3.012700e-13
6.538940e-07 3.067400e-13
6.541680e-07 2.979900e-13
6.544430e-07 2.937300e-13
6.547170e-07 3.014800e-13
6.549920e-07 3.004000e-13
6.552660e-07 2.963800e-13
6.555400e-07 2.908200e-13
6.558150e-07 2.843800e-13
6.560890e-07 2.829200e-13
6.563630e-07 2.780500e-13
6.566380e-07 2.767100e-13
6.569120e-07 2.762700e-13
6.571870e-07 2.795400e-13
6.574610e-07 2.818500e-13
6.577350e-07 2.880300e-13
6.580100e-07 2.961300e-13
6.582840e-07 3.020600e-13
6.585590e-07 3.113600e-13
6.588330e-07 3.199300e-13
6.591070e-07 3.013100e-13
6.593820e-07 2.957300e-13
6.596560e-07 2.819700e-13
6.599300e-07 2.899700e-13
6.602050e-07 2.897600e-13
6.604790e-07 2.891600e-13
6.607540e-07 2.904600e-13
6.610280e-07 3.041200e-13
6.613020e-07 2.946300e-13
6.615770e-07 2.984000e-13
6.618510e-07 2.967600e-13
6.621260e-07 2.970100e-13
6.624000e-07 2.893800e-13
6.626740e-07 2.960400e-13
6.629490e-07 2.889200e-13
6.632230e-07 2.899000e-13
6.634970e-07 2.921900e-13
6.637720e-07 2.910300e-13
6.640460e-07 2.843200e-13
6.643210e-07 2.878700e-13
6.645950e-07 2.897500e-13
6.648690e-07 2.857500e-13
6.651440e-07 2.875600e-13
6.654180e-07 2.914500e-13
6.656930e-07 2.869300e-13
6.659670e-07 2.830800e-13
6.662410e-07 2.876900e-13
6.665160e-07 2.852000e-13
6.667900e-07 2.832500e-13
6.670640e-07 2.788700e-13
6.673390e-07 2.798600e-13
6.676130e-07 2.785500e-13
6.678880e-07 2.801300e-13
6.681620e-07 2.893200e-13
6.684360e-07 2.914700e-13
6.687110e-07 2.890500e-13
6.689850e-07 2.869900e-13
6.692600e-07 2.857300e-13
6.695340e-07 2.901400e-13
6.698080e-07 2.879500e-13
6.700830e-07 2.863600e-13
6.703570e-07 2.860000e-13
6.706310e-07 2.832500e-13
6.709060e-07 2.833300e-13
6.711800e-07 2.887800e-13
6.714550e-07 2.916800e-13
6.717290e-07 2.888900e-13
6.720030e-07 2.849000e-13
6.722780e-07 2.841900e-13
6.725520e-07 2.854300e-13
6.728270e-07 2.851100e-13
6.731010e-07 2.880800e-13
6.733750e-07 2.892500e-13
6.736500e-07 2.859900e-13
6.739240e-07 2.840500e-13
6.741980e-07 2.824500e-13
6.744730e-07 2.800600e-13
6.747470e-07 2.789500e-13
6.750220e-07 2.773400e-13
6.752960e-07 2.799800e-13
6.755700e-07 2.764700e-13
6.758450e-07 2.735300e-13
6.761190e-07 2.792700e-13
6.763940e-07 2.855100e-13
6.766680e-07 2.807500e-13
6.769420e-07 2.780200e-13
6.772170e-07 2.816000e-13
6.774910e-07 2.752700e-13
6.777650e-07 2.811900e-13
6.780400e-07 2.833400e-13
6.783140e-07 2.854900e-13
6.785890e-07 2.806600e-13
6.788630e-07 2.864700e-13
6.791370e-07 2.763100e-13
6.794120e-07 2.715000e-13
6.796860e-07 2.767100e-13
6.799610e-07 2.800300e-13
6.802350e-07 2.779400e-13
6.805090e-07 2.793700e-13
6.807840e-07 2.759400e-13
6.810580e-07 2.972400e-13
6.813320e-07 3.130700e-13
6.823820e-07 2.858900e-13
6.839550e-07 2.878300e-13
6.855310e-07 2.871300e-13
6.871120e-07 2.722700e-13
6.886960e-07 2.818000e-13
6.902830e-07 2.830600e-13
6.918750e-07 2.849800e-13
6.934700e-07 2.790900e-13
6.950680e-07 2.915200e-13
6.966710e-07 2.894700e-13
6.982770e-07 2.841400e-13
6.998860e-07 2.907200e-13
7.014990e-07 2.860300e-13
7.031170e-07 2.794700e-13
7.047380e-07 2.987200e-13
7.063620e-07 2.813200e-13
7.079910e-07 2.838800e-13
7.096230e-07 2.655000e-13
7.112580e-07 2.716400e-13
7.128980e-07 2.691100e-13
7.145410e-07 2.641600e-13
7.161880e-07 2.671700e-13
7.178400e-07 2.683600e-13
7.194940e-07 2.464100e-13
7.211530e-07 2.615700e-13
7.228150e-07 2.713400e-13
7.244820e-07 2.719200e-13
7.261520e-07 2.725000e-13
7.278260e-07 2.788100e-13
7.295040e-07 2.717900e-13
7.311850e-07 2.819400e-13
7.328710e-07 2.878000e-13
7.345600e-07 2.958200e-13
7.362540e-07 2.753900e-13
7.379510e-07 2.977700e-13
7.396520e-07 2.830100e-13
7.413570e-07 2.949400e-13
7.430660e-07 2.829200e-13
7.447790e-07 2.888000e-13
7.464960e-07 2.982100e-13
7.482170e-07 2.927200e-13
7.499410e-07 2.913200e-13
7.516700e-07 2.926200e-13
7.534030e-07 3.000800e-13
7.551400e-07 3.042000e-13
7.568810e-07 2.965400e-13
7.586260e-07 2.958100e-13
7.603740e-07 2.917000e-13
7.621270e-07 2.896400e-13
7.638840e-07 2.849700e-13
7.656450e-07 2.836100e-13
7.674100e-07 2.504100e-13
7.691790e-07 2.777000e-13
7.709520e-07 2.538000e-13
7.727290e-07 2.744200e-13
7.745110e-07 2.781900e-13
7.762960e-07 2.730700e-13
7.780860e-07 2.686600e-13
7.798790e-07 2.686100e-13
7.816770e-07 2.704200e-13
7.834790e-07 2.773100e-13
7.852850e-07 2.779000e-13
7.870960e-07 2.772100e-13
7.889100e-07 2.721100e-13
7.907280e-07 2.708100e-13
7.925520e-07 2.597700e-13
7.943780e-07 2.670000e-13
7.962090e-07 2.719100e-13
7.980450e-07 2.731200e-13
7.998850e-07 2.762300e-13
8.017290e-07 2.736500e-13
8.035770e-07 2.606900e-13
8.054290e-07 2.679400e-13
8.072860e-07 2.818200e-13
8.091470e-07 2.709500e-13
8.110120e-07 2.759400e-13
8.128820e-07 2.771600e-13
8.147560e-07 2.783900e-13
8.166340e-07 2.802700e-13
8.185160e-07 2.707000e-13
8.204030e-07 2.497000e-13
8.222940e-07 2.737400e-13
8.241900e-07 2.625700e-13
8.260900e-07 2.800100e-13
8.279940e-07 2.806000e-13
8.299030e-07 2.648600e-13
8.318160e-07 2.654200e-13
8.337340e-07 2.647600e-13
8.356560e-07 2.641000e-13
8.375820e-07 2.752200e-13
8.395130e-07 2.568000e-13
8.414480e-07 2.732300e-13
8.433880e-07 2.590800e-13
8.453320e-07 2.584400e-13
8.472810e-07 2.583900e-13
8.492340e-07 2.607300e-13
8.511920e-07 2.506700e-13
8.531540e-07 2.600300e-13
8.551210e-07 1.465400e-13
8.570920e-07 2.593300e-13
8.590680e-07 2.575000e-13
8.610480e-07 2.592300e-13
8.630330e-07 2.556300e-13
8.650220e-07 2.615300e-13
8.670160e-07 1.634700e-13
8.690150e-07 2.502400e-13
8.710180e-07 2.530900e-13
8.730260e-07 2.655700e-13
8.750390e-07 2.565100e-13
8.770560e-07 2.648600e-13
8.790780e-07 2.642000e-13
8.811050e-07 2.641400e-13
8.831360e-07 2.551200e-13
8.851710e-07 2.622200e-13
8.872120e-07 2.347400e-13
8.892570e-07 2.457500e-13
8.913070e-07 2.508400e-13
8.933620e-07 2.490700e-13
8.954210e-07 2.422300e-13
8.974850e-07 2.328900e-13
8.995540e-07 2.296400e-13
9.016280e-07 2.409700e-13
9.037070e-07 2.392600e-13
9.057900e-07 2.653300e-13
9.078780e-07 2.408200e-13
9.099710e-07 2.369200e-13
9.120680e-07 2.567600e-13
9.141710e-07 2.401200e-13
9.162780e-07 2.219900e-13
9.183900e-07 2.144100e-13
9.205080e-07 2.372300e-13
9.226300e-07 2.328500e-13
9.247570e-07 2.365800e-13
9.268880e-07 2.387200e-13
9.290250e-07 2.327000e-13
9.311670e-07 2.510200e-13
9.333130e-07 2.521200e-13
9.354640e-07 2.514900e-13
9.376210e-07 2.468500e-13
9.397830e-07 2.508100e-13
9.419490e-07 2.461800e-13
9.441210e-07 2.495500e-13
9.462970e-07 2.553100e-13
9.484780e-07 2.558400e-13
9.506650e-07 2.493900e-13
9.528560e-07 2.516400e-13
9.550530e-07 2.452900e-13
9.572550e-07 2.498000e-13
9.594610e-07 2.543900e-13
9.616730e-07 2.508400e-13
9.638900e-07 2.519500e-13
9.661120e-07 2.478600e-13
9.683390e-07 2.512600e-13
9.705710e-07 2.466200e-13
9.728090e-07 2.437400e-13
9.750510e-07 2.431200e-13
9.772990e-07 2.447600e-13
9.795520e-07 2.407900e-13
9.818100e-07 2.474800e-13
9.840730e-07 2.451600e-13
9.863410e-07 2.445400e-13
9.886160e-07 2.444800e-13
9.908940e-07 2.410700e-13
9.931780e-07 2.438100e-13
9.954680e-07 2.448800e-13
9.977630e-07 2.448200e-13
1.000063e-06 2.442000e-13
1.002368e-06 2.447100e-13
1.006996e-06 2.418000e-13
1.011643e-06 2.461800e-13
1.018655e-06 2.437600e-13
1.023358e-06 2.453300e-13
1.028081e-06 2.463500e-13
1.030451e-06 2.457200e-13
1.049608e-06 2.369300e-13
1.069123e-06 2.258600e-13
1.088999e-06 2.202100e-13
1.109245e-06 2.083700e-13
1.129867e-06 2.059900e-13
1.150872e-06 2.059900e-13
1.169573e-06 2.008400e-13
1.191318e-06 1.909200e-13
1.210675e-06 1.891600e-13
1.230347e-06 1.870000e-13
1.250338e-06 1.806500e-13
1.270654e-06 1.769500e-13
1.291301e-06 1.729200e-13
1.309265e-06 1.701500e-13
1.330538e-06 1.643800e-13
1.349048e-06 1.602700e-13
1.370968e-06 1.573400e-13
1.390040e-06 1.506100e-13
1.409378e-06 1.431700e-13
1.428985e-06 1.412000e-13
1.448864e-06 1.425100e-13
1.469020e-06 1.370400e-13
1.489454e-06 1.392600e-13
1.510175e-06 1.402300e-13
1.531184e-06 1.431700e-13
1.548914e-06 1.415300e-13
1.570462e-06 1.389400e-13
1.588648e-06 1.339200e-13
1.610748e-06 1.339200e-13
1.629398e-06 1.333000e-13
1.648266e-06 1.317800e-13
1.671196e-06 1.308700e-13
1.690548e-06 1.293700e-13
1.710124e-06 1.267200e-13
1.729925e-06 1.218500e-13
1.749957e-06 1.174500e-13
1.770221e-06 1.121600e-13
1.790720e-06 1.071100e-13
1.811454e-06 1.015900e-13
1.828216e-06 9.881900e-14
1.849386e-06 9.502600e-14
1.870799e-06 9.054000e-14
1.888110e-06 8.807300e-14
1.909974e-06 8.666400e-14
1.932091e-06 8.391500e-14
1.949967e-06 8.069400e-14
1.968011e-06 7.777500e-14
1.990800e-06 7.513500e-14
2.009219e-06 7.393300e-14
2.027811e-06 7.142300e-14
2.051293e-06 7.060600e-14
2.070272e-06 6.899900e-14
2.089428e-06 6.742800e-14
2.108760e-06 6.635000e-14
2.128273e-06 6.498900e-14
2.147967e-06 6.380300e-14
2.167840e-06 6.163700e-14
2.187900e-06 6.065100e-14
2.208143e-06 5.872700e-14
2.228576e-06 5.712700e-14
2.249197e-06 5.582700e-14
2.270007e-06 5.430500e-14
2.291013e-06 4.851100e-14
2.312209e-06 4.784500e-14
2.328238e-06 4.167200e-14
2.349782e-06 3.916000e-14
2.371523e-06 3.961300e-14
2.387963e-06 3.629400e-14
2.410057e-06 3.490100e-14
2.432358e-06 3.426400e-14
2.449217e-06 3.161100e-14
2.471880e-06 3.089200e-14
2.489013e-06 2.575400e-14
2.512045e-06 2.522600e-14
2.529456e-06 2.534200e-14
2.552862e-06 2.511000e-14
2.570557e-06 2.551800e-14
2.588376e-06 2.511000e-14
2.612328e-06 2.505200e-14
2.630434e-06 2.436900e-14
2.648666e-06 2.409000e-14
2.667027e-06 2.365000e-14
2.691706e-06 2.327200e-14
2.710363e-06 2.290000e-14
2.729149e-06 2.237900e-14
2.748068e-06 2.202100e-14
2.767115e-06 2.152000e-14
2.792720e-06 2.122500e-14
2.812077e-06 2.078900e-14
2.831571e-06 2.045700e-14
2.851197e-06 2.003700e-14
2.870963e-06 1.962600e-14
2.890862e-06 1.931300e-14
2.910902e-06 1.896000e-14
2.931078e-06 1.852900e-14
2.951397e-06 1.819000e-14
2.971853e-06 1.789900e-14
2.992455e-06 1.753200e-14
3.013196e-06 1.725200e-14
3.027103e-06 1.693700e-14
3.048088e-06 1.674300e-14
3.069215e-06 1.655200e-14
3.090492e-06 1.628700e-14
3.111912e-06 1.606400e-14
3.133485e-06 1.588000e-14
3.147947e-06 1.562600e-14
3.169766e-06 1.541100e-14
3.191740e-06 1.523500e-14
3.206471e-06 1.502600e-14
3.228700e-06 1.482000e-14
3.251078e-06 1.465000e-14
3.273612e-06 1.454900e-14
3.288725e-06 1.451600e-14
3.311519e-06 1.435000e-14
3.326804e-06 1.386200e-14
3.349866e-06 1.357800e-14
3.373084e-06 1.333000e-14
3.388657e-06 1.308700e-14
3.412144e-06 1.281900e-14
3.427892e-06 1.264300e-14
3.451656e-06 1.241200e-14
3.467586e-06 1.218500e-14
3.491625e-06 1.199100e-14
3.507740e-06 1.177200e-14
3.532053e-06 1.155700e-14
3.548359e-06 1.134600e-14
3.572953e-06 1.113900e-14
3.589448e-06 1.093600e-14
3.606015e-06 1.076100e-14
3.631008e-06 1.056400e-14
3.647771e-06 1.034800e-14
3.673054e-06 1.015900e-14
3.690007e-06 9.950400e-15
3.707043e-06 9.768800e-15
3.732737e-06 9.612600e-15
3.749965e-06 9.393800e-15
3.767277e-06 9.264900e-15
3.793389e-06 9.095800e-15
3.810897e-06 8.929800e-15
3.828490e-06 8.787000e-15
3.846160e-06 8.626600e-15
3.872823e-06 8.449700e-15
3.890698e-06 8.295500e-15
3.908655e-06 8.162800e-15
3.926695e-06 8.013800e-15
3.953916e-06 7.831400e-15
3.972165e-06 7.706200e-15
3.990503e-06 7.530800e-15
4.008921e-06 7.410400e-15
4.027424e-06 7.291900e-15
4.046012e-06 7.142300e-15
4.074060e-06 7.028100e-15
4.092864e-06 6.899900e-15
4.111754e-06 6.789500e-15
4.130737e-06 6.681000e-15
4.149802e-06 6.559000e-15
4.168955e-06 6.454200e-15
4.188201e-06 6.336400e-15
4.207532e-06 6.220700e-15
4.226951e-06 6.149500e-15
4.246465e-06 6.037300e-15
4.266065e-06 5.954400e-15
4.285755e-06 5.712700e-15
4.305540e-06 5.455600e-15
4.325412e-06 5.443000e-15
4.345376e-06 5.234100e-15
4.365432e-06 5.114900e-15
4.385585e-06 5.021600e-15
4.405826e-06 4.862300e-15
4.426161e-06 4.773500e-15
4.446595e-06 4.697200e-15
4.467118e-06 4.590300e-15
4.487736e-06 4.548200e-15
4.508454e-06 4.465200e-15
4.529262e-06 4.383700e-15
4.550167e-06 4.333500e-15
4.571168e-06 4.274100e-15
4.592271e-06 4.157600e-15
4.613466e-06 4.148000e-15
4.634760e-06 4.081700e-15
4.645448e-06 4.025700e-15
4.666889e-06 3.998000e-15
4.688429e-06 3.925000e-15
4.710068e-06 3.871200e-15
4.731812e-06 3.853400e-15
4.753652e-06 3.774300e-15
4.764610e-06 3.731100e-15
4.786606e-06 3.688400e-15
4.808698e-06 3.612800e-15
4.830892e-06 3.612800e-15
4.853189e-06 3.538700e-15
4.875594e-06 3.482100e-15
4.886832e-06 3.434300e-15
4.909388e-06 3.379400e-15
4.932047e-06 3.356100e-15
4.954816e-06 3.294900e-15
4.966237e-06 3.279700e-15
4.989158e-06 3.212300e-15
5.012191e-06 3.165200e-15
5.035324e-06 3.118700e-15
5.046931e-06 3.056700e-15
5.070225e-06 3.018600e-15
5.081913e-06 2.992800e-15
5.093632e-06 2.967200e-15
5.105373e-06 2.941800e-15
5.117142e-06 2.909800e-15
5.128937e-06 2.884900e-15
5.140760e-06 2.860100e-15
5.152610e-06 2.835600e-15
5.164492e-06 2.811200e-15
5.176397e-06 2.793400e-15
5.188329e-06 2.763000e-15
5.200288e-06 2.739200e-15
5.212275e-06 2.715600e-15
5.224290e-06 2.686000e-15
5.236332e-06 2.662800e-15
5.248408e-06 2.639700e-15
5.260506e-06 2.629000e-15
5.272632e-06 2.612200e-15
5.284785e-06 2.583600e-15
5.296968e-06 2.549500e-15
5.309177e-06 2.527300e-15
5.321421e-06 2.511100e-15
5.333688e-06 2.495100e-15
5.345982e-06 2.473300e-15
5.358305e-06 2.446200e-15
5.370656e-06 2.430400e-15
5.383036e-06 2.409200e-15
5.395444e-06 2.388200e-15
5.407887e-06 2.372700e-15
5.420353e-06 2.346600e-15
5.432847e-06 2.320700e-15
5.445370e-06 2.305600e-15
5.457922e-06 2.290700e-15
5.470503e-06 2.265300e-15
5.483113e-06 2.240300e-15
5.495758e-06 2.220600e-15
5.508426e-06 2.201000e-15
5.521123e-06 2.186600e-15
5.533850e-06 2.177400e-15
5.546606e-06 2.148200e-15
5.559391e-06 2.129200e-15
5.572212e-06 2.115300e-15
5.585056e-06 2.096500e-15
5.597930e-06 2.078000e-15
5.610834e-06 2.064300e-15
5.623767e-06 2.041200e-15
5.636730e-06 2.023100e-15
5.649724e-06 2.009700e-15
5.662753e-06 1.996400e-15
5.675806e-06 1.978600e-15
5.688889e-06 1.960900e-15
5.702002e-06 1.943400e-15
5.715146e-06 1.934900e-15
5.728319e-06 1.917600e-15
5.741530e-06 1.904800e-15
5.754765e-06 1.892100e-15
5.768030e-06 1.875100e-15
5.781325e-06 1.862500e-15
5.794652e-06 1.854300e-15
5.808009e-06 1.837600e-15
5.821397e-06 1.821000e-15
5.834822e-06 1.812900e-15
5.848271e-06 1.800700e-15
5.861752e-06 1.788500e-15
5.875264e-06 1.776400e-15
5.888807e-06 1.768400e-15
5.911242e-06 1.988200e-15
5.942159e-06 1.816400e-15
5.973074e-06 1.753100e-15
6.003990e-06 1.965800e-15
6.034907e-06 1.680600e-15
6.065822e-06 1.835400e-15
6.096738e-06 1.753100e-15
6.127655e-06 2.071700e-15
6.158571e-06 2.435400e-15
6.189486e-06 2.312800e-15
6.220403e-06 2.325000e-15
6.251319e-06 2.060100e-15
6.282234e-06 2.204200e-15
6.313151e-06 1.783800e-15
6.344067e-06 1.913200e-15
6.374983e-06 1.788800e-15
6.405899e-06 1.739600e-15
6.436814e-06 1.875200e-15
6.467731e-06 1.553100e-15
6.498647e-06 1.493600e-15
6.529563e-06 1.689100e-15
6.560480e-06 1.519000e-15
6.591395e-06 1.365400e-15
6.622311e-06 1.318300e-15
6.653228e-06 1.599500e-15
6.684143e-06 1.390500e-15
6.715059e-06 1.486800e-15
6.745976e-06 1.531800e-15
6.776891e-06 1.500600e-15
6.807808e-06 1.555500e-15
6.838724e-06 1.651100e-15
6.869640e-06 1.604900e-15
6.900556e-06 1.596200e-15
6.931471e-06 1.433900e-15
6.962388e-06 1.456300e-15
6.993304e-06 1.453100e-15
7.024220e-06 1.316700e-15
7.055136e-06 1.511100e-15
7.086052e-06 1.455900e-15
7.116968e-06 1.478400e-15
7.147885e-06 1.392400e-15
7.178800e-06 1.337500e-15
7.209717e-06 1.332400e-15
7.240632e-06 1.480100e-15
7.271548e-06 1.379900e-15
7.302465e-06 1.471200e-15
7.333380e-06 1.457000e-15
7.364296e-06 1.686500e-15
7.395213e-06 1.477200e-15
7.426129e-06 1.576900e-15
7.457045e-06 1.607500e-15
7.487960e-06 1.583100e-15
7.516853e-06 1.668900e-15
7.518877e-06 1.921800e-15
7.549794e-06 2.199700e-15
7.578808e-06 2.020100e-15
7.580709e-06 2.041500e-15
7.640763e-06 1.997000e-15
7.702718e-06 1.952900e-15
7.764674e-06 1.898700e-15
7.826628e-06 1.766300e-15
7.888585e-06 1.815000e-15
7.950540e-06 1.581700e-15
8.012495e-06 1.494300e-15
8.074451e-06 1.305000e-15
8.136406e-06 1.139800e-15
8.198361e-06 1.149800e-15
8.260316e-06 1.179900e-15
8.322271e-06 1.148200e-15
8.384228e-06 1.036400e-15
8.446182e-06 1.085400e-15
8.508138e-06 1.039900e-15
8.570093e-06 9.870000e-16
8.632049e-06 1.044500e-15
8.694003e-06 9.735600e-16
8.755959e-06 8.724700e-16
8.817915e-06 7.456700e-16
8.879869e-06 6.196200e-16
8.941824e-06 6.319200e-16
9.003780e-06 6.009400e-16
9.065735e-06 5.931700e-16
9.127691e-06 5.262400e-16
9.189646e-06 5.521800e-16
9.251602e-06 5.961700e-16
9.313557e-06 5.032100e-16
9.375512e-06 5.902300e-16
9.437467e-06 5.186200e-16
9.499422e-06 4.995700e-16
9.561378e-06 4.572300e-16
9.623333e-06 5.575900e-16
9.685288e-06 5.481800e-16
9.747244e-06 4.630200e-16
9.809200e-06 4.308700e-16
9.871155e-06 4.753400e-16
9.933110e-06 4.368100e-16
9.995061e-06 4.320800e-16
1.005702e-05 4.271300e-16
1.011897e-05 4.283500e-16
1.018094e-05 4.423000e-16
1.024289e-05 3.910200e-16
1.030485e-05 3.937200e-16
1.036680e-05 4.131400e-16
1.042875e-05 4.338000e-16
1.049071e-05 4.206000e-16
1.055266e-05 4.191600e-16
1.061462e-05 4.660300e-16
1.067657e-05 4.857200e-16
1.073852e-05 4.548000e-16
1.080048e-05 4.521700e-16
1.086244e-05 4.142500e-16
1.092440e-05 4.854100e-16
1.098635e-05 4.715500e-16
1.104831e-05 5.564900e-16
1.111026e-05 6.795700e-16
1.117221e-05 9.975200e-16
1.123417e-05 1.279100e-15
1.129612e-05 1.249300e-15
1.135809e-05 1.098100e-15
1.142004e-05 8.683000e-16
1.148200e-05 8.124800e-16
1.154395e-05 7.226200e-16
1.160590e-05 6.370900e-16
1.166786e-05 5.761900e-16
1.172981e-05 5.751100e-16
1.179177e-05 5.288300e-16
1.185372e-05 5.782400e-16
1.191569e-05 5.985400e-16
1.197764e-05 6.199800e-16
1.203959e-05 5.940900e-16
1.210155e-05 5.840100e-16
1.216350e-05 5.433300e-16
1.222546e-05 5.755000e-16
1.228741e-05 6.381400e-16
1.234936e-05 6.044900e-16
1.241132e-05 6.062100e-16
1.247327e-05 6.580100e-16
1.253524e-05 7.006100e-16
1.259719e-05 6.783600e-16
1.265915e-05 6.923200e-16
1.272110e-05 6.955800e-16
1.278305e-05 7.432700e-16
1.284501e-05 6.821200e-16
1.290696e-05 5.300000e-16
1.296892e-05 4.383500e-16
1.303088e-05 4.410100e-16
1.309283e-05 4.384700e-16
1.315479e-05 4.296300e-16
1.321674e-05 4.172100e-16
1.327870e-05 4.343700e-16
1.334065e-05 3.894400e-16
1.340261e-05 4.205500e-16
1.346456e-05 3.670000e-16
1.352651e-05 3.637600e-16
1.358848e-05 3.807000e-16
1.365043e-05 3.646500e-16
1.371239e-05 3.267000e-16
1.377434e-05 3.150200e-16
1.383630e-05 3.395400e-16
1.389825e-05 3.543800e-16
1.396020e-05 3.303100e-16
1.402216e-05 3.136000e-16
1.408411e-05 3.240500e-16
1.414607e-05 3.155600e-16
1.420803e-05 3.217200e-16
1.426999e-05 3.026700e-16
1.433194e-05 2.997600e-16
1.439389e-05 2.586500e-16
1.445585e-05 2.548700e-16
1.450916e-05 2.837800e-16
1.460065e-05 2.709900e-16
1.469214e-05 2.570100e-16
1.478363e-05 2.751400e-16
1.487511e-05 2.561900e-16
1.496660e-05 2.509300e-16
1.505809e-05 2.415000e-16
1.514957e-05 2.414900e-16
1.524106e-05 2.462600e-16
1.533255e-05 2.432800e-16
1.542404e-05 2.330700e-16
1.551552e-05 2.931000e-16
1.560701e-05 3.008100e-16
1.569850e-05 2.510700e-16
1.578999e-05 2.393600e-16
1.588147e-05 2.411800e-16
1.597297e-05 2.503700e-16
1.606445e-05 2.455800e-16
1.615594e-05 2.502000e-16
1.624743e-05 2.556700e-16
1.633892e-05 2.802500e-16
1.643040e-05 3.211000e-16
1.652189e-05 3.131200e-16
1.661338e-05 2.989800e-16
1.670487e-05 3.002800e-16
1.679635e-05 3.166500e-16
1.688784e-05 3.252300e-16
1.697933e-05 4.065000e-16
1.707082e-05 4.396600e-16
1.716230e-05 3.462900e-16
1.725380e-05 2.987200e-16
1.734528e-05 2.951400e-16
1.743677e-05 2.683700e-16
1.752826e-05 2.423100e-16
1.761975e-05 2.333800e-16
1.771123e-05 2.269900e-16
1.780272e-05 2.240200e-16
1.789421e-05 2.133000e-16
1.798570e-05 2.018100e-16
1.807718e-05 1.845500e-16
1.816867e-05 1.654800e-16
1.826016e-05 1.648000e-16
1.835165e-05 1.714600e-16
1.844314e-05 1.777600e-16
1.853462e-05 1.777700e-16
1.862611e-05 1.822100e-16
1.871760e-05 2.093500e-16
1.880909e-05 1.949800e-16
1.890058e-05 1.782100e-16
1.899206e-05 1.532600e-16
1.908355e-05 1.658100e-16
1.917504e-05 1.667100e-16
1.926652e-05 1.602000e-16
1.935801e-05 1.438600e-16
1.944950e-05 1.483900e-16
1.954099e-05 1.620900e-16
1.963248e-05 1.255200e-16
1.972397e-05 1.524600e-16
1.981545e-05 1.323000e-16
1.990694e-05 1.180100e-16
1.999842e-05 1.331000e-16
2.008992e-05 1.387500e-16
2.018140e-05 1.267200e-16
2.027289e-05 1.257000e-16
2.036438e-05 1.340900e-16
2.047415e-05 1.209900e-16
2.065028e-05 1.282500e-16
2.082653e-05 1.195700e-16
2.100286e-05 1.163700e-16
2.117930e-05 1.214000e-16
2.135585e-05 1.156800e-16
2.153250e-05 1.136900e-16
2.170925e-05 1.109300e-16
2.188610e-05 1.151000e-16
2.206305e-05 1.078700e-16
2.224012e-05 1.078500e-16
2.241728e-05 1.101200e-16
2.259454e-05 1.125900e-16
2.277191e-05 1.125600e-16
2.294939e-05 1.085100e-16
2.312696e-05 1.046500e-16
2.330464e-05 1.022900e-16
2.348242e-05 1.070200e-16
2.366031e-05 1.092400e-16
2.383831e-05 1.121300e-16
2.401642e-05 1.076900e-16
2.419461e-05 1.062900e-16
2.437293e-05 1.035500e-16
2.455134e-05 1.057900e-16
2.472987e-05 1.001700e-16
2.490849e-05 1.029500e-16
2.508721e-05 1.043800e-16
2.526605e-05 1.063300e-16
2.544500e-05 1.040700e-16
2.562405e-05 1.074600e-16
2.580321e-05 1.173800e-16
2.598248e-05 1.274100e-16
2.616185e-05 1.112800e-16
2.634133e-05 1.004700e-16
2.652092e-05 1.039600e-16
2.670062e-05 1.017300e-16
2.688041e-05 1.004000e-16
2.706033e-05 9.979400e-17
2.724035e-05 9.923000e-17
2.742047e-05 1.008300e-16
2.760071e-05 9.924900e-17
2.778105e-05 9.520900e-17
2.796151e-05 1.022500e-16
2.814207e-05 1.142300e-16
2.832275e-05 1.131000e-16
2.850354e-05 1.041100e-16
2.868443e-05 9.828400e-17
2.886543e-05 1.029100e-16
2.904655e-05 9.997200e-17
2.922777e-05 9.889200e-17
2.940910e-05 1.014800e-16
2.959055e-05 1.068900e-16
2.977211e-05 1.005100e-16
2.995378e-05 1.051700e-16
3.013556e-05 1.043300e-16
3.031745e-05 1.087300e-16
3.049945e-05 1.061100e-16
3.068157e-05 1.100600e-16
3.086379e-05 1.121300e-16
3.104613e-05 1.087100e-16
3.122860e-05 1.077400e-16
3.141116e-05 1.058900e-16
3.159384e-05 1.085700e-16
3.177663e-05 1.102400e-16
3.195953e-05 1.103500e-16
3.214255e-05 1.087600e-16
3.232570e-05 1.185700e-16
3.250894e-05 1.166300e-16
3.269230e-05 1.252600e-16
3.287578e-05 1.197600e-16
3.305938e-05 1.185400e-16
3.324309e-05 1.305200e-16
3.342691e-05 1.535200e-16
3.361084e-05 1.574500e-16
3.379490e-05 1.278300e-16
3.397908e-05 1.237800e-16
3.416337e-05 1.148900e-16
3.434776e-05 1.127200e-16
3.453229e-05 1.353700e-16
3.471693e-05 1.984100e-16
3.490168e-05 2.517800e-16
