1.020900e-08 1.989100e-26
1.039900e-08 3.003700e-26
1.059200e-08 4.588300e-26
1.078900e-08 7.106500e-26
1.099000e-08 1.223600e-25
1.140200e-08 2.521500e-25
1.180300e-08 4.804600e-25
1.210600e-08 2.262800e-24
1.250200e-08 3.869500e-24
1.270600e-08 4.871400e-24
1.279400e-08 5.554600e-24
1.309200e-08 7.649900e-24
1.321300e-08 9.697400e-24
1.339700e-08 1.182100e-23
1.370900e-08 1.830900e-23
1.399600e-08 2.424700e-23
1.428900e-08 8.311000e-23
1.468900e-08 2.758400e-22
1.510100e-08 3.686800e-22
1.548800e-08 4.950600e-22
1.588500e-08 6.616900e-22
1.621800e-08 8.121800e-22
1.659600e-08 1.073100e-21
1.698200e-08 1.376100e-21
1.729800e-08 1.654500e-21
1.770100e-08 2.087600e-21
1.798800e-08 2.464100e-21
1.819700e-08 2.758400e-21
1.862100e-08 3.409200e-21
1.909800e-08 4.402000e-21
1.940900e-08 5.148200e-21
1.981500e-08 6.203800e-21
2.018300e-08 7.493000e-21
2.051100e-08 8.563600e-21
2.098900e-08 1.015400e-20
2.157700e-08 1.360400e-20
2.197800e-08 1.602000e-20
2.228400e-08 1.776900e-20
2.269800e-08 2.082800e-20
2.301400e-08 3.488600e-20
2.338800e-08 6.481200e-20
2.398800e-08 9.239600e-20
2.460300e-08 1.008500e-19
2.517600e-08 1.226500e-19
2.570400e-08 1.160500e-19
2.600100e-08 1.417900e-19
2.642400e-08 1.616800e-19
2.691500e-08 1.785100e-19
2.741500e-08 1.957300e-19
2.792500e-08 2.141200e-19
2.837900e-08 2.342400e-19
2.897300e-08 2.475500e-19
2.958000e-08 2.783900e-19
3.013000e-08 2.983000e-19
3.083100e-08 3.354700e-19
3.176800e-08 3.941400e-19
3.280900e-08 4.494200e-19
3.380600e-08 5.054200e-19
3.483300e-08 5.631900e-19
3.572700e-08 6.203800e-19
3.655900e-08 6.849400e-19
3.749700e-08 7.424300e-19
3.845900e-08 7.846100e-19
3.953600e-08 8.803500e-19
4.045700e-08 9.586400e-19
4.139900e-08 1.020100e-18
4.216900e-08 1.068200e-18
4.295300e-08 1.121100e-18
4.405500e-08 1.206900e-18
4.508100e-08 1.269600e-18
4.602500e-08 1.326300e-18
4.698900e-08 1.395300e-18
4.797300e-08 1.474500e-18
4.897700e-08 1.519300e-18
5.000300e-08 1.609400e-18
5.058200e-08 1.635500e-18
5.116700e-08 1.768700e-18
5.199900e-08 1.826600e-18
5.296600e-08 1.882200e-18
5.395000e-08 1.903900e-18
5.495300e-08 2.002900e-18
5.597500e-08 2.136300e-18
5.701600e-08 2.262800e-18
5.794200e-08 2.294300e-18
5.901900e-08 2.435900e-18
5.997800e-08 2.469800e-18
6.095300e-08 2.380400e-18
6.194300e-08 2.771100e-18
6.295000e-08 2.861900e-18
6.397300e-08 2.962500e-18
6.501200e-08 3.109200e-18
6.576500e-08 3.203700e-18
6.652600e-08 3.339300e-18
6.745200e-08 3.417100e-18
6.854800e-08 3.417100e-18
6.950100e-08 3.851700e-18
7.046800e-08 3.798900e-18
7.161300e-08 4.223300e-18
7.261000e-08 4.381800e-18
7.345000e-08 4.525400e-18
7.447200e-08 4.871400e-18
7.550800e-08 5.112800e-18
7.655900e-08 5.160100e-18
7.744500e-08 5.723400e-18
7.852200e-08 6.007000e-18
7.943200e-08 6.304600e-18
8.053700e-08 6.601700e-18
8.146900e-08 6.865200e-18
8.241300e-08 7.424300e-18
8.355900e-08 6.511100e-18
8.452700e-08 7.900500e-18
8.550500e-08 8.178100e-18
8.649600e-08 8.763000e-18
8.749700e-08 9.389800e-18
8.851000e-08 1.017800e-17
8.953500e-08 1.075600e-17
9.057200e-08 1.088100e-17
9.141000e-08 1.654500e-17
9.246800e-08 1.075600e-16
9.353900e-08 2.430300e-16
9.440500e-08 4.804600e-16
9.549800e-08 7.073800e-16
9.660400e-08 7.955300e-16
9.749800e-08 1.212400e-16
9.840000e-08 6.632200e-16
9.953900e-08 7.373200e-16
1.004600e-07 1.142000e-15
1.013900e-07 1.126300e-15
1.025640e-07 4.837900e-16
1.035130e-07 7.792100e-16
1.044710e-07 1.598300e-15
1.054370e-07 1.587300e-15
1.064130e-07 1.235000e-15
1.073970e-07 1.522800e-15
1.083910e-07 1.182100e-15
1.093940e-07 1.650600e-15
1.104060e-07 1.602000e-15
1.114280e-07 1.544000e-15
1.124590e-07 1.392000e-15
1.134990e-07 1.847800e-15
1.145500e-07 1.685200e-15
1.156100e-07 1.835100e-15
1.164110e-07 1.917100e-15
1.174880e-07 1.302100e-15
1.185750e-07 1.899600e-15
1.193970e-07 1.260800e-15
1.205020e-07 8.783200e-16
1.216170e-07 6.189500e-16
1.224600e-07 1.323300e-15
1.235930e-07 2.102100e-15
1.244500e-07 2.347800e-15
1.256010e-07 2.247300e-15
1.264720e-07 1.912700e-15
1.276420e-07 2.574300e-15
1.285270e-07 2.733100e-15
1.294180e-07 2.107000e-15
1.306150e-07 2.097300e-15
1.315210e-07 2.733100e-15
1.324320e-07 2.622100e-15
1.333500e-07 2.299600e-15
1.345840e-07 2.842200e-15
1.355170e-07 2.764700e-15
1.364560e-07 2.452800e-15
1.374020e-07 2.622100e-15
1.383550e-07 2.677000e-15
1.396350e-07 2.337000e-15
1.406030e-07 2.458400e-15
1.415770e-07 2.509900e-15
1.425590e-07 2.622100e-15
1.435470e-07 2.616100e-15
1.442090e-07 2.796800e-15
1.445420e-07 2.855300e-15
1.455440e-07 2.783900e-15
1.465530e-07 2.562400e-15
1.475690e-07 2.580200e-15
1.485910e-07 2.652500e-15
1.496210e-07 2.726800e-15
1.506590e-07 2.580200e-15
1.513540e-07 2.278500e-15
1.517030e-07 2.469800e-15
1.524030e-07 2.396900e-15
1.534600e-07 2.073300e-15
1.545230e-07 2.337000e-15
1.555940e-07 2.211300e-15
1.566730e-07 2.262800e-15
1.573960e-07 2.435900e-15
1.584870e-07 2.586200e-15
1.595860e-07 2.658600e-15
1.603220e-07 2.628200e-15
1.614340e-07 2.658600e-15
1.625530e-07 2.509900e-15
1.636790e-07 2.708000e-15
1.644350e-07 2.771100e-15
1.655750e-07 2.550700e-15
1.663390e-07 2.829100e-15
1.671070e-07 2.504100e-15
1.678780e-07 2.855300e-15
1.686530e-07 3.010600e-15
1.694310e-07 2.829100e-15
1.706060e-07 2.720500e-15
1.713930e-07 2.574300e-15
1.725810e-07 2.580200e-15
1.733780e-07 2.783900e-15
1.745800e-07 2.726800e-15
1.753860e-07 2.942100e-15
1.766010e-07 2.689400e-15
1.774160e-07 2.777500e-15
1.786460e-07 2.848800e-15
1.794710e-07 3.080700e-15
1.802990e-07 3.066600e-15
1.815490e-07 2.822600e-15
1.823870e-07 2.901700e-15
1.836510e-07 2.790300e-15
1.844990e-07 2.556600e-15
1.853510e-07 2.580200e-15
1.866350e-07 2.683200e-15
1.874970e-07 2.948900e-15
1.883620e-07 2.708000e-15
1.896680e-07 2.616100e-15
1.905430e-07 2.790300e-15
1.914230e-07 2.689400e-15
1.923060e-07 2.646400e-15
1.936390e-07 2.720500e-15
1.945330e-07 2.888400e-15
1.954310e-07 2.714300e-15
1.967860e-07 3.010600e-15
1.976940e-07 3.102100e-15
1.986070e-07 2.942100e-15
1.995230e-07 2.868500e-15
2.004440e-07 2.969300e-15
2.013700e-07 2.868500e-15
2.022990e-07 3.010600e-15
2.037010e-07 2.875100e-15
2.046420e-07 3.017600e-15
2.055860e-07 2.888400e-15
2.065350e-07 2.908400e-15
2.074880e-07 3.138000e-15
2.079670e-07 3.066600e-15
2.084460e-07 3.233400e-15
2.094080e-07 3.052500e-15
2.103750e-07 3.066600e-15
2.113460e-07 3.130800e-15
2.123210e-07 3.159800e-15
2.133010e-07 2.928600e-15
2.142860e-07 3.066600e-15
2.152750e-07 3.196400e-15
2.162690e-07 3.080700e-15
2.172670e-07 3.073700e-15
2.182700e-07 3.073700e-15
2.192770e-07 3.225900e-15
2.202900e-07 3.138000e-15
2.213060e-07 2.942100e-15
2.223280e-07 2.881700e-15
2.233540e-07 3.159800e-15
2.243850e-07 3.024500e-15
2.254210e-07 2.842200e-15
2.264610e-07 2.910300e-15
2.275060e-07 3.029600e-15
2.285570e-07 3.183000e-15
2.296120e-07 2.980500e-15
2.306710e-07 3.046100e-15
2.317360e-07 2.878800e-15
2.322700e-07 2.241000e-15
2.333420e-07 2.617500e-15
2.344200e-07 2.490900e-15
2.355020e-07 2.817200e-15
2.365890e-07 2.502000e-15
2.376810e-07 2.634800e-15
2.382290e-07 2.382200e-15
2.393280e-07 2.584900e-15
2.404330e-07 2.488400e-15
2.415430e-07 2.590500e-15
2.426570e-07 2.876500e-15
2.437780e-07 2.781900e-15
2.443390e-07 2.996200e-15
2.454670e-07 2.985700e-15
2.466000e-07 2.934500e-15
2.477390e-07 2.805500e-15
2.483100e-07 2.794200e-15
2.494560e-07 2.677500e-15
2.506070e-07 3.113300e-15
2.511850e-07 2.591000e-15
2.517640e-07 2.628500e-15
2.523450e-07 2.540700e-15
2.535090e-07 2.663400e-15
2.546790e-07 2.654200e-15
2.552660e-07 3.007300e-15
2.564450e-07 2.848800e-15
2.576280e-07 3.084400e-15
2.582220e-07 3.015900e-15
2.594140e-07 2.950600e-15
2.606120e-07 2.821000e-15
2.612120e-07 2.764800e-15
2.624180e-07 2.993400e-15
2.636290e-07 3.316400e-15
2.642370e-07 3.783700e-15
2.654570e-07 4.106000e-15
2.666820e-07 3.450900e-15
2.672970e-07 3.708400e-15
2.685310e-07 3.799200e-15
2.697700e-07 3.477000e-15
2.703920e-07 3.719300e-15
2.716400e-07 3.365000e-15
2.722660e-07 3.297900e-15
2.735230e-07 3.562500e-15
2.747850e-07 2.859400e-15
2.754190e-07 3.051700e-15
2.766900e-07 3.296500e-15
2.773280e-07 3.494000e-15
2.786080e-07 3.075000e-15
2.792500e-07 2.339400e-15
2.805390e-07 2.544700e-15
2.811860e-07 3.434800e-15
2.824840e-07 3.912300e-15
2.837880e-07 3.801600e-15
2.844420e-07 3.582800e-15
2.857550e-07 3.189800e-15
2.864140e-07 4.018200e-15
2.877360e-07 4.222500e-15
2.883990e-07 4.091100e-15
2.897300e-07 4.230400e-15
2.910670e-07 4.896900e-15
2.930850e-07 4.610400e-15
2.951170e-07 4.513900e-15
2.971620e-07 4.724800e-15
2.992220e-07 4.777600e-15
3.012960e-07 4.920900e-15
3.026870e-07 4.984200e-15
3.047850e-07 5.075000e-15
3.068980e-07 5.215300e-15
3.090250e-07 5.298200e-15
3.111670e-07 5.482500e-15
3.133240e-07 5.368300e-15
3.147700e-07 5.400200e-15
3.169520e-07 5.588200e-15
3.191490e-07 5.165900e-15
3.213620e-07 5.546400e-15
3.228450e-07 5.076900e-15
3.250830e-07 5.894900e-15
3.273360e-07 6.387900e-15
3.288470e-07 6.338000e-15
3.311260e-07 6.307300e-15
3.318900e-07 6.355400e-15
3.326550e-07 6.301400e-15
3.334220e-07 6.850700e-15
3.341900e-07 6.397900e-15
3.349610e-07 6.987700e-15
3.357330e-07 6.739600e-15
3.365070e-07 5.780100e-15
3.372820e-07 5.665500e-15
3.380600e-07 6.738100e-15
3.388390e-07 6.805200e-15
3.396200e-07 6.429000e-15
3.404030e-07 7.021800e-15
3.411880e-07 6.349700e-15
3.419750e-07 6.487200e-15
3.427630e-07 6.658300e-15
3.435530e-07 6.913000e-15
3.443450e-07 5.970000e-15
3.451390e-07 6.875100e-15
3.459340e-07 6.723300e-15
3.467320e-07 6.651100e-15
3.475310e-07 6.842300e-15
3.483320e-07 6.768700e-15
3.491350e-07 6.836200e-15
3.499400e-07 6.125300e-15
3.507470e-07 7.102900e-15
3.515550e-07 6.482500e-15
3.523660e-07 6.967100e-15
3.531780e-07 6.876500e-15
3.539920e-07 7.339700e-15
3.548080e-07 7.655800e-15
3.556260e-07 7.216100e-15
3.564460e-07 7.406500e-15
3.572680e-07 6.396300e-15
3.580910e-07 6.656400e-15
3.589170e-07 5.553400e-15
3.597440e-07 6.996400e-15
3.605740e-07 7.131600e-15
3.611020e-07 5.551700e-15
3.613720e-07 7.515300e-15
3.616420e-07 6.808000e-15
3.619120e-07 7.075200e-15
3.621820e-07 7.063300e-15
3.624520e-07 6.472200e-15
3.627220e-07 5.535600e-15
3.629920e-07 5.741400e-15
3.632620e-07 5.380900e-15
3.635320e-07 5.161100e-15
3.638020e-07 5.562900e-15
3.640720e-07 8.492400e-15
3.643420e-07 8.465700e-15
3.646120e-07 7.677600e-15
3.648820e-07 7.378100e-15
3.651520e-07 7.511200e-15
3.654220e-07 6.944400e-15
3.656920e-07 6.886900e-15
3.659620e-07 6.792300e-15
3.662320e-07 5.680800e-15
3.665020e-07 6.326100e-15
3.667720e-07 6.621500e-15
3.670420e-07 7.975600e-15
3.673120e-07 8.643200e-15
3.675820e-07 5.670200e-15
3.678520e-07 7.480000e-15
3.681220e-07 8.752200e-15
3.683920e-07 8.039700e-15
3.686620e-07 6.908500e-15
3.689320e-07 6.765700e-15
3.692020e-07 6.595700e-15
3.694720e-07 8.285100e-15
3.697420e-07 9.360700e-15
3.700120e-07 8.180500e-15
3.702820e-07 7.457800e-15
3.705520e-07 8.616200e-15
3.708210e-07 6.724100e-15
3.710910e-07 7.406600e-15
3.713610e-07 8.314800e-15
3.716310e-07 7.703700e-15
3.719010e-07 8.081600e-15
3.721710e-07 8.486800e-15
3.724410e-07 9.984800e-15
3.727110e-07 1.310300e-14
3.729810e-07 1.573600e-14
3.732510e-07 1.509100e-14
3.735210e-07 1.287300e-14
3.737910e-07 9.797000e-15
3.740610e-07 8.051100e-15
3.743310e-07 6.963400e-15
3.746010e-07 6.670600e-15
3.748710e-07 6.246500e-15
3.751410e-07 7.560400e-15
3.754110e-07 7.298300e-15
3.756810e-07 7.696000e-15
3.759510e-07 8.268500e-15
3.762210e-07 6.798900e-15
3.764910e-07 8.988000e-15
3.767610e-07 8.033900e-15
3.770310e-07 7.056100e-15
3.773010e-07 6.489300e-15
3.775710e-07 7.551500e-15
3.778410e-07 9.180900e-15
3.781110e-07 9.480700e-15
3.783810e-07 9.199100e-15
3.786510e-07 9.084600e-15
3.789210e-07 7.702800e-15
3.791910e-07 9.086300e-15
3.794610e-07 8.795100e-15
3.797310e-07 7.782200e-15
3.800010e-07 7.168200e-15
3.802710e-07 7.278700e-15
3.805410e-07 7.860900e-15
3.808110e-07 9.193000e-15
3.810810e-07 9.228600e-15
3.813510e-07 9.821500e-15
3.816210e-07 8.705500e-15
3.818910e-07 9.867200e-15
3.821610e-07 9.680500e-15
3.824300e-07 8.917300e-15
3.827000e-07 8.131800e-15
3.829700e-07 8.548300e-15
3.832400e-07 7.703300e-15
3.835100e-07 6.942000e-15
3.837800e-07 5.764100e-15
3.840500e-07 6.391800e-15
3.843200e-07 7.207700e-15
3.845900e-07 8.275000e-15
3.848600e-07 9.391500e-15
3.851300e-07 9.671400e-15
3.854000e-07 9.516300e-15
3.856700e-07 1.020400e-14
3.859400e-07 9.500000e-15
3.862100e-07 9.942500e-15
3.864800e-07 9.961200e-15
3.867500e-07 9.743200e-15
3.870200e-07 1.067600e-14
3.872900e-07 1.070900e-14
3.875600e-07 1.040900e-14
3.878300e-07 1.018100e-14
3.881000e-07 8.659200e-15
3.883700e-07 8.112000e-15
3.886400e-07 7.597600e-15
3.889100e-07 7.563200e-15
3.891800e-07 7.469100e-15
3.894500e-07 8.203000e-15
3.897200e-07 8.792700e-15
3.899900e-07 9.689800e-15
3.902600e-07 1.020100e-14
3.905300e-07 1.009700e-14
3.908000e-07 1.091600e-14
3.910700e-07 1.079700e-14
3.913400e-07 1.011400e-14
3.916100e-07 1.015200e-14
3.918800e-07 1.071500e-14
3.921500e-07 1.053600e-14
3.924200e-07 1.124700e-14
3.926900e-07 9.990200e-15
3.929600e-07 9.366300e-15
3.932300e-07 7.929800e-15
3.935000e-07 7.034800e-15
3.937700e-07 7.812400e-15
3.940390e-07 7.278200e-15
3.943090e-07 7.241500e-15
3.945790e-07 9.563300e-15
3.948490e-07 8.848700e-15
3.951190e-07 1.059500e-14
3.953890e-07 1.032100e-14
3.956590e-07 1.040100e-14
3.959290e-07 9.693800e-15
3.961990e-07 9.847700e-15
3.964690e-07 8.704100e-15
3.967390e-07 7.532200e-15
3.970090e-07 7.035700e-15
3.972790e-07 7.574300e-15
3.975490e-07 6.677100e-15
3.978190e-07 8.559100e-15
3.980890e-07 9.098600e-15
3.983590e-07 1.040000e-14
3.986290e-07 1.145100e-14
3.988990e-07 1.115000e-14
3.991690e-07 1.090500e-14
3.994390e-07 1.209000e-14
3.997090e-07 1.241200e-14
3.999790e-07 1.173500e-14
4.002490e-07 1.174900e-14
4.005190e-07 1.258300e-14
4.007890e-07 1.394200e-14
4.010590e-07 1.340600e-14
4.013290e-07 1.232600e-14
4.015990e-07 1.317200e-14
4.018690e-07 1.354400e-14
4.021390e-07 1.380200e-14
4.024090e-07 1.447000e-14
4.026790e-07 1.422900e-14
4.029490e-07 1.431300e-14
4.032190e-07 1.374600e-14
4.034890e-07 1.345100e-14
4.037590e-07 1.326700e-14
4.040290e-07 1.363200e-14
4.042990e-07 1.315700e-14
4.045690e-07 1.331800e-14
4.048390e-07 1.314100e-14
4.051090e-07 1.325700e-14
4.053790e-07 1.255200e-14
4.056490e-07 1.276400e-14
4.059180e-07 1.369500e-14
4.061880e-07 1.321600e-14
4.064580e-07 1.244600e-14
4.067280e-07 1.254000e-14
4.069980e-07 1.244200e-14
4.072680e-07 1.257200e-14
4.075380e-07 1.266300e-14
4.078080e-07 1.244900e-14
4.080780e-07 1.320400e-14
4.083480e-07 1.351300e-14
4.086180e-07 1.413700e-14
4.088880e-07 1.250300e-14
4.091580e-07 1.388800e-14
4.094280e-07 1.274800e-14
4.096980e-07 1.175700e-14
4.099680e-07 1.153600e-14
4.102380e-07 1.107200e-14
4.105080e-07 9.824500e-15
4.107780e-07 1.029600e-14
4.110480e-07 1.132300e-14
4.113180e-07 1.162000e-14
4.115880e-07 1.234700e-14
4.118580e-07 1.168100e-14
4.121280e-07 1.246300e-14
4.123980e-07 1.329200e-14
4.126680e-07 1.270200e-14
4.129380e-07 1.319500e-14
4.132080e-07 1.196500e-14
4.134780e-07 1.202500e-14
4.137480e-07 1.318600e-14
4.140180e-07 1.302800e-14
4.142880e-07 1.241200e-14
4.145580e-07 1.277800e-14
4.148280e-07 1.268000e-14
4.150980e-07 1.273400e-14
4.153680e-07 1.277500e-14
4.156380e-07 1.340200e-14
4.159080e-07 1.301200e-14
4.161780e-07 1.293800e-14
4.164480e-07 1.359700e-14
4.167180e-07 1.354300e-14
4.169880e-07 1.311100e-14
4.172580e-07 1.323800e-14
4.175270e-07 1.253600e-14
4.177970e-07 1.127200e-14
4.180670e-07 1.100500e-14
4.183370e-07 1.206100e-14
4.186070e-07 1.249200e-14
4.188770e-07 1.274400e-14
4.191470e-07 1.274800e-14
4.194170e-07 1.195500e-14
4.196870e-07 1.233800e-14
4.199570e-07 1.302200e-14
4.202270e-07 1.282600e-14
4.204970e-07 1.258600e-14
4.207670e-07 1.280800e-14
4.210370e-07 1.314900e-14
4.213070e-07 1.352600e-14
4.215770e-07 1.339000e-14
4.218470e-07 1.301500e-14
4.221170e-07 1.361200e-14
4.223870e-07 1.341700e-14
4.226570e-07 1.261800e-14
4.229270e-07 1.289800e-14
4.231970e-07 1.265300e-14
4.234670e-07 1.182800e-14
4.237370e-07 1.312100e-14
4.240070e-07 1.286300e-14
4.242770e-07 1.271300e-14
4.245470e-07 1.332500e-14
4.248170e-07 1.314400e-14
4.250870e-07 1.365700e-14
4.253570e-07 1.350000e-14
4.256270e-07 1.347900e-14
4.258970e-07 1.334600e-14
4.261670e-07 1.312500e-14
4.264370e-07 1.342900e-14
4.267070e-07 1.370200e-14
4.269770e-07 1.362400e-14
4.272470e-07 1.348200e-14
4.275170e-07 1.277000e-14
4.277870e-07 1.260100e-14
4.280570e-07 1.280600e-14
4.283270e-07 1.334400e-14
4.285970e-07 1.337800e-14
4.288670e-07 1.276900e-14
4.291360e-07 1.257700e-14
4.294060e-07 1.233500e-14
4.296760e-07 1.217900e-14
4.299460e-07 1.166400e-14
4.302160e-07 1.151900e-14
4.304860e-07 1.120200e-14
4.307560e-07 1.106100e-14
4.310260e-07 1.118700e-14
4.312960e-07 1.161700e-14
4.315660e-07 1.190300e-14
4.318360e-07 1.255700e-14
4.321060e-07 1.286800e-14
4.323760e-07 1.255300e-14
4.326460e-07 1.237300e-14
4.329160e-07 1.278300e-14
4.331860e-07 1.261400e-14
4.334560e-07 1.225700e-14
4.337260e-07 1.205100e-14
4.339960e-07 1.223300e-14
4.342660e-07 1.238600e-14
4.345360e-07 1.197400e-14
4.348060e-07 1.261700e-14
4.350760e-07 1.230400e-14
4.353460e-07 1.270400e-14
4.356160e-07 1.306200e-14
4.358860e-07 1.362500e-14
4.361560e-07 1.339100e-14
4.364260e-07 1.417700e-14
4.366960e-07 1.433100e-14
4.369660e-07 1.474900e-14
4.372360e-07 1.450600e-14
4.375060e-07 1.415000e-14
4.377760e-07 1.347200e-14
4.380460e-07 1.339400e-14
4.383160e-07 1.425500e-14
4.385860e-07 1.371200e-14
4.388560e-07 1.319400e-14
4.391260e-07 1.321700e-14
4.393960e-07 1.371300e-14
4.396660e-07 1.381800e-14
4.399360e-07 1.392700e-14
4.402060e-07 1.332000e-14
4.404760e-07 1.315800e-14
4.407450e-07 1.317200e-14
4.410150e-07 1.311000e-14
4.412850e-07 1.360200e-14
4.415550e-07 1.391100e-14
4.418250e-07 1.421000e-14
4.420950e-07 1.413300e-14
4.423650e-07 1.421800e-14
4.426350e-07 1.432800e-14
4.429050e-07 1.434600e-14
4.431750e-07 1.405800e-14
4.434450e-07 1.446000e-14
4.437150e-07 1.471400e-14
4.439850e-07 1.405900e-14
4.442550e-07 1.460300e-14
4.445250e-07 1.452200e-14
4.447950e-07 1.517500e-14
4.450650e-07 1.547300e-14
4.453350e-07 1.489000e-14
4.456050e-07 1.502100e-14
4.458750e-07 1.482700e-14
4.461450e-07 1.353000e-14
4.464150e-07 1.463100e-14
4.466850e-07 1.428300e-14
4.469550e-07 1.379500e-14
4.472250e-07 1.454900e-14
4.474950e-07 1.549300e-14
4.477650e-07 1.537800e-14
4.480350e-07 1.564000e-14
4.483050e-07 1.559600e-14
4.485750e-07 1.499700e-14
4.488450e-07 1.465900e-14
4.491150e-07 1.465700e-14
4.493850e-07 1.478300e-14
4.496550e-07 1.488400e-14
4.499250e-07 1.518200e-14
4.501950e-07 1.528800e-14
4.504650e-07 1.571100e-14
4.507350e-07 1.569500e-14
4.510050e-07 1.637400e-14
4.512750e-07 1.575200e-14
4.515450e-07 1.571500e-14
4.518150e-07 1.537600e-14
4.520850e-07 1.534000e-14
4.523540e-07 1.582000e-14
4.526240e-07 1.499400e-14
4.528940e-07 1.526000e-14
4.531640e-07 1.495400e-14
4.534340e-07 1.450600e-14
4.537040e-07 1.399300e-14
4.539740e-07 1.469800e-14
4.542440e-07 1.638000e-14
4.545140e-07 1.546600e-14
4.547840e-07 1.496400e-14
4.550540e-07 1.483700e-14
4.553240e-07 1.580100e-14
4.555940e-07 1.474900e-14
4.558640e-07 1.522100e-14
4.561340e-07 1.550600e-14
4.564040e-07 1.648500e-14
4.566740e-07 1.607500e-14
4.569440e-07 1.599300e-14
4.572140e-07 1.615900e-14
4.574840e-07 1.642900e-14
4.577540e-07 1.564800e-14
4.580240e-07 1.633400e-14
4.582940e-07 1.542000e-14
4.585640e-07 1.559500e-14
4.588340e-07 1.574200e-14
4.591040e-07 1.525000e-14
4.593740e-07 1.495600e-14
4.596440e-07 1.575800e-14
4.599140e-07 1.547400e-14
4.601840e-07 1.475600e-14
4.604540e-07 1.495200e-14
4.607240e-07 1.483800e-14
4.609940e-07 1.493500e-14
4.612640e-07 1.633000e-14
4.615340e-07 1.632500e-14
4.618040e-07 1.574400e-14
4.620740e-07 1.675200e-14
4.623440e-07 1.596800e-14
4.626140e-07 1.584100e-14
4.628840e-07 1.679800e-14
4.631540e-07 1.619200e-14
4.634240e-07 1.651600e-14
4.636940e-07 1.614700e-14
4.639630e-07 1.490700e-14
4.642330e-07 1.528400e-14
4.645030e-07 1.612400e-14
4.647730e-07 1.381300e-14
4.650430e-07 1.500800e-14
4.653130e-07 1.551800e-14
4.655830e-07 1.550200e-14
4.658530e-07 1.583600e-14
4.661230e-07 1.568600e-14
4.663930e-07 1.573600e-14
4.666630e-07 1.610300e-14
4.669330e-07 1.560500e-14
4.672030e-07 1.438700e-14
4.674730e-07 1.472100e-14
4.677430e-07 1.507800e-14
4.680130e-07 1.531500e-14
4.682830e-07 1.578900e-14
4.685530e-07 1.562700e-14
4.688230e-07 1.592300e-14
4.690930e-07 1.616800e-14
4.693630e-07 1.634100e-14
4.696330e-07 1.571800e-14
4.699030e-07 1.495400e-14
4.701730e-07 1.507900e-14
4.704430e-07 1.559500e-14
4.707130e-07 1.470500e-14
4.709830e-07 1.508200e-14
4.712530e-07 1.570900e-14
4.715230e-07 1.542900e-14
4.717930e-07 1.595800e-14
4.720630e-07 1.605000e-14
4.723330e-07 1.629600e-14
4.726030e-07 1.575800e-14
4.728730e-07 1.587200e-14
4.731430e-07 1.542800e-14
4.734130e-07 1.585300e-14
4.736830e-07 1.523900e-14
4.739530e-07 1.559200e-14
4.742230e-07 1.629900e-14
4.744930e-07 1.599700e-14
4.747630e-07 1.629900e-14
4.750330e-07 1.677500e-14
4.753030e-07 1.652300e-14
4.755720e-07 1.602900e-14
4.758420e-07 1.602500e-14
4.761120e-07 1.556100e-14
4.763820e-07 1.617200e-14
4.766520e-07 1.539500e-14
4.769220e-07 1.555400e-14
4.771920e-07 1.539300e-14
4.774620e-07 1.587100e-14
4.777320e-07 1.592600e-14
4.780020e-07 1.599900e-14
4.782720e-07 1.589700e-14
4.785420e-07 1.654300e-14
4.788120e-07 1.603300e-14
4.790820e-07 1.572200e-14
4.793520e-07 1.664800e-14
4.796220e-07 1.635800e-14
4.798920e-07 1.623100e-14
4.801620e-07 1.627300e-14
4.804320e-07 1.590400e-14
4.807020e-07 1.612100e-14
4.809720e-07 1.706700e-14
4.812420e-07 1.599100e-14
4.815120e-07 1.576400e-14
4.817820e-07 1.717700e-14
4.820520e-07 1.621500e-14
4.823220e-07 1.647500e-14
4.825920e-07 1.596700e-14
4.828620e-07 1.599900e-14
4.831320e-07 1.594100e-14
4.834020e-07 1.573400e-14
4.836720e-07 1.566900e-14
4.839420e-07 1.614200e-14
4.842120e-07 1.551100e-14
4.844820e-07 1.498100e-14
4.847520e-07 1.536800e-14
4.850220e-07 1.485600e-14
4.852920e-07 1.471000e-14
4.855620e-07 1.511800e-14
4.858320e-07 1.484800e-14
4.861020e-07 1.475400e-14
4.863720e-07 1.549300e-14
4.866420e-07 1.485400e-14
4.869120e-07 1.413300e-14
4.871810e-07 1.433800e-14
4.874510e-07 1.465700e-14
4.877210e-07 1.436200e-14
4.879910e-07 1.425900e-14
4.882610e-07 1.510100e-14
4.885310e-07 1.527800e-14
4.888010e-07 1.538100e-14
4.890710e-07 1.514000e-14
4.893410e-07 1.536100e-14
4.896110e-07 1.537700e-14
4.898810e-07 1.637800e-14
4.901510e-07 1.612400e-14
4.904210e-07 1.662500e-14
4.906910e-07 1.637400e-14
4.909610e-07 1.610600e-14
4.912310e-07 1.598000e-14
4.915010e-07 1.619300e-14
4.917710e-07 1.601500e-14
4.920410e-07 1.517900e-14
4.923110e-07 1.500500e-14
4.925810e-07 1.550100e-14
4.928510e-07 1.543000e-14
4.931210e-07 1.550500e-14
4.933910e-07 1.503800e-14
4.936610e-07 1.571500e-14
4.939310e-07 1.597700e-14
4.942010e-07 1.565400e-14
4.944710e-07 1.538700e-14
4.947410e-07 1.601300e-14
4.950110e-07 1.674700e-14
4.952810e-07 1.680200e-14
4.955510e-07 1.630400e-14
4.958210e-07 1.667500e-14
4.960910e-07 1.661600e-14
4.963610e-07 1.616800e-14
4.966310e-07 1.643000e-14
4.969010e-07 1.633800e-14
4.971710e-07 1.655900e-14
4.974410e-07 1.604200e-14
4.977110e-07 1.605900e-14
4.979810e-07 1.637600e-14
4.982510e-07 1.553400e-14
4.985210e-07 1.512000e-14
4.987910e-07 1.518800e-14
4.990600e-07 1.496000e-14
4.993300e-07 1.563300e-14
4.996000e-07 1.554100e-14
4.998700e-07 1.599000e-14
5.001400e-07 1.589100e-14
5.004100e-07 1.689300e-14
5.006800e-07 1.768300e-14
5.009500e-07 1.837700e-14
5.012200e-07 1.805200e-14
5.014900e-07 1.671600e-14
5.017600e-07 1.540300e-14
5.020300e-07 1.506100e-14
5.023000e-07 1.504900e-14
5.025700e-07 1.579800e-14
5.028400e-07 1.581700e-14
5.031100e-07 1.549400e-14
5.033800e-07 1.565200e-14
5.036500e-07 1.567900e-14
5.039200e-07 1.572100e-14
5.041900e-07 1.559700e-14
5.044600e-07 1.507600e-14
5.047300e-07 1.499500e-14
5.050000e-07 1.492900e-14
5.052700e-07 1.481500e-14
5.055400e-07 1.596300e-14
5.058100e-07 1.613700e-14
5.060800e-07 1.570300e-14
5.063500e-07 1.596100e-14
5.066200e-07 1.597700e-14
5.068900e-07 1.603900e-14
5.071600e-07 1.538000e-14
5.074300e-07 1.541700e-14
5.077000e-07 1.560600e-14
5.079700e-07 1.538700e-14
5.082400e-07 1.571600e-14
5.085100e-07 1.587200e-14
5.087800e-07 1.573800e-14
5.090500e-07 1.525400e-14
5.093200e-07 1.536200e-14
5.095900e-07 1.549500e-14
5.098600e-07 1.599900e-14
5.101300e-07 1.597000e-14
5.104000e-07 1.574800e-14
5.106690e-07 1.515900e-14
5.109390e-07 1.550500e-14
5.112090e-07 1.540800e-14
5.114790e-07 1.557100e-14
5.117490e-07 1.628300e-14
5.120190e-07 1.613900e-14
5.122890e-07 1.543800e-14
5.125590e-07 1.572300e-14
5.128290e-07 1.499600e-14
5.130990e-07 1.480100e-14
5.133690e-07 1.487400e-14
5.136390e-07 1.515500e-14
5.139090e-07 1.545500e-14
5.141790e-07 1.525500e-14
5.144490e-07 1.518200e-14
5.147190e-07 1.559200e-14
5.149890e-07 1.504900e-14
5.152590e-07 1.497600e-14
5.155290e-07 1.506800e-14
5.157990e-07 1.533600e-14
5.160690e-07 1.547500e-14
5.163390e-07 1.575800e-14
5.166090e-07 1.497600e-14
5.168790e-07 1.425200e-14
5.171490e-07 1.367000e-14
5.174190e-07 1.382600e-14
5.176890e-07 1.400400e-14
5.179590e-07 1.449600e-14
5.182290e-07 1.475800e-14
5.184990e-07 1.446600e-14
5.187690e-07 1.482400e-14
5.190390e-07 1.474100e-14
5.193090e-07 1.433800e-14
5.195790e-07 1.451200e-14
5.198490e-07 1.500500e-14
5.201190e-07 1.596900e-14
5.203890e-07 1.566600e-14
5.206590e-07 1.586800e-14
5.209290e-07 1.589100e-14
5.211990e-07 1.531100e-14
5.214690e-07 1.521000e-14
5.217390e-07 1.576500e-14
5.220090e-07 1.598200e-14
5.222780e-07 1.603400e-14
5.225480e-07 1.585100e-14
5.228180e-07 1.606800e-14
5.230880e-07 1.593800e-14
5.233580e-07 1.575400e-14
5.236280e-07 1.618700e-14
5.238980e-07 1.669000e-14
5.241680e-07 1.675300e-14
5.244380e-07 1.702600e-14
5.247080e-07 1.694300e-14
5.249780e-07 1.641100e-14
5.252480e-07 1.610200e-14
5.255180e-07 1.630200e-14
5.257880e-07 1.620100e-14
5.260580e-07 1.620100e-14
5.263280e-07 1.566400e-14
5.265980e-07 1.515100e-14
5.268680e-07 1.466600e-14
5.271380e-07 1.516600e-14
5.274080e-07 1.512400e-14
5.276780e-07 1.566500e-14
5.279480e-07 1.609700e-14
5.282180e-07 1.643600e-14
5.284880e-07 1.635500e-14
5.287580e-07 1.634700e-14
5.290280e-07 1.783600e-14
5.292980e-07 1.733700e-14
5.295680e-07 1.707500e-14
5.298380e-07 1.671800e-14
5.301080e-07 1.599500e-14
5.303780e-07 1.709200e-14
5.306480e-07 1.722600e-14
5.309180e-07 1.724800e-14
5.311880e-07 1.726300e-14
5.314580e-07 1.722900e-14
5.317280e-07 1.685800e-14
5.319980e-07 1.639700e-14
5.322680e-07 1.654600e-14
5.325380e-07 1.639100e-14
5.328080e-07 1.552100e-14
5.330780e-07 1.569100e-14
5.333480e-07 1.611800e-14
5.336180e-07 1.635600e-14
5.338870e-07 1.674700e-14
5.341570e-07 1.647800e-14
5.344270e-07 1.670200e-14
5.346970e-07 1.631900e-14
5.349670e-07 1.711100e-14
5.352370e-07 1.665000e-14
5.355070e-07 1.687600e-14
5.357770e-07 1.740500e-14
5.360470e-07 1.757300e-14
5.363170e-07 1.752400e-14
5.365870e-07 1.688100e-14
5.368570e-07 1.609000e-14
5.371270e-07 1.669800e-14
5.373970e-07 1.571200e-14
5.376670e-07 1.681800e-14
5.379370e-07 1.755900e-14
5.382070e-07 1.683600e-14
5.384770e-07 1.704300e-14
5.387470e-07 1.720500e-14
5.390170e-07 1.754000e-14
5.392870e-07 1.661200e-14
5.395570e-07 1.674200e-14
5.398270e-07 1.606600e-14
5.400970e-07 1.595200e-14
5.403670e-07 1.566900e-14
5.406370e-07 1.585300e-14
5.409070e-07 1.609100e-14
5.411770e-07 1.614100e-14
5.414470e-07 1.680100e-14
5.417170e-07 1.707500e-14
5.419870e-07 1.703100e-14
5.422570e-07 1.723400e-14
5.425270e-07 1.660300e-14
5.427970e-07 1.719900e-14
5.430670e-07 1.659400e-14
5.433370e-07 1.681000e-14
5.436070e-07 1.677700e-14
5.438770e-07 1.679700e-14
5.441470e-07 1.622900e-14
5.444170e-07 1.683700e-14
5.446870e-07 1.674900e-14
5.449570e-07 1.660900e-14
5.452270e-07 1.689100e-14
5.454960e-07 1.745600e-14
5.457660e-07 1.689800e-14
5.460360e-07 1.636000e-14
5.463060e-07 1.663800e-14
5.465760e-07 1.679500e-14
5.468460e-07 1.718000e-14
5.471160e-07 1.654000e-14
5.473860e-07 1.738200e-14
5.476560e-07 1.616100e-14
5.479260e-07 1.592000e-14
5.481960e-07 1.519500e-14
5.484660e-07 1.655500e-14
5.487360e-07 1.633000e-14
5.490060e-07 1.736300e-14
5.492760e-07 1.619000e-14
5.495460e-07 1.639200e-14
5.498160e-07 1.608900e-14
5.500860e-07 1.650300e-14
5.503560e-07 1.657300e-14
5.506260e-07 1.676000e-14
5.508960e-07 1.656500e-14
5.511660e-07 1.627200e-14
5.514360e-07 1.624400e-14
5.517060e-07 1.755000e-14
5.519760e-07 1.732200e-14
5.522460e-07 1.761500e-14
5.525160e-07 1.743500e-14
5.527860e-07 1.707200e-14
5.530560e-07 1.700400e-14
5.533260e-07 1.688000e-14
5.535960e-07 1.711700e-14
5.538660e-07 1.721600e-14
5.541360e-07 1.837500e-14
5.544060e-07 1.672500e-14
5.546760e-07 1.689500e-14
5.549460e-07 1.714700e-14
5.552160e-07 1.721900e-14
5.554860e-07 1.752400e-14
5.557560e-07 1.784100e-14
5.560260e-07 1.700100e-14
5.562960e-07 1.768500e-14
5.565660e-07 1.666900e-14
5.568360e-07 1.672800e-14
5.571050e-07 1.678500e-14
5.573750e-07 1.740700e-14
5.576450e-07 1.715800e-14
5.579150e-07 1.696800e-14
5.581850e-07 1.646900e-14
5.584550e-07 1.738900e-14
5.587250e-07 1.669000e-14
5.589950e-07 1.657500e-14
5.592650e-07 1.540700e-14
5.595350e-07 1.630900e-14
5.598050e-07 1.588000e-14
5.600750e-07 1.724100e-14
5.603450e-07 1.651300e-14
5.606150e-07 1.742100e-14
5.608850e-07 1.656800e-14
5.611550e-07 1.817900e-14
5.614250e-07 1.721200e-14
5.616950e-07 1.745900e-14
5.619650e-07 1.723500e-14
5.622350e-07 1.749600e-14
5.625050e-07 1.675100e-14
5.627750e-07 1.756100e-14
5.630450e-07 1.679300e-14
5.633150e-07 1.699800e-14
5.635850e-07 1.687100e-14
5.638550e-07 1.674700e-14
5.641250e-07 1.724000e-14
5.643950e-07 1.773400e-14
5.646650e-07 1.762500e-14
5.649350e-07 1.736900e-14
5.652050e-07 1.689700e-14
5.654750e-07 1.815100e-14
5.657450e-07 1.818900e-14
5.660150e-07 1.783000e-14
5.662850e-07 1.762600e-14
5.665550e-07 1.762700e-14
5.668250e-07 1.704400e-14
5.670950e-07 1.808800e-14
5.673650e-07 1.786600e-14
5.676350e-07 1.748500e-14
5.679050e-07 1.751700e-14
5.681750e-07 1.761000e-14
5.684450e-07 1.736600e-14
5.687140e-07 1.724400e-14
5.689840e-07 1.775200e-14
5.692540e-07 1.758000e-14
5.695240e-07 1.780700e-14
5.697940e-07 1.788300e-14
5.700640e-07 1.709100e-14
5.703340e-07 1.740900e-14
5.706040e-07 1.732200e-14
5.708740e-07 1.634400e-14
5.711440e-07 1.706200e-14
5.714140e-07 1.696200e-14
5.716840e-07 1.715300e-14
5.719540e-07 1.721000e-14
5.722240e-07 1.774700e-14
5.724940e-07 1.785700e-14
5.727640e-07 1.746400e-14
5.730340e-07 1.684900e-14
5.733040e-07 1.743000e-14
5.735740e-07 1.727200e-14
5.738440e-07 1.746700e-14
5.741140e-07 1.759900e-14
5.743840e-07 1.804300e-14
5.746540e-07 1.854500e-14
5.749240e-07 1.816600e-14
5.751940e-07 1.813200e-14
5.754640e-07 1.681600e-14
5.757340e-07 1.717200e-14
5.760040e-07 1.789900e-14
5.762740e-07 1.806400e-14
5.765440e-07 1.847100e-14
5.768140e-07 1.704000e-14
5.770840e-07 1.759600e-14
5.773540e-07 1.797100e-14
5.776240e-07 1.812600e-14
5.778940e-07 1.734100e-14
5.781640e-07 1.745400e-14
5.784340e-07 1.670500e-14
5.787040e-07 1.692400e-14
5.789740e-07 1.634200e-14
5.792440e-07 1.676300e-14
5.795140e-07 1.722500e-14
5.797840e-07 1.807300e-14
5.800540e-07 1.789500e-14
5.803230e-07 1.698700e-14
5.805930e-07 1.785300e-14
5.808630e-07 1.830200e-14
5.811330e-07 1.738800e-14
5.814030e-07 1.730600e-14
5.816730e-07 1.719200e-14
5.819430e-07 1.713200e-14
5.822130e-07 1.729000e-14
5.824830e-07 1.776100e-14
5.827530e-07 1.812200e-14
5.830230e-07 1.774300e-14
5.832930e-07 1.771200e-14
5.835630e-07 1.776100e-14
5.838330e-07 1.741800e-14
5.841030e-07 1.740500e-14
5.843730e-07 1.748600e-14
5.846430e-07 1.770000e-14
5.849130e-07 1.778700e-14
5.851830e-07 1.772200e-14
5.854530e-07 1.698400e-14
5.857230e-07 1.665300e-14
5.859930e-07 1.690800e-14
5.862630e-07 1.739200e-14
5.865330e-07 1.661100e-14
5.868030e-07 1.750000e-14
5.870730e-07 1.791300e-14
5.873430e-07 1.790900e-14
5.876130e-07 1.792000e-14
5.878830e-07 1.690300e-14
5.881530e-07 1.764100e-14
5.884230e-07 1.732800e-14
5.886930e-07 1.673800e-14
5.889630e-07 1.611500e-14
5.892330e-07 1.535800e-14
5.895030e-07 1.406200e-14
5.897730e-07 1.480500e-14
5.900430e-07 1.508400e-14
5.903130e-07 1.548600e-14
5.905830e-07 1.577100e-14
5.908530e-07 1.757500e-14
5.911230e-07 1.635000e-14
5.913930e-07 1.654700e-14
5.916630e-07 1.737800e-14
5.919320e-07 1.709000e-14
5.922020e-07 1.676700e-14
5.924720e-07 1.761600e-14
5.927420e-07 1.778700e-14
5.930120e-07 1.789000e-14
5.932820e-07 1.655500e-14
5.935520e-07 1.699300e-14
5.938220e-07 1.687800e-14
5.940920e-07 1.710600e-14
5.943620e-07 1.699100e-14
5.946320e-07 1.732000e-14
5.949020e-07 1.752800e-14
5.951720e-07 1.793600e-14
5.954420e-07 1.662100e-14
5.957120e-07 1.715800e-14
5.959820e-07 1.721000e-14
5.962520e-07 1.771400e-14
5.965220e-07 1.761300e-14
5.967920e-07 1.741200e-14
5.970620e-07 1.786500e-14
5.973320e-07 1.745900e-14
5.976020e-07 1.731000e-14
5.978720e-07 1.698700e-14
5.981420e-07 1.681900e-14
5.984120e-07 1.768700e-14
5.986820e-07 1.811500e-14
5.989520e-07 1.735500e-14
5.992220e-07 1.709100e-14
5.994920e-07 1.687000e-14
5.997620e-07 1.720200e-14
6.000320e-07 1.767600e-14
6.003020e-07 1.703100e-14
6.005720e-07 1.698300e-14
6.008420e-07 1.707100e-14
6.011120e-07 1.745700e-14
6.013820e-07 1.701500e-14
6.016520e-07 1.741300e-14
6.019220e-07 1.689900e-14
6.021920e-07 1.680800e-14
6.024620e-07 1.724800e-14
6.027320e-07 1.769400e-14
6.030020e-07 1.840300e-14
6.032720e-07 1.783600e-14
6.035420e-07 1.742000e-14
6.038110e-07 1.795200e-14
6.040810e-07 1.806900e-14
6.043510e-07 1.778800e-14
6.046210e-07 1.812400e-14
6.048910e-07 1.754800e-14
6.051610e-07 1.689100e-14
6.054310e-07 1.751800e-14
6.057010e-07 1.825000e-14
6.059710e-07 1.819500e-14
6.062410e-07 1.775800e-14
6.065110e-07 1.738900e-14
6.067810e-07 1.761800e-14
6.070510e-07 1.801500e-14
6.073210e-07 1.770500e-14
6.075910e-07 1.776400e-14
6.078610e-07 1.787800e-14
6.081310e-07 1.770800e-14
6.084010e-07 1.838500e-14
6.086710e-07 1.739600e-14
6.089410e-07 1.756600e-14
6.092110e-07 1.743400e-14
6.094810e-07 1.716000e-14
6.097510e-07 1.751800e-14
6.100210e-07 1.769700e-14
6.102910e-07 1.778300e-14
6.105610e-07 1.737300e-14
6.108310e-07 1.726800e-14
6.111010e-07 1.735000e-14
6.113710e-07 1.677100e-14
6.116410e-07 1.707500e-14
6.119110e-07 1.703500e-14
6.121810e-07 1.716400e-14
6.124510e-07 1.733600e-14
6.127210e-07 1.754300e-14
6.129910e-07 1.808000e-14
6.132610e-07 1.779500e-14
6.135310e-07 1.718500e-14
6.138010e-07 1.668100e-14
6.140710e-07 1.657100e-14
6.143410e-07 1.745700e-14
6.146110e-07 1.701000e-14
6.148810e-07 1.657100e-14
6.151510e-07 1.661900e-14
6.154200e-07 1.726800e-14
6.156900e-07 1.697100e-14
6.159600e-07 1.684300e-14
6.162300e-07 1.588300e-14
6.165000e-07 1.600200e-14
6.167700e-07 1.634300e-14
6.170400e-07 1.647700e-14
6.173100e-07 1.618400e-14
6.175800e-07 1.705000e-14
6.178500e-07 1.662600e-14
6.181200e-07 1.728700e-14
6.183900e-07 1.694800e-14
6.186600e-07 1.644000e-14
6.189300e-07 1.728700e-14
6.192000e-07 1.657900e-14
6.194700e-07 1.630100e-14
6.197400e-07 1.703100e-14
6.200100e-07 1.740200e-14
6.202800e-07 1.811700e-14
6.205500e-07 1.717500e-14
6.208200e-07 1.815500e-14
6.210900e-07 1.702000e-14
6.213600e-07 1.671000e-14
6.216300e-07 1.732600e-14
6.219000e-07 1.643400e-14
6.221700e-07 1.613900e-14
6.224400e-07 1.694600e-14
6.227100e-07 1.695000e-14
6.229800e-07 1.673100e-14
6.232500e-07 1.709100e-14
6.235200e-07 1.687800e-14
6.237900e-07 1.638700e-14
6.240600e-07 1.550900e-14
6.243300e-07 1.633200e-14
6.246000e-07 1.642100e-14
6.248700e-07 1.741800e-14
6.251400e-07 1.672200e-14
6.254100e-07 1.656700e-14
6.256800e-07 1.699000e-14
6.259500e-07 1.684800e-14
6.262200e-07 1.608700e-14
6.264900e-07 1.623000e-14
6.267600e-07 1.683100e-14
6.270290e-07 1.645400e-14
6.272990e-07 1.665600e-14
6.275690e-07 1.659500e-14
6.278390e-07 1.631300e-14
6.281090e-07 1.651100e-14
6.283790e-07 1.643000e-14
6.286490e-07 1.575000e-14
6.289190e-07 1.636500e-14
6.291890e-07 1.691000e-14
6.294590e-07 1.644300e-14
6.297290e-07 1.754900e-14
6.299990e-07 1.768300e-14
6.302690e-07 1.795700e-14
6.305390e-07 1.793700e-14
6.308090e-07 1.771400e-14
6.310790e-07 1.773400e-14
6.313490e-07 1.719300e-14
6.316190e-07 1.655000e-14
6.318890e-07 1.646500e-14
6.321590e-07 1.671000e-14
6.324290e-07 1.695100e-14
6.326990e-07 1.688900e-14
6.329690e-07 1.733100e-14
6.332390e-07 1.734300e-14
6.335090e-07 1.734100e-14
6.337790e-07 1.752900e-14
6.340490e-07 1.712900e-14
6.343190e-07 1.681000e-14
6.345890e-07 1.686000e-14
6.348590e-07 1.746700e-14
6.351290e-07 1.748800e-14
6.353990e-07 1.713300e-14
6.356690e-07 1.658800e-14
6.359390e-07 1.658300e-14
6.362090e-07 1.683900e-14
6.364790e-07 1.667100e-14
6.367490e-07 1.668800e-14
6.370190e-07 1.690000e-14
6.372890e-07 1.685100e-14
6.375590e-07 1.693200e-14
6.378290e-07 1.740000e-14
6.380990e-07 1.836200e-14
6.383690e-07 1.791000e-14
6.386380e-07 1.778500e-14
6.389080e-07 1.602300e-14
6.391780e-07 1.636900e-14
6.394480e-07 1.674200e-14
6.397180e-07 1.669200e-14
6.399880e-07 1.701900e-14
6.402580e-07 1.734800e-14
6.405280e-07 1.743300e-14
6.407980e-07 1.710600e-14
6.410680e-07 1.777800e-14
6.413380e-07 1.830500e-14
6.416080e-07 1.737800e-14
6.418780e-07 1.686100e-14
6.421480e-07 1.620000e-14
6.424180e-07 1.720800e-14
6.426880e-07 1.675900e-14
6.429580e-07 1.697900e-14
6.432280e-07 1.678800e-14
6.434980e-07 1.703100e-14
6.437680e-07 1.720200e-14
6.440380e-07 1.635600e-14
6.443080e-07 1.693900e-14
6.445780e-07 1.680500e-14
6.448480e-07 1.692100e-14
6.451180e-07 1.547800e-14
6.453880e-07 1.678000e-14
6.456580e-07 1.662500e-14
6.459280e-07 1.682100e-14
6.461980e-07 1.691700e-14
6.464680e-07 1.702700e-14
6.467380e-07 1.653700e-14
6.470080e-07 1.719500e-14
6.472780e-07 1.702600e-14
6.475480e-07 1.751500e-14
6.478180e-07 1.779000e-14
6.480880e-07 1.751000e-14
6.483580e-07 1.758700e-14
6.486280e-07 1.727500e-14
6.488980e-07 1.678000e-14
6.491680e-07 1.679800e-14
6.494380e-07 1.714100e-14
6.497080e-07 1.678200e-14
6.499780e-07 1.575500e-14
6.502470e-07 1.675800e-14
6.505170e-07 1.668500e-14
6.507870e-07 1.728600e-14
6.510570e-07 1.760000e-14
6.513270e-07 1.782200e-14
6.515970e-07 1.730500e-14
6.518670e-07 1.760600e-14
6.521370e-07 1.704700e-14
6.524070e-07 1.720600e-14
6.526770e-07 1.740700e-14
6.529470e-07 1.665200e-14
6.532170e-07 1.728500e-14
6.534870e-07 1.780600e-14
6.537570e-07 1.764900e-14
6.540270e-07 1.779800e-14
6.542970e-07 1.818200e-14
6.545670e-07 1.934800e-14
6.548370e-07 1.977600e-14
6.551070e-07 2.070100e-14
6.553770e-07 2.042700e-14
6.556470e-07 2.110400e-14
6.559170e-07 2.364100e-14
6.561870e-07 2.645600e-14
6.564570e-07 2.895300e-14
6.567270e-07 2.820200e-14
6.569970e-07 2.599400e-14
6.572670e-07 2.307700e-14
6.575370e-07 2.008000e-14
6.578070e-07 1.972400e-14
6.580770e-07 2.212000e-14
6.583470e-07 2.524900e-14
6.586170e-07 2.636400e-14
6.588870e-07 2.552200e-14
6.591570e-07 2.341100e-14
6.594270e-07 2.041100e-14
6.596970e-07 1.880800e-14
6.599670e-07 1.756200e-14
6.602370e-07 1.700400e-14
6.605070e-07 1.739600e-14
6.607770e-07 1.805500e-14
6.610470e-07 1.686900e-14
6.613170e-07 1.645100e-14
6.615870e-07 1.712300e-14
6.618560e-07 1.782800e-14
6.621260e-07 1.690000e-14
6.623960e-07 1.701100e-14
6.626660e-07 1.749500e-14
6.629360e-07 1.703000e-14
6.632060e-07 1.764600e-14
6.634760e-07 1.667500e-14
6.637460e-07 1.685300e-14
6.640160e-07 1.740600e-14
6.642860e-07 1.844600e-14
6.645560e-07 1.757100e-14
6.648260e-07 1.772600e-14
6.650960e-07 1.630500e-14
6.653660e-07 1.763600e-14
6.656360e-07 1.691600e-14
6.659060e-07 1.701000e-14
6.661760e-07 1.680500e-14
6.664460e-07 1.662100e-14
6.667160e-07 1.639700e-14
6.669860e-07 1.643500e-14
6.672560e-07 1.686500e-14
6.675260e-07 1.713200e-14
6.677960e-07 1.719900e-14
6.680660e-07 1.723800e-14
6.683360e-07 1.658600e-14
6.686060e-07 1.763400e-14
6.688760e-07 1.743000e-14
6.691460e-07 1.745700e-14
6.694160e-07 1.757900e-14
6.696860e-07 1.740800e-14
6.699560e-07 1.682900e-14
6.702260e-07 1.799700e-14
6.704960e-07 1.798000e-14
6.714190e-07 1.709100e-14
6.729670e-07 1.693700e-14
6.745180e-07 1.670600e-14
6.760730e-07 1.663100e-14
6.776320e-07 1.670900e-14
6.791940e-07 1.652000e-14
6.807600e-07 1.706300e-14
6.823290e-07 1.710400e-14
6.839020e-07 1.718500e-14
6.854790e-07 1.718700e-14
6.870590e-07 1.641500e-14
6.886420e-07 1.695400e-14
6.902300e-07 1.695600e-14
6.918210e-07 1.703600e-14
6.934160e-07 1.672700e-14
6.950140e-07 1.739700e-14
6.966170e-07 1.723900e-14
6.982220e-07 1.696500e-14
6.998320e-07 1.736200e-14
7.014450e-07 1.708600e-14
7.030620e-07 1.669900e-14
7.046830e-07 1.732800e-14
7.063080e-07 1.689600e-14
7.079360e-07 1.709400e-14
7.095680e-07 1.625100e-14
7.112030e-07 1.651700e-14
7.128430e-07 1.629200e-14
7.144860e-07 1.625700e-14
7.161330e-07 1.633300e-14
7.177840e-07 1.626000e-14
7.194390e-07 1.503700e-14
7.210970e-07 1.596700e-14
7.227600e-07 1.653000e-14
7.244260e-07 1.645600e-14
7.260950e-07 1.630700e-14
7.277690e-07 1.688200e-14
7.294470e-07 1.642300e-14
7.311290e-07 1.692400e-14
7.328140e-07 1.732000e-14
7.345030e-07 1.780800e-14
7.361970e-07 1.689100e-14
7.378940e-07 1.793500e-14
7.395950e-07 1.693400e-14
7.413000e-07 1.785700e-14
7.430080e-07 1.697700e-14
7.447210e-07 1.753500e-14
7.464380e-07 1.798700e-14
7.481590e-07 1.766100e-14
7.498830e-07 1.762200e-14
7.516120e-07 1.786900e-14
7.533450e-07 1.799500e-14
7.550810e-07 1.833200e-14
7.568220e-07 1.795800e-14
7.585670e-07 1.796000e-14
7.603150e-07 1.783800e-14
7.620680e-07 1.747500e-14
7.638250e-07 1.743600e-14
7.655860e-07 1.743800e-14
7.673500e-07 1.616400e-14
7.691190e-07 1.716400e-14
7.708920e-07 1.587300e-14
7.726690e-07 1.685400e-14
7.744510e-07 1.717000e-14
7.762360e-07 1.689700e-14
7.780250e-07 1.655300e-14
7.798190e-07 1.674600e-14
7.816170e-07 1.678700e-14
7.834180e-07 1.725900e-14
7.852250e-07 1.730100e-14
7.870350e-07 1.730300e-14
7.888490e-07 1.695000e-14
7.906670e-07 1.679700e-14
7.924900e-07 1.634100e-14
7.943170e-07 1.660900e-14
7.961480e-07 1.688100e-14
7.979830e-07 1.692200e-14
7.998230e-07 1.719900e-14
8.016660e-07 1.700400e-14
8.035150e-07 1.624100e-14
8.053670e-07 1.673600e-14
8.072230e-07 1.740600e-14
8.090840e-07 1.681700e-14
8.109500e-07 1.717200e-14
8.128190e-07 1.717400e-14
8.146920e-07 1.737500e-14
8.165710e-07 1.741700e-14
8.184530e-07 1.671200e-14
8.203400e-07 1.592500e-14
8.222310e-07 1.698800e-14
8.241260e-07 1.585600e-14
8.260260e-07 1.767000e-14
8.279300e-07 1.775400e-14
8.298390e-07 1.641900e-14
8.317520e-07 1.676500e-14
8.336690e-07 1.669000e-14
8.355910e-07 1.669300e-14
8.375170e-07 1.708400e-14
8.394480e-07 1.654400e-14
8.413830e-07 1.728600e-14
8.433230e-07 1.666300e-14
8.452670e-07 1.662700e-14
8.472160e-07 1.678300e-14
8.491680e-07 1.666900e-14
8.511260e-07 1.584800e-14
8.530880e-07 1.675000e-14
8.550550e-07 9.933000e-15
8.570250e-07 1.667800e-14
8.590010e-07 1.656500e-14
8.609820e-07 1.645300e-14
8.629660e-07 1.664600e-14
8.649550e-07 1.691900e-14
8.669500e-07 1.192400e-14
8.689480e-07 1.601300e-14
8.709510e-07 1.616400e-14
8.729590e-07 1.708400e-14
8.749710e-07 1.658300e-14
8.769880e-07 1.704900e-14
8.790100e-07 1.693400e-14
8.810360e-07 1.705400e-14
8.830670e-07 1.674500e-14
8.851030e-07 1.682500e-14
8.871440e-07 1.503100e-14
8.891880e-07 1.599800e-14
8.912380e-07 1.637300e-14
8.932930e-07 1.626200e-14
8.953520e-07 1.585800e-14
8.974160e-07 1.518100e-14
8.994850e-07 1.546500e-14
9.015580e-07 1.561000e-14
9.036360e-07 1.529200e-14
9.057190e-07 1.728000e-14
9.078080e-07 1.609100e-14
9.099000e-07 1.508900e-14
9.119980e-07 1.662300e-14
9.141000e-07 1.544400e-14
9.162070e-07 1.488800e-14
9.183190e-07 1.431800e-14
9.204360e-07 1.563000e-14
9.225580e-07 1.534700e-14
9.246850e-07 1.552700e-14
9.268160e-07 1.567200e-14
9.289530e-07 1.510800e-14
9.310950e-07 1.645400e-14
9.332410e-07 1.649400e-14
9.353920e-07 1.649600e-14
9.375490e-07 1.623500e-14
9.397100e-07 1.646300e-14
9.418760e-07 1.612700e-14
9.440470e-07 1.658200e-14
9.462230e-07 1.673800e-14
9.484050e-07 1.677900e-14
9.505910e-07 1.639900e-14
9.527820e-07 1.647700e-14
9.549790e-07 1.599300e-14
9.571810e-07 1.640600e-14
9.593870e-07 1.675200e-14
9.615980e-07 1.656300e-14
9.638150e-07 1.664200e-14
9.660370e-07 1.641600e-14
9.682640e-07 1.664600e-14
9.704960e-07 1.638300e-14
9.727330e-07 1.623500e-14
9.749760e-07 1.616300e-14
9.772230e-07 1.627700e-14
9.794760e-07 1.609300e-14
9.817340e-07 1.643200e-14
9.839970e-07 1.628400e-14
9.862650e-07 1.628700e-14
9.885380e-07 1.628900e-14
9.908180e-07 1.617900e-14
9.931020e-07 1.629400e-14
9.953910e-07 1.637200e-14
9.976860e-07 1.637400e-14
9.999850e-07 1.630100e-14
1.002290e-06 1.630400e-14
1.006918e-06 1.608500e-14
1.011565e-06 1.646500e-14
1.018576e-06 1.632100e-14
1.023279e-06 1.643900e-14
1.028002e-06 1.652000e-14
1.030371e-06 1.648500e-14
1.049527e-06 1.605600e-14
1.069040e-06 1.544000e-14
1.088915e-06 1.501900e-14
1.109159e-06 1.441000e-14
1.129779e-06 1.424500e-14
1.150783e-06 1.427800e-14
1.169483e-06 1.398500e-14
1.191225e-06 1.344800e-14
1.210581e-06 1.332500e-14
1.230251e-06 1.317200e-14
1.250241e-06 1.284300e-14
1.270556e-06 1.257900e-14
1.291201e-06 1.235000e-14
1.309163e-06 1.218000e-14
1.330435e-06 1.184800e-14
1.348944e-06 1.163200e-14
1.370862e-06 1.144600e-14
1.389933e-06 1.103200e-14
1.409269e-06 1.056000e-14
1.428874e-06 1.043900e-14
1.448752e-06 1.053500e-14
1.468906e-06 1.020100e-14
1.489341e-06 1.034300e-14
1.510058e-06 1.043900e-14
1.531065e-06 1.063300e-14
1.548794e-06 1.053500e-14
1.570340e-06 1.036700e-14
1.588524e-06 1.001500e-14
1.610623e-06 1.006100e-14
1.629272e-06 1.001500e-14
1.648138e-06 9.900400e-15
1.671066e-06 9.855000e-15
1.690417e-06 9.742200e-15
1.709992e-06 9.586400e-15
1.729791e-06 9.218400e-15
1.749821e-06 8.946500e-15
1.770084e-06 8.583300e-15
1.790581e-06 8.253800e-15
1.811313e-06 7.864200e-15
1.828074e-06 7.667500e-15
1.849242e-06 7.424300e-15
1.870656e-06 7.073800e-15
1.887964e-06 6.912800e-15
1.909826e-06 6.818000e-15
1.931941e-06 6.616900e-15
1.949816e-06 6.377600e-15
1.967858e-06 6.175300e-15
1.990645e-06 5.993100e-15
2.009063e-06 5.897300e-15
2.032328e-06 5.710200e-15
2.051133e-06 5.657900e-15
2.070111e-06 5.529100e-15
2.089267e-06 5.415700e-15
2.108597e-06 5.329100e-15
2.128108e-06 5.231800e-15
2.147800e-06 5.124500e-15
2.167672e-06 4.962000e-15
2.187730e-06 4.893900e-15
2.207974e-06 4.760500e-15
2.228403e-06 4.641500e-15
2.249023e-06 4.535800e-15
2.269831e-06 4.420300e-15
2.290835e-06 3.972700e-15
2.312033e-06 3.933000e-15
2.328058e-06 3.455000e-15
2.349600e-06 3.258900e-15
2.371339e-06 3.301400e-15
2.387778e-06 3.036800e-15
2.409870e-06 2.937900e-15
2.432169e-06 2.895000e-15
2.449027e-06 2.687600e-15
2.471689e-06 2.642200e-15
2.488821e-06 2.247300e-15
2.505552e-06 2.443600e-15
2.515045e-06 2.371200e-15
2.524548e-06 2.329500e-15
2.534042e-06 2.357200e-15
2.543545e-06 2.203100e-15
2.553048e-06 2.368100e-15
2.562541e-06 2.271700e-15
2.572045e-06 2.251000e-15
2.581548e-06 2.265100e-15
2.591041e-06 2.278500e-15
2.600544e-06 2.259200e-15
2.610038e-06 2.210700e-15
2.619541e-06 2.118000e-15
2.629044e-06 2.167500e-15
2.638537e-06 2.111300e-15
2.648041e-06 1.989200e-15
2.657544e-06 1.914700e-15
2.667037e-06 1.907600e-15
2.676540e-06 1.868200e-15
2.686034e-06 1.855400e-15
2.695537e-06 1.784700e-15
2.705040e-06 1.832900e-15
2.714533e-06 1.875500e-15
2.724036e-06 1.861800e-15
2.733540e-06 1.820300e-15
2.743033e-06 1.800300e-15
2.752536e-06 1.826300e-15
2.762030e-06 1.836900e-15
2.771533e-06 1.759200e-15
2.781036e-06 1.888800e-15
2.790529e-06 1.811800e-15
2.800032e-06 1.829900e-15
2.809536e-06 1.730700e-15
2.819029e-06 1.764700e-15
2.828532e-06 1.727600e-15
2.838026e-06 1.672400e-15
2.847529e-06 1.634900e-15
2.857032e-06 1.651200e-15
2.866525e-06 1.588800e-15
2.876028e-06 1.645800e-15
2.885532e-06 1.530400e-15
2.895025e-06 1.512000e-15
2.904528e-06 1.447000e-15
2.914022e-06 1.600400e-15
2.923525e-06 1.574900e-15
2.933028e-06 1.567200e-15
2.942522e-06 1.466000e-15
2.952024e-06 1.470000e-15
2.961528e-06 1.440600e-15
2.971021e-06 1.460400e-15
2.980524e-06 1.434900e-15
2.990018e-06 1.421300e-15
2.999521e-06 1.347500e-15
3.009024e-06 1.349700e-15
3.018518e-06 1.345600e-15
3.028021e-06 1.327900e-15
3.037524e-06 1.316600e-15
3.047017e-06 1.307700e-15
3.056520e-06 1.234600e-15
3.066014e-06 1.242400e-15
3.075517e-06 1.224600e-15
3.085020e-06 1.308200e-15
3.094514e-06 1.292600e-15
3.104017e-06 1.258400e-15
3.113520e-06 1.246200e-15
3.123013e-06 1.250500e-15
3.132516e-06 1.228200e-15
3.142010e-06 1.263800e-15
3.151513e-06 1.207400e-15
3.161016e-06 1.241500e-15
3.170510e-06 1.229900e-15
3.180013e-06 1.240500e-15
3.189516e-06 1.336200e-15
3.199009e-06 1.285100e-15
3.208512e-06 1.380100e-15
3.218006e-06 1.442000e-15
3.227509e-06 1.550700e-15
3.237012e-06 1.646700e-15
3.246506e-06 1.779500e-15
3.256009e-06 1.853200e-15
3.265512e-06 1.786200e-15
3.275005e-06 1.742300e-15
3.284508e-06 1.528400e-15
3.294002e-06 1.461800e-15
3.303505e-06 1.442600e-15
3.313008e-06 1.389300e-15
3.322501e-06 1.348100e-15
3.332005e-06 1.276700e-15
3.341508e-06 1.172100e-15
3.351001e-06 1.269500e-15
3.360505e-06 1.263800e-15
3.369998e-06 1.312200e-15
3.379501e-06 1.287100e-15
3.389004e-06 1.310400e-15
3.398498e-06 1.214900e-15
3.408001e-06 1.225900e-15
3.417504e-06 1.225500e-15
3.426997e-06 1.213500e-15
3.436500e-06 1.210900e-15
3.445994e-06 1.249500e-15
3.455497e-06 1.239300e-15
3.465000e-06 1.230500e-15
3.474493e-06 1.171700e-15
3.483997e-06 1.187600e-15
3.493500e-06 1.162300e-15
3.502993e-06 1.209500e-15
3.512496e-06 1.048900e-15
3.521990e-06 1.093600e-15
3.531493e-06 1.085600e-15
3.540996e-06 1.070100e-15
3.550490e-06 1.071200e-15
3.559993e-06 1.048900e-15
3.569496e-06 1.020300e-15
3.578989e-06 1.057000e-15
3.588493e-06 9.342700e-16
3.597986e-06 1.010200e-15
3.607489e-06 1.005600e-15
3.616992e-06 9.666100e-16
3.626485e-06 9.920900e-16
3.635989e-06 9.367700e-16
3.645492e-06 9.426900e-16
3.654985e-06 9.468700e-16
3.664488e-06 9.418000e-16
3.673982e-06 9.348100e-16
3.683485e-06 9.059500e-16
3.692988e-06 9.280500e-16
3.702482e-06 9.316800e-16
3.711985e-06 9.459800e-16
3.721488e-06 9.065700e-16
3.730981e-06 8.929400e-16
3.740485e-06 8.870900e-16
3.749978e-06 8.943500e-16
3.759481e-06 8.793700e-16
3.768984e-06 8.561400e-16
3.778478e-06 8.793600e-16
3.787981e-06 8.611000e-16
3.797484e-06 8.549900e-16
3.806978e-06 8.714600e-16
3.816480e-06 8.421000e-16
3.825974e-06 8.314400e-16
3.835477e-06 8.018600e-16
3.844981e-06 7.878700e-16
3.854474e-06 7.835100e-16
3.863977e-06 7.988500e-16
3.873480e-06 7.778500e-16
3.882973e-06 8.053500e-16
3.892477e-06 8.069000e-16
3.901970e-06 7.841900e-16
3.911473e-06 7.457900e-16
3.920976e-06 7.733500e-16
3.930470e-06 7.507100e-16
3.939973e-06 7.236700e-16
3.949476e-06 6.969400e-16
3.958969e-06 7.363200e-16
3.968473e-06 7.264400e-16
3.977966e-06 7.435500e-16
3.987469e-06 7.508500e-16
3.996973e-06 7.445700e-16
4.006465e-06 7.975300e-16
4.015969e-06 7.945500e-16
4.025472e-06 7.919100e-16
4.034966e-06 7.681000e-16
4.044469e-06 7.244600e-16
4.053962e-06 6.982400e-16
4.063465e-06 6.875100e-16
4.072968e-06 6.683100e-16
4.082462e-06 6.244000e-16
4.091965e-06 6.542600e-16
4.101468e-06 6.304400e-16
4.110961e-06 6.080000e-16
4.120465e-06 6.392900e-16
4.129958e-06 6.288700e-16
4.139461e-06 6.474000e-16
4.148965e-06 6.443100e-16
4.158457e-06 6.172100e-16
4.167961e-06 6.127000e-16
4.177464e-06 6.028200e-16
4.186958e-06 5.944200e-16
4.196460e-06 6.209200e-16
4.205954e-06 6.411200e-16
4.215457e-06 5.782000e-16
4.224960e-06 5.859600e-16
4.234454e-06 5.400000e-16
4.243957e-06 5.525400e-16
4.253460e-06 5.525300e-16
4.262953e-06 5.603800e-16
4.272457e-06 5.299300e-16
4.281950e-06 5.870600e-16
4.291454e-06 5.567400e-16
4.300956e-06 5.489800e-16
4.310449e-06 5.555300e-16
4.319953e-06 5.561200e-16
4.329456e-06 5.267200e-16
4.338950e-06 5.179500e-16
4.348452e-06 5.089900e-16
4.357946e-06 5.162300e-16
4.367449e-06 5.137500e-16
4.376953e-06 5.006800e-16
4.386446e-06 4.670500e-16
4.395949e-06 5.172600e-16
4.405452e-06 4.805500e-16
4.414945e-06 4.813100e-16
4.424449e-06 4.378900e-16
4.433942e-06 4.586800e-16
4.443446e-06 4.460900e-16
4.452948e-06 4.348800e-16
4.462442e-06 4.624300e-16
4.471945e-06 4.558700e-16
4.481448e-06 4.264900e-16
4.490942e-06 4.534700e-16
4.500444e-06 4.379800e-16
4.509938e-06 4.451700e-16
4.519441e-06 4.215300e-16
4.528945e-06 3.725500e-16
4.538438e-06 3.980800e-16
4.547941e-06 3.904600e-16
4.557444e-06 3.585500e-16
4.566937e-06 3.718400e-16
4.576441e-06 3.493200e-16
4.585934e-06 4.014500e-16
4.595438e-06 3.788900e-16
4.604940e-06 4.165400e-16
4.614434e-06 4.135500e-16
4.623937e-06 3.675800e-16
4.633440e-06 4.139500e-16
4.642934e-06 3.987700e-16
4.652437e-06 4.746800e-16
4.661930e-06 4.079700e-16
4.671433e-06 3.639900e-16
4.680937e-06 3.945500e-16
4.690430e-06 3.738200e-16
4.699933e-06 3.610500e-16
4.709436e-06 3.926200e-16
4.718929e-06 3.804100e-16
4.728433e-06 3.979100e-16
4.737926e-06 3.991700e-16
4.747429e-06 3.814000e-16
4.756932e-06 3.369300e-16
4.766426e-06 3.713700e-16
4.775929e-06 3.448500e-16
4.785433e-06 3.744700e-16
4.794925e-06 3.728000e-16
4.804429e-06 3.595200e-16
4.813922e-06 3.666300e-16
4.823425e-06 3.669200e-16
4.832929e-06 3.845100e-16
4.842422e-06 3.902000e-16
4.851925e-06 4.076200e-16
4.861527e-06 3.775600e-16
4.910142e-06 3.588700e-16
4.959243e-06 3.399900e-16
5.008836e-06 3.209200e-16
5.058924e-06 3.016600e-16
5.109513e-06 2.822100e-16
5.121951e-06 2.774300e-16
5.151638e-06 2.816900e-16
5.181326e-06 3.699200e-16
5.211014e-06 4.432700e-16
5.240702e-06 4.461400e-16
5.270399e-06 3.722400e-16
5.300087e-06 3.678500e-16
5.329774e-06 4.688500e-16
5.359462e-06 3.941800e-16
5.389149e-06 3.013900e-16
5.418847e-06 3.367600e-16
5.448535e-06 3.054000e-16
5.478222e-06 3.385300e-16
5.507910e-06 3.856900e-16
5.537597e-06 3.637100e-16
5.567295e-06 3.945200e-16
5.596982e-06 4.240700e-16
5.626670e-06 4.606500e-16
5.656358e-06 5.336500e-16
5.686046e-06 5.532600e-16
5.715743e-06 5.309300e-16
5.745431e-06 5.016400e-16
5.775118e-06 4.654500e-16
5.804806e-06 4.462500e-16
5.834493e-06 4.635500e-16
5.864191e-06 4.879900e-16
5.893878e-06 4.954500e-16
5.923566e-06 4.776300e-16
5.953254e-06 5.261000e-16
5.982942e-06 5.934300e-16
6.012639e-06 6.706400e-16
6.042326e-06 7.032200e-16
6.072014e-06 7.262000e-16
6.101702e-06 8.313200e-16
6.131389e-06 1.064600e-15
6.161087e-06 1.528500e-15
6.190775e-06 1.889500e-15
6.220462e-06 1.937000e-15
6.250150e-06 1.713000e-15
6.279837e-06 1.451300e-15
6.309535e-06 1.211900e-15
6.339222e-06 1.054400e-15
6.368910e-06 9.403400e-16
6.398598e-06 8.537200e-16
6.428286e-06 7.678300e-16
6.457983e-06 7.106500e-16
6.487670e-06 7.138400e-16
6.517358e-06 6.575800e-16
6.547046e-06 6.535000e-16
6.576733e-06 6.520700e-16
6.606431e-06 6.503800e-16
6.636118e-06 6.772900e-16
6.665806e-06 6.815100e-16
6.695493e-06 6.756500e-16
6.725181e-06 6.734600e-16
6.754879e-06 6.717500e-16
6.784566e-06 6.709900e-16
6.814254e-06 6.581400e-16
6.843942e-06 6.749300e-16
6.873630e-06 7.285500e-16
6.903327e-06 7.547100e-16
6.933014e-06 7.850300e-16
6.962702e-06 1.031300e-15
6.992389e-06 1.063100e-15
7.022077e-06 9.071600e-16
7.051774e-06 8.759100e-16
7.081463e-06 8.712600e-16
7.111150e-06 9.162800e-16
7.140838e-06 9.068000e-16
7.170525e-06 9.392000e-16
7.200223e-06 9.602500e-16
7.229910e-06 9.948300e-16
7.259598e-06 1.024200e-15
7.289286e-06 1.063900e-15
7.318973e-06 1.123700e-15
7.348671e-06 1.214800e-15
7.378358e-06 1.236000e-15
7.408046e-06 1.402200e-15
7.437733e-06 1.484800e-15
7.497109e-06 1.802900e-15
7.556494e-06 2.065600e-15
7.615869e-06 2.116500e-15
7.675244e-06 2.041600e-15
7.734629e-06 1.993100e-15
7.794005e-06 1.951400e-15
7.853390e-06 1.831300e-15
7.912765e-06 1.655300e-15
7.972141e-06 1.431700e-15
8.031525e-06 1.245700e-15
8.090901e-06 1.100500e-15
8.150276e-06 1.005000e-15
8.209660e-06 9.510900e-16
8.269036e-06 9.369000e-16
8.328411e-06 9.122400e-16
8.387797e-06 9.022600e-16
8.447172e-06 9.055500e-16
8.506557e-06 9.512500e-16
8.565932e-06 9.548500e-16
8.625308e-06 9.008800e-16
8.684693e-06 7.746200e-16
8.744068e-06 6.241000e-16
8.803444e-06 4.964900e-16
8.862828e-06 4.073200e-16
8.922204e-06 3.529600e-16
8.981579e-06 3.094000e-16
9.040964e-06 2.722900e-16
9.100339e-06 2.551500e-16
9.159724e-06 2.333600e-16
9.219099e-06 2.304200e-16
9.278475e-06 2.081000e-16
9.337859e-06 2.037100e-16
9.397235e-06 1.957000e-16
9.456610e-06 1.839900e-16
9.515995e-06 1.807900e-16
9.575370e-06 1.850500e-16
9.634745e-06 2.085300e-16
9.694131e-06 1.972000e-16
9.753507e-06 1.689400e-16
9.812892e-06 1.552100e-16
9.872267e-06 1.627800e-16
9.931642e-06 1.599100e-16
9.991027e-06 1.481400e-16
1.005040e-05 1.539100e-16
1.010978e-05 1.490000e-16
1.016916e-05 1.482900e-16
1.022854e-05 1.535400e-16
1.028791e-05 1.524900e-16
1.034730e-05 1.523700e-16
1.040667e-05 1.621000e-16
1.046606e-05 1.831800e-16
1.052543e-05 2.037200e-16
1.058481e-05 2.148700e-16
1.064420e-05 2.165600e-16
1.070357e-05 2.183500e-16
1.076294e-05 2.221600e-16
1.082233e-05 2.165900e-16
1.088170e-05 2.423200e-16
1.094108e-05 2.808000e-16
1.100047e-05 3.220600e-16
1.105984e-05 3.685600e-16
1.111923e-05 5.090300e-16
1.117860e-05 8.098200e-16
1.123798e-05 9.891900e-16
1.129736e-05 9.030400e-16
1.135674e-05 7.381100e-16
1.141611e-05 6.135200e-16
1.147550e-05 5.199700e-16
1.153487e-05 4.608300e-16
1.159425e-05 4.200600e-16
1.165363e-05 3.880000e-16
1.171301e-05 3.801500e-16
1.177239e-05 3.786900e-16
1.183177e-05 3.919800e-16
1.189114e-05 4.210500e-16
1.195053e-05 4.384700e-16
1.200990e-05 4.423200e-16
1.206928e-05 4.326700e-16
1.212866e-05 4.251900e-16
1.218804e-05 4.306000e-16
1.224742e-05 4.520900e-16
1.230680e-05 4.731900e-16
1.236618e-05 4.813200e-16
1.242556e-05 4.957400e-16
1.248494e-05 5.153900e-16
1.254431e-05 5.512700e-16
1.260370e-05 5.911500e-16
1.266307e-05 6.062500e-16
1.272245e-05 6.943700e-16
1.278183e-05 9.041700e-16
1.284121e-05 8.059800e-16
1.290058e-05 4.695600e-16
1.295997e-05 3.813800e-16
1.301934e-05 3.547700e-16
1.307872e-05 3.477800e-16
1.313810e-05 3.432200e-16
1.319748e-05 3.432200e-16
1.325686e-05 3.292600e-16
1.331624e-05 3.365100e-16
1.337561e-05 3.291200e-16
1.343500e-05 3.250000e-16
1.349437e-05 3.206300e-16
1.355375e-05 3.226300e-16
1.361313e-05 3.161200e-16
1.367251e-05 3.094100e-16
1.373188e-05 2.988200e-16
1.379127e-05 2.888200e-16
1.385065e-05 2.845200e-16
1.391003e-05 2.870800e-16
1.396941e-05 2.874600e-16
1.402878e-05 2.762400e-16
1.408817e-05 2.755300e-16
1.414754e-05 2.741700e-16
1.420692e-05 2.792300e-16
1.431114e-05 2.849400e-16
1.439427e-05 2.748900e-16
1.447740e-05 2.632300e-16
1.456054e-05 2.504000e-16
1.464366e-05 2.526300e-16
1.472679e-05 2.377800e-16
1.480993e-05 2.345200e-16
1.489305e-05 2.418700e-16
1.497618e-05 2.383800e-16
1.505932e-05 2.376600e-16
1.514244e-05 2.326800e-16
1.522557e-05 2.317300e-16
1.530871e-05 2.297100e-16
1.539183e-05 2.292100e-16
1.547496e-05 2.468300e-16
1.555810e-05 2.728800e-16
1.564122e-05 2.609600e-16
1.572435e-05 2.404000e-16
1.580749e-05 2.397000e-16
1.589062e-05 2.447500e-16
1.597374e-05 2.410400e-16
1.605688e-05 2.376500e-16
1.614001e-05 2.372700e-16
1.622313e-05 2.468800e-16
1.630627e-05 2.769500e-16
1.638940e-05 3.125300e-16
1.647252e-05 3.328700e-16
1.655565e-05 3.094100e-16
1.663879e-05 2.943100e-16
1.672191e-05 2.975100e-16
1.680505e-05 3.011000e-16
1.688818e-05 3.035100e-16
1.697130e-05 3.424400e-16
1.705443e-05 3.710300e-16
1.713757e-05 3.168100e-16
1.722070e-05 3.058200e-16
1.730383e-05 3.038500e-16
1.738696e-05 2.998100e-16
1.747009e-05 2.797900e-16
1.755322e-05 2.590800e-16
1.763635e-05 2.510700e-16
1.771948e-05 2.443800e-16
1.780260e-05 2.372200e-16
1.788574e-05 2.395900e-16
1.796887e-05 2.355800e-16
1.805200e-05 2.292400e-16
1.813513e-05 2.213200e-16
1.821826e-05 2.215000e-16
1.830138e-05 2.193000e-16
1.838452e-05 2.163200e-16
1.846765e-05 2.182800e-16
1.855079e-05 2.255800e-16
1.863391e-05 2.536700e-16
1.871704e-05 2.804700e-16
1.880017e-05 2.658900e-16
1.888330e-05 2.326100e-16
1.896643e-05 2.282100e-16
1.904956e-05 2.339900e-16
1.913269e-05 2.291700e-16
1.921582e-05 2.319300e-16
1.929895e-05 2.278500e-16
1.938208e-05 2.303200e-16
1.946521e-05 2.301700e-16
1.954834e-05 2.273800e-16
1.963147e-05 2.269000e-16
1.971460e-05 2.287400e-16
1.979773e-05 2.332400e-16
1.988087e-05 2.369700e-16
1.996399e-05 2.351300e-16
2.004712e-05 2.304200e-16
2.021338e-05 2.316000e-16
2.037965e-05 2.415300e-16
2.054590e-05 2.440300e-16
2.071216e-05 2.489000e-16
2.087843e-05 2.514000e-16
2.104468e-05 2.506200e-16
2.121095e-05 2.514000e-16
2.137721e-05 2.561900e-16
2.154346e-05 2.585700e-16
2.170973e-05 2.564100e-16
2.187599e-05 2.612700e-16
2.204224e-05 2.667000e-16
2.220851e-05 2.677400e-16
2.237476e-05 2.644800e-16
2.254103e-05 2.677200e-16
2.270729e-05 2.734600e-16
2.287355e-05 2.788400e-16
2.303981e-05 2.824500e-16
2.320607e-05 2.823000e-16
2.337233e-05 2.842300e-16
2.353859e-05 2.903900e-16
2.370485e-05 2.934600e-16
2.387111e-05 2.969300e-16
2.403737e-05 3.012600e-16
2.420363e-05 3.004000e-16
2.436989e-05 3.013600e-16
2.453615e-05 3.048200e-16
2.470241e-05 3.078100e-16
2.486867e-05 3.075100e-16
2.503493e-05 3.088300e-16
2.520120e-05 3.143900e-16
2.536745e-05 3.196500e-16
2.553371e-05 3.234600e-16
2.569998e-05 3.220700e-16
2.586623e-05 3.271400e-16
2.603249e-05 3.319700e-16
2.619875e-05 3.306400e-16
2.636501e-05 3.338600e-16
2.653128e-05 3.324800e-16
2.669753e-05 3.316600e-16
2.686379e-05 3.352600e-16
2.703006e-05 3.377000e-16
2.719631e-05 3.376800e-16
2.736257e-05 3.430100e-16
2.752884e-05 3.452100e-16
2.769510e-05 3.491200e-16
2.786136e-05 3.460000e-16
2.802762e-05 3.492100e-16
2.819387e-05 3.552100e-16
2.836014e-05 3.554800e-16
2.852640e-05 3.566600e-16
2.869265e-05 3.583400e-16
2.885892e-05 3.595900e-16
2.902518e-05 3.574700e-16
2.919144e-05 3.605000e-16
2.935770e-05 3.629200e-16
2.952396e-05 3.676000e-16
2.969022e-05 3.715400e-16
2.985648e-05 3.729100e-16
3.002274e-05 3.729300e-16
3.018900e-05 3.778900e-16
3.035526e-05 3.802300e-16
3.052153e-05 3.834600e-16
3.068778e-05 3.824700e-16
3.085404e-05 3.861200e-16
3.102030e-05 3.952800e-16
3.118657e-05 3.915900e-16
3.135282e-05 3.876400e-16
3.151909e-05 3.914900e-16
3.168534e-05 3.965100e-16
3.185161e-05 4.017700e-16
3.201787e-05 4.019800e-16
3.218412e-05 4.020400e-16
3.235039e-05 4.049500e-16
3.251665e-05 4.147000e-16
3.268290e-05 4.210100e-16
3.284917e-05 4.380200e-16
3.301543e-05 4.198400e-16
3.318169e-05 4.300200e-16
3.334795e-05 5.032700e-16
3.351421e-05 4.695600e-16
3.368047e-05 4.333200e-16
3.384673e-05 4.199700e-16
3.401298e-05 4.274200e-16
3.417925e-05 4.358000e-16
3.434550e-05 4.309200e-16
