1.000400e-08 5.834600e-18
1.019000e-08 7.145100e-18
1.040300e-08 8.053900e-18
1.059700e-08 9.354200e-18
1.079400e-08 1.101600e-17
1.099500e-08 1.531100e-17
1.140700e-08 1.949900e-17
1.180800e-08 2.360500e-17
1.211100e-08 6.966400e-17
1.250800e-08 8.203700e-17
1.271100e-08 8.729900e-17
1.279900e-08 9.120300e-17
1.309700e-08 9.885700e-17
1.318800e-08 1.124600e-16
1.340200e-08 1.180300e-16
1.371400e-08 1.412600e-16
1.400200e-08 1.520600e-16
1.429500e-08 3.228600e-16
1.469500e-08 6.382700e-16
1.510700e-08 6.807800e-16
1.549500e-08 7.311500e-16
1.589200e-08 7.870600e-16
1.618700e-08 8.298700e-16
1.660300e-08 8.933200e-16
1.698900e-08 9.484400e-16
1.730500e-08 9.954200e-16
1.770800e-08 1.052000e-15
1.799600e-08 1.096500e-15
1.820400e-08 1.129800e-15
1.858600e-08 1.188500e-15
1.910600e-08 1.264800e-15
1.941700e-08 1.318300e-15
1.977800e-08 1.380400e-15
2.019200e-08 1.445500e-15
2.052000e-08 1.492800e-15
2.099800e-08 1.517100e-15
2.158600e-08 1.671100e-15
2.198800e-08 1.741800e-15
2.229400e-08 1.774200e-15
2.270800e-08 1.853600e-15
2.302400e-08 2.779800e-15
2.339800e-08 4.645200e-15
2.399800e-08 5.781100e-15
2.461400e-08 5.482900e-15
2.518700e-08 5.754500e-15
2.571500e-08 4.753400e-15
2.601200e-08 5.546400e-15
2.637400e-08 5.794400e-15
2.692600e-08 5.754500e-15
2.742700e-08 5.701700e-15
2.787300e-08 5.636500e-15
2.839100e-08 5.610600e-15
2.898500e-08 5.308900e-15
2.959200e-08 5.345700e-15
3.007300e-08 5.152400e-15
3.077400e-08 5.188100e-15
3.178200e-08 5.212000e-15
3.282300e-08 5.093400e-15
3.382000e-08 4.954600e-15
3.476800e-08 4.797400e-15
3.566000e-08 4.699000e-15
3.657500e-08 4.645200e-15
3.751300e-08 4.518600e-15
3.847500e-08 4.246300e-15
3.946200e-08 4.256100e-15
4.047400e-08 4.178400e-15
4.141700e-08 4.055200e-15
4.218700e-08 3.926500e-15
4.297100e-08 3.810700e-15
4.407400e-08 3.715400e-15
4.510000e-08 3.589300e-15
4.604500e-08 3.467400e-15
4.700900e-08 3.357400e-15
4.799300e-08 3.273500e-15
4.899800e-08 3.126100e-15
5.002400e-08 3.076200e-15
5.060300e-08 2.992300e-15
5.118900e-08 3.083200e-15
5.202100e-08 2.999200e-15
5.298800e-08 2.877400e-15
5.397300e-08 2.722700e-15
5.497700e-08 2.630300e-15
5.599900e-08 2.630300e-15
5.704000e-08 2.588300e-15
5.796700e-08 2.488900e-15
5.904400e-08 2.437900e-15
6.000400e-08 2.312100e-15
6.097900e-08 2.046500e-15
6.197000e-08 2.243900e-15
6.297600e-08 2.157800e-15
6.400000e-08 2.128200e-15
6.504000e-08 2.060700e-15
6.579300e-08 1.986100e-15
6.655500e-08 1.986100e-15
6.748100e-08 1.945400e-15
6.857700e-08 1.840800e-15
6.953100e-08 1.849300e-15
7.049800e-08 1.733800e-15
7.164400e-08 1.762000e-15
7.264000e-08 1.717900e-15
7.348200e-08 1.682700e-15
7.450400e-08 1.633100e-15
7.554000e-08 1.592200e-15
7.641500e-08 1.452100e-15
7.747800e-08 1.520600e-15
7.855600e-08 1.462200e-15
7.946500e-08 1.448800e-15
8.057100e-08 1.425600e-15
8.150400e-08 1.396400e-15
8.244800e-08 1.374100e-15
8.359500e-08 1.258900e-15
8.456300e-08 1.309200e-15
8.554200e-08 1.276500e-15
8.653200e-08 1.261800e-15
8.753400e-08 1.244500e-15
8.854800e-08 1.221800e-15
8.957300e-08 1.202300e-15
9.040200e-08 1.172200e-15
9.144900e-08 1.336600e-15
9.250800e-08 2.917500e-15
9.357900e-08 4.897900e-15
9.444500e-08 7.762600e-15
9.553900e-08 1.002300e-14
9.642300e-08 1.124600e-14
9.753900e-08 3.396300e-15
9.844200e-08 1.006900e-14
9.958100e-08 1.011600e-14
1.005030e-07 1.327400e-14
1.014330e-07 1.258900e-14
1.026070e-07 5.956700e-15
1.035570e-07 9.484400e-15
1.045150e-07 1.588600e-14
1.054820e-07 1.552400e-14
1.064580e-07 1.276500e-14
1.074430e-07 1.462200e-14
1.084370e-07 1.180300e-14
1.094410e-07 1.492800e-14
1.104530e-07 1.432200e-14
1.114750e-07 1.380400e-14
1.125070e-07 1.247400e-14
1.135480e-07 1.503200e-14
1.145980e-07 1.374100e-14
1.153930e-07 1.432200e-14
1.164600e-07 1.458800e-14
1.175380e-07 1.059300e-14
1.186260e-07 1.390000e-14
1.194480e-07 1.016300e-14
1.205530e-07 7.762600e-15
1.213890e-07 4.931800e-15
1.225120e-07 9.506200e-15
1.233610e-07 1.345900e-14
1.245030e-07 1.458800e-14
1.253660e-07 1.402800e-14
1.265260e-07 1.227500e-14
1.274030e-07 1.513600e-14
1.285810e-07 1.563200e-14
1.294730e-07 1.282400e-14
1.303700e-07 1.258900e-14
1.315770e-07 1.506600e-14
1.324890e-07 1.442100e-14
1.334070e-07 1.294200e-14
1.346410e-07 1.486000e-14
1.355750e-07 1.435500e-14
1.365140e-07 1.300200e-14
1.374610e-07 1.342800e-14
1.384140e-07 1.349000e-14
1.393730e-07 1.174900e-14
1.403390e-07 1.205100e-14
1.416380e-07 1.241700e-14
1.426190e-07 1.256100e-14
1.436080e-07 1.244500e-14
1.442710e-07 1.297200e-14
1.446030e-07 1.309200e-14
1.456060e-07 1.270600e-14
1.466150e-07 1.180300e-14
1.476310e-07 1.169500e-14
1.486550e-07 1.180300e-14
1.493410e-07 1.188500e-14
1.503760e-07 1.127200e-14
1.510700e-07 1.016300e-14
1.517670e-07 1.074000e-14
1.524680e-07 1.042300e-14
1.535250e-07 9.183500e-15
1.545890e-07 9.817700e-15
1.556600e-07 9.289800e-15
1.563790e-07 9.440800e-15
1.574630e-07 9.954200e-15
1.585540e-07 1.028000e-14
1.596540e-07 1.047100e-14
1.603900e-07 1.016300e-14
1.615020e-07 1.011600e-14
1.626220e-07 9.594200e-15
1.633720e-07 1.006900e-14
1.645050e-07 1.013900e-14
1.656450e-07 9.397400e-15
1.664100e-07 1.013900e-14
1.671780e-07 9.120300e-15
1.675630e-07 1.016300e-14
1.683370e-07 1.047100e-14
1.695030e-07 9.863000e-15
1.706780e-07 9.462500e-15
1.714660e-07 9.036600e-15
1.726550e-07 8.953800e-15
1.734520e-07 9.462500e-15
1.746540e-07 9.204700e-15
1.754600e-07 9.750100e-15
1.766760e-07 8.912700e-15
1.774920e-07 9.141300e-15
1.783110e-07 9.247100e-15
1.795470e-07 9.817700e-15
1.803760e-07 9.660700e-15
1.816260e-07 8.995100e-15
1.824650e-07 9.120300e-15
1.833070e-07 8.770200e-15
1.845770e-07 8.016900e-15
1.854290e-07 8.128400e-15
1.867150e-07 8.414100e-15
1.875770e-07 8.912700e-15
1.884420e-07 8.298700e-15
1.893120e-07 8.072500e-15
1.906240e-07 8.394700e-15
1.915040e-07 8.166000e-15
1.923880e-07 7.906900e-15
1.937220e-07 7.816400e-15
1.946160e-07 8.511500e-15
1.955140e-07 8.053900e-15
1.968690e-07 8.790400e-15
1.977780e-07 8.851300e-15
1.982340e-07 8.570500e-15
1.996080e-07 8.375400e-15
2.005300e-07 8.452900e-15
2.014550e-07 8.279600e-15
2.023850e-07 8.298700e-15
2.033190e-07 8.279600e-15
2.047290e-07 8.649800e-15
2.056740e-07 8.241500e-15
2.066230e-07 8.203700e-15
2.075770e-07 8.831000e-15
2.085350e-07 1.099000e-14
2.094970e-07 1.030400e-14
2.104640e-07 1.013900e-14
2.114360e-07 1.066600e-14
2.124120e-07 1.021000e-14
2.133920e-07 9.572100e-15
2.143770e-07 1.071500e-14
2.153670e-07 1.083900e-14
2.163610e-07 1.002300e-14
2.173590e-07 1.000000e-14
2.183630e-07 1.101600e-14
2.193710e-07 1.122000e-14
2.203830e-07 1.086400e-14
2.214000e-07 9.419100e-15
2.224220e-07 9.931300e-15
2.234490e-07 1.180300e-14
2.244800e-07 1.122000e-14
2.255170e-07 9.594200e-15
2.265580e-07 9.354200e-15
2.276030e-07 9.908500e-15
2.286540e-07 1.166800e-14
2.297090e-07 1.025500e-14
2.302390e-07 1.142600e-14
2.313020e-07 1.022800e-14
2.323690e-07 8.255300e-15
2.334420e-07 8.330300e-15
2.345190e-07 6.943600e-15
2.356020e-07 9.649500e-15
2.366890e-07 7.201600e-15
2.372350e-07 8.229800e-15
2.383300e-07 6.357900e-15
2.394300e-07 7.181800e-15
2.405350e-07 7.017100e-15
2.416450e-07 7.639700e-15
2.427610e-07 1.039900e-14
2.433200e-07 1.027900e-14
2.444430e-07 1.171900e-14
2.455720e-07 1.210000e-14
2.467050e-07 1.093200e-14
2.472740e-07 9.946700e-15
2.484150e-07 7.701900e-15
2.495620e-07 8.327500e-15
2.507140e-07 1.128300e-14
2.512920e-07 6.892700e-15
2.518710e-07 6.285700e-15
2.524520e-07 6.416700e-15
2.536170e-07 8.283700e-15
2.547880e-07 8.553500e-15
2.553750e-07 1.291500e-14
2.565540e-07 1.040000e-14
2.577380e-07 1.250100e-14
2.583320e-07 1.142600e-14
2.595250e-07 1.053900e-14
2.607220e-07 9.412900e-15
2.613240e-07 8.763500e-15
2.625300e-07 1.095500e-14
2.637420e-07 1.657700e-14
2.643490e-07 2.155100e-14
2.655700e-07 2.846900e-14
2.667950e-07 1.915500e-14
2.674110e-07 2.144100e-14
2.686450e-07 2.427500e-14
2.692640e-07 1.841300e-14
2.705070e-07 2.208100e-14
2.717560e-07 1.667000e-14
2.723820e-07 1.396000e-14
2.736390e-07 1.705300e-14
2.742700e-07 1.056200e-14
2.755360e-07 1.347900e-14
2.768080e-07 1.692700e-14
2.774460e-07 1.801100e-14
2.787270e-07 1.178800e-14
2.793690e-07 6.388400e-15
2.806590e-07 7.367200e-15
2.813060e-07 1.615300e-14
2.826040e-07 2.249900e-14
2.832560e-07 2.128700e-14
2.845630e-07 1.614400e-14
2.852190e-07 1.037500e-14
2.865360e-07 2.147200e-14
2.871960e-07 2.785100e-14
2.885220e-07 2.539400e-14
2.891870e-07 3.024800e-14
2.911910e-07 3.995300e-14
2.932100e-07 3.510800e-14
2.952420e-07 3.267800e-14
2.972890e-07 3.420700e-14
2.986610e-07 3.467500e-14
3.007310e-07 3.498400e-14
3.028160e-07 3.695900e-14
3.049150e-07 3.859800e-14
3.070280e-07 4.143900e-14
3.091570e-07 4.057500e-14
3.113000e-07 4.625000e-14
3.127360e-07 4.305300e-14
3.149040e-07 4.284000e-14
3.170870e-07 4.695600e-14
3.192850e-07 4.097600e-14
3.207590e-07 4.533400e-14
3.229820e-07 3.857200e-14
3.252210e-07 5.297900e-14
3.267220e-07 6.137600e-14
3.289870e-07 6.009500e-14
3.312670e-07 5.658100e-14
3.320310e-07 5.328700e-14
3.327960e-07 5.775100e-14
3.335630e-07 6.088500e-14
3.343320e-07 5.552000e-14
3.351030e-07 5.475200e-14
3.358760e-07 6.142400e-14
3.366500e-07 5.132000e-14
3.374260e-07 4.180500e-14
3.382040e-07 4.956500e-14
3.389830e-07 5.917200e-14
3.397650e-07 5.200700e-14
3.405480e-07 6.223100e-14
3.413330e-07 5.727300e-14
3.421200e-07 6.122000e-14
3.429090e-07 5.927000e-14
3.436990e-07 5.994800e-14
3.444910e-07 4.024600e-14
3.452860e-07 6.189600e-14
3.460820e-07 5.657200e-14
3.468790e-07 5.708800e-14
3.476790e-07 5.364000e-14
3.484810e-07 5.853700e-14
3.492840e-07 5.449700e-14
3.500890e-07 5.179800e-14
3.508960e-07 6.386400e-14
3.517050e-07 5.178400e-14
3.525160e-07 5.359700e-14
3.533280e-07 6.398600e-14
3.541430e-07 6.902800e-14
3.549590e-07 6.917700e-14
3.557770e-07 6.108100e-14
3.565980e-07 6.758400e-14
3.574200e-07 4.740100e-14
3.582440e-07 4.739400e-14
3.590700e-07 4.042700e-14
3.598970e-07 6.406300e-14
3.607270e-07 5.643500e-14
3.611100e-07 5.091700e-14
3.613830e-07 5.388700e-14
3.616570e-07 5.696200e-14
3.619300e-07 5.922800e-14
3.622030e-07 5.898700e-14
3.624760e-07 5.711400e-14
3.627500e-07 5.939300e-14
3.630230e-07 6.491600e-14
3.632960e-07 6.045700e-14
3.635690e-07 6.184400e-14
3.638420e-07 6.659100e-14
3.641160e-07 6.815000e-14
3.643890e-07 6.302700e-14
3.646620e-07 6.026600e-14
3.649350e-07 6.513800e-14
3.652090e-07 7.428100e-14
3.654820e-07 8.020600e-14
3.657550e-07 7.847900e-14
3.660280e-07 7.849400e-14
3.663010e-07 7.988800e-14
3.665750e-07 8.008300e-14
3.668480e-07 7.680100e-14
3.671210e-07 7.436500e-14
3.673940e-07 7.753900e-14
3.676680e-07 7.116200e-14
3.679410e-07 6.854200e-14
3.682140e-07 6.489300e-14
3.684870e-07 6.575600e-14
3.687600e-07 6.707600e-14
3.690340e-07 6.777400e-14
3.693070e-07 7.514900e-14
3.695800e-07 8.488300e-14
3.698530e-07 8.332300e-14
3.701270e-07 7.859800e-14
3.704000e-07 7.443600e-14
3.706730e-07 6.827200e-14
3.709460e-07 6.457900e-14
3.712190e-07 7.357400e-14
3.714930e-07 7.959000e-14
3.717660e-07 7.555500e-14
3.720390e-07 7.104800e-14
3.723120e-07 8.100500e-14
3.725850e-07 9.589000e-14
3.728590e-07 9.822300e-14
3.731320e-07 8.806400e-14
3.734050e-07 7.305300e-14
3.736780e-07 6.230800e-14
3.739520e-07 5.898500e-14
3.742250e-07 6.271200e-14
3.744980e-07 5.933300e-14
3.747710e-07 5.655100e-14
3.750440e-07 5.980900e-14
3.753180e-07 6.808100e-14
3.755910e-07 6.963300e-14
3.758640e-07 6.761200e-14
3.761370e-07 6.415900e-14
3.764110e-07 6.654800e-14
3.766840e-07 7.010700e-14
3.769570e-07 7.626100e-14
3.772300e-07 7.766200e-14
3.775030e-07 8.061200e-14
3.777770e-07 8.252400e-14
3.780500e-07 8.978900e-14
3.783230e-07 9.143300e-14
3.785960e-07 8.284800e-14
3.788700e-07 7.828300e-14
3.791430e-07 7.557100e-14
3.794160e-07 6.754800e-14
3.796890e-07 7.013600e-14
3.799620e-07 7.035100e-14
3.802360e-07 7.387400e-14
3.805090e-07 8.513900e-14
3.807820e-07 8.073800e-14
3.810550e-07 7.875200e-14
3.813280e-07 8.123100e-14
3.816020e-07 7.171400e-14
3.818750e-07 6.570200e-14
3.821480e-07 6.442000e-14
3.824210e-07 5.902300e-14
3.826950e-07 5.587800e-14
3.829680e-07 5.106700e-14
3.832410e-07 5.721300e-14
3.835140e-07 4.733600e-14
3.837870e-07 4.943500e-14
3.840610e-07 5.948800e-14
3.843340e-07 6.376400e-14
3.846070e-07 7.198200e-14
3.848800e-07 6.862500e-14
3.851540e-07 7.256000e-14
3.854270e-07 7.118600e-14
3.857000e-07 6.768100e-14
3.859730e-07 7.107600e-14
3.862460e-07 7.180800e-14
3.865200e-07 7.715800e-14
3.867930e-07 7.803200e-14
3.870660e-07 7.432000e-14
3.873390e-07 7.483100e-14
3.876130e-07 7.047100e-14
3.878860e-07 6.876800e-14
3.881590e-07 6.695500e-14
3.884320e-07 7.251400e-14
3.887050e-07 6.936100e-14
3.889790e-07 7.030800e-14
3.892520e-07 7.467300e-14
3.895250e-07 7.828900e-14
3.897980e-07 8.304700e-14
3.900720e-07 8.034500e-14
3.903450e-07 8.163600e-14
3.906180e-07 7.691700e-14
3.908910e-07 8.702600e-14
3.911640e-07 9.077600e-14
3.914380e-07 8.924700e-14
3.917110e-07 9.087400e-14
3.919840e-07 7.915300e-14
3.922570e-07 7.151800e-14
3.925300e-07 6.647700e-14
3.928040e-07 5.700100e-14
3.930770e-07 4.610300e-14
3.933500e-07 3.933500e-14
3.936230e-07 4.319200e-14
3.938970e-07 5.314600e-14
3.941700e-07 6.138900e-14
3.944430e-07 7.229000e-14
3.947160e-07 7.948100e-14
3.949890e-07 8.399300e-14
3.952630e-07 9.193200e-14
3.955360e-07 8.546600e-14
3.958090e-07 7.835100e-14
3.960820e-07 7.238900e-14
3.963560e-07 5.880500e-14
3.966290e-07 5.031700e-14
3.969020e-07 4.404600e-14
3.971750e-07 5.438900e-14
3.974480e-07 6.413700e-14
3.977220e-07 8.005600e-14
3.979950e-07 8.997800e-14
3.982680e-07 9.740700e-14
3.985410e-07 1.040000e-13
3.988150e-07 1.099800e-13
3.990880e-07 1.115400e-13
3.993610e-07 1.103000e-13
3.996340e-07 1.107700e-13
3.999070e-07 1.135900e-13
4.001810e-07 1.142900e-13
4.004540e-07 1.132700e-13
4.007270e-07 1.143000e-13
4.010000e-07 1.172300e-13
4.012730e-07 1.179600e-13
4.015470e-07 1.208900e-13
4.018200e-07 1.258200e-13
4.020930e-07 1.223700e-13
4.023660e-07 1.200400e-13
4.026400e-07 1.190900e-13
4.029130e-07 1.178000e-13
4.031860e-07 1.136300e-13
4.034590e-07 1.135500e-13
4.037320e-07 1.199000e-13
4.040060e-07 1.195200e-13
4.042790e-07 1.138500e-13
4.045520e-07 1.122400e-13
4.048250e-07 1.168200e-13
4.050990e-07 1.178900e-13
4.053720e-07 1.156200e-13
4.056450e-07 1.116600e-13
4.059180e-07 1.083700e-13
4.061910e-07 1.079400e-13
4.064650e-07 1.089200e-13
4.067380e-07 1.099900e-13
4.070110e-07 1.147500e-13
4.072840e-07 1.160500e-13
4.075580e-07 1.138500e-13
4.078310e-07 1.170000e-13
4.081040e-07 1.202900e-13
4.083770e-07 1.224500e-13
4.086500e-07 1.271700e-13
4.089240e-07 1.290700e-13
4.091970e-07 1.254200e-13
4.094700e-07 1.197100e-13
4.097430e-07 1.114400e-13
4.100170e-07 1.068600e-13
4.102900e-07 1.101000e-13
4.105630e-07 1.146500e-13
4.108360e-07 1.209100e-13
4.111090e-07 1.222400e-13
4.113830e-07 1.231900e-13
4.116560e-07 1.242500e-13
4.119290e-07 1.224700e-13
4.122020e-07 1.225600e-13
4.124750e-07 1.231200e-13
4.127490e-07 1.197600e-13
4.130220e-07 1.159800e-13
4.132950e-07 1.174600e-13
4.135680e-07 1.219100e-13
4.138420e-07 1.225600e-13
4.141150e-07 1.184000e-13
4.143880e-07 1.166700e-13
4.146610e-07 1.138900e-13
4.149340e-07 1.165500e-13
4.152080e-07 1.191000e-13
4.154810e-07 1.169700e-13
4.157540e-07 1.209600e-13
4.160270e-07 1.243400e-13
4.163010e-07 1.231700e-13
4.165740e-07 1.225000e-13
4.168470e-07 1.206200e-13
4.171200e-07 1.147400e-13
4.173930e-07 1.134200e-13
4.176670e-07 1.151500e-13
4.179400e-07 1.154100e-13
4.182130e-07 1.165500e-13
4.184860e-07 1.193300e-13
4.187600e-07 1.212300e-13
4.190330e-07 1.236800e-13
4.193060e-07 1.231400e-13
4.195790e-07 1.220000e-13
4.198520e-07 1.154600e-13
4.201260e-07 1.176700e-13
4.203990e-07 1.211800e-13
4.206720e-07 1.228100e-13
4.209450e-07 1.241300e-13
4.212190e-07 1.255800e-13
4.214920e-07 1.249400e-13
4.217650e-07 1.246600e-13
4.220380e-07 1.241600e-13
4.223110e-07 1.213200e-13
4.225850e-07 1.129600e-13
4.228580e-07 1.117200e-13
4.231310e-07 1.189600e-13
4.234040e-07 1.229300e-13
4.236770e-07 1.242500e-13
4.239510e-07 1.261100e-13
4.242240e-07 1.307500e-13
4.244970e-07 1.264100e-13
4.247700e-07 1.256100e-13
4.250440e-07 1.232200e-13
4.253170e-07 1.192100e-13
4.255900e-07 1.245100e-13
4.258630e-07 1.261300e-13
4.261360e-07 1.243800e-13
4.264100e-07 1.273500e-13
4.266830e-07 1.271200e-13
4.269560e-07 1.206300e-13
4.272290e-07 1.176300e-13
4.275030e-07 1.178800e-13
4.277760e-07 1.216300e-13
4.280490e-07 1.230100e-13
4.283220e-07 1.242200e-13
4.285950e-07 1.227500e-13
4.288690e-07 1.186100e-13
4.291420e-07 1.165600e-13
4.294150e-07 1.144300e-13
4.296880e-07 1.072200e-13
4.299620e-07 9.975600e-14
4.302350e-07 9.619100e-14
4.305080e-07 9.210300e-14
4.307810e-07 9.275900e-14
4.310540e-07 1.011800e-13
4.313280e-07 1.162700e-13
4.316010e-07 1.311300e-13
4.318740e-07 1.356600e-13
4.321470e-07 1.335500e-13
4.324200e-07 1.296200e-13
4.326940e-07 1.273700e-13
4.329670e-07 1.362500e-13
4.332400e-07 1.395300e-13
4.335130e-07 1.334400e-13
4.337870e-07 1.275700e-13
4.340600e-07 1.282800e-13
4.343330e-07 1.330400e-13
4.346060e-07 1.360600e-13
4.348790e-07 1.360200e-13
4.351530e-07 1.349400e-13
4.354260e-07 1.378500e-13
4.356990e-07 1.398600e-13
4.359720e-07 1.428600e-13
4.362460e-07 1.505700e-13
4.365190e-07 1.488300e-13
4.367920e-07 1.419300e-13
4.370650e-07 1.391900e-13
4.373380e-07 1.368800e-13
4.376120e-07 1.364000e-13
4.378850e-07 1.314700e-13
4.381580e-07 1.263300e-13
4.384310e-07 1.198100e-13
4.387050e-07 1.221900e-13
4.389780e-07 1.277400e-13
4.392510e-07 1.312900e-13
4.395240e-07 1.397300e-13
4.397970e-07 1.395300e-13
4.400710e-07 1.405800e-13
4.403440e-07 1.348800e-13
4.406170e-07 1.345900e-13
4.408900e-07 1.406600e-13
4.411640e-07 1.424100e-13
4.414370e-07 1.445100e-13
4.417100e-07 1.487300e-13
4.419830e-07 1.487200e-13
4.422560e-07 1.494600e-13
4.425300e-07 1.498500e-13
4.428030e-07 1.483100e-13
4.430760e-07 1.508700e-13
4.433490e-07 1.459300e-13
4.436220e-07 1.499400e-13
4.438960e-07 1.495600e-13
4.441690e-07 1.532700e-13
4.444420e-07 1.565800e-13
4.447150e-07 1.571000e-13
4.449890e-07 1.568100e-13
4.452620e-07 1.509400e-13
4.455350e-07 1.452700e-13
4.458080e-07 1.446900e-13
4.460810e-07 1.443500e-13
4.463550e-07 1.463100e-13
4.466280e-07 1.512900e-13
4.469010e-07 1.533000e-13
4.471740e-07 1.593700e-13
4.474480e-07 1.629500e-13
4.477210e-07 1.643500e-13
4.479940e-07 1.629100e-13
4.482670e-07 1.603600e-13
4.485400e-07 1.632700e-13
4.488140e-07 1.619100e-13
4.490870e-07 1.614700e-13
4.493600e-07 1.589200e-13
4.496330e-07 1.592600e-13
4.499070e-07 1.655700e-13
4.501800e-07 1.680900e-13
4.504530e-07 1.735400e-13
4.507260e-07 1.716500e-13
4.509990e-07 1.721400e-13
4.512730e-07 1.706900e-13
4.515460e-07 1.682700e-13
4.518190e-07 1.664600e-13
4.520920e-07 1.646700e-13
4.523650e-07 1.600100e-13
4.526390e-07 1.533400e-13
4.529120e-07 1.493800e-13
4.531850e-07 1.497900e-13
4.534580e-07 1.533900e-13
4.537320e-07 1.583200e-13
4.540050e-07 1.622900e-13
4.542780e-07 1.633000e-13
4.545510e-07 1.619700e-13
4.548240e-07 1.640300e-13
4.550980e-07 1.576500e-13
4.553710e-07 1.597200e-13
4.556440e-07 1.645900e-13
4.559170e-07 1.680900e-13
4.561910e-07 1.698100e-13
4.564640e-07 1.666800e-13
4.567370e-07 1.717300e-13
4.570100e-07 1.719200e-13
4.572830e-07 1.694500e-13
4.575570e-07 1.689400e-13
4.578300e-07 1.684800e-13
4.581030e-07 1.646000e-13
4.583760e-07 1.633000e-13
4.586500e-07 1.668700e-13
4.589230e-07 1.683000e-13
4.591960e-07 1.689500e-13
4.594690e-07 1.652500e-13
4.597420e-07 1.660400e-13
4.600160e-07 1.656900e-13
4.602890e-07 1.650100e-13
4.605620e-07 1.678600e-13
4.608350e-07 1.745200e-13
4.611090e-07 1.796100e-13
4.613820e-07 1.784500e-13
4.616550e-07 1.779600e-13
4.619280e-07 1.781300e-13
4.622010e-07 1.770100e-13
4.624750e-07 1.750400e-13
4.627480e-07 1.771500e-13
4.630210e-07 1.763500e-13
4.632940e-07 1.723600e-13
4.635670e-07 1.719200e-13
4.638410e-07 1.694200e-13
4.641140e-07 1.664800e-13
4.643870e-07 1.628200e-13
4.646600e-07 1.637500e-13
4.649340e-07 1.654000e-13
4.652070e-07 1.650000e-13
4.654800e-07 1.694400e-13
4.657530e-07 1.704900e-13
4.660260e-07 1.717400e-13
4.663000e-07 1.716200e-13
4.665730e-07 1.649700e-13
4.668460e-07 1.596600e-13
4.671190e-07 1.627800e-13
4.673930e-07 1.661800e-13
4.676660e-07 1.644100e-13
4.679390e-07 1.632200e-13
4.682120e-07 1.678400e-13
4.684850e-07 1.677500e-13
4.687590e-07 1.686800e-13
4.690320e-07 1.678100e-13
4.693050e-07 1.666400e-13
4.695780e-07 1.647500e-13
4.698520e-07 1.636400e-13
4.701250e-07 1.638000e-13
4.703980e-07 1.601400e-13
4.706710e-07 1.623000e-13
4.709440e-07 1.625500e-13
4.712180e-07 1.656100e-13
4.714910e-07 1.707500e-13
4.717640e-07 1.722100e-13
4.720370e-07 1.777300e-13
4.723100e-07 1.771200e-13
4.725840e-07 1.724500e-13
4.728570e-07 1.708400e-13
4.731300e-07 1.678500e-13
4.734030e-07 1.701300e-13
4.736770e-07 1.738300e-13
4.739500e-07 1.718200e-13
4.742230e-07 1.749100e-13
4.744960e-07 1.807200e-13
4.747690e-07 1.794500e-13
4.750430e-07 1.789200e-13
4.753160e-07 1.786400e-13
4.755890e-07 1.747800e-13
4.758620e-07 1.742900e-13
4.761360e-07 1.716900e-13
4.764090e-07 1.699800e-13
4.766820e-07 1.694400e-13
4.769550e-07 1.722400e-13
4.772280e-07 1.759400e-13
4.775020e-07 1.805200e-13
4.777750e-07 1.796000e-13
4.780480e-07 1.768200e-13
4.783210e-07 1.773200e-13
4.785950e-07 1.759700e-13
4.788680e-07 1.761000e-13
4.791410e-07 1.781000e-13
4.794140e-07 1.814000e-13
4.796870e-07 1.796900e-13
4.799610e-07 1.790800e-13
4.802340e-07 1.810100e-13
4.805070e-07 1.798400e-13
4.807800e-07 1.801900e-13
4.810540e-07 1.792400e-13
4.813270e-07 1.826100e-13
4.816000e-07 1.834700e-13
4.818730e-07 1.832900e-13
4.821460e-07 1.837700e-13
4.824200e-07 1.800900e-13
4.826930e-07 1.775800e-13
4.829660e-07 1.786800e-13
4.832390e-07 1.792400e-13
4.835120e-07 1.767200e-13
4.837860e-07 1.739500e-13
4.840590e-07 1.778200e-13
4.843320e-07 1.785800e-13
4.846050e-07 1.752100e-13
4.848790e-07 1.741100e-13
4.851520e-07 1.710500e-13
4.854250e-07 1.682300e-13
4.856980e-07 1.624200e-13
4.859710e-07 1.561000e-13
4.862450e-07 1.557400e-13
4.865180e-07 1.594800e-13
4.867910e-07 1.602900e-13
4.870640e-07 1.589200e-13
4.873380e-07 1.618100e-13
4.876110e-07 1.649700e-13
4.878840e-07 1.680200e-13
4.881570e-07 1.699600e-13
4.884300e-07 1.680500e-13
4.887040e-07 1.645400e-13
4.889770e-07 1.669700e-13
4.892500e-07 1.698600e-13
4.895230e-07 1.784600e-13
4.897970e-07 1.828600e-13
4.900700e-07 1.821700e-13
4.903430e-07 1.827600e-13
4.906160e-07 1.791000e-13
4.908890e-07 1.754200e-13
4.911630e-07 1.767500e-13
4.914360e-07 1.760000e-13
4.917090e-07 1.688000e-13
4.919820e-07 1.662800e-13
4.922550e-07 1.650700e-13
4.925290e-07 1.716600e-13
4.928020e-07 1.775900e-13
4.930750e-07 1.796600e-13
4.933480e-07 1.785000e-13
4.936220e-07 1.737800e-13
4.938950e-07 1.762000e-13
4.941680e-07 1.793100e-13
4.944410e-07 1.831100e-13
4.947140e-07 1.855100e-13
4.949880e-07 1.858100e-13
4.952610e-07 1.818900e-13
4.955340e-07 1.823100e-13
4.958070e-07 1.807600e-13
4.960810e-07 1.785200e-13
4.963540e-07 1.768700e-13
4.966270e-07 1.763500e-13
4.969000e-07 1.781900e-13
4.971730e-07 1.797100e-13
4.974470e-07 1.797700e-13
4.977200e-07 1.766500e-13
4.979930e-07 1.711300e-13
4.982660e-07 1.657700e-13
4.985400e-07 1.645900e-13
4.988130e-07 1.708700e-13
4.990860e-07 1.731300e-13
4.993590e-07 1.733000e-13
4.996320e-07 1.736800e-13
4.999060e-07 1.730700e-13
5.001790e-07 1.718700e-13
5.004520e-07 1.760900e-13
5.007250e-07 1.774700e-13
5.009990e-07 1.728100e-13
5.012720e-07 1.661300e-13
5.015450e-07 1.619800e-13
5.018180e-07 1.582500e-13
5.020910e-07 1.611700e-13
5.023650e-07 1.637300e-13
5.026380e-07 1.675400e-13
5.029110e-07 1.708600e-13
5.031840e-07 1.736100e-13
5.034570e-07 1.690400e-13
5.037310e-07 1.661600e-13
5.040040e-07 1.635200e-13
5.042770e-07 1.666500e-13
5.045500e-07 1.699900e-13
5.048240e-07 1.718400e-13
5.050970e-07 1.726500e-13
5.053700e-07 1.732700e-13
5.056430e-07 1.778500e-13
5.059160e-07 1.794600e-13
5.061900e-07 1.789200e-13
5.064630e-07 1.747200e-13
5.067360e-07 1.725000e-13
5.070090e-07 1.690500e-13
5.072830e-07 1.702000e-13
5.075560e-07 1.682100e-13
5.078290e-07 1.654700e-13
5.081020e-07 1.656600e-13
5.083750e-07 1.660700e-13
5.086490e-07 1.702200e-13
5.089220e-07 1.729900e-13
5.091950e-07 1.753200e-13
5.094680e-07 1.731300e-13
5.097420e-07 1.701400e-13
5.100150e-07 1.692600e-13
5.102880e-07 1.674700e-13
5.105610e-07 1.665500e-13
5.108340e-07 1.671200e-13
5.111080e-07 1.687100e-13
5.113810e-07 1.725800e-13
5.116540e-07 1.720900e-13
5.119270e-07 1.697400e-13
5.122000e-07 1.704700e-13
5.124740e-07 1.653900e-13
5.127470e-07 1.622400e-13
5.130200e-07 1.635300e-13
5.132930e-07 1.637200e-13
5.135670e-07 1.660500e-13
5.138400e-07 1.668300e-13
5.141130e-07 1.649600e-13
5.143860e-07 1.645900e-13
5.146590e-07 1.644500e-13
5.149330e-07 1.601700e-13
5.152060e-07 1.600400e-13
5.154790e-07 1.641900e-13
5.157520e-07 1.643100e-13
5.160260e-07 1.648300e-13
5.162990e-07 1.571900e-13
5.165720e-07 1.491300e-13
5.168450e-07 1.412900e-13
5.171180e-07 1.351800e-13
5.173920e-07 1.372400e-13
5.176650e-07 1.435700e-13
5.179380e-07 1.466000e-13
5.182110e-07 1.449100e-13
5.184850e-07 1.454800e-13
5.187580e-07 1.507700e-13
5.190310e-07 1.549300e-13
5.193040e-07 1.607200e-13
5.195770e-07 1.640000e-13
5.198510e-07 1.670300e-13
5.201240e-07 1.676500e-13
5.203970e-07 1.644100e-13
5.206700e-07 1.594400e-13
5.209440e-07 1.588000e-13
5.212170e-07 1.634000e-13
5.214900e-07 1.699100e-13
5.217630e-07 1.753100e-13
5.220360e-07 1.735300e-13
5.223100e-07 1.720000e-13
5.225830e-07 1.671000e-13
5.228560e-07 1.665200e-13
5.231290e-07 1.693500e-13
5.234020e-07 1.737900e-13
5.236760e-07 1.776300e-13
5.239490e-07 1.799900e-13
5.242220e-07 1.817100e-13
5.244950e-07 1.798500e-13
5.247690e-07 1.759000e-13
5.250420e-07 1.750800e-13
5.253150e-07 1.760600e-13
5.255880e-07 1.793200e-13
5.258610e-07 1.783300e-13
5.261350e-07 1.712100e-13
5.264080e-07 1.627100e-13
5.266810e-07 1.561300e-13
5.269540e-07 1.539100e-13
5.272280e-07 1.592200e-13
5.275010e-07 1.680100e-13
5.277740e-07 1.781800e-13
5.280470e-07 1.798800e-13
5.283200e-07 1.827000e-13
5.285940e-07 1.857300e-13
5.288670e-07 1.882100e-13
5.291400e-07 1.920000e-13
5.294130e-07 1.880100e-13
5.296870e-07 1.827600e-13
5.299600e-07 1.796600e-13
5.302330e-07 1.834400e-13
5.305060e-07 1.892200e-13
5.307790e-07 1.957100e-13
5.310530e-07 1.985800e-13
5.313260e-07 1.959800e-13
5.315990e-07 1.909800e-13
5.318720e-07 1.919900e-13
5.321450e-07 1.900200e-13
5.324190e-07 1.789600e-13
5.326920e-07 1.724600e-13
5.329650e-07 1.726900e-13
5.332380e-07 1.766500e-13
5.335120e-07 1.829000e-13
5.337850e-07 1.855600e-13
5.340580e-07 1.840700e-13
5.343310e-07 1.844900e-13
5.346040e-07 1.836700e-13
5.348780e-07 1.872300e-13
5.351510e-07 1.901500e-13
5.354240e-07 1.935900e-13
5.356970e-07 1.956300e-13
5.359710e-07 1.965900e-13
5.362440e-07 1.932400e-13
5.365170e-07 1.866400e-13
5.367900e-07 1.817300e-13
5.370630e-07 1.796200e-13
5.373370e-07 1.842900e-13
5.376100e-07 1.880200e-13
5.378830e-07 1.891500e-13
5.381560e-07 1.887100e-13
5.384300e-07 1.872200e-13
5.387030e-07 1.875600e-13
5.389760e-07 1.845500e-13
5.392490e-07 1.816100e-13
5.395220e-07 1.784200e-13
5.397960e-07 1.762600e-13
5.400690e-07 1.763300e-13
5.403420e-07 1.764800e-13
5.406150e-07 1.769400e-13
5.408890e-07 1.757400e-13
5.411620e-07 1.797900e-13
5.414350e-07 1.858000e-13
5.417080e-07 1.874400e-13
5.419810e-07 1.883000e-13
5.422550e-07 1.883900e-13
5.425280e-07 1.879500e-13
5.428010e-07 1.847900e-13
5.430740e-07 1.796800e-13
5.433470e-07 1.797000e-13
5.436210e-07 1.839600e-13
5.438940e-07 1.898400e-13
5.441670e-07 1.921800e-13
5.444400e-07 1.885900e-13
5.447140e-07 1.853500e-13
5.449870e-07 1.829600e-13
5.452600e-07 1.829100e-13
5.455330e-07 1.832000e-13
5.458060e-07 1.830200e-13
5.460800e-07 1.826900e-13
5.463530e-07 1.843700e-13
5.466260e-07 1.857600e-13
5.468990e-07 1.877700e-13
5.471730e-07 1.882300e-13
5.474460e-07 1.857400e-13
5.477190e-07 1.811300e-13
5.479920e-07 1.808200e-13
5.482650e-07 1.832400e-13
5.485390e-07 1.846500e-13
5.488120e-07 1.848700e-13
5.490850e-07 1.865500e-13
5.493580e-07 1.860400e-13
5.496320e-07 1.861600e-13
5.499050e-07 1.876600e-13
5.501780e-07 1.871600e-13
5.504510e-07 1.825300e-13
5.507240e-07 1.822400e-13
5.509980e-07 1.843500e-13
5.512710e-07 1.802200e-13
5.515440e-07 1.800000e-13
5.518170e-07 1.828700e-13
5.520900e-07 1.913700e-13
5.523640e-07 1.871900e-13
5.526370e-07 1.842500e-13
5.529100e-07 1.809900e-13
5.531830e-07 1.832000e-13
5.534570e-07 1.834800e-13
5.537300e-07 1.882000e-13
5.540030e-07 1.868700e-13
5.542760e-07 1.914600e-13
5.545490e-07 1.875200e-13
5.548230e-07 1.888000e-13
5.550960e-07 1.941400e-13
5.553690e-07 1.885200e-13
5.556420e-07 1.925500e-13
5.559160e-07 1.878100e-13
5.561890e-07 1.869300e-13
5.564620e-07 1.852200e-13
5.567350e-07 1.885500e-13
5.570080e-07 1.847200e-13
5.572820e-07 1.871600e-13
5.575550e-07 1.867600e-13
5.578280e-07 1.874400e-13
5.581010e-07 1.877900e-13
5.583750e-07 1.858600e-13
5.586480e-07 1.799800e-13
5.589210e-07 1.781900e-13
5.591940e-07 1.777200e-13
5.594670e-07 1.780500e-13
5.597410e-07 1.796200e-13
5.600140e-07 1.802900e-13
5.602870e-07 1.834700e-13
5.605600e-07 1.863000e-13
5.608340e-07 1.886600e-13
5.611070e-07 1.896700e-13
5.613800e-07 1.866400e-13
5.616530e-07 1.838700e-13
5.619260e-07 1.821500e-13
5.622000e-07 1.819100e-13
5.624730e-07 1.835100e-13
5.627460e-07 1.866500e-13
5.630190e-07 1.914900e-13
5.632920e-07 1.918100e-13
5.635660e-07 1.899800e-13
5.638390e-07 1.857200e-13
5.641120e-07 1.863800e-13
5.643850e-07 1.866900e-13
5.646590e-07 1.878900e-13
5.649320e-07 1.919100e-13
5.652050e-07 1.885600e-13
5.654780e-07 1.838500e-13
5.657510e-07 1.825700e-13
5.660250e-07 1.827100e-13
5.662980e-07 1.833600e-13
5.665710e-07 1.871600e-13
5.668440e-07 1.868300e-13
5.671180e-07 1.902900e-13
5.673910e-07 1.922200e-13
5.676640e-07 1.922500e-13
5.679370e-07 1.924700e-13
5.682100e-07 1.907800e-13
5.684840e-07 1.918300e-13
5.687570e-07 1.907500e-13
5.690300e-07 1.906400e-13
5.693030e-07 1.911300e-13
5.695770e-07 1.923300e-13
5.698500e-07 1.881400e-13
5.701230e-07 1.829500e-13
5.703960e-07 1.854800e-13
5.706690e-07 1.817300e-13
5.709430e-07 1.795500e-13
5.712160e-07 1.826600e-13
5.714890e-07 1.884200e-13
5.717620e-07 1.938700e-13
5.720350e-07 1.942700e-13
5.723090e-07 1.955800e-13
5.725820e-07 1.939900e-13
5.728550e-07 1.936900e-13
5.731280e-07 1.948200e-13
5.734020e-07 1.942200e-13
5.736750e-07 1.940500e-13
5.739480e-07 1.916600e-13
5.742210e-07 1.943000e-13
5.744940e-07 1.948000e-13
5.747680e-07 1.952100e-13
5.750410e-07 1.920000e-13
5.753140e-07 1.894400e-13
5.755870e-07 1.922600e-13
5.758610e-07 1.920900e-13
5.761340e-07 1.915600e-13
5.764070e-07 1.906500e-13
5.766800e-07 1.931600e-13
5.769530e-07 1.961400e-13
5.772270e-07 1.958200e-13
5.775000e-07 1.923400e-13
5.777730e-07 1.928600e-13
5.780460e-07 1.852700e-13
5.783200e-07 1.856700e-13
5.785930e-07 1.832000e-13
5.788660e-07 1.875900e-13
5.791390e-07 1.914200e-13
5.794120e-07 1.922400e-13
5.796860e-07 1.952900e-13
5.799590e-07 1.931000e-13
5.802320e-07 1.962500e-13
5.805050e-07 1.986700e-13
5.807780e-07 1.971000e-13
5.810520e-07 1.953300e-13
5.813250e-07 1.963000e-13
5.815980e-07 1.954500e-13
5.818710e-07 1.973800e-13
5.821450e-07 1.994400e-13
5.824180e-07 1.993400e-13
5.826910e-07 1.970100e-13
5.829640e-07 1.983800e-13
5.832370e-07 1.989200e-13
5.835110e-07 2.047000e-13
5.837840e-07 2.030400e-13
5.840570e-07 2.011300e-13
5.843300e-07 1.993400e-13
5.846040e-07 1.956200e-13
5.848770e-07 1.994400e-13
5.851500e-07 1.949900e-13
5.854230e-07 1.889200e-13
5.856960e-07 1.925100e-13
5.859700e-07 1.885000e-13
5.862430e-07 1.834900e-13
5.865160e-07 1.920400e-13
5.867890e-07 1.906000e-13
5.870630e-07 1.933700e-13
5.873360e-07 1.929500e-13
5.876090e-07 1.931800e-13
5.878820e-07 1.913400e-13
5.881550e-07 1.880000e-13
5.884290e-07 1.844100e-13
5.887020e-07 1.742900e-13
5.889750e-07 1.661400e-13
5.892480e-07 1.637600e-13
5.895220e-07 1.690000e-13
5.897950e-07 1.728200e-13
5.900680e-07 1.777200e-13
5.903410e-07 1.827900e-13
5.906140e-07 1.866900e-13
5.908880e-07 1.866400e-13
5.911610e-07 1.865300e-13
5.914340e-07 1.870000e-13
5.917070e-07 1.849100e-13
5.919800e-07 1.890200e-13
5.922540e-07 1.903200e-13
5.925270e-07 1.905000e-13
5.928000e-07 1.894300e-13
5.930730e-07 1.913900e-13
5.933470e-07 1.896400e-13
5.936200e-07 1.908400e-13
5.938930e-07 1.909900e-13
5.941660e-07 1.911800e-13
5.944390e-07 1.888900e-13
5.947130e-07 1.896900e-13
5.949860e-07 1.889300e-13
5.952590e-07 1.869500e-13
5.955320e-07 1.877400e-13
5.958060e-07 1.885200e-13
5.960790e-07 1.917000e-13
5.963520e-07 1.900200e-13
5.966250e-07 1.893800e-13
5.968980e-07 1.915600e-13
5.971720e-07 1.920600e-13
5.974450e-07 1.907000e-13
5.977180e-07 1.879200e-13
5.979910e-07 1.851000e-13
5.982650e-07 1.878900e-13
5.985380e-07 1.878800e-13
5.988110e-07 1.851400e-13
5.990840e-07 1.858200e-13
5.993570e-07 1.888000e-13
5.996310e-07 1.903800e-13
5.999040e-07 1.876100e-13
6.001770e-07 1.867900e-13
6.004500e-07 1.860900e-13
6.007230e-07 1.856900e-13
6.009970e-07 1.850300e-13
6.012700e-07 1.856500e-13
6.015430e-07 1.860700e-13
6.018160e-07 1.856400e-13
6.020900e-07 1.849600e-13
6.023630e-07 1.865300e-13
6.026360e-07 1.895900e-13
6.029090e-07 1.888300e-13
6.031820e-07 1.907300e-13
6.034560e-07 1.943600e-13
6.037290e-07 1.960300e-13
6.040020e-07 1.968200e-13
6.042750e-07 1.964200e-13
6.045490e-07 1.979900e-13
6.048220e-07 1.963200e-13
6.050950e-07 1.969100e-13
6.053680e-07 1.892700e-13
6.056410e-07 1.899000e-13
6.059150e-07 1.926200e-13
6.061880e-07 1.924100e-13
6.064610e-07 1.940300e-13
6.067340e-07 1.917600e-13
6.070080e-07 1.963600e-13
6.072810e-07 1.951900e-13
6.075540e-07 1.954700e-13
6.078270e-07 1.934000e-13
6.081000e-07 1.904100e-13
6.083740e-07 1.908400e-13
6.086470e-07 1.916500e-13
6.089200e-07 1.866300e-13
6.091930e-07 1.901200e-13
6.094670e-07 1.890200e-13
6.097400e-07 1.909600e-13
6.100130e-07 1.888300e-13
6.102860e-07 1.923700e-13
6.105590e-07 1.879000e-13
6.108330e-07 1.928800e-13
6.111060e-07 1.901100e-13
6.113790e-07 1.909400e-13
6.116520e-07 1.959200e-13
6.119250e-07 1.873400e-13
6.121990e-07 1.867500e-13
6.124720e-07 1.845500e-13
6.127450e-07 1.877000e-13
6.130180e-07 1.889500e-13
6.132920e-07 1.874700e-13
6.135650e-07 1.837700e-13
6.138380e-07 1.859500e-13
6.141110e-07 1.869200e-13
6.143840e-07 1.892000e-13
6.146580e-07 1.887400e-13
6.149310e-07 1.870400e-13
6.152040e-07 1.855900e-13
6.154770e-07 1.843400e-13
6.157510e-07 1.766700e-13
6.160240e-07 1.761500e-13
6.162970e-07 1.708100e-13
6.165700e-07 1.712100e-13
6.168430e-07 1.761500e-13
6.171170e-07 1.757800e-13
6.173900e-07 1.795400e-13
6.176630e-07 1.802600e-13
6.179360e-07 1.839300e-13
6.182100e-07 1.839600e-13
6.184830e-07 1.797200e-13
6.187560e-07 1.779400e-13
6.190290e-07 1.789600e-13
6.193020e-07 1.804400e-13
6.195760e-07 1.849200e-13
6.198490e-07 1.845900e-13
6.201220e-07 1.833900e-13
6.203950e-07 1.848800e-13
6.206680e-07 1.866000e-13
6.209420e-07 1.854400e-13
6.212150e-07 1.855600e-13
6.214880e-07 1.820900e-13
6.217610e-07 1.770800e-13
6.220350e-07 1.774900e-13
6.223080e-07 1.792100e-13
6.225810e-07 1.785900e-13
6.228540e-07 1.769000e-13
6.231270e-07 1.750400e-13
6.234010e-07 1.744600e-13
6.236740e-07 1.723100e-13
6.239470e-07 1.763600e-13
6.242200e-07 1.744200e-13
6.244940e-07 1.717200e-13
6.247670e-07 1.707500e-13
6.250400e-07 1.746800e-13
6.253130e-07 1.749800e-13
6.255860e-07 1.757400e-13
6.258600e-07 1.720800e-13
6.261330e-07 1.758800e-13
6.264060e-07 1.814800e-13
6.266790e-07 1.769000e-13
6.269530e-07 1.791500e-13
6.272260e-07 1.813900e-13
6.274990e-07 1.762300e-13
6.277720e-07 1.749500e-13
6.280450e-07 1.786500e-13
6.283190e-07 1.798000e-13
6.285920e-07 1.862600e-13
6.288650e-07 1.854100e-13
6.291380e-07 1.833000e-13
6.294120e-07 1.812100e-13
6.296850e-07 1.815900e-13
6.299580e-07 1.816600e-13
6.302310e-07 1.836100e-13
6.305040e-07 1.848300e-13
6.307780e-07 1.847500e-13
6.310510e-07 1.827600e-13
6.313240e-07 1.805100e-13
6.315970e-07 1.824500e-13
6.318700e-07 1.789900e-13
6.321440e-07 1.799400e-13
6.324170e-07 1.818400e-13
6.326900e-07 1.797500e-13
6.329630e-07 1.856400e-13
6.332370e-07 1.853000e-13
6.335100e-07 1.892600e-13
6.337830e-07 1.843300e-13
6.340560e-07 1.859900e-13
6.343290e-07 1.857600e-13
6.346030e-07 1.879500e-13
6.348760e-07 1.878100e-13
6.351490e-07 1.819700e-13
6.354220e-07 1.774000e-13
6.356960e-07 1.806100e-13
6.359690e-07 1.792300e-13
6.362420e-07 1.779100e-13
6.365150e-07 1.805900e-13
6.367880e-07 1.859000e-13
6.370620e-07 1.889900e-13
6.373350e-07 1.874900e-13
6.376080e-07 1.885500e-13
6.378810e-07 1.912500e-13
6.381550e-07 1.886600e-13
6.384280e-07 1.875700e-13
6.387010e-07 1.865400e-13
6.389740e-07 1.843300e-13
6.392470e-07 1.868500e-13
6.395210e-07 1.863200e-13
6.397940e-07 1.833900e-13
6.400670e-07 1.827100e-13
6.403400e-07 1.869600e-13
6.406130e-07 1.857000e-13
6.408870e-07 1.866500e-13
6.411600e-07 1.842100e-13
6.414330e-07 1.861100e-13
6.417060e-07 1.837100e-13
6.419800e-07 1.853800e-13
6.422530e-07 1.857300e-13
6.425260e-07 1.880300e-13
6.427990e-07 1.897400e-13
6.430720e-07 1.880800e-13
6.433460e-07 1.855300e-13
6.436190e-07 1.850100e-13
6.438920e-07 1.847700e-13
6.441650e-07 1.858800e-13
6.444390e-07 1.901600e-13
6.447120e-07 1.866500e-13
6.449850e-07 1.872900e-13
6.452580e-07 1.901900e-13
6.455310e-07 1.886400e-13
6.458050e-07 1.911900e-13
6.460780e-07 1.892400e-13
6.463510e-07 1.907300e-13
6.466240e-07 1.909500e-13
6.468980e-07 1.910900e-13
6.471710e-07 1.905500e-13
6.474440e-07 1.874900e-13
6.477170e-07 1.903300e-13
6.479900e-07 1.917900e-13
6.482640e-07 1.899400e-13
6.485370e-07 1.872500e-13
6.488100e-07 1.857900e-13
6.490830e-07 1.832500e-13
6.493570e-07 1.756700e-13
6.496300e-07 1.720000e-13
6.499030e-07 1.768300e-13
6.501760e-07 1.826900e-13
6.504490e-07 1.862300e-13
6.507230e-07 1.927000e-13
6.509960e-07 1.941700e-13
6.512690e-07 1.906700e-13
6.515420e-07 1.922800e-13
6.518150e-07 1.888700e-13
6.520890e-07 1.890100e-13
6.523620e-07 1.909600e-13
6.526350e-07 1.906100e-13
6.529080e-07 1.901900e-13
6.531820e-07 1.900000e-13
6.534550e-07 1.936200e-13
6.537280e-07 1.928400e-13
6.540010e-07 1.915900e-13
6.542740e-07 1.943600e-13
6.545480e-07 1.965400e-13
6.548210e-07 2.002000e-13
6.550940e-07 1.982600e-13
6.553670e-07 1.905300e-13
6.556410e-07 1.884700e-13
6.559140e-07 1.877300e-13
6.561870e-07 1.943700e-13
6.564600e-07 1.962200e-13
6.567330e-07 1.955500e-13
6.570070e-07 1.893800e-13
6.572800e-07 1.865800e-13
6.575530e-07 1.897900e-13
6.578260e-07 1.958800e-13
6.581000e-07 2.112500e-13
6.583730e-07 2.156500e-13
6.586460e-07 2.134200e-13
6.589190e-07 2.002100e-13
6.591920e-07 1.871500e-13
6.594660e-07 1.842600e-13
6.597390e-07 1.846200e-13
6.600120e-07 1.869000e-13
6.602850e-07 1.895600e-13
6.605580e-07 1.885000e-13
6.608320e-07 1.851500e-13
6.611050e-07 1.835800e-13
6.613780e-07 1.853300e-13
6.616510e-07 1.846400e-13
6.619250e-07 1.898900e-13
6.621980e-07 1.921100e-13
6.624710e-07 1.892900e-13
6.627440e-07 1.858400e-13
6.630170e-07 1.851200e-13
6.632910e-07 1.856200e-13
6.635640e-07 1.853400e-13
6.638370e-07 1.821700e-13
6.641100e-07 1.851000e-13
6.643840e-07 1.860000e-13
6.646570e-07 1.837700e-13
6.649300e-07 1.821200e-13
6.652030e-07 1.806700e-13
6.654760e-07 1.846700e-13
6.657500e-07 1.865900e-13
6.660230e-07 1.828400e-13
6.662960e-07 1.807100e-13
6.665690e-07 1.810500e-13
6.668430e-07 1.800800e-13
6.671160e-07 1.807300e-13
6.673890e-07 1.830000e-13
6.676620e-07 1.829900e-13
6.679350e-07 1.803500e-13
6.682090e-07 1.805200e-13
6.684820e-07 1.822800e-13
6.687550e-07 1.799300e-13
6.690280e-07 1.788500e-13
6.693020e-07 1.816200e-13
6.695750e-07 1.793000e-13
6.698480e-07 1.778100e-13
6.701210e-07 1.763600e-13
6.703940e-07 1.806200e-13
6.706680e-07 1.797400e-13
6.709410e-07 1.835800e-13
6.712140e-07 1.867400e-13
6.714870e-07 1.910100e-13
6.717600e-07 1.904700e-13
6.720340e-07 1.876700e-13
6.723070e-07 1.840300e-13
6.725800e-07 1.848000e-13
6.728530e-07 1.860200e-13
6.731270e-07 1.900400e-13
6.734000e-07 1.836400e-13
6.736730e-07 1.814700e-13
6.739460e-07 1.777400e-13
6.742190e-07 1.786900e-13
6.744930e-07 1.764600e-13
6.747660e-07 1.717500e-13
6.750390e-07 1.747900e-13
6.753120e-07 1.778800e-13
6.755860e-07 1.749100e-13
6.758590e-07 1.798000e-13
6.761320e-07 1.815800e-13
6.764050e-07 1.775600e-13
6.766780e-07 1.754200e-13
6.769520e-07 1.739100e-13
6.772250e-07 1.743600e-13
6.774980e-07 1.760800e-13
6.777710e-07 1.757200e-13
6.780450e-07 1.765600e-13
6.783180e-07 1.843900e-13
6.794830e-07 1.807600e-13
6.810490e-07 1.811500e-13
6.826190e-07 1.807100e-13
6.841930e-07 1.832000e-13
6.857700e-07 1.802500e-13
6.873510e-07 1.761200e-13
6.889350e-07 1.756900e-13
6.905230e-07 1.781100e-13
6.921150e-07 1.789100e-13
6.937110e-07 1.830500e-13
6.953100e-07 1.821900e-13
6.969130e-07 1.842700e-13
6.985190e-07 1.703800e-13
7.001300e-07 1.842300e-13
7.017440e-07 1.825100e-13
7.033610e-07 1.804000e-13
7.049830e-07 1.910600e-13
7.066080e-07 1.770600e-13
7.082370e-07 1.803200e-13
7.098700e-07 1.698200e-13
7.115060e-07 1.721600e-13
7.131460e-07 1.721400e-13
7.147900e-07 1.697500e-13
7.164380e-07 1.728900e-13
7.180890e-07 1.712800e-13
7.197440e-07 1.631700e-13
7.214040e-07 1.609100e-13
7.230670e-07 1.712100e-13
7.247340e-07 1.727700e-13
7.264050e-07 1.796400e-13
7.280790e-07 1.735100e-13
7.297570e-07 1.660600e-13
7.314400e-07 1.758800e-13
7.331260e-07 1.791200e-13
7.348160e-07 1.879700e-13
7.365090e-07 1.786600e-13
7.382080e-07 1.849100e-13
7.399090e-07 1.827700e-13
7.416150e-07 1.810700e-13
7.433250e-07 1.869700e-13
7.450380e-07 1.839600e-13
7.467550e-07 1.843600e-13
7.484770e-07 1.873200e-13
7.502020e-07 1.772300e-13
7.519320e-07 1.825900e-13
7.536650e-07 1.889800e-13
7.554030e-07 1.872200e-13
7.571440e-07 1.871900e-13
7.588890e-07 1.875900e-13
7.606390e-07 1.799500e-13
7.623920e-07 1.832700e-13
7.641500e-07 1.786600e-13
7.659110e-07 1.798700e-13
7.676770e-07 1.534300e-13
7.694460e-07 1.733100e-13
7.712200e-07 1.701200e-13
7.729980e-07 1.736600e-13
7.747800e-07 1.752400e-13
7.765660e-07 1.712300e-13
7.783560e-07 1.712000e-13
7.801510e-07 1.727600e-13
7.819490e-07 1.723400e-13
7.837520e-07 1.719100e-13
7.855580e-07 1.758900e-13
7.873690e-07 1.766800e-13
7.891850e-07 1.734300e-13
7.910040e-07 1.722100e-13
7.928270e-07 1.686500e-13
7.946550e-07 1.651600e-13
7.964870e-07 1.689800e-13
7.983230e-07 1.740900e-13
8.001630e-07 1.701000e-13
8.020080e-07 1.732400e-13
8.038560e-07 1.748100e-13
8.057090e-07 1.708100e-13
8.075670e-07 1.731600e-13
8.094280e-07 1.719400e-13
8.112940e-07 1.743000e-13
8.131650e-07 1.783400e-13
8.150390e-07 1.718600e-13
8.169180e-07 1.671500e-13
8.188010e-07 1.663500e-13
8.206890e-07 1.603100e-13
8.225810e-07 1.761500e-13
8.244770e-07 1.745100e-13
8.263780e-07 1.705100e-13
8.282820e-07 1.654600e-13
8.301920e-07 1.677300e-13
8.321060e-07 1.688700e-13
8.340240e-07 1.646200e-13
8.359460e-07 1.707700e-13
8.378740e-07 1.719200e-13
8.398050e-07 1.596800e-13
8.417410e-07 1.722600e-13
8.436810e-07 1.683100e-13
8.456260e-07 1.622000e-13
8.475760e-07 1.548700e-13
8.495290e-07 1.663100e-13
8.514880e-07 1.647500e-13
8.534510e-07 1.606100e-13
8.554180e-07 1.320400e-13
8.573900e-07 1.646700e-13
8.593670e-07 1.612700e-13
8.613480e-07 1.623600e-13
8.633330e-07 1.634600e-13
8.653230e-07 1.623000e-13
8.673180e-07 1.214100e-13
8.693170e-07 1.585600e-13
8.713220e-07 1.600000e-13
8.733300e-07 1.648300e-13
8.753430e-07 1.632900e-13
8.773610e-07 1.599100e-13
8.793840e-07 1.639900e-13
8.814110e-07 1.519600e-13
8.834430e-07 1.554800e-13
8.854800e-07 1.620300e-13
8.875210e-07 1.508400e-13
8.895660e-07 1.557500e-13
8.916170e-07 1.578900e-13
8.936730e-07 1.535600e-13
8.957330e-07 1.510800e-13
8.977980e-07 1.510500e-13
8.998670e-07 1.327600e-13
9.019420e-07 1.442100e-13
9.040210e-07 1.577300e-13
9.061050e-07 1.643700e-13
9.081940e-07 1.495400e-13
9.102870e-07 1.544100e-13
9.123860e-07 1.605400e-13
9.144890e-07 1.437200e-13
9.165970e-07 1.388200e-13
9.187100e-07 1.460000e-13
9.208280e-07 1.518000e-13
9.229500e-07 1.500400e-13
9.250780e-07 1.496700e-13
9.272110e-07 1.513700e-13
9.293480e-07 1.541600e-13
9.314900e-07 1.562800e-13
9.336380e-07 1.562500e-13
9.357900e-07 1.558600e-13
9.379470e-07 1.533400e-13
9.401100e-07 1.529600e-13
9.422770e-07 1.557700e-13
9.444490e-07 1.539600e-13
9.466260e-07 1.560700e-13
9.488080e-07 1.560500e-13
9.509950e-07 1.535200e-13
9.531880e-07 1.542000e-13
9.553850e-07 1.513600e-13
9.575870e-07 1.530800e-13
9.597950e-07 1.548300e-13
9.620080e-07 1.530300e-13
9.642250e-07 1.512500e-13
9.664480e-07 1.512200e-13
9.686760e-07 1.525900e-13
9.709090e-07 1.504600e-13
9.731470e-07 1.490600e-13
9.753910e-07 1.486900e-13
9.776390e-07 1.490000e-13
9.798920e-07 1.469300e-13
9.821510e-07 1.489400e-13
9.844160e-07 1.492600e-13
9.866850e-07 1.482000e-13
9.889590e-07 1.478300e-13
9.912390e-07 1.461100e-13
9.935240e-07 1.467600e-13
9.958140e-07 1.470700e-13
9.981100e-07 1.470400e-13
1.002718e-06 1.459700e-13
1.007346e-06 1.439100e-13
1.011995e-06 1.445100e-13
1.016667e-06 1.428000e-13
1.021359e-06 1.427500e-13
1.028439e-06 1.426600e-13
1.030809e-06 1.416500e-13
1.049974e-06 1.369300e-13
1.069494e-06 1.312200e-13
1.089378e-06 1.264800e-13
1.109630e-06 1.213400e-13
1.130261e-06 1.180300e-13
1.151274e-06 1.164100e-13
1.169980e-06 1.127200e-13
1.188991e-06 1.088900e-13
1.211096e-06 1.061700e-13
1.230774e-06 1.042300e-13
1.250773e-06 1.011600e-13
1.271096e-06 9.863000e-14
1.288779e-06 9.616300e-14
1.309720e-06 9.419100e-14
1.331001e-06 9.141300e-14
1.349517e-06 8.974400e-14
1.371445e-06 8.810600e-14
1.390524e-06 8.511500e-14
1.409868e-06 8.203700e-14
1.429481e-06 8.053900e-14
1.449367e-06 8.072500e-14
1.469530e-06 7.816400e-14
1.489974e-06 7.852500e-14
1.510701e-06 7.852500e-14
1.531717e-06 7.943400e-14
1.549453e-06 7.852500e-14
1.571008e-06 7.744800e-14
1.589200e-06 7.499100e-14
1.611308e-06 7.516400e-14
1.629966e-06 7.447500e-14
1.648839e-06 7.311500e-14
1.671777e-06 7.178100e-14
1.691135e-06 7.030800e-14
1.710718e-06 6.839200e-14
1.730528e-06 6.561600e-14
1.750565e-06 6.368100e-14
1.770836e-06 6.123600e-14
1.791342e-06 5.915700e-14
1.807918e-06 5.662500e-14
1.828851e-06 5.508200e-14
1.850029e-06 5.321200e-14
1.871451e-06 5.105100e-14
1.888766e-06 4.954600e-14
1.910638e-06 4.841800e-14
1.928318e-06 4.666700e-14
1.950647e-06 4.487500e-14
1.968695e-06 4.345200e-14
1.991492e-06 4.207300e-14
2.009920e-06 4.121000e-14
2.028516e-06 3.972000e-14
2.052005e-06 3.908500e-14
2.070991e-06 3.793200e-14
2.090154e-06 3.689800e-14
2.109495e-06 3.614200e-14
2.129013e-06 3.523800e-14
2.148713e-06 3.435600e-14
2.168596e-06 3.326700e-14
2.188660e-06 3.258400e-14
2.208913e-06 3.155100e-14
2.229350e-06 3.069100e-14
2.249979e-06 2.992300e-14
2.270799e-06 2.910800e-14
2.291809e-06 2.612200e-14
2.307696e-06 2.582300e-14
2.329047e-06 2.264700e-14
2.350599e-06 2.138000e-14
2.372347e-06 2.167700e-14
2.388793e-06 1.990700e-14
2.410897e-06 1.927600e-14
2.427608e-06 1.909900e-14
2.450071e-06 1.786500e-14
2.472740e-06 1.762000e-14
2.489881e-06 1.496300e-14
2.507139e-06 1.475700e-14
2.530338e-06 1.486000e-14
2.547877e-06 1.472300e-14
2.571453e-06 1.492800e-14
2.589276e-06 1.462200e-14
2.607226e-06 1.455500e-14
2.631348e-06 1.419100e-14
2.649589e-06 1.399600e-14
2.667954e-06 1.374100e-14
2.692642e-06 1.352100e-14
2.711305e-06 1.327400e-14
2.730100e-06 1.300200e-14
2.749023e-06 1.279400e-14
2.768080e-06 1.250300e-14
2.787266e-06 1.230300e-14
2.813057e-06 1.205100e-14
2.832555e-06 1.183100e-14
2.852191e-06 1.158800e-14
2.871960e-06 1.132400e-14
2.891869e-06 1.111800e-14
2.911914e-06 1.088900e-14
2.932096e-06 1.066600e-14
2.952423e-06 1.044700e-14
2.972886e-06 1.025700e-14
2.986611e-06 1.002300e-14
3.007311e-06 9.840300e-15
3.028159e-06 9.638500e-15
3.049148e-06 9.506200e-15
3.070282e-06 9.332700e-15
3.091566e-06 9.162400e-15
3.112994e-06 9.015900e-15
3.127365e-06 8.871700e-15
3.149042e-06 8.709800e-15
3.170872e-06 8.550800e-15
3.192849e-06 8.219100e-15
3.207586e-06 8.073400e-15
3.229822e-06 7.853700e-15
3.252208e-06 7.641900e-15
3.267222e-06 7.508700e-15
3.289868e-06 7.307800e-15
3.312671e-06 7.110000e-15
3.327963e-06 6.988200e-15
3.351030e-06 6.804400e-15
3.366501e-06 6.681200e-15
3.389834e-06 6.508100e-15
3.413330e-06 6.339900e-15
3.429087e-06 6.227000e-15
3.452855e-06 6.065100e-15
3.468795e-06 5.962400e-15
3.492838e-06 5.807600e-15
3.508959e-06 5.703700e-15
3.533284e-06 5.561900e-15
3.549592e-06 5.467400e-15
3.565975e-06 5.372400e-15
3.590695e-06 5.235100e-15
3.607268e-06 5.148500e-15
3.632274e-06 5.017900e-15
3.649039e-06 4.930400e-15
3.665881e-06 4.849600e-15
3.691294e-06 4.730000e-15
3.708331e-06 4.649900e-15
3.734034e-06 4.533000e-15
3.751272e-06 4.459900e-15
3.768586e-06 4.386400e-15
3.785980e-06 4.312500e-15
3.812225e-06 4.206400e-15
3.829820e-06 4.139000e-15
3.847497e-06 4.071300e-15
3.874169e-06 3.969100e-15
3.892050e-06 3.906700e-15
3.910013e-06 3.844600e-15
3.928064e-06 3.782100e-15
3.946194e-06 3.719400e-15
3.973550e-06 3.631500e-15
3.991890e-06 3.574200e-15
4.010314e-06 3.516600e-15
4.028824e-06 3.458700e-15
4.047423e-06 3.405100e-15
4.066104e-06 3.352300e-15
4.094286e-06 3.272600e-15
4.113188e-06 3.219200e-15
4.132172e-06 3.170600e-15
4.151244e-06 3.121800e-15
4.170409e-06 3.072800e-15
4.189657e-06 3.023500e-15
4.208994e-06 2.977400e-15
4.228425e-06 2.932300e-15
4.247941e-06 2.887100e-15
4.267547e-06 2.841700e-15
4.287249e-06 2.797800e-15
4.307037e-06 2.756200e-15
4.326915e-06 2.714500e-15
4.346886e-06 2.672500e-15
4.366954e-06 2.630900e-15
4.387109e-06 2.592500e-15
4.407358e-06 2.553900e-15
4.427704e-06 2.515100e-15
4.448140e-06 2.476200e-15
4.468670e-06 2.440100e-15
4.489300e-06 2.404400e-15
4.510020e-06 2.368600e-15
4.530836e-06 2.332600e-15
4.551748e-06 2.298200e-15
4.572762e-06 2.265300e-15
4.593867e-06 2.232100e-15
4.615070e-06 2.198900e-15
4.625713e-06 2.182100e-15
4.647063e-06 2.150900e-15
4.668511e-06 2.120300e-15
4.690058e-06 2.089500e-15
4.711710e-06 2.058700e-15
4.733457e-06 2.028800e-15
4.755304e-06 2.000500e-15
4.766271e-06 1.986300e-15
4.788269e-06 1.957800e-15
4.810369e-06 1.929100e-15
4.832571e-06 1.902000e-15
4.854881e-06 1.875600e-15
4.866072e-06 1.862400e-15
4.888531e-06 1.836000e-15
4.911094e-06 1.809300e-15
4.933766e-06 1.784600e-15
4.945139e-06 1.772400e-15
4.967963e-06 1.747800e-15
4.990898e-06 1.723200e-15
5.013933e-06 1.698500e-15
5.025490e-06 1.687200e-15
5.048685e-06 1.664500e-15
5.071993e-06 1.641700e-15
5.083684e-06 1.630300e-15
5.095403e-06 1.618800e-15
5.107148e-06 1.607400e-15
5.118920e-06 1.596300e-15
5.130720e-06 1.585800e-15
5.142552e-06 1.575200e-15
5.154406e-06 1.564700e-15
5.166287e-06 1.554100e-15
5.178196e-06 1.543400e-15
5.190132e-06 1.532800e-15
5.202095e-06 1.522100e-15
5.214086e-06 1.511400e-15
5.226111e-06 1.501500e-15
5.238158e-06 1.491700e-15
5.250232e-06 1.481900e-15
5.262334e-06 1.472100e-15
5.274464e-06 1.462200e-15
5.286622e-06 1.452300e-15
5.298814e-06 1.442400e-15
5.311028e-06 1.432500e-15
5.323271e-06 1.422700e-15
5.335541e-06 1.413600e-15
5.347840e-06 1.404500e-15
5.360167e-06 1.395300e-15
5.372523e-06 1.386200e-15
5.384912e-06 1.377000e-15
5.397325e-06 1.367800e-15
5.409766e-06 1.358500e-15
5.422236e-06 1.349300e-15
5.434735e-06 1.340500e-15
5.447262e-06 1.332000e-15
5.459819e-06 1.323500e-15
5.472410e-06 1.315000e-15
5.485024e-06 1.306400e-15
5.497668e-06 1.297900e-15
5.510340e-06 1.289300e-15
5.523042e-06 1.280700e-15
5.535773e-06 1.272100e-15
5.548539e-06 1.264200e-15
5.561329e-06 1.256300e-15
5.574149e-06 1.248300e-15
5.586997e-06 1.240400e-15
5.599876e-06 1.232400e-15
5.612784e-06 1.224400e-15
5.625722e-06 1.216400e-15
5.638695e-06 1.208300e-15
5.651693e-06 1.200600e-15
5.664721e-06 1.193200e-15
5.677778e-06 1.185800e-15
5.690866e-06 1.178400e-15
5.703984e-06 1.171000e-15
5.717138e-06 1.163500e-15
5.730317e-06 1.156100e-15
5.743525e-06 1.148600e-15
5.756765e-06 1.141100e-15
5.770034e-06 1.134100e-15
5.783335e-06 1.127200e-15
5.796666e-06 1.120300e-15
5.810034e-06 1.113400e-15
5.823426e-06 1.106500e-15
5.836850e-06 1.099500e-15
5.850304e-06 1.092600e-15
5.863789e-06 1.085600e-15
5.877306e-06 1.078700e-15
5.890853e-06 1.072300e-15
5.904439e-06 1.065900e-15
5.918049e-06 1.059400e-15
5.931690e-06 1.052900e-15
5.945363e-06 1.046500e-15
5.959068e-06 1.040000e-15
5.972804e-06 1.033400e-15
5.986578e-06 1.026900e-15
6.000378e-06 1.020700e-15
6.014209e-06 1.014700e-15
6.028072e-06 1.008700e-15
6.041967e-06 1.002700e-15
6.055894e-06 9.966200e-16
6.069854e-06 9.905500e-16
6.083852e-06 9.844700e-16
6.097876e-06 9.783900e-16
6.111932e-06 9.723000e-16
6.126020e-06 9.667000e-16
6.140141e-06 9.610800e-16
6.154295e-06 9.554500e-16
6.168487e-06 9.498000e-16
6.182706e-06 9.441400e-16
6.196958e-06 9.384700e-16
6.211242e-06 9.327800e-16
6.225559e-06 9.270900e-16
6.239910e-06 9.215900e-16
6.254293e-06 9.163400e-16
6.268717e-06 9.110700e-16
6.283167e-06 9.058000e-16
6.297650e-06 9.005200e-16
6.312166e-06 8.952200e-16
6.326716e-06 8.899100e-16
6.341300e-06 8.845900e-16
6.355924e-06 8.792500e-16
6.370575e-06 8.742800e-16
6.385259e-06 8.693600e-16
6.399978e-06 8.644400e-16
6.414730e-06 8.595000e-16
6.429517e-06 8.545500e-16
6.444337e-06 8.495900e-16
6.459199e-06 8.446100e-16
6.474088e-06 8.396300e-16
6.489011e-06 8.347300e-16
6.503968e-06 8.301400e-16
6.518961e-06 8.255300e-16
6.533987e-06 8.209100e-16
6.549048e-06 8.162800e-16
6.564152e-06 8.116400e-16
6.579283e-06 8.069900e-16
6.594449e-06 8.023300e-16
6.609650e-06 7.976600e-16
6.624885e-06 7.932200e-16
6.640155e-06 7.889100e-16
6.655469e-06 7.845900e-16
6.670810e-06 7.802600e-16
6.686187e-06 7.759200e-16
6.701599e-06 7.715700e-16
6.717047e-06 7.672100e-16
6.732530e-06 7.628400e-16
6.748049e-06 7.584800e-16
6.763611e-06 7.544400e-16
6.779202e-06 7.504000e-16
6.794828e-06 7.463500e-16
6.810491e-06 7.422900e-16
6.826190e-06 7.382100e-16
6.841925e-06 7.341300e-16
6.857703e-06 7.300400e-16
6.873511e-06 7.259400e-16
6.889355e-06 7.219800e-16
6.905235e-06 7.181900e-16
6.921152e-06 7.144000e-16
6.937106e-06 7.105900e-16
6.953096e-06 7.067800e-16
6.969131e-06 7.029600e-16
6.985195e-06 6.991300e-16
7.001297e-06 6.952900e-16
7.017435e-06 6.914400e-16
7.033611e-06 6.878400e-16
7.049824e-06 6.842900e-16
7.066082e-06 6.807200e-16
7.082370e-06 6.771500e-16
7.098696e-06 6.735700e-16
7.115058e-06 6.699800e-16
7.131459e-06 6.663800e-16
7.147898e-06 6.627800e-16
7.164374e-06 6.592300e-16
7.180896e-06 6.559000e-16
7.197449e-06 6.525600e-16
7.214040e-06 6.492100e-16
7.230668e-06 6.458500e-16
7.247335e-06 6.424900e-16
7.264041e-06 6.391100e-16
7.280785e-06 6.357300e-16
7.297576e-06 6.323400e-16
7.314397e-06 6.291200e-16
7.331258e-06 6.259900e-16
7.348157e-06 6.228500e-16
7.365095e-06 6.197000e-16
7.382072e-06 6.165400e-16
7.399096e-06 6.133800e-16
7.416151e-06 6.102100e-16
7.433246e-06 6.070300e-16
7.450381e-06 6.038600e-16
7.467554e-06 6.009200e-16
7.484767e-06 5.979700e-16
7.502021e-06 5.950200e-16
7.519321e-06 5.920600e-16
7.536654e-06 5.890900e-16
7.554026e-06 5.861100e-16
7.571439e-06 5.831300e-16
7.588892e-06 5.801400e-16
7.606385e-06 5.772500e-16
7.623926e-06 5.744900e-16
7.641500e-06 5.717100e-16
7.659114e-06 5.689300e-16
7.676769e-06 5.661500e-16
7.694465e-06 5.633500e-16
7.712201e-06 5.605600e-16
7.729978e-06 5.577500e-16
7.747804e-06 5.549400e-16
7.765664e-06 5.523000e-16
7.783564e-06 5.497000e-16
7.801506e-06 5.470900e-16
7.819489e-06 5.444700e-16
7.837514e-06 5.418500e-16
7.855579e-06 5.392200e-16
7.873696e-06 5.365900e-16
7.891845e-06 5.339500e-16
7.910036e-06 5.313500e-16
7.928270e-06 5.289000e-16
7.946545e-06 5.264500e-16
7.978455e-06 4.122900e-16
8.040148e-06 5.524600e-16
8.101840e-06 5.264600e-16
8.163532e-06 4.103300e-16
8.225224e-06 5.207500e-16
8.286916e-06 5.266600e-16
8.348609e-06 5.092600e-16
8.410300e-06 5.338600e-16
8.471993e-06 3.949500e-16
8.533684e-06 3.785200e-16
8.595378e-06 3.150600e-16
8.657069e-06 4.024800e-16
8.718761e-06 2.926600e-16
8.780453e-06 3.926400e-16
8.842145e-06 3.016000e-16
8.903837e-06 2.690300e-16
8.965529e-06 2.769200e-16
9.027221e-06 2.108700e-16
9.088914e-06 3.184300e-16
9.150606e-06 2.480700e-16
9.212298e-06 3.410900e-16
9.273990e-06 3.277100e-16
9.335682e-06 2.684300e-16
9.397374e-06 2.181700e-16
9.459065e-06 2.737200e-16
9.520759e-06 2.872900e-16
9.582450e-06 3.279300e-16
9.644142e-06 4.432100e-16
9.705835e-06 3.897800e-16
9.767527e-06 2.557700e-16
9.829219e-06 2.549000e-16
9.890912e-06 3.107900e-16
9.952599e-06 2.913500e-16
1.001430e-05 3.341700e-16
1.007598e-05 2.585900e-16
1.013768e-05 2.896000e-16
1.019937e-05 2.231200e-16
1.026107e-05 3.008400e-16
1.032276e-05 3.251900e-16
1.038444e-05 3.192800e-16
1.044614e-05 3.258000e-16
1.050783e-05 1.925700e-16
1.056953e-05 1.692700e-16
1.063122e-05 1.717300e-16
1.069290e-05 1.697800e-16
1.075460e-05 1.926800e-16
1.081629e-05 2.204500e-16
1.087799e-05 2.128900e-16
1.093967e-05 2.691600e-16
1.100137e-05 2.920800e-16
1.106306e-05 2.614100e-16
1.112475e-05 3.692500e-16
1.118645e-05 4.714700e-16
1.124814e-05 5.636600e-16
1.130983e-05 5.601500e-16
1.137152e-05 4.543200e-16
1.143322e-05 3.891800e-16
1.149491e-05 3.008400e-16
1.155659e-05 2.967900e-16
1.161829e-05 2.969300e-16
1.167998e-05 2.744200e-16
1.174168e-05 1.818100e-16
1.180336e-05 2.003600e-16
1.186506e-05 2.379900e-16
1.192675e-05 2.197900e-16
1.198844e-05 2.706800e-16
1.205014e-05 2.381200e-16
1.211182e-05 2.188600e-16
1.217352e-05 2.102100e-16
1.223521e-05 2.714800e-16
1.229690e-05 3.268600e-16
1.235860e-05 2.822500e-16
1.242028e-05 2.548900e-16
1.248198e-05 2.377100e-16
1.254367e-05 2.323200e-16
1.260537e-05 2.360000e-16
1.266706e-05 2.239400e-16
1.272874e-05 2.877600e-16
1.279044e-05 3.043000e-16
1.285213e-05 2.239600e-16
1.291383e-05 1.884900e-16
1.297551e-05 1.747300e-16
1.303720e-05 1.523300e-16
1.309890e-05 1.691600e-16
1.316059e-05 1.396500e-16
1.322229e-05 1.399100e-16
1.328397e-05 1.560800e-16
1.334567e-05 1.250100e-16
1.340736e-05 1.267900e-16
1.346905e-05 1.383600e-16
1.353075e-05 1.529400e-16
1.359243e-05 1.579400e-16
1.365413e-05 1.801300e-16
1.371582e-05 1.639000e-16
1.377752e-05 1.649500e-16
1.383920e-05 1.429400e-16
1.390089e-05 1.124000e-16
1.396259e-05 9.684900e-17
1.402428e-05 1.009600e-16
1.408598e-05 1.590000e-16
1.414766e-05 1.299500e-16
1.417422e-05 1.498100e-16
1.426532e-05 1.338400e-16
1.435643e-05 1.383400e-16
1.444752e-05 1.231200e-16
1.453862e-05 1.144600e-16
1.462972e-05 1.079100e-16
1.472082e-05 1.215200e-16
1.481191e-05 1.095000e-16
1.490301e-05 1.123000e-16
1.499412e-05 1.109700e-16
1.508522e-05 1.010300e-16
1.517631e-05 1.049600e-16
1.526742e-05 1.120100e-16
1.535851e-05 1.112600e-16
1.544961e-05 1.159100e-16
1.554071e-05 1.550400e-16
1.563181e-05 1.394800e-16
1.572291e-05 1.137300e-16
1.581400e-05 1.148400e-16
1.590511e-05 1.256200e-16
1.599621e-05 1.134500e-16
1.608730e-05 1.158800e-16
1.617841e-05 1.145100e-16
1.626950e-05 1.252800e-16
1.636060e-05 1.354600e-16
1.645170e-05 1.482700e-16
1.654280e-05 1.528700e-16
1.663390e-05 1.329700e-16
1.672500e-05 1.385900e-16
1.681609e-05 1.425900e-16
1.690720e-05 1.697000e-16
1.699830e-05 3.428000e-16
1.708939e-05 3.466200e-16
1.718050e-05 1.731800e-16
1.727159e-05 1.361300e-16
1.736269e-05 1.235300e-16
1.745380e-05 1.246300e-16
1.754489e-05 1.146000e-16
1.763599e-05 1.066100e-16
1.772709e-05 1.030700e-16
1.781819e-05 1.031200e-16
1.790929e-05 1.119000e-16
1.800038e-05 1.072400e-16
1.809149e-05 9.185200e-17
1.818259e-05 8.918100e-17
1.827368e-05 8.899700e-17
1.836479e-05 8.498200e-17
1.845588e-05 8.433200e-17
1.854698e-05 9.383900e-17
1.863808e-05 1.007200e-16
1.872918e-05 1.136000e-16
1.882028e-05 9.048800e-17
1.891138e-05 9.092500e-17
1.900248e-05 7.614500e-17
1.909358e-05 6.668300e-17
1.918467e-05 7.526200e-17
1.927577e-05 7.375600e-17
1.936688e-05 7.868900e-17
1.945797e-05 7.334400e-17
1.954907e-05 7.570600e-17
1.964018e-05 8.121900e-17
1.973127e-05 8.290300e-17
1.982237e-05 7.260400e-17
1.991346e-05 6.056500e-17
2.000457e-05 6.221100e-17
2.009567e-05 6.700300e-17
2.018676e-05 6.911500e-17
2.027787e-05 7.245700e-17
2.036896e-05 7.079500e-17
2.038717e-05 6.928600e-17
2.056255e-05 7.085900e-17
2.073805e-05 6.495200e-17
2.091364e-05 6.590100e-17
2.108933e-05 6.603500e-17
2.126512e-05 6.580600e-17
2.144103e-05 6.333300e-17
2.161702e-05 6.473500e-17
2.179312e-05 6.208900e-17
2.196932e-05 6.221100e-17
2.214563e-05 5.804100e-17
2.232205e-05 6.005600e-17
2.249855e-05 5.599600e-17
2.267517e-05 5.334500e-17
2.285189e-05 5.573900e-17
2.302871e-05 5.699200e-17
2.320563e-05 5.473800e-17
2.338266e-05 5.171500e-17
2.355980e-05 5.170700e-17
2.373704e-05 5.110400e-17
2.391439e-05 5.227200e-17
2.409183e-05 5.381700e-17
2.426938e-05 5.103700e-17
2.444703e-05 4.893100e-17
2.462481e-05 4.920900e-17
2.480267e-05 4.753800e-17
2.498064e-05 4.919000e-17
2.515871e-05 5.007900e-17
2.533690e-05 4.609400e-17
2.551519e-05 4.574700e-17
2.569359e-05 4.532100e-17
2.587210e-05 5.650500e-17
2.605071e-05 5.307800e-17
2.622943e-05 4.494000e-17
2.640825e-05 4.448400e-17
2.658719e-05 4.197500e-17
2.676622e-05 4.228800e-17
2.694537e-05 4.367600e-17
2.712462e-05 4.147400e-17
2.730398e-05 3.967800e-17
2.748345e-05 4.029700e-17
2.766303e-05 4.307200e-17
2.784272e-05 4.137700e-17
2.802252e-05 4.615600e-17
2.820243e-05 5.265200e-17
2.838244e-05 4.839100e-17
2.856257e-05 4.179200e-17
2.874280e-05 3.987900e-17
2.892315e-05 4.135100e-17
2.910360e-05 4.091800e-17
2.928417e-05 4.041700e-17
2.946484e-05 3.798000e-17
2.964563e-05 3.777100e-17
2.982653e-05 3.755900e-17
3.000753e-05 3.932300e-17
3.018865e-05 4.013100e-17
3.036988e-05 3.931000e-17
3.055123e-05 3.821100e-17
3.073268e-05 4.052400e-17
3.091424e-05 3.799700e-17
3.109593e-05 4.090300e-17
3.127771e-05 3.825500e-17
3.145962e-05 3.882000e-17
3.164164e-05 3.686100e-17
3.182376e-05 3.747000e-17
3.200600e-05 4.081700e-17
3.218837e-05 3.782500e-17
3.237084e-05 4.052500e-17
3.255341e-05 4.139700e-17
3.273612e-05 3.909600e-17
3.291893e-05 4.186100e-17
3.310186e-05 4.146500e-17
3.328490e-05 4.463900e-17
3.346805e-05 5.051800e-17
3.365133e-05 4.566100e-17
3.383472e-05 4.875900e-17
3.401823e-05 3.911200e-17
3.420184e-05 4.494300e-17
3.438558e-05 4.221100e-17
3.456944e-05 4.765700e-17
3.475341e-05 7.647800e-17
