1.020600e-08 2.930200e-25
1.039600e-08 4.235400e-25
1.058900e-08 6.207300e-25
1.081100e-08 9.244800e-25
1.101200e-08 1.548500e-24
1.139900e-08 2.971000e-24
1.180000e-08 5.295400e-24
1.210200e-08 2.349100e-23
1.249900e-08 3.809800e-23
1.270200e-08 4.676300e-23
1.279000e-08 5.271100e-23
1.308800e-08 6.996800e-23
1.320900e-08 8.747800e-23
1.339300e-08 1.044500e-22
1.370500e-08 1.559200e-22
1.399200e-08 1.999400e-22
1.428500e-08 6.337200e-22
1.468500e-08 1.931500e-21
1.509600e-08 2.505500e-21
1.548400e-08 3.265100e-21
1.591700e-08 4.235400e-21
1.621300e-08 5.080400e-21
1.659100e-08 6.544800e-21
1.701700e-08 8.163900e-21
1.729300e-08 9.636100e-21
1.769600e-08 1.185500e-20
1.798300e-08 1.380100e-20
1.819200e-08 1.523700e-20
1.861500e-08 1.844600e-20
1.909300e-08 2.316900e-20
1.940300e-08 2.666200e-20
1.980900e-08 3.154300e-20
2.017800e-08 3.731600e-20
2.050600e-08 4.216000e-20
2.098300e-08 4.885400e-20
2.162100e-08 6.381200e-20
2.202300e-08 7.394300e-20
2.227800e-08 8.089100e-20
2.269200e-08 9.351900e-20
2.300800e-08 1.530700e-19
2.338100e-08 2.779100e-19
2.398100e-08 3.880600e-19
2.459600e-08 4.158100e-19
2.522700e-08 4.953400e-19
2.569600e-08 4.612100e-19
2.599400e-08 5.583400e-19
2.641600e-08 6.293600e-19
2.690700e-08 6.853300e-19
2.740800e-08 7.411400e-19
2.791700e-08 7.996500e-19
2.837100e-08 8.627800e-19
2.903200e-08 8.992900e-19
2.957100e-08 9.951700e-19
3.012100e-08 1.051700e-18
3.082300e-08 1.163900e-18
3.183200e-08 1.339400e-18
3.280000e-08 1.499300e-18
3.379600e-08 1.651600e-18
3.482300e-08 1.802600e-18
3.571700e-08 1.953900e-18
3.663300e-08 2.127600e-18
3.748600e-08 2.274600e-18
3.853600e-08 2.365400e-18
3.952500e-08 2.611600e-18
4.053900e-08 2.804800e-18
4.138800e-08 2.943700e-18
4.215700e-08 3.054200e-18
4.304000e-08 3.168800e-18
4.414400e-08 3.372100e-18
4.506800e-08 3.506700e-18
4.601200e-08 3.621600e-18
4.697500e-08 3.774800e-18
4.795900e-08 3.943700e-18
4.896300e-08 4.035500e-18
4.998900e-08 4.225700e-18
5.056700e-08 4.344100e-18
5.115300e-08 5.259000e-18
5.198400e-08 5.443800e-18
5.295100e-08 5.635100e-18
5.405900e-08 5.648100e-18
5.493800e-08 6.440200e-18
5.595900e-08 7.159800e-18
5.699900e-08 7.814500e-18
5.805900e-08 7.832500e-18
5.900300e-08 8.910400e-18
5.996100e-08 9.223600e-18
6.093600e-08 9.883200e-18
6.206800e-08 1.161200e-17
6.293200e-08 1.250000e-17
6.395400e-08 1.296900e-17
6.499400e-08 1.451800e-17
6.574600e-08 1.544900e-17
6.650700e-08 1.647800e-17
6.743300e-08 1.709600e-17
6.852800e-08 1.721500e-17
6.948200e-08 2.162200e-17
7.044800e-08 2.113000e-17
7.159300e-08 2.546200e-17
7.258900e-08 2.709600e-17
7.343000e-08 2.863500e-17
7.445100e-08 3.242600e-17
7.548700e-08 3.514800e-17
7.653700e-08 3.731600e-17
7.742300e-08 4.196600e-17
7.850000e-08 4.559300e-17
7.940900e-08 4.885400e-17
8.051400e-08 5.210700e-17
8.144600e-08 5.519500e-17
8.257900e-08 6.150300e-17
8.353500e-08 5.222700e-17
8.450300e-08 6.774800e-17
8.548100e-08 7.110500e-17
8.647100e-08 7.814500e-17
8.747200e-08 8.529000e-17
8.848500e-08 9.416700e-17
8.951000e-08 1.013700e-16
9.054600e-08 1.037300e-16
9.159500e-08 1.559200e-16
9.244200e-08 1.042100e-15
9.351300e-08 2.327600e-15
9.459600e-08 4.517500e-15
9.547100e-08 6.514800e-15
9.657600e-08 7.428500e-15
9.747000e-08 1.196500e-15
9.859900e-08 6.410600e-15
9.951100e-08 6.916700e-15
1.004320e-07 1.032500e-14
1.015950e-07 1.006700e-14
1.025350e-07 4.384300e-15
1.034830e-07 7.176300e-15
1.044410e-07 1.409000e-14
1.054070e-07 1.396000e-14
1.063830e-07 1.108900e-14
1.076140e-07 1.342500e-14
1.086100e-07 1.066300e-14
1.096150e-07 1.441800e-14
1.103750e-07 1.396000e-14
1.113960e-07 1.354900e-14
1.124270e-07 1.224300e-14
1.134670e-07 1.584500e-14
1.145170e-07 1.451800e-14
1.155770e-07 1.562800e-14
1.163780e-07 1.625200e-14
1.174550e-07 1.124300e-14
1.185420e-07 1.606600e-14
1.193630e-07 1.114000e-14
1.204680e-07 8.033400e-15
1.215820e-07 5.481500e-15
1.224250e-07 1.129500e-14
1.235580e-07 1.733400e-14
1.244140e-07 1.922600e-14
1.255660e-07 1.848800e-14
1.264360e-07 1.602900e-14
1.276060e-07 2.093600e-14
1.284900e-07 2.212600e-14
1.293810e-07 1.753500e-14
1.305780e-07 1.749400e-14
1.314830e-07 2.217700e-14
1.323950e-07 2.132500e-14
1.336200e-07 1.900600e-14
1.345460e-07 2.285100e-14
1.354790e-07 2.227900e-14
1.364180e-07 1.999400e-14
1.373630e-07 2.117900e-14
1.386340e-07 2.157200e-14
1.395950e-07 1.870200e-14
1.405630e-07 1.958400e-14
1.415370e-07 2.036600e-14
1.425180e-07 2.103300e-14
1.435060e-07 2.108100e-14
1.441690e-07 2.233100e-14
1.448340e-07 2.274600e-14
1.455030e-07 2.222800e-14
1.465110e-07 2.060200e-14
1.475270e-07 2.074400e-14
1.485490e-07 2.122800e-14
1.495790e-07 2.172200e-14
1.506160e-07 2.064900e-14
1.513110e-07 1.844600e-14
1.516600e-07 1.985600e-14
1.523600e-07 1.936000e-14
1.534160e-07 1.690000e-14
1.544790e-07 1.853100e-14
1.555500e-07 1.765600e-14
1.566280e-07 1.819300e-14
1.573510e-07 1.953900e-14
1.584420e-07 2.060200e-14
1.595400e-07 2.113000e-14
1.606460e-07 2.084000e-14
1.613880e-07 2.103300e-14
1.625060e-07 2.004000e-14
1.636330e-07 2.142400e-14
1.643880e-07 2.187300e-14
1.655280e-07 2.036600e-14
1.666750e-07 2.233100e-14
1.670590e-07 2.004000e-14
1.678300e-07 2.264100e-14
1.686050e-07 2.359900e-14
1.693830e-07 2.227900e-14
1.705570e-07 2.152300e-14
1.713450e-07 2.050700e-14
1.725320e-07 2.046000e-14
1.733290e-07 2.192300e-14
1.745300e-07 2.152300e-14
1.753360e-07 2.300900e-14
1.765510e-07 2.127600e-14
1.773660e-07 2.182200e-14
1.785960e-07 2.233100e-14
1.794200e-07 2.387300e-14
1.806640e-07 2.376300e-14
1.814970e-07 2.202400e-14
1.823350e-07 2.264100e-14
1.835990e-07 2.187300e-14
1.844470e-07 2.017900e-14
1.852980e-07 2.036600e-14
1.865820e-07 2.108100e-14
1.874440e-07 2.279800e-14
1.883090e-07 2.108100e-14
1.896140e-07 2.031900e-14
1.904890e-07 2.162200e-14
1.913690e-07 2.088800e-14
1.926950e-07 2.055400e-14
1.935850e-07 2.127600e-14
1.944780e-07 2.227900e-14
1.953760e-07 2.088800e-14
1.967300e-07 2.295600e-14
1.976380e-07 2.365400e-14
1.985500e-07 2.243400e-14
1.994670e-07 2.192300e-14
2.003870e-07 2.264100e-14
2.013120e-07 2.197300e-14
2.027080e-07 2.306200e-14
2.036430e-07 2.192300e-14
2.045830e-07 2.279800e-14
2.055280e-07 2.162200e-14
2.064760e-07 2.192300e-14
2.074300e-07 2.365400e-14
2.079080e-07 2.258900e-14
2.083870e-07 2.343700e-14
2.093490e-07 2.227900e-14
2.103150e-07 2.253700e-14
2.112860e-07 2.285100e-14
2.122610e-07 2.322200e-14
2.137330e-07 2.182200e-14
2.147190e-07 2.233100e-14
2.157100e-07 2.322200e-14
2.167060e-07 2.258900e-14
2.177060e-07 2.248500e-14
2.187110e-07 2.217700e-14
2.197200e-07 2.322200e-14
2.207350e-07 2.269300e-14
2.217540e-07 2.172200e-14
2.222650e-07 2.117900e-14
2.232910e-07 2.253700e-14
2.243210e-07 2.172200e-14
2.253570e-07 2.093600e-14
2.263970e-07 2.142400e-14
2.274420e-07 2.197300e-14
2.284920e-07 2.253700e-14
2.295460e-07 2.132600e-14
2.306060e-07 2.152300e-14
2.316700e-07 2.064900e-14
2.327400e-07 1.678400e-14
2.332760e-07 1.944900e-14
2.343530e-07 1.896300e-14
2.354350e-07 2.036600e-14
2.365210e-07 1.891900e-14
2.376130e-07 1.944900e-14
2.387100e-07 1.823500e-14
2.392600e-07 1.931500e-14
2.403650e-07 1.866000e-14
2.414740e-07 1.909400e-14
2.425890e-07 2.013300e-14
2.437080e-07 1.944900e-14
2.442700e-07 2.046000e-14
2.453980e-07 2.022600e-14
2.465300e-07 2.013300e-14
2.476680e-07 1.949400e-14
2.482390e-07 1.985700e-14
2.493850e-07 1.848900e-14
2.505360e-07 2.074500e-14
2.511140e-07 1.870300e-14
2.516930e-07 1.922700e-14
2.522730e-07 1.857400e-14
2.534370e-07 1.883300e-14
2.546070e-07 1.857400e-14
2.557820e-07 1.981100e-14
2.563720e-07 1.936000e-14
2.575550e-07 2.036600e-14
2.587440e-07 2.018000e-14
2.593410e-07 1.994900e-14
2.605380e-07 1.936000e-14
2.617400e-07 1.913900e-14
2.623440e-07 1.990300e-14
2.635550e-07 2.050800e-14
2.647710e-07 2.202500e-14
2.653810e-07 2.248600e-14
2.666060e-07 2.065000e-14
2.672210e-07 2.147400e-14
2.684540e-07 2.152400e-14
2.696940e-07 2.055500e-14
2.703150e-07 2.113100e-14
2.715630e-07 2.018000e-14
2.721890e-07 2.013400e-14
2.734450e-07 2.098600e-14
2.747080e-07 1.866000e-14
2.753410e-07 1.905100e-14
2.766120e-07 1.972100e-14
2.772490e-07 2.050800e-14
2.785290e-07 1.949500e-14
2.798150e-07 1.636500e-14
2.804600e-07 1.737500e-14
2.817540e-07 2.036700e-14
2.824040e-07 2.127800e-14
2.837070e-07 2.055500e-14
2.843610e-07 2.008800e-14
2.856740e-07 1.936100e-14
2.863320e-07 2.113100e-14
2.876540e-07 2.118000e-14
2.883170e-07 2.108300e-14
2.896480e-07 2.108300e-14
2.909850e-07 2.264300e-14
2.930020e-07 2.187400e-14
2.950330e-07 2.157400e-14
2.970780e-07 2.192500e-14
2.991370e-07 2.192500e-14
3.012110e-07 2.212800e-14
3.032990e-07 2.217900e-14
3.046990e-07 2.223000e-14
3.068110e-07 2.233300e-14
3.089370e-07 2.243600e-14
3.110790e-07 2.248700e-14
3.132350e-07 2.217900e-14
3.146810e-07 2.228100e-14
3.168620e-07 2.238400e-14
3.190590e-07 2.137700e-14
3.212700e-07 2.207700e-14
3.227530e-07 2.118100e-14
3.249900e-07 2.238400e-14
3.272430e-07 2.311800e-14
3.287540e-07 2.295900e-14
3.310330e-07 2.285300e-14
3.325600e-07 2.311800e-14
3.333270e-07 2.349400e-14
3.340950e-07 2.238500e-14
3.348660e-07 2.393000e-14
3.356370e-07 2.301200e-14
3.364110e-07 2.108400e-14
3.371870e-07 2.127900e-14
3.379640e-07 2.311800e-14
3.387430e-07 2.327800e-14
3.395240e-07 2.280100e-14
3.403070e-07 2.365700e-14
3.410910e-07 2.223100e-14
3.418780e-07 2.248800e-14
3.426660e-07 2.311800e-14
3.434550e-07 2.404100e-14
3.442470e-07 2.243700e-14
3.450410e-07 2.295900e-14
3.458360e-07 2.264400e-14
3.466340e-07 2.238500e-14
3.474330e-07 2.322500e-14
3.482330e-07 2.243700e-14
3.490360e-07 2.333200e-14
3.498410e-07 2.197600e-14
3.506470e-07 2.317200e-14
3.514560e-07 2.223100e-14
3.522660e-07 2.333200e-14
3.530780e-07 2.223100e-14
3.538920e-07 2.349400e-14
3.547080e-07 2.382100e-14
3.555250e-07 2.376600e-14
3.563450e-07 2.344000e-14
3.571660e-07 2.223100e-14
3.579900e-07 2.187600e-14
3.588150e-07 2.022800e-14
3.596420e-07 2.218000e-14
3.604710e-07 2.317200e-14
3.613020e-07 2.177500e-14
3.621350e-07 2.202700e-14
3.629700e-07 2.517500e-14
3.635760e-07 2.618100e-14
3.638480e-07 2.522300e-14
3.641200e-07 2.518500e-14
3.643920e-07 2.361500e-14
3.646630e-07 2.347100e-14
3.649350e-07 2.346800e-14
3.652070e-07 2.358800e-14
3.654790e-07 2.360400e-14
3.657510e-07 2.604500e-14
3.660220e-07 2.560100e-14
3.662940e-07 2.428800e-14
3.665660e-07 2.501100e-14
3.668380e-07 2.559900e-14
3.671090e-07 2.420800e-14
3.673810e-07 2.414400e-14
3.676530e-07 2.364000e-14
3.679250e-07 2.334000e-14
3.681960e-07 2.364300e-14
3.684680e-07 2.230800e-14
3.687400e-07 2.246800e-14
3.690120e-07 2.294000e-14
3.692840e-07 2.433000e-14
3.695550e-07 2.490900e-14
3.698270e-07 2.379800e-14
3.700990e-07 2.452300e-14
3.703710e-07 2.468100e-14
3.706420e-07 2.341800e-14
3.709140e-07 2.313500e-14
3.711860e-07 2.338300e-14
3.714580e-07 2.536200e-14
3.717290e-07 2.593000e-14
3.720010e-07 2.869300e-14
3.722730e-07 3.591100e-14
3.725450e-07 4.644800e-14
3.728170e-07 5.009100e-14
3.730880e-07 4.605700e-14
3.733600e-07 3.530000e-14
3.736320e-07 2.840300e-14
3.739040e-07 2.554300e-14
3.741750e-07 2.508500e-14
3.744470e-07 2.546800e-14
3.747190e-07 2.425400e-14
3.749910e-07 2.386800e-14
3.752630e-07 2.434300e-14
3.755340e-07 2.439300e-14
3.758060e-07 2.630800e-14
3.760780e-07 2.759100e-14
3.763500e-07 2.870700e-14
3.766210e-07 2.709300e-14
3.768930e-07 2.671700e-14
3.771650e-07 2.544900e-14
3.774370e-07 2.778300e-14
3.777080e-07 3.000100e-14
3.779800e-07 3.034600e-14
3.782520e-07 3.244200e-14
3.785240e-07 3.397300e-14
3.787960e-07 3.472600e-14
3.790670e-07 3.002900e-14
3.793390e-07 2.789900e-14
3.796110e-07 2.564200e-14
3.798830e-07 2.589900e-14
3.801540e-07 2.880000e-14
3.804260e-07 3.038400e-14
3.806980e-07 3.150200e-14
3.809700e-07 3.446600e-14
3.812410e-07 3.423000e-14
3.815130e-07 3.403100e-14
3.817850e-07 3.249600e-14
3.820570e-07 3.228900e-14
3.823290e-07 3.268600e-14
3.826000e-07 3.183700e-14
3.828720e-07 2.948800e-14
3.831440e-07 2.700700e-14
3.834160e-07 2.648200e-14
3.836870e-07 2.562700e-14
3.839590e-07 2.650100e-14
3.842310e-07 2.863500e-14
3.845030e-07 3.160900e-14
3.847740e-07 3.184100e-14
3.850460e-07 3.389300e-14
3.853180e-07 3.539000e-14
3.855900e-07 3.374000e-14
3.858620e-07 3.549300e-14
3.861330e-07 3.577000e-14
3.864050e-07 3.632100e-14
3.866770e-07 3.553200e-14
3.869490e-07 3.593700e-14
3.872200e-07 3.622700e-14
3.874920e-07 3.366300e-14
3.877640e-07 3.300200e-14
3.880360e-07 3.212000e-14
3.883080e-07 3.098000e-14
3.885790e-07 3.007800e-14
3.888510e-07 2.904300e-14
3.891230e-07 2.847600e-14
3.893950e-07 2.925100e-14
3.896660e-07 2.940000e-14
3.899380e-07 3.182500e-14
3.902100e-07 3.375900e-14
3.904820e-07 3.330600e-14
3.907530e-07 3.558500e-14
3.910250e-07 3.628800e-14
3.912970e-07 3.638300e-14
3.915690e-07 3.683900e-14
3.918410e-07 3.637700e-14
3.921120e-07 3.526000e-14
3.923840e-07 3.494200e-14
3.926560e-07 3.393600e-14
3.929280e-07 3.029000e-14
3.931990e-07 2.815300e-14
3.934710e-07 2.710700e-14
3.937430e-07 2.935100e-14
3.940150e-07 3.225000e-14
3.942860e-07 3.478900e-14
3.945580e-07 3.546200e-14
3.948300e-07 3.446500e-14
3.951020e-07 3.567600e-14
3.953740e-07 3.520100e-14
3.956450e-07 3.333700e-14
3.959170e-07 3.212400e-14
3.961890e-07 3.026000e-14
3.964610e-07 2.766800e-14
3.967320e-07 2.519400e-14
3.970040e-07 2.502900e-14
3.972760e-07 2.613400e-14
3.975480e-07 2.684900e-14
3.978200e-07 2.992000e-14
3.980910e-07 3.309700e-14
3.983630e-07 3.490700e-14
3.986350e-07 3.540900e-14
3.989070e-07 3.651500e-14
3.991780e-07 3.723100e-14
3.994500e-07 3.913000e-14
3.997220e-07 4.009300e-14
3.999940e-07 3.878200e-14
4.002650e-07 3.864400e-14
4.005370e-07 3.888000e-14
4.008090e-07 3.916700e-14
4.010810e-07 4.013000e-14
4.013530e-07 4.080500e-14
4.016240e-07 4.047600e-14
4.018960e-07 4.062400e-14
4.021680e-07 4.135100e-14
4.024400e-07 3.910700e-14
4.027110e-07 4.161400e-14
4.029830e-07 4.109800e-14
4.032550e-07 3.926300e-14
4.035270e-07 4.129500e-14
4.037980e-07 4.170400e-14
4.040700e-07 4.126700e-14
4.043420e-07 4.087900e-14
4.046140e-07 4.146000e-14
4.048860e-07 4.067200e-14
4.051570e-07 3.979700e-14
4.054290e-07 4.086700e-14
4.057010e-07 4.028700e-14
4.059730e-07 4.032900e-14
4.062440e-07 3.901000e-14
4.065160e-07 3.987200e-14
4.067880e-07 3.820400e-14
4.070600e-07 4.078000e-14
4.073310e-07 3.820000e-14
4.076030e-07 3.899000e-14
4.078750e-07 3.842900e-14
4.081470e-07 3.818800e-14
4.084190e-07 3.757200e-14
4.086900e-07 3.787400e-14
4.089620e-07 3.700700e-14
4.092340e-07 3.558400e-14
4.095060e-07 3.473000e-14
4.097770e-07 3.593500e-14
4.100490e-07 3.421100e-14
4.103210e-07 3.547000e-14
4.105930e-07 3.357700e-14
4.108650e-07 3.390800e-14
4.111360e-07 3.427700e-14
4.114080e-07 3.685000e-14
4.116800e-07 3.792800e-14
4.119520e-07 3.744900e-14
4.122230e-07 3.713500e-14
4.124950e-07 3.916900e-14
4.127670e-07 3.857600e-14
4.130390e-07 3.881000e-14
4.133100e-07 3.805500e-14
4.135820e-07 3.759800e-14
4.138540e-07 3.974500e-14
4.141260e-07 3.932700e-14
4.143980e-07 3.905500e-14
4.146690e-07 3.923900e-14
4.149410e-07 3.964300e-14
4.152130e-07 3.946100e-14
4.154850e-07 3.920400e-14
4.157560e-07 3.994800e-14
4.160280e-07 3.990900e-14
4.163000e-07 4.011000e-14
4.165720e-07 3.964700e-14
4.168430e-07 3.901400e-14
4.171150e-07 3.894500e-14
4.173870e-07 3.791600e-14
4.176590e-07 3.844000e-14
4.179310e-07 3.839200e-14
4.182020e-07 3.875500e-14
4.184740e-07 3.887900e-14
4.187460e-07 3.929200e-14
4.190180e-07 3.904100e-14
4.192890e-07 3.940900e-14
4.195610e-07 3.944500e-14
4.198330e-07 3.894500e-14
4.201050e-07 3.774800e-14
4.203770e-07 3.851600e-14
4.206480e-07 3.953300e-14
4.209200e-07 3.980400e-14
4.211920e-07 4.002400e-14
4.214640e-07 4.011900e-14
4.217350e-07 3.920200e-14
4.220070e-07 4.040800e-14
4.222790e-07 3.913000e-14
4.225510e-07 3.918800e-14
4.228220e-07 3.811400e-14
4.230940e-07 3.780600e-14
4.233660e-07 3.874100e-14
4.236380e-07 3.990100e-14
4.239100e-07 3.968600e-14
4.241810e-07 3.923700e-14
4.244530e-07 3.936700e-14
4.247250e-07 3.958400e-14
4.249970e-07 3.960800e-14
4.252680e-07 3.945300e-14
4.255400e-07 3.872500e-14
4.258120e-07 3.906800e-14
4.260840e-07 3.914300e-14
4.263550e-07 3.952200e-14
4.266270e-07 3.998400e-14
4.268990e-07 4.034700e-14
4.271710e-07 3.944000e-14
4.274430e-07 3.915500e-14
4.277140e-07 3.955300e-14
4.279860e-07 3.936100e-14
4.282580e-07 3.932500e-14
4.285300e-07 3.848800e-14
4.288010e-07 3.839200e-14
4.290730e-07 3.806600e-14
4.293450e-07 3.721500e-14
4.296170e-07 3.711400e-14
4.298880e-07 3.633900e-14
4.301600e-07 3.583700e-14
4.304320e-07 3.508600e-14
4.307040e-07 3.529300e-14
4.309760e-07 3.529500e-14
4.312470e-07 3.545000e-14
4.315190e-07 3.759800e-14
4.317910e-07 3.778000e-14
4.320630e-07 3.841400e-14
4.323340e-07 3.728200e-14
4.326060e-07 3.686200e-14
4.328780e-07 3.657700e-14
4.331500e-07 3.669700e-14
4.334220e-07 3.756100e-14
4.336930e-07 3.982300e-14
4.339650e-07 4.120700e-14
4.342370e-07 3.940100e-14
4.345090e-07 3.713600e-14
4.347800e-07 3.525900e-14
4.350520e-07 3.532100e-14
4.353240e-07 3.630800e-14
4.355960e-07 3.803800e-14
4.358670e-07 3.928600e-14
4.361390e-07 4.010700e-14
4.364110e-07 3.996100e-14
4.366830e-07 4.062000e-14
4.369550e-07 3.977200e-14
4.372260e-07 3.945200e-14
4.374980e-07 3.957900e-14
4.377700e-07 3.951000e-14
4.380420e-07 3.813600e-14
4.383130e-07 3.784100e-14
4.385850e-07 3.826800e-14
4.388570e-07 3.768800e-14
4.391290e-07 3.825500e-14
4.394000e-07 3.882000e-14
4.396720e-07 3.976100e-14
4.399440e-07 3.953500e-14
4.402160e-07 3.937300e-14
4.404880e-07 3.948000e-14
4.407590e-07 3.899300e-14
4.410310e-07 3.935900e-14
4.413030e-07 3.897300e-14
4.415750e-07 3.902100e-14
4.418460e-07 3.949200e-14
4.421180e-07 3.995700e-14
4.423900e-07 4.036700e-14
4.426620e-07 4.051800e-14
4.429340e-07 3.949000e-14
4.432050e-07 3.879100e-14
4.434770e-07 3.923000e-14
4.437490e-07 4.036300e-14
4.440210e-07 4.059200e-14
4.442920e-07 4.026300e-14
4.445640e-07 4.060400e-14
4.448360e-07 4.110700e-14
4.451080e-07 4.079600e-14
4.453790e-07 4.030000e-14
4.456510e-07 4.006200e-14
4.459230e-07 3.949400e-14
4.461950e-07 3.990200e-14
4.464670e-07 3.946600e-14
4.467380e-07 3.995000e-14
4.470100e-07 4.033200e-14
4.472820e-07 4.032000e-14
4.475540e-07 4.064500e-14
4.478250e-07 4.036000e-14
4.480970e-07 4.030600e-14
4.483690e-07 4.049100e-14
4.486410e-07 4.104600e-14
4.489120e-07 4.074100e-14
4.491840e-07 4.101600e-14
4.494560e-07 4.052800e-14
4.497280e-07 4.084600e-14
4.500000e-07 4.177400e-14
4.502710e-07 4.295700e-14
4.505430e-07 4.345500e-14
4.508150e-07 4.352200e-14
4.510870e-07 4.324400e-14
4.513580e-07 4.259500e-14
4.516300e-07 4.240100e-14
4.519020e-07 4.239600e-14
4.521740e-07 4.200600e-14
4.524450e-07 4.055000e-14
4.527170e-07 3.990900e-14
4.529890e-07 3.985200e-14
4.532610e-07 3.964400e-14
4.535330e-07 3.942000e-14
4.538040e-07 4.093400e-14
4.540760e-07 4.094800e-14
4.543480e-07 4.196400e-14
4.546200e-07 4.120400e-14
4.548910e-07 4.050600e-14
4.551630e-07 4.014000e-14
4.554350e-07 3.966700e-14
4.557070e-07 4.044700e-14
4.559790e-07 4.163100e-14
4.562500e-07 4.183600e-14
4.565220e-07 4.217400e-14
4.567940e-07 4.127900e-14
4.570660e-07 4.196400e-14
4.573370e-07 4.204200e-14
4.576090e-07 4.217400e-14
4.578810e-07 4.124200e-14
4.581530e-07 4.117500e-14
4.584240e-07 4.038600e-14
4.586960e-07 4.099400e-14
4.589680e-07 4.131000e-14
4.592400e-07 4.157600e-14
4.595120e-07 4.121500e-14
4.597830e-07 4.090400e-14
4.600550e-07 4.099800e-14
4.603270e-07 4.128400e-14
4.605990e-07 4.192500e-14
4.608700e-07 4.166000e-14
4.611420e-07 4.331800e-14
4.614140e-07 4.295900e-14
4.616860e-07 4.188100e-14
4.619570e-07 4.194100e-14
4.622290e-07 4.140400e-14
4.625010e-07 4.211400e-14
4.627730e-07 4.252400e-14
4.630450e-07 4.155500e-14
4.633160e-07 4.157100e-14
4.635880e-07 4.060200e-14
4.638600e-07 4.167800e-14
4.641320e-07 4.111000e-14
4.644030e-07 4.097900e-14
4.646750e-07 4.049000e-14
4.649470e-07 4.049500e-14
4.652190e-07 4.081600e-14
4.654910e-07 4.136200e-14
4.657620e-07 4.090800e-14
4.660340e-07 4.190500e-14
4.663060e-07 4.004900e-14
4.665780e-07 4.089000e-14
4.668490e-07 3.988600e-14
4.671210e-07 4.015800e-14
4.673930e-07 4.020000e-14
4.676650e-07 4.079600e-14
4.679360e-07 4.101900e-14
4.682080e-07 4.076300e-14
4.684800e-07 4.152400e-14
4.687520e-07 4.170200e-14
4.690240e-07 4.170200e-14
4.692950e-07 4.108600e-14
4.695670e-07 4.153600e-14
4.698390e-07 4.087200e-14
4.701110e-07 4.048700e-14
4.703820e-07 4.082700e-14
4.706540e-07 4.115300e-14
4.709260e-07 4.140300e-14
4.711980e-07 4.178600e-14
4.714690e-07 4.192000e-14
4.717410e-07 4.044900e-14
4.720130e-07 4.154700e-14
4.722850e-07 4.186600e-14
4.725570e-07 4.243100e-14
4.728280e-07 4.049400e-14
4.731000e-07 4.016000e-14
4.733720e-07 4.050500e-14
4.736440e-07 4.110700e-14
4.739150e-07 4.124500e-14
4.741870e-07 4.155900e-14
4.744590e-07 4.217000e-14
4.747310e-07 4.184300e-14
4.750020e-07 4.280600e-14
4.752740e-07 4.234100e-14
4.755460e-07 4.260000e-14
4.758180e-07 4.219400e-14
4.760900e-07 4.125900e-14
4.763610e-07 4.183200e-14
4.766330e-07 4.138200e-14
4.769050e-07 4.112100e-14
4.771770e-07 4.125200e-14
4.774480e-07 4.079200e-14
4.777200e-07 4.126400e-14
4.779920e-07 4.163000e-14
4.782640e-07 4.160100e-14
4.785360e-07 4.117200e-14
4.788070e-07 4.164800e-14
4.790790e-07 4.158300e-14
4.793510e-07 4.194900e-14
4.796230e-07 4.157700e-14
4.798940e-07 4.198300e-14
4.801660e-07 4.220500e-14
4.804380e-07 4.163500e-14
4.807100e-07 4.171100e-14
4.809810e-07 4.185400e-14
4.812530e-07 4.179000e-14
4.815250e-07 4.263500e-14
4.817970e-07 4.181100e-14
4.820690e-07 4.216400e-14
4.823400e-07 4.191900e-14
4.826120e-07 4.114100e-14
4.828840e-07 4.022200e-14
4.831560e-07 4.057900e-14
4.834270e-07 4.094100e-14
4.836990e-07 3.952300e-14
4.839710e-07 3.927400e-14
4.842430e-07 4.029600e-14
4.845140e-07 3.927900e-14
4.847860e-07 3.776600e-14
4.850580e-07 3.907500e-14
4.853300e-07 4.021200e-14
4.856020e-07 4.613400e-14
4.858730e-07 5.563900e-14
4.861450e-07 6.010300e-14
4.864170e-07 5.550700e-14
4.866890e-07 4.594900e-14
4.869600e-07 3.812000e-14
4.872320e-07 3.566300e-14
4.875040e-07 3.608600e-14
4.877760e-07 3.738200e-14
4.880480e-07 3.796600e-14
4.883190e-07 3.808800e-14
4.885910e-07 3.843700e-14
4.888630e-07 3.807000e-14
4.891350e-07 3.882500e-14
4.894060e-07 3.947100e-14
4.896780e-07 3.942800e-14
4.899500e-07 4.010400e-14
4.902220e-07 3.964600e-14
4.904930e-07 3.993100e-14
4.907650e-07 4.051200e-14
4.910370e-07 4.000800e-14
4.913090e-07 3.963000e-14
4.915810e-07 3.953800e-14
4.918520e-07 3.890600e-14
4.921240e-07 3.790600e-14
4.923960e-07 3.871800e-14
4.926680e-07 3.945000e-14
4.929390e-07 4.047700e-14
4.932110e-07 4.054600e-14
4.934830e-07 3.946500e-14
4.937550e-07 4.018300e-14
4.940260e-07 4.102000e-14
4.942980e-07 4.073600e-14
4.945700e-07 4.076500e-14
4.948420e-07 4.145700e-14
4.951140e-07 4.182200e-14
4.953850e-07 4.138800e-14
4.956570e-07 4.132500e-14
4.959290e-07 4.194200e-14
4.962010e-07 4.171800e-14
4.964720e-07 4.162500e-14
4.967440e-07 3.979100e-14
4.970160e-07 3.985500e-14
4.972880e-07 4.012200e-14
4.975590e-07 4.017000e-14
4.978310e-07 3.912300e-14
4.981030e-07 3.998500e-14
4.983750e-07 3.938800e-14
4.986470e-07 3.901000e-14
4.989180e-07 3.971300e-14
4.991900e-07 3.974300e-14
4.994620e-07 3.959700e-14
4.997340e-07 3.993900e-14
5.000050e-07 4.075500e-14
5.002770e-07 4.200900e-14
5.005490e-07 4.377800e-14
5.008210e-07 4.390200e-14
5.010930e-07 4.161400e-14
5.013640e-07 3.977200e-14
5.016360e-07 3.795100e-14
5.019080e-07 3.762300e-14
5.021800e-07 3.746200e-14
5.024510e-07 3.858600e-14
5.027230e-07 3.845200e-14
5.029950e-07 3.862200e-14
5.032670e-07 3.916100e-14
5.035380e-07 3.888500e-14
5.038100e-07 3.866400e-14
5.040820e-07 3.712000e-14
5.043540e-07 3.814400e-14
5.046260e-07 3.842900e-14
5.048970e-07 3.890200e-14
5.051690e-07 3.927400e-14
5.054410e-07 3.862500e-14
5.057130e-07 3.957900e-14
5.059840e-07 4.004800e-14
5.062560e-07 4.038600e-14
5.065280e-07 3.958800e-14
5.068000e-07 3.896500e-14
5.070710e-07 3.847800e-14
5.073430e-07 3.916200e-14
5.076150e-07 3.907200e-14
5.078870e-07 3.889600e-14
5.081590e-07 3.836100e-14
5.084300e-07 3.844400e-14
5.087020e-07 3.875800e-14
5.089740e-07 3.942600e-14
5.092460e-07 4.000300e-14
5.095170e-07 3.977600e-14
5.097890e-07 3.950400e-14
5.100610e-07 3.871100e-14
5.103330e-07 3.820800e-14
5.106050e-07 3.861200e-14
5.108760e-07 3.854700e-14
5.111480e-07 3.923200e-14
5.114200e-07 3.929800e-14
5.116920e-07 3.926500e-14
5.119630e-07 3.940800e-14
5.122350e-07 3.837000e-14
5.125070e-07 3.821500e-14
5.127790e-07 3.773900e-14
5.130500e-07 3.797700e-14
5.133220e-07 3.871400e-14
5.135940e-07 3.880500e-14
5.138660e-07 3.763000e-14
5.141380e-07 3.785400e-14
5.144090e-07 3.738300e-14
5.146810e-07 3.798500e-14
5.149530e-07 3.777600e-14
5.152250e-07 3.777300e-14
5.154960e-07 3.778100e-14
5.157680e-07 3.815000e-14
5.160400e-07 3.838900e-14
5.163120e-07 3.767600e-14
5.165830e-07 3.638800e-14
5.168550e-07 3.543300e-14
5.171270e-07 3.450700e-14
5.173990e-07 3.504500e-14
5.176710e-07 3.579700e-14
5.179420e-07 3.611500e-14
5.182140e-07 3.657200e-14
5.184860e-07 3.594000e-14
5.187580e-07 3.615500e-14
5.190290e-07 3.699900e-14
5.193010e-07 3.776500e-14
5.195730e-07 3.856300e-14
5.198450e-07 3.958500e-14
5.201160e-07 3.902900e-14
5.203880e-07 3.844000e-14
5.206600e-07 3.827300e-14
5.209320e-07 3.798500e-14
5.212040e-07 3.804300e-14
5.214750e-07 3.828500e-14
5.217470e-07 3.902500e-14
5.220190e-07 3.952500e-14
5.222910e-07 3.909000e-14
5.225620e-07 3.814500e-14
5.228340e-07 3.832400e-14
5.231060e-07 3.831800e-14
5.233780e-07 3.908900e-14
5.236500e-07 3.952900e-14
5.239210e-07 3.982400e-14
5.241930e-07 4.037800e-14
5.244650e-07 3.996500e-14
5.247370e-07 3.996900e-14
5.250080e-07 4.014400e-14
5.252800e-07 3.958700e-14
5.255520e-07 3.926800e-14
5.258240e-07 3.960800e-14
5.260950e-07 3.919300e-14
5.263670e-07 3.820800e-14
5.266390e-07 3.712700e-14
5.269110e-07 3.688200e-14
5.271830e-07 3.723000e-14
5.274540e-07 3.828600e-14
5.277260e-07 3.923700e-14
5.279980e-07 4.003700e-14
5.282700e-07 4.008600e-14
5.285410e-07 4.122900e-14
5.288130e-07 4.127100e-14
5.290850e-07 4.146400e-14
5.293570e-07 4.101600e-14
5.296280e-07 4.099600e-14
5.299000e-07 4.115900e-14
5.301720e-07 4.113900e-14
5.304440e-07 4.137900e-14
5.307160e-07 4.175200e-14
5.309870e-07 4.155000e-14
5.312590e-07 4.197700e-14
5.315310e-07 4.131200e-14
5.318030e-07 4.094100e-14
5.320740e-07 4.092100e-14
5.323460e-07 4.022900e-14
5.326180e-07 3.946300e-14
5.328900e-07 3.866900e-14
5.331620e-07 3.981600e-14
5.334330e-07 4.026500e-14
5.337050e-07 3.975000e-14
5.339770e-07 4.002600e-14
5.342490e-07 3.996300e-14
5.345200e-07 3.946600e-14
5.347920e-07 3.936800e-14
5.350640e-07 4.030600e-14
5.353360e-07 4.048300e-14
5.356070e-07 4.167900e-14
5.358790e-07 4.224300e-14
5.361510e-07 4.165100e-14
5.364230e-07 4.056300e-14
5.366950e-07 3.949900e-14
5.369660e-07 3.976400e-14
5.372380e-07 3.962000e-14
5.375100e-07 4.042200e-14
5.377820e-07 4.080200e-14
5.380530e-07 4.123500e-14
5.383250e-07 4.043900e-14
5.385970e-07 4.083800e-14
5.388690e-07 4.135700e-14
5.391400e-07 4.034100e-14
5.394120e-07 4.002200e-14
5.396840e-07 3.926500e-14
5.399560e-07 3.979400e-14
5.402280e-07 3.928000e-14
5.404990e-07 3.921100e-14
5.407710e-07 3.918400e-14
5.410430e-07 3.924400e-14
5.413150e-07 3.979800e-14
5.415860e-07 3.960300e-14
5.418580e-07 4.064300e-14
5.421300e-07 4.042100e-14
5.424020e-07 4.088600e-14
5.426730e-07 4.036300e-14
5.429450e-07 3.978900e-14
5.432170e-07 4.061300e-14
5.434890e-07 4.047600e-14
5.437610e-07 4.095600e-14
5.440320e-07 4.084000e-14
5.443040e-07 4.061800e-14
5.445760e-07 4.021300e-14
5.448480e-07 4.070400e-14
5.451190e-07 4.035500e-14
5.453910e-07 4.081100e-14
5.456630e-07 4.103200e-14
5.459350e-07 4.089600e-14
5.462070e-07 3.994300e-14
5.464780e-07 3.970700e-14
5.467500e-07 3.969900e-14
5.470220e-07 3.923500e-14
5.472940e-07 3.991400e-14
5.475650e-07 3.943900e-14
5.478370e-07 3.992800e-14
5.481090e-07 3.973700e-14
5.483810e-07 3.854800e-14
5.486520e-07 3.921800e-14
5.489240e-07 3.899600e-14
5.491960e-07 3.972100e-14
5.494680e-07 3.929200e-14
5.497400e-07 4.041200e-14
5.500110e-07 3.960100e-14
5.502830e-07 3.966800e-14
5.505550e-07 3.904500e-14
5.508270e-07 3.889800e-14
5.510980e-07 3.829200e-14
5.513700e-07 3.810300e-14
5.516420e-07 3.903900e-14
5.519140e-07 3.914700e-14
5.521850e-07 3.946000e-14
5.524570e-07 3.955000e-14
5.527290e-07 3.976600e-14
5.530010e-07 3.923700e-14
5.532730e-07 3.956000e-14
5.535440e-07 3.911900e-14
5.538160e-07 4.011800e-14
5.540880e-07 4.077500e-14
5.543600e-07 4.004700e-14
5.546310e-07 4.123400e-14
5.549030e-07 4.079700e-14
5.551750e-07 4.140800e-14
5.554470e-07 4.130500e-14
5.557190e-07 4.073400e-14
5.559900e-07 4.107900e-14
5.562620e-07 4.034400e-14
5.565340e-07 4.065800e-14
5.568060e-07 3.986900e-14
5.570770e-07 4.027200e-14
5.573490e-07 4.055900e-14
5.576210e-07 4.083200e-14
5.578930e-07 4.092700e-14
5.581640e-07 4.040600e-14
5.584360e-07 4.007200e-14
5.587080e-07 3.957100e-14
5.589800e-07 3.949300e-14
5.592520e-07 3.871700e-14
5.595230e-07 3.963300e-14
5.597950e-07 3.950600e-14
5.600670e-07 4.000700e-14
5.603390e-07 4.015100e-14
5.606100e-07 3.977300e-14
5.608820e-07 4.112100e-14
5.611540e-07 4.019300e-14
5.614260e-07 4.097700e-14
5.616970e-07 3.966800e-14
5.619690e-07 4.015000e-14
5.622410e-07 4.032000e-14
5.625130e-07 3.973700e-14
5.627850e-07 3.998500e-14
5.630560e-07 3.916400e-14
5.633280e-07 4.041800e-14
5.636000e-07 4.051900e-14
5.638720e-07 4.051400e-14
5.641430e-07 4.008200e-14
5.644150e-07 3.923200e-14
5.646870e-07 4.068900e-14
5.649590e-07 4.038500e-14
5.652300e-07 4.079200e-14
5.655020e-07 3.992400e-14
5.657740e-07 4.008000e-14
5.660460e-07 3.976300e-14
5.663180e-07 3.973000e-14
5.665890e-07 3.885500e-14
5.668610e-07 3.967300e-14
5.671330e-07 3.976000e-14
5.674050e-07 4.077000e-14
5.676760e-07 4.140700e-14
5.679480e-07 4.009800e-14
5.682200e-07 4.022200e-14
5.684920e-07 4.046700e-14
5.687640e-07 3.941000e-14
5.690350e-07 3.970400e-14
5.693070e-07 4.046800e-14
5.695790e-07 4.079800e-14
5.698510e-07 4.019100e-14
5.701220e-07 4.015600e-14
5.703940e-07 3.950300e-14
5.706660e-07 3.908400e-14
5.709380e-07 3.847700e-14
5.712090e-07 3.886200e-14
5.714810e-07 3.983800e-14
5.717530e-07 4.100200e-14
5.720250e-07 4.071300e-14
5.722970e-07 4.105200e-14
5.725680e-07 4.109300e-14
5.728400e-07 4.079300e-14
5.731120e-07 4.085300e-14
5.733840e-07 4.066600e-14
5.736550e-07 4.145900e-14
5.739270e-07 4.169600e-14
5.741990e-07 4.106300e-14
5.744710e-07 4.060900e-14
5.747420e-07 4.077600e-14
5.750140e-07 4.115600e-14
5.752860e-07 4.103300e-14
5.755580e-07 4.071300e-14
5.758300e-07 4.036700e-14
5.761010e-07 4.039500e-14
5.763730e-07 4.061300e-14
5.766450e-07 4.033600e-14
5.769170e-07 4.010300e-14
5.771880e-07 4.057400e-14
5.774600e-07 4.028900e-14
5.777320e-07 3.979800e-14
5.780040e-07 3.909800e-14
5.782760e-07 3.854100e-14
5.785470e-07 3.895300e-14
5.788190e-07 4.011200e-14
5.790910e-07 4.064600e-14
5.793630e-07 3.970600e-14
5.796340e-07 4.037900e-14
5.799060e-07 4.015000e-14
5.801780e-07 3.984800e-14
5.804500e-07 4.076300e-14
5.807210e-07 4.098000e-14
5.809930e-07 4.068400e-14
5.812650e-07 3.990300e-14
5.815370e-07 4.066500e-14
5.818090e-07 4.127400e-14
5.820800e-07 4.131000e-14
5.823520e-07 4.086000e-14
5.826240e-07 4.097000e-14
5.828960e-07 4.069200e-14
5.831670e-07 4.144800e-14
5.834390e-07 4.037100e-14
5.837110e-07 4.039400e-14
5.839830e-07 4.231400e-14
5.842540e-07 4.113400e-14
5.845260e-07 4.126700e-14
5.847980e-07 3.987900e-14
5.850700e-07 4.009700e-14
5.853420e-07 3.963600e-14
5.856130e-07 3.898000e-14
5.858850e-07 3.933200e-14
5.861570e-07 3.924800e-14
5.864290e-07 3.888400e-14
5.867000e-07 4.030300e-14
5.869720e-07 4.176300e-14
5.872440e-07 4.285800e-14
5.875160e-07 4.258600e-14
5.877870e-07 4.234100e-14
5.880590e-07 4.121200e-14
5.883310e-07 3.929700e-14
5.886030e-07 3.803900e-14
5.888750e-07 3.528500e-14
5.891460e-07 3.322900e-14
5.894180e-07 3.356300e-14
5.896900e-07 3.538400e-14
5.899620e-07 3.712100e-14
5.902330e-07 3.843300e-14
5.905050e-07 3.904000e-14
5.907770e-07 3.925700e-14
5.910490e-07 3.930500e-14
5.913210e-07 3.959700e-14
5.915920e-07 3.885700e-14
5.918640e-07 3.934000e-14
5.921360e-07 3.970600e-14
5.924080e-07 3.904800e-14
5.926790e-07 3.899700e-14
5.929510e-07 3.910500e-14
5.932230e-07 3.980100e-14
5.934950e-07 3.952300e-14
5.937660e-07 3.928900e-14
5.940380e-07 4.010700e-14
5.943100e-07 3.923100e-14
5.945820e-07 3.916500e-14
5.948540e-07 3.952500e-14
5.951250e-07 3.958900e-14
5.953970e-07 3.838600e-14
5.956690e-07 3.928600e-14
5.959410e-07 3.934800e-14
5.962120e-07 3.934300e-14
5.964840e-07 3.969300e-14
5.967560e-07 3.952700e-14
5.970280e-07 3.938200e-14
5.972990e-07 3.958300e-14
5.975710e-07 3.920700e-14
5.978430e-07 3.887900e-14
5.981150e-07 3.854800e-14
5.983870e-07 3.853900e-14
5.986580e-07 3.846600e-14
5.989300e-07 3.866800e-14
5.992020e-07 4.012300e-14
5.994740e-07 3.927900e-14
5.997450e-07 3.874200e-14
6.000170e-07 3.852200e-14
6.002890e-07 3.865600e-14
6.005610e-07 3.874800e-14
6.008330e-07 3.840700e-14
6.011040e-07 3.771500e-14
6.013760e-07 3.840400e-14
6.016480e-07 3.862700e-14
6.019200e-07 3.888900e-14
6.021910e-07 3.882100e-14
6.024630e-07 3.899700e-14
6.027350e-07 3.837100e-14
6.030070e-07 3.945300e-14
6.032780e-07 3.961200e-14
6.035500e-07 3.957100e-14
6.038220e-07 3.861700e-14
6.040940e-07 3.989700e-14
6.043660e-07 3.937400e-14
6.046370e-07 3.958500e-14
6.049090e-07 3.988000e-14
6.051810e-07 4.064700e-14
6.054530e-07 3.983600e-14
6.057240e-07 3.875000e-14
6.059960e-07 3.928200e-14
6.062680e-07 3.979700e-14
6.065400e-07 3.994400e-14
6.068110e-07 4.087000e-14
6.070830e-07 4.056500e-14
6.073550e-07 4.046000e-14
6.076270e-07 3.980000e-14
6.078990e-07 3.969200e-14
6.081700e-07 3.859200e-14
6.084420e-07 3.924900e-14
6.087140e-07 3.903300e-14
6.089860e-07 3.861000e-14
6.092570e-07 3.900600e-14
6.095290e-07 3.933200e-14
6.098010e-07 3.868600e-14
6.100730e-07 3.828800e-14
6.103440e-07 3.859000e-14
6.106160e-07 3.844900e-14
6.108880e-07 3.894800e-14
6.111600e-07 3.968200e-14
6.114320e-07 3.917100e-14
6.117030e-07 3.795300e-14
6.119750e-07 3.827900e-14
6.122470e-07 3.810600e-14
6.125190e-07 3.847600e-14
6.127900e-07 3.870600e-14
6.130620e-07 3.970700e-14
6.133340e-07 3.905000e-14
6.136060e-07 3.785200e-14
6.138780e-07 3.743500e-14
6.141490e-07 3.858100e-14
6.144210e-07 3.833000e-14
6.146930e-07 3.818700e-14
6.149650e-07 3.815100e-14
6.152360e-07 3.797000e-14
6.155080e-07 3.857500e-14
6.157800e-07 3.792700e-14
6.160520e-07 3.669900e-14
6.163230e-07 3.667100e-14
6.165950e-07 3.674100e-14
6.168670e-07 3.712200e-14
6.171390e-07 3.763400e-14
6.174110e-07 3.781700e-14
6.176820e-07 3.763400e-14
6.179540e-07 3.771000e-14
6.182260e-07 3.841300e-14
6.184980e-07 3.889700e-14
6.187690e-07 3.834900e-14
6.190410e-07 3.703100e-14
6.193130e-07 3.705500e-14
6.195850e-07 3.720800e-14
6.198560e-07 3.842900e-14
6.201280e-07 3.934600e-14
6.204000e-07 3.897700e-14
6.206720e-07 3.860300e-14
6.209440e-07 3.781000e-14
6.212150e-07 3.891400e-14
6.214870e-07 3.748500e-14
6.217590e-07 3.863500e-14
6.220310e-07 3.690300e-14
6.223020e-07 3.682400e-14
6.225740e-07 3.727100e-14
6.228460e-07 3.639200e-14
6.231180e-07 3.755000e-14
6.233900e-07 3.692400e-14
6.236610e-07 3.778600e-14
6.239330e-07 3.701100e-14
6.242050e-07 3.630200e-14
6.244770e-07 3.691400e-14
6.247480e-07 3.657100e-14
6.250200e-07 3.706700e-14
6.252920e-07 3.692400e-14
6.255640e-07 3.648600e-14
6.258350e-07 3.582100e-14
6.261070e-07 3.761100e-14
6.263790e-07 3.694400e-14
6.266510e-07 3.668300e-14
6.269230e-07 3.724400e-14
6.271940e-07 3.747900e-14
6.274660e-07 3.757400e-14
6.277380e-07 3.733900e-14
6.280100e-07 3.697800e-14
6.282810e-07 3.727100e-14
6.285530e-07 3.717200e-14
6.288250e-07 3.893900e-14
6.290970e-07 3.620600e-14
6.293680e-07 3.583700e-14
6.296400e-07 3.757500e-14
6.299120e-07 3.974400e-14
6.301840e-07 3.992200e-14
6.304560e-07 3.857100e-14
6.307270e-07 3.830000e-14
6.309990e-07 3.733600e-14
6.312710e-07 3.674400e-14
6.315430e-07 3.661700e-14
6.318140e-07 3.716300e-14
6.320860e-07 3.657100e-14
6.323580e-07 3.687700e-14
6.326300e-07 3.680600e-14
6.329010e-07 3.736000e-14
6.331730e-07 3.778100e-14
6.334450e-07 3.788500e-14
6.337170e-07 3.764900e-14
6.339890e-07 3.714700e-14
6.342600e-07 3.691500e-14
6.345320e-07 3.792300e-14
6.348040e-07 3.837200e-14
6.350760e-07 3.815900e-14
6.353470e-07 3.781800e-14
6.356190e-07 3.750200e-14
6.358910e-07 3.700400e-14
6.361630e-07 3.745700e-14
6.364350e-07 3.767700e-14
6.367060e-07 3.757400e-14
6.369780e-07 3.866800e-14
6.372500e-07 3.845300e-14
6.375220e-07 3.753700e-14
6.377930e-07 3.866100e-14
6.380650e-07 3.830000e-14
6.383370e-07 3.820700e-14
6.386090e-07 3.878700e-14
6.388800e-07 3.842200e-14
6.391520e-07 3.743300e-14
6.394240e-07 3.716300e-14
6.396960e-07 3.706500e-14
6.399680e-07 3.767800e-14
6.402390e-07 3.778100e-14
6.405110e-07 3.757300e-14
6.407830e-07 3.777500e-14
6.410550e-07 3.790300e-14
6.413260e-07 3.732400e-14
6.415980e-07 3.726400e-14
6.418700e-07 3.706400e-14
6.421420e-07 3.766200e-14
6.424130e-07 3.740700e-14
6.426850e-07 3.716800e-14
6.429570e-07 3.721400e-14
6.432290e-07 3.829500e-14
6.435010e-07 3.865100e-14
6.437720e-07 3.825100e-14
6.440440e-07 3.778600e-14
6.443160e-07 3.738700e-14
6.445880e-07 3.784800e-14
6.448590e-07 3.757100e-14
6.451310e-07 3.765400e-14
6.454030e-07 3.762900e-14
6.456750e-07 3.821700e-14
6.459470e-07 3.821300e-14
6.462180e-07 3.755500e-14
6.464900e-07 3.792100e-14
6.467620e-07 3.757100e-14
6.470340e-07 3.784900e-14
6.473050e-07 3.853500e-14
6.475770e-07 3.800800e-14
6.478490e-07 3.746300e-14
6.481210e-07 3.638700e-14
6.483920e-07 3.807400e-14
6.486640e-07 3.753800e-14
6.489360e-07 3.743500e-14
6.492080e-07 3.694300e-14
6.494800e-07 3.557900e-14
6.497510e-07 3.506200e-14
6.500230e-07 3.668000e-14
6.502950e-07 3.703300e-14
6.505670e-07 3.856500e-14
6.508380e-07 3.743400e-14
6.511100e-07 3.825700e-14
6.513820e-07 3.660600e-14
6.516540e-07 3.719500e-14
6.519250e-07 3.745700e-14
6.521970e-07 3.733100e-14
6.524690e-07 3.763700e-14
6.527410e-07 3.688900e-14
6.530130e-07 3.724300e-14
6.532840e-07 3.677100e-14
6.535560e-07 3.741100e-14
6.538280e-07 3.836300e-14
6.541000e-07 4.195800e-14
6.543710e-07 4.828400e-14
6.546430e-07 5.367600e-14
6.549150e-07 5.394900e-14
6.551870e-07 5.400600e-14
6.554580e-07 6.373900e-14
6.557300e-07 1.009600e-13
6.560020e-07 1.501200e-13
6.562740e-07 1.710700e-13
6.565460e-07 1.441600e-13
6.568170e-07 9.838300e-14
6.570890e-07 6.332200e-14
6.573610e-07 4.749300e-14
6.576330e-07 5.249900e-14
6.579040e-07 6.994200e-14
6.581760e-07 8.645800e-14
6.584480e-07 8.668600e-14
6.587200e-07 7.131400e-14
6.589920e-07 5.445400e-14
6.592630e-07 4.360900e-14
6.595350e-07 3.890000e-14
6.598070e-07 3.838300e-14
6.600790e-07 3.775300e-14
6.603500e-07 3.781000e-14
6.606220e-07 3.761600e-14
6.608940e-07 3.758100e-14
6.611660e-07 3.708100e-14
6.614370e-07 3.803300e-14
6.617090e-07 3.810100e-14
6.619810e-07 3.765600e-14
6.622530e-07 3.791700e-14
6.625250e-07 3.779400e-14
6.627960e-07 3.676500e-14
6.630680e-07 3.742200e-14
6.633400e-07 3.814100e-14
6.636120e-07 3.726800e-14
6.638830e-07 3.649700e-14
6.641550e-07 3.753200e-14
6.644270e-07 3.720300e-14
6.646990e-07 3.725000e-14
6.649700e-07 3.768900e-14
6.652420e-07 3.761800e-14
6.655140e-07 3.712700e-14
6.657860e-07 3.685700e-14
6.660580e-07 3.752900e-14
6.663290e-07 3.691800e-14
6.666010e-07 3.707200e-14
6.668730e-07 3.743200e-14
6.671450e-07 3.733600e-14
6.674160e-07 3.805000e-14
6.676880e-07 3.726800e-14
6.679600e-07 3.681300e-14
6.682320e-07 3.679200e-14
6.685040e-07 3.679700e-14
6.687750e-07 3.724700e-14
6.690470e-07 3.743000e-14
6.693190e-07 3.638700e-14
6.695910e-07 3.684600e-14
6.698620e-07 3.578400e-14
6.701340e-07 3.682800e-14
6.704060e-07 3.700300e-14
6.706780e-07 3.785200e-14
6.709490e-07 4.242000e-14
6.712210e-07 4.772000e-14
6.714930e-07 5.492700e-14
6.717650e-07 5.499700e-14
6.720370e-07 4.943300e-14
6.723080e-07 4.561300e-14
6.725800e-07 4.705800e-14
6.728520e-07 4.913100e-14
6.731240e-07 5.050100e-14
6.733950e-07 4.558300e-14
6.736670e-07 4.168700e-14
6.739390e-07 3.849400e-14
6.742110e-07 3.657600e-14
6.744820e-07 3.591800e-14
6.747540e-07 3.659600e-14
6.758820e-07 3.576700e-14
6.774400e-07 3.592800e-14
6.790010e-07 3.567700e-14
6.805670e-07 3.633600e-14
6.821350e-07 3.624800e-14
6.837080e-07 3.666300e-14
6.852840e-07 3.657500e-14
6.868640e-07 3.532900e-14
6.884470e-07 3.581600e-14
6.900340e-07 3.606000e-14
6.916250e-07 3.605600e-14
6.932190e-07 3.596900e-14
6.948170e-07 3.646500e-14
6.964190e-07 3.637600e-14
6.980240e-07 3.670800e-14
6.996330e-07 3.620000e-14
7.012460e-07 3.537200e-14
7.028630e-07 3.627500e-14
7.044830e-07 3.577300e-14
7.061070e-07 3.552200e-14
7.077350e-07 3.551800e-14
7.093660e-07 3.478500e-14
7.110020e-07 3.462100e-14
7.126410e-07 3.445800e-14
7.142830e-07 3.445400e-14
7.159300e-07 3.460800e-14
7.175800e-07 3.420800e-14
7.192350e-07 3.206800e-14
7.208920e-07 3.273600e-14
7.225550e-07 3.491100e-14
7.242200e-07 3.387800e-14
7.258890e-07 3.364000e-14
7.275630e-07 3.554700e-14
7.292400e-07 3.481400e-14
7.309210e-07 3.456900e-14
7.326060e-07 3.488500e-14
7.342950e-07 3.602300e-14
7.359880e-07 3.544300e-14
7.376840e-07 3.609700e-14
7.393850e-07 3.486700e-14
7.410890e-07 3.667400e-14
7.427980e-07 3.550600e-14
7.445100e-07 3.649600e-14
7.462260e-07 3.674500e-14
7.479460e-07 3.590400e-14
7.496710e-07 3.614800e-14
7.513990e-07 3.614300e-14
7.531310e-07 3.605500e-14
7.548670e-07 3.663600e-14
7.566070e-07 3.588000e-14
7.583520e-07 3.620700e-14
7.601000e-07 3.546000e-14
7.618520e-07 3.505000e-14
7.636080e-07 3.577900e-14
7.653680e-07 3.544600e-14
7.671330e-07 3.300000e-14
7.689010e-07 3.423300e-14
7.706740e-07 3.375900e-14
7.724500e-07 3.352200e-14
7.742310e-07 3.414100e-14
7.760160e-07 3.359100e-14
7.778050e-07 3.327800e-14
7.795980e-07 3.296900e-14
7.813950e-07 3.388800e-14
7.831960e-07 3.451300e-14
7.850020e-07 3.427100e-14
7.868110e-07 3.466300e-14
7.886250e-07 3.394700e-14
7.904430e-07 3.294200e-14
7.922650e-07 3.263500e-14
7.940910e-07 3.248100e-14
7.959220e-07 3.315600e-14
7.977570e-07 3.345800e-14
7.995960e-07 3.284300e-14
8.014390e-07 3.352600e-14
8.032870e-07 3.306200e-14
8.051380e-07 3.367200e-14
8.069940e-07 3.405700e-14
8.088550e-07 3.312400e-14
8.107190e-07 3.251500e-14
8.125880e-07 3.311500e-14
8.144610e-07 3.341600e-14
8.163390e-07 3.242600e-14
8.182210e-07 3.426400e-14
8.201070e-07 3.309600e-14
8.219980e-07 3.347400e-14
8.238920e-07 2.969300e-14
8.257920e-07 3.432300e-14
8.276960e-07 3.447600e-14
8.296040e-07 3.217100e-14
8.315160e-07 3.172500e-14
8.334330e-07 3.283500e-14
8.353540e-07 3.298100e-14
8.372800e-07 3.230000e-14
8.392100e-07 3.148800e-14
8.411450e-07 3.289100e-14
8.430830e-07 3.273500e-14
8.450270e-07 3.191200e-14
8.469750e-07 3.265000e-14
8.489270e-07 3.219800e-14
8.508840e-07 2.791000e-14
8.528460e-07 3.182000e-14
8.548120e-07 2.521300e-14
8.567820e-07 3.203100e-14
8.587570e-07 3.254600e-14
8.607370e-07 3.043900e-14
8.627210e-07 3.216400e-14
8.647100e-07 3.245700e-14
8.667040e-07 2.800500e-14
8.687020e-07 3.070200e-14
8.707040e-07 3.119600e-14
8.727110e-07 3.213900e-14
8.747230e-07 3.169400e-14
8.767390e-07 3.139800e-14
8.787600e-07 3.227300e-14
8.807860e-07 3.241700e-14
8.828170e-07 3.211500e-14
8.848520e-07 3.109100e-14
8.868920e-07 2.982400e-14
8.889360e-07 3.016500e-14
8.909850e-07 3.100500e-14
8.930400e-07 3.092900e-14
8.950980e-07 3.071100e-14
8.971610e-07 2.932500e-14
8.992300e-07 3.091500e-14
9.013030e-07 2.898000e-14
9.033800e-07 2.786300e-14
9.054630e-07 3.265600e-14
9.075500e-07 3.220200e-14
9.096420e-07 2.856400e-14
9.117390e-07 2.942700e-14
9.138410e-07 2.983200e-14
9.159480e-07 3.031200e-14
9.180590e-07 2.861100e-14
9.201760e-07 3.002400e-14
9.222970e-07 2.873400e-14
9.244230e-07 2.906200e-14
9.265530e-07 2.953000e-14
9.286900e-07 2.891900e-14
9.308300e-07 2.755000e-14
9.329760e-07 3.062300e-14
9.351270e-07 3.061800e-14
9.372830e-07 3.019300e-14
9.394430e-07 3.046700e-14
9.416090e-07 2.990600e-14
9.437800e-07 3.059800e-14
9.459550e-07 3.024200e-14
9.481360e-07 3.072900e-14
9.503220e-07 3.009300e-14
9.525120e-07 2.995000e-14
9.547080e-07 2.872900e-14
9.569090e-07 2.987100e-14
9.591150e-07 3.049100e-14
9.613260e-07 3.020700e-14
9.635420e-07 3.027100e-14
9.657630e-07 2.998900e-14
9.679890e-07 2.991500e-14
9.702210e-07 2.984100e-14
9.724570e-07 2.963000e-14
9.746990e-07 2.948900e-14
9.769460e-07 2.955200e-14
9.791980e-07 2.920900e-14
9.814550e-07 2.974600e-14
9.837180e-07 2.953700e-14
9.859860e-07 2.960000e-14
9.882590e-07 2.932300e-14
9.905370e-07 2.918300e-14
9.928200e-07 2.938000e-14
9.951080e-07 2.937500e-14
9.974030e-07 2.937000e-14
9.997020e-07 2.923000e-14
1.002007e-06 2.895700e-14
1.006631e-06 2.848400e-14
1.013610e-06 2.913200e-14
1.018288e-06 2.885400e-14
1.022988e-06 2.891000e-14
1.027710e-06 2.896600e-14
1.030079e-06 2.882800e-14
1.049230e-06 2.793700e-14
1.071200e-06 2.684700e-14
1.091116e-06 2.575700e-14
1.108845e-06 2.488300e-14
1.129460e-06 2.442900e-14
1.150457e-06 2.431600e-14
1.169151e-06 2.370800e-14
1.190887e-06 2.290300e-14
1.210237e-06 2.248500e-14
1.229902e-06 2.217700e-14
1.249887e-06 2.157200e-14
1.270196e-06 2.108100e-14
1.290835e-06 2.064900e-14
1.308792e-06 2.031900e-14
1.330059e-06 1.972000e-14
1.348562e-06 1.936000e-14
1.370474e-06 1.900600e-14
1.389538e-06 1.836100e-14
1.408868e-06 1.761600e-14
1.428468e-06 1.737400e-14
1.448340e-06 1.741400e-14
1.468488e-06 1.690000e-14
1.488917e-06 1.705700e-14
1.509630e-06 1.709600e-14
1.530631e-06 1.733400e-14
1.548356e-06 1.717500e-14
1.569896e-06 1.686200e-14
1.591733e-06 1.628900e-14
1.610165e-06 1.632700e-14
1.628811e-06 1.625200e-14
1.651470e-06 1.602900e-14
1.670593e-06 1.591800e-14
1.689936e-06 1.566400e-14
1.709505e-06 1.537800e-14
1.729301e-06 1.478800e-14
1.749326e-06 1.438500e-14
1.769580e-06 1.383200e-14
1.790072e-06 1.336300e-14
1.810800e-06 1.273200e-14
1.831769e-06 1.241400e-14
1.848717e-06 1.204800e-14
1.870124e-06 1.150500e-14
1.891780e-06 1.121800e-14
1.909283e-06 1.106400e-14
1.931392e-06 1.071300e-14
1.949264e-06 1.030100e-14
1.971836e-06 1.002100e-14
1.990080e-06 9.725200e-15
2.008494e-06 9.569700e-15
2.031752e-06 9.244800e-15
2.050550e-06 9.139000e-15
2.069525e-06 8.910400e-15
2.088673e-06 8.727700e-15
2.108000e-06 8.588100e-15
2.132410e-06 8.392700e-15
2.152139e-06 8.220500e-15
2.172054e-06 7.959700e-15
2.192152e-06 7.832500e-15
2.212435e-06 7.636600e-15
2.227772e-06 7.445600e-15
2.248384e-06 7.276100e-15
2.269189e-06 7.094100e-15
2.290184e-06 6.410600e-15
2.311376e-06 6.366500e-15
2.327399e-06 5.635100e-15
2.348932e-06 5.319800e-15
2.370668e-06 5.393900e-15
2.392602e-06 4.987700e-15
2.409188e-06 4.840600e-15
2.431478e-06 4.785200e-15
2.448334e-06 4.486400e-15
2.470986e-06 4.424900e-15
2.488116e-06 3.827400e-15
2.511139e-06 3.783500e-15
2.528544e-06 3.809800e-15
2.551942e-06 3.783500e-15
2.569630e-06 3.836200e-15
2.587443e-06 3.757500e-15
2.611383e-06 3.748900e-15
2.629485e-06 3.663500e-15
2.647711e-06 3.629900e-15
2.672211e-06 3.563700e-15
2.690732e-06 3.514800e-15
2.709385e-06 3.474600e-15
2.728164e-06 3.411100e-15
2.747074e-06 3.356600e-15
2.772493e-06 3.287800e-15
2.791713e-06 3.257600e-15
2.811063e-06 3.198200e-15
2.830547e-06 3.154300e-15
2.850169e-06 3.096700e-15
2.869924e-06 3.033200e-15
2.889819e-06 2.998500e-15
2.909849e-06 2.950500e-15
2.930021e-06 2.896700e-15
2.950329e-06 2.850400e-15
2.970781e-06 2.811200e-15
2.991373e-06 2.759900e-15
3.012110e-06 2.715800e-15
3.032987e-06 2.672400e-15
3.046986e-06 2.641800e-15
3.068108e-06 2.611600e-15
3.089374e-06 2.575700e-15
3.110790e-06 2.546200e-15
3.132352e-06 2.522900e-15
3.146809e-06 2.494000e-15
3.168623e-06 2.465500e-15
3.190585e-06 2.454100e-15
3.212704e-06 2.454100e-15
3.227532e-06 2.482600e-15
3.249906e-06 2.581700e-15
3.272431e-06 2.890000e-15
3.287535e-06 3.774800e-15
3.310325e-06 3.740200e-15
3.333270e-06 2.785500e-15
3.348658e-06 2.414900e-15
3.371868e-06 2.248500e-15
3.387431e-06 2.157200e-15
3.410913e-06 2.093600e-15
3.426656e-06 2.046000e-15
3.450411e-06 2.004000e-15
3.466336e-06 1.962900e-15
3.490361e-06 1.927100e-15
3.506475e-06 1.891900e-15
3.530779e-06 1.857400e-15
3.547075e-06 1.827700e-15
3.571664e-06 1.794300e-15
3.588149e-06 1.765600e-15
3.613023e-06 1.737400e-15
3.629699e-06 1.709600e-15
3.646452e-06 1.678400e-15
3.671730e-06 1.651600e-15
3.688677e-06 1.621400e-15
3.714243e-06 1.595500e-15
3.731390e-06 1.573600e-15
3.748613e-06 1.541300e-15
3.765914e-06 1.523700e-15
3.792020e-06 1.499300e-15
3.809522e-06 1.475400e-15
3.827105e-06 1.455100e-15
3.853636e-06 1.435200e-15
3.871422e-06 1.409000e-15
3.889290e-06 1.386400e-15
3.907245e-06 1.367400e-15
3.934327e-06 1.348600e-15
3.952490e-06 1.324000e-15
3.970733e-06 1.305900e-15
3.989059e-06 1.282000e-15
4.007471e-06 1.264400e-15
4.025971e-06 1.247100e-15
4.053876e-06 1.227200e-15
4.072587e-06 1.210300e-15
4.091388e-06 1.196500e-15
4.110272e-06 1.180000e-15
4.129242e-06 1.163900e-15
4.148305e-06 1.147900e-15
4.167451e-06 1.132100e-15
4.186686e-06 1.116600e-15
4.206014e-06 1.101300e-15
4.225427e-06 1.088700e-15
4.254714e-06 1.073700e-15
4.274356e-06 1.061400e-15
4.294084e-06 1.030100e-15
4.313904e-06 9.974700e-16
4.333819e-06 9.951700e-16
4.353821e-06 9.680500e-16
4.373916e-06 9.503800e-16
4.394104e-06 9.395100e-16
4.414389e-06 9.139000e-16
4.434764e-06 9.055200e-16
4.444986e-06 8.951600e-16
4.465507e-06 8.768000e-16
4.486117e-06 8.727700e-16
4.506823e-06 8.607900e-16
4.527624e-06 8.470300e-16
4.548526e-06 8.431400e-16
4.569519e-06 8.354100e-16
4.590610e-06 8.182700e-16
4.611802e-06 8.182700e-16
4.633088e-06 8.089100e-16
4.654472e-06 8.014900e-16
4.665201e-06 7.978100e-16
4.686738e-06 7.886800e-16
4.708370e-06 7.814500e-16
4.730101e-06 7.796500e-16
4.751938e-06 7.707200e-16
4.773870e-06 7.654200e-16
4.784874e-06 7.601500e-16
4.806958e-06 7.497200e-16
4.829150e-06 7.514500e-16
4.851439e-06 7.428500e-16
4.873830e-06 7.360400e-16
4.885065e-06 7.309700e-16
4.907617e-06 7.259400e-16
4.930268e-06 7.226000e-16
4.953023e-06 7.186500e-16
4.964446e-06 7.195900e-16
4.987359e-06 7.181500e-16
5.010378e-06 7.216700e-16
5.033503e-06 7.218600e-16
5.045111e-06 7.194600e-16
5.068397e-06 7.212900e-16
5.080080e-06 7.222000e-16
5.091790e-06 7.247700e-16
5.103527e-06 7.240100e-16
5.115296e-06 7.249200e-16
5.127087e-06 7.258200e-16
5.138906e-06 7.267200e-16
5.150751e-06 7.276200e-16
5.162624e-06 7.302000e-16
5.174524e-06 7.327800e-16
5.186452e-06 7.319900e-16
5.198413e-06 7.328800e-16
5.210395e-06 7.354600e-16
5.222406e-06 7.363500e-16
5.234444e-06 7.372400e-16
5.246510e-06 7.398300e-16
5.258603e-06 7.424200e-16
5.270730e-06 7.450200e-16
5.282880e-06 7.476300e-16
5.295057e-06 7.467900e-16
5.307263e-06 7.494000e-16
5.319496e-06 7.520100e-16
5.331758e-06 7.546300e-16
5.344048e-06 7.572500e-16
5.356372e-06 7.616300e-16
5.368719e-06 7.642800e-16
5.381095e-06 7.669200e-16
5.393498e-06 7.713500e-16
5.405931e-06 7.740200e-16
5.418392e-06 7.784800e-16
5.430882e-06 7.811700e-16
5.443406e-06 7.856700e-16
5.455954e-06 7.901900e-16
5.468530e-06 7.947300e-16
5.481135e-06 7.993000e-16
5.493770e-06 8.038900e-16
5.506433e-06 8.085000e-16
5.519132e-06 8.150100e-16
5.531854e-06 8.215700e-16
5.544605e-06 8.281800e-16
5.557386e-06 8.329200e-16
5.570196e-06 8.415500e-16
5.583036e-06 8.483100e-16
5.595905e-06 8.551300e-16
5.608810e-06 8.639800e-16
5.621739e-06 8.729200e-16
5.634698e-06 8.819500e-16
5.647686e-06 8.910600e-16
5.660704e-06 9.023500e-16
5.673752e-06 9.137700e-16
5.686837e-06 9.253400e-16
5.699946e-06 9.370500e-16
5.713085e-06 9.532900e-16
5.726253e-06 9.675700e-16
5.739453e-06 9.820600e-16
5.752683e-06 9.990600e-16
5.765943e-06 1.016400e-15
5.779240e-06 1.036300e-15
5.792562e-06 1.061600e-15
5.805914e-06 1.084900e-15
5.819297e-06 1.103700e-15
5.832711e-06 1.133200e-15
5.846156e-06 1.160700e-15
5.859632e-06 1.191700e-15
5.873145e-06 1.229200e-15
5.886683e-06 1.262000e-15
5.916176e-06 1.277500e-15
5.946797e-06 1.367400e-15
5.977419e-06 1.579300e-15
6.008040e-06 1.837900e-15
6.038662e-06 2.017100e-15
6.069284e-06 2.052800e-15
6.099905e-06 2.284700e-15
6.130526e-06 3.093700e-15
6.161148e-06 4.583400e-15
6.191770e-06 6.022300e-15
6.222391e-06 6.294700e-15
6.253013e-06 5.511100e-15
6.283634e-06 4.515900e-15
6.314256e-06 3.706800e-15
6.344877e-06 3.041800e-15
6.375498e-06 2.670600e-15
6.406121e-06 2.344400e-15
6.436742e-06 2.115500e-15
6.467363e-06 1.952700e-15
6.497986e-06 1.833800e-15
6.528606e-06 1.767400e-15
6.559228e-06 1.747000e-15
6.589851e-06 1.764400e-15
6.620471e-06 1.788100e-15
6.651092e-06 1.812000e-15
6.681715e-06 1.806600e-15
6.712336e-06 1.858400e-15
6.742958e-06 1.818800e-15
6.773579e-06 1.806200e-15
6.804201e-06 1.807300e-15
6.834823e-06 1.824200e-15
6.865443e-06 1.789000e-15
6.896066e-06 1.895100e-15
6.926687e-06 1.968400e-15
6.957308e-06 2.373200e-15
6.987930e-06 2.712900e-15
7.018552e-06 2.345600e-15
7.049173e-06 2.246300e-15
7.079795e-06 2.396400e-15
7.110416e-06 2.445800e-15
7.141039e-06 2.472100e-15
7.171659e-06 2.523800e-15
7.202280e-06 2.655300e-15
7.232903e-06 2.790500e-15
7.263524e-06 2.911400e-15
7.294145e-06 3.006100e-15
7.324767e-06 3.232600e-15
7.355389e-06 3.483300e-15
7.386010e-06 3.805400e-15
7.416631e-06 4.149600e-15
7.445249e-06 4.405500e-15
7.447254e-06 4.504100e-15
7.477876e-06 4.862200e-15
7.506613e-06 5.428500e-15
7.508496e-06 5.271100e-15
7.567979e-06 6.333500e-15
7.629343e-06 6.602200e-15
7.690709e-06 6.116300e-15
7.752073e-06 5.940600e-15
7.813440e-06 5.749400e-15
7.874804e-06 5.265800e-15
7.936169e-06 4.513500e-15
7.997535e-06 3.843700e-15
8.058900e-06 3.325800e-15
8.120265e-06 2.940000e-15
8.181630e-06 2.710100e-15
8.242995e-06 2.662100e-15
8.304361e-06 2.664600e-15
8.365726e-06 2.638400e-15
8.427091e-06 2.726900e-15
8.488456e-06 2.955000e-15
8.549822e-06 3.160500e-15
8.611186e-06 3.139900e-15
8.672551e-06 2.779300e-15
8.733917e-06 2.266200e-15
8.795281e-06 1.796900e-15
8.856646e-06 1.449700e-15
8.918012e-06 1.234500e-15
8.979376e-06 1.132200e-15
9.040742e-06 1.001500e-15
9.102107e-06 9.088300e-16
9.163473e-06 8.635500e-16
9.224838e-06 8.348800e-16
9.286203e-06 8.021900e-16
9.347567e-06 7.789100e-16
9.408932e-06 7.557600e-16
9.470298e-06 7.395400e-16
9.531663e-06 7.321500e-16
9.593028e-06 7.395200e-16
9.654394e-06 7.959100e-16
9.715759e-06 7.326400e-16
9.777124e-06 6.674300e-16
9.838489e-06 6.341200e-16
9.899850e-06 6.270300e-16
9.961220e-06 6.152400e-16
1.002258e-05 6.111400e-16
1.008395e-05 6.067200e-16
1.014531e-05 5.943200e-16
1.020668e-05 5.823400e-16
1.026805e-05 5.769000e-16
1.032941e-05 6.013500e-16
1.039078e-05 6.160400e-16
1.045214e-05 6.629800e-16
1.051351e-05 7.400200e-16
1.057487e-05 8.055800e-16
1.063623e-05 8.198000e-16
1.069760e-05 8.287400e-16
1.075896e-05 8.379300e-16
1.082033e-05 8.356500e-16
1.088169e-05 8.998300e-16
1.094306e-05 1.083600e-15
1.100443e-05 1.325800e-15
1.106579e-05 1.459800e-15
1.112716e-05 1.995000e-15
1.118852e-05 3.175700e-15
1.124989e-05 3.631200e-15
1.131125e-05 3.128700e-15
1.137262e-05 2.453200e-15
1.143398e-05 1.988600e-15
1.149534e-05 1.635200e-15
1.155672e-05 1.416000e-15
1.161808e-05 1.260100e-15
1.167945e-05 1.156600e-15
1.174081e-05 1.099100e-15
1.180218e-05 1.133100e-15
1.186354e-05 1.183000e-15
1.192490e-05 1.238800e-15
1.198627e-05 1.275300e-15
1.204763e-05 1.230000e-15
1.210900e-05 1.167400e-15
1.217036e-05 1.135700e-15
1.223173e-05 1.210200e-15
1.229310e-05 1.297200e-15
1.235446e-05 1.298400e-15
1.241583e-05 1.323400e-15
1.247719e-05 1.407900e-15
1.253856e-05 1.490700e-15
1.259992e-05 1.592300e-15
1.266128e-05 1.668100e-15
1.272265e-05 1.843000e-15
1.278401e-05 2.489700e-15
1.284538e-05 2.218800e-15
1.290674e-05 1.219500e-15
1.296811e-05 9.346700e-16
1.302948e-05 8.756600e-16
1.309084e-05 8.545400e-16
1.315221e-05 8.319300e-16
1.321357e-05 8.253800e-16
1.327494e-05 8.056500e-16
1.333630e-05 7.970200e-16
1.339766e-05 7.802500e-16
1.345903e-05 7.739600e-16
1.352039e-05 7.761500e-16
1.358177e-05 7.685100e-16
1.364313e-05 7.359300e-16
1.370450e-05 7.063100e-16
1.376586e-05 6.755700e-16
1.382722e-05 6.664800e-16
1.388859e-05 6.617500e-16
1.394995e-05 6.701500e-16
1.401132e-05 6.672500e-16
1.407268e-05 6.687300e-16
1.413405e-05 6.708700e-16
1.419541e-05 6.765600e-16
1.425678e-05 6.608300e-16
1.431815e-05 6.155200e-16
1.437095e-05 5.829500e-16
1.446156e-05 5.564800e-16
1.455218e-05 4.984500e-16
1.464280e-05 5.145300e-16
1.473341e-05 5.115600e-16
1.482403e-05 4.994200e-16
1.491465e-05 4.913600e-16
1.500526e-05 4.983800e-16
1.509588e-05 4.986000e-16
1.518650e-05 5.071700e-16
1.527711e-05 4.740100e-16
1.536773e-05 4.911900e-16
1.545834e-05 5.197100e-16
1.554896e-05 6.217300e-16
1.563958e-05 5.803600e-16
1.573019e-05 5.334300e-16
1.582081e-05 5.321900e-16
1.591143e-05 5.409900e-16
1.600204e-05 5.510800e-16
1.609266e-05 5.467700e-16
1.618328e-05 5.496900e-16
1.627389e-05 6.147000e-16
1.636450e-05 7.590000e-16
1.645513e-05 8.738000e-16
1.654574e-05 8.051600e-16
1.663635e-05 7.454200e-16
1.672697e-05 7.697000e-16
1.681759e-05 7.586000e-16
1.690820e-05 7.834600e-16
1.699882e-05 9.440600e-16
1.708944e-05 9.488700e-16
1.718005e-05 8.012000e-16
1.727067e-05 7.989300e-16
1.736129e-05 7.957000e-16
1.745190e-05 7.488300e-16
1.754252e-05 6.590800e-16
1.763313e-05 6.016600e-16
1.772375e-05 6.069200e-16
1.781437e-05 5.881100e-16
1.790498e-05 5.678100e-16
1.799560e-05 5.393600e-16
1.808622e-05 5.191600e-16
1.817683e-05 5.036500e-16
1.826745e-05 5.097600e-16
1.835807e-05 5.136000e-16
1.844868e-05 5.134700e-16
1.853929e-05 5.335200e-16
1.862992e-05 7.096500e-16
1.872053e-05 9.514300e-16
1.881114e-05 6.658000e-16
1.890177e-05 5.506700e-16
1.899238e-05 5.462800e-16
1.908299e-05 5.342100e-16
1.917361e-05 5.221600e-16
1.926423e-05 5.205700e-16
1.935484e-05 5.025500e-16
1.944546e-05 5.258700e-16
1.953608e-05 4.890300e-16
1.962670e-05 4.713200e-16
1.971731e-05 5.013800e-16
1.980792e-05 5.098000e-16
1.989855e-05 4.958000e-16
1.998916e-05 5.040500e-16
2.007977e-05 5.359600e-16
2.017040e-05 5.216400e-16
2.031389e-05 4.882900e-16
2.048733e-05 5.695600e-16
2.066087e-05 5.407200e-16
2.083451e-05 5.117100e-16
2.100823e-05 5.701500e-16
2.118205e-05 5.616400e-16
2.135596e-05 5.286900e-16
2.152996e-05 5.612700e-16
2.170406e-05 6.012900e-16
2.187826e-05 5.642800e-16
2.205255e-05 5.440700e-16
2.222694e-05 5.747900e-16
2.240142e-05 5.983000e-16
2.257599e-05 5.773700e-16
2.275067e-05 5.545500e-16
2.292543e-05 5.908100e-16
2.310030e-05 6.074100e-16
2.327526e-05 5.990500e-16
2.345031e-05 5.453000e-16
2.362547e-05 5.923700e-16
2.380070e-05 6.210200e-16
2.397605e-05 6.209600e-16
2.415150e-05 6.057900e-16
2.432703e-05 6.035500e-16
2.450266e-05 5.976700e-16
2.467840e-05 6.181400e-16
2.485422e-05 6.147300e-16
2.503015e-05 6.153800e-16
2.520617e-05 6.140200e-16
2.538229e-05 6.167700e-16
2.555851e-05 6.327800e-16
2.573483e-05 6.444700e-16
2.591124e-05 6.614700e-16
2.608775e-05 6.442300e-16
2.626436e-05 6.293200e-16
2.644108e-05 6.361600e-16
2.661788e-05 6.373700e-16
2.679479e-05 6.324100e-16
2.697180e-05 6.397300e-16
2.714890e-05 6.327700e-16
2.732612e-05 6.254800e-16
2.750342e-05 6.302200e-16
2.768082e-05 6.532900e-16
2.785833e-05 6.604000e-16
2.803595e-05 6.529700e-16
2.821364e-05 6.642400e-16
2.839145e-05 6.421500e-16
2.856936e-05 6.411000e-16
2.874737e-05 6.455800e-16
2.892549e-05 6.646000e-16
2.910369e-05 6.246100e-16
2.928201e-05 6.638300e-16
2.946042e-05 6.644900e-16
2.963894e-05 6.590600e-16
2.981756e-05 6.504700e-16
2.999627e-05 6.760900e-16
3.017510e-05 6.677800e-16
3.035402e-05 6.688200e-16
3.053305e-05 6.713600e-16
3.071218e-05 6.848000e-16
3.089142e-05 6.758000e-16
3.107076e-05 6.648900e-16
3.125020e-05 6.972800e-16
3.142973e-05 7.207400e-16
3.160939e-05 6.985600e-16
3.178913e-05 7.001900e-16
3.196899e-05 7.236800e-16
3.214895e-05 6.972700e-16
3.232902e-05 7.389900e-16
3.250919e-05 7.243300e-16
3.268945e-05 7.444300e-16
3.286983e-05 7.519000e-16
3.305032e-05 7.320900e-16
3.323091e-05 8.334900e-16
3.341161e-05 1.013100e-15
3.359241e-05 9.205700e-16
3.377331e-05 7.029000e-16
3.395432e-05 7.092700e-16
3.413545e-05 7.154900e-16
3.431667e-05 7.702500e-16
3.449800e-05 8.013600e-16
