1.020300e-08 3.622900e-19
1.039300e-08 4.345700e-19
1.061000e-08 5.309600e-19
1.080700e-08 6.638400e-19
1.100800e-08 9.398600e-19
1.139500e-08 1.303400e-18
1.179600e-08 1.702400e-18
1.209800e-08 6.339600e-18
1.249500e-08 7.745700e-18
1.269800e-08 8.280600e-18
1.278600e-08 8.731000e-18
1.311400e-08 9.529300e-18
1.320500e-08 1.122200e-17
1.338800e-08 1.180500e-17
1.370000e-08 1.475900e-17
1.398700e-08 1.592400e-17
1.431300e-08 4.375800e-17
1.471400e-08 1.057000e-16
1.509100e-08 1.119600e-16
1.551400e-08 1.199700e-16
1.591200e-08 1.288400e-16
1.620800e-08 1.352300e-16
1.658500e-08 1.459000e-16
1.701100e-08 1.541900e-16
1.728700e-08 1.614600e-16
1.769000e-08 1.698500e-16
1.801900e-08 1.762200e-16
1.818500e-08 1.811600e-16
1.860900e-08 1.897000e-16
1.908600e-08 2.009400e-16
1.939600e-08 2.094400e-16
1.980300e-08 2.178000e-16
2.021700e-08 2.275400e-16
2.049900e-08 2.350000e-16
2.097600e-08 2.350000e-16
2.161300e-08 2.594500e-16
2.201500e-08 2.698100e-16
2.232100e-08 2.735700e-16
2.268400e-08 2.851400e-16
2.300000e-08 4.325800e-16
2.337300e-08 7.212100e-16
2.397300e-08 9.079500e-16
2.458800e-08 8.454000e-16
2.521900e-08 8.975600e-16
2.568800e-08 7.397100e-16
2.598500e-08 8.650900e-16
2.640700e-08 9.100400e-16
2.689800e-08 9.037800e-16
2.739800e-08 8.934300e-16
2.790800e-08 8.832100e-16
2.842600e-08 8.791500e-16
2.902200e-08 8.318800e-16
2.962900e-08 8.318800e-16
3.011100e-08 8.073500e-16
3.081200e-08 8.110800e-16
3.182200e-08 8.148200e-16
3.278900e-08 7.999500e-16
3.378500e-08 7.745700e-16
3.481100e-08 7.500000e-16
3.570400e-08 7.363100e-16
3.662000e-08 7.329300e-16
3.747300e-08 7.129600e-16
3.852300e-08 6.653700e-16
3.951100e-08 6.761800e-16
4.052500e-08 6.669000e-16
4.137400e-08 6.487300e-16
4.224000e-08 6.252600e-16
4.302500e-08 6.068200e-16
4.412900e-08 5.957500e-16
4.505300e-08 5.742000e-16
4.599600e-08 5.521600e-16
4.695900e-08 5.358700e-16
4.805300e-08 5.260900e-16
4.894700e-08 5.001100e-16
4.997100e-08 4.966600e-16
5.055000e-08 4.798000e-16
5.125300e-08 5.001100e-16
5.196600e-08 4.864800e-16
5.305500e-08 4.656500e-16
5.404100e-08 4.355700e-16
5.504600e-08 4.188500e-16
5.594000e-08 4.246800e-16
5.698000e-08 4.246800e-16
5.803900e-08 4.074400e-16
5.898200e-08 4.000000e-16
5.994100e-08 3.741600e-16
6.105500e-08 3.214100e-16
6.204700e-08 3.681800e-16
6.305500e-08 3.516100e-16
6.393300e-08 3.516100e-16
6.497100e-08 3.381100e-16
6.587500e-08 3.236400e-16
6.648500e-08 3.281400e-16
6.756500e-08 3.229000e-16
6.850500e-08 3.006500e-16
6.945800e-08 3.055400e-16
7.042400e-08 2.812300e-16
7.156900e-08 2.924600e-16
7.256400e-08 2.858000e-16
7.357400e-08 2.799400e-16
7.442600e-08 2.704300e-16
7.546100e-08 2.624600e-16
7.651100e-08 2.333800e-16
7.757500e-08 2.506500e-16
7.847300e-08 2.366300e-16
7.956500e-08 2.371700e-16
8.048600e-08 2.344600e-16
8.141800e-08 2.296500e-16
8.255100e-08 2.259800e-16
8.350700e-08 2.018700e-16
8.447400e-08 2.143200e-16
8.545200e-08 2.084800e-16
8.644100e-08 2.060900e-16
8.744200e-08 2.028000e-16
8.845500e-08 1.986400e-16
8.947900e-08 1.950100e-16
9.051500e-08 1.892600e-16
9.156300e-08 2.023300e-16
9.241100e-08 3.698800e-16
9.348100e-08 5.624200e-16
9.456300e-08 7.889700e-16
9.543800e-08 9.617500e-16
9.654300e-08 1.030500e-15
9.743700e-08 3.945100e-16
9.856500e-08 8.551900e-16
9.947700e-08 8.650900e-16
1.003970e-07 1.130000e-15
1.015600e-07 1.109300e-15
1.025000e-07 6.124400e-16
1.034480e-07 8.670900e-16
1.044050e-07 1.358500e-15
1.056140e-07 1.315400e-15
1.065910e-07 1.074100e-15
1.075780e-07 1.219200e-15
1.085730e-07 9.773800e-16
1.095780e-07 1.250400e-15
1.105920e-07 1.188700e-15
1.116150e-07 1.140400e-15
1.123890e-07 1.018700e-15
1.134290e-07 1.241800e-15
1.144780e-07 1.143000e-15
1.155370e-07 1.183200e-15
1.166060e-07 1.191400e-15
1.174150e-07 8.395800e-16
1.185010e-07 1.137800e-15
1.195980e-07 8.532200e-16
1.204270e-07 6.638400e-16
1.215410e-07 4.809100e-16
1.223830e-07 8.338000e-16
1.235160e-07 1.127400e-15
1.243720e-07 1.202400e-15
1.255230e-07 1.148300e-15
1.263930e-07 1.021100e-15
1.275620e-07 1.241800e-15
1.284460e-07 1.279600e-15
1.296350e-07 1.032900e-15
1.305340e-07 1.021100e-15
1.314380e-07 1.230400e-15
1.323490e-07 1.172400e-15
1.335740e-07 1.044900e-15
1.345000e-07 1.208000e-15
1.354320e-07 1.167000e-15
1.363710e-07 1.047300e-15
1.376330e-07 1.081600e-15
1.385870e-07 1.079100e-15
1.395480e-07 9.100400e-16
1.405150e-07 9.269600e-16
1.414890e-07 9.886900e-16
1.424700e-07 9.978400e-16
1.434570e-07 9.955500e-16
1.441190e-07 1.035300e-15
1.447850e-07 1.044900e-15
1.454530e-07 1.011700e-15
1.464610e-07 9.333900e-16
1.474760e-07 9.291000e-16
1.484990e-07 9.398600e-16
1.495280e-07 9.442000e-16
1.505640e-07 8.913800e-16
1.512590e-07 7.981100e-16
1.516080e-07 8.454000e-16
1.526590e-07 8.204700e-16
1.533640e-07 7.129600e-16
1.544270e-07 7.482800e-16
1.554970e-07 7.129600e-16
1.565750e-07 7.346200e-16
1.576600e-07 7.763600e-16
1.583880e-07 8.054900e-16
1.594860e-07 8.148200e-16
1.605910e-07 7.944400e-16
1.613330e-07 7.926100e-16
1.624510e-07 7.517300e-16
1.635770e-07 7.926100e-16
1.643320e-07 7.981100e-16
1.654710e-07 7.431200e-16
1.666180e-07 7.981100e-16
1.673870e-07 7.146000e-16
1.677730e-07 8.017900e-16
1.685470e-07 8.261600e-16
1.693250e-07 7.745700e-16
1.704990e-07 7.448400e-16
1.716810e-07 7.031700e-16
1.724730e-07 6.951200e-16
1.736690e-07 7.363100e-16
1.744710e-07 7.162500e-16
1.756800e-07 7.569400e-16
1.764910e-07 6.967300e-16
1.773060e-07 7.047900e-16
1.785350e-07 7.146000e-16
1.793590e-07 7.569400e-16
1.806020e-07 7.482800e-16
1.814350e-07 6.871700e-16
1.826930e-07 6.999400e-16
1.835360e-07 6.715200e-16
1.843840e-07 6.152600e-16
1.856620e-07 6.152600e-16
1.865190e-07 6.325000e-16
1.873800e-07 6.777400e-16
1.886780e-07 6.238200e-16
1.895490e-07 6.012600e-16
1.904240e-07 6.325000e-16
1.913030e-07 6.068200e-16
1.926290e-07 5.889300e-16
1.935180e-07 5.998800e-16
1.944120e-07 6.325000e-16
1.953090e-07 5.916500e-16
1.966630e-07 6.472300e-16
1.975710e-07 6.562400e-16
1.984830e-07 6.281500e-16
1.993990e-07 6.110300e-16
2.003190e-07 6.252600e-16
2.017080e-07 6.068200e-16
2.026390e-07 6.209600e-16
2.035740e-07 5.985000e-16
2.045140e-07 6.238200e-16
2.054580e-07 5.889300e-16
2.064060e-07 5.902900e-16
2.073590e-07 6.354200e-16
2.078370e-07 6.935200e-16
2.083160e-07 7.639400e-16
2.092770e-07 7.146000e-16
2.107280e-07 7.113100e-16
2.117010e-07 7.414200e-16
2.126780e-07 7.195500e-16
2.136600e-07 6.761800e-16
2.146460e-07 7.431200e-16
2.156370e-07 7.552000e-16
2.166320e-07 7.047900e-16
2.176320e-07 6.999400e-16
2.186360e-07 7.621900e-16
2.196450e-07 7.710100e-16
2.206590e-07 7.517300e-16
2.216780e-07 6.592700e-16
2.227010e-07 6.903400e-16
2.237290e-07 8.129500e-16
2.242450e-07 7.764000e-16
2.252800e-07 6.718200e-16
2.263200e-07 6.537700e-16
2.273640e-07 6.896000e-16
2.284140e-07 8.142700e-16
2.294680e-07 7.144000e-16
2.305270e-07 7.908800e-16
2.315910e-07 7.067800e-16
2.326600e-07 5.694600e-16
2.337340e-07 5.924300e-16
2.342730e-07 5.066700e-16
2.353540e-07 6.743700e-16
2.364410e-07 5.236900e-16
2.375320e-07 5.824400e-16
2.386280e-07 4.725300e-16
2.397300e-07 5.267600e-16
2.402830e-07 5.148800e-16
2.413920e-07 5.506600e-16
2.425060e-07 7.295600e-16
2.436250e-07 7.265200e-16
2.447500e-07 8.287600e-16
2.453140e-07 8.620200e-16
2.464460e-07 7.633100e-16
2.475840e-07 7.012700e-16
2.487270e-07 5.408500e-16
2.493000e-07 5.809900e-16
2.504510e-07 7.858700e-16
2.510280e-07 4.994000e-16
2.516070e-07 4.683200e-16
2.527680e-07 4.717700e-16
2.533510e-07 6.078900e-16
2.545200e-07 6.223200e-16
2.556950e-07 9.890100e-16
2.562850e-07 7.785700e-16
2.574670e-07 9.560700e-16
2.586560e-07 8.683200e-16
2.592520e-07 8.031100e-16
2.604490e-07 7.227200e-16
2.616510e-07 6.747800e-16
2.622540e-07 8.399700e-16
2.634650e-07 1.350400e-15
2.646810e-07 1.748400e-15
2.652910e-07 2.464600e-15
2.665150e-07 1.545100e-15
2.677460e-07 1.746400e-15
2.683630e-07 2.033500e-15
2.696010e-07 1.484000e-15
2.702230e-07 1.838800e-15
2.714700e-07 1.348200e-15
2.727230e-07 1.054300e-15
2.733520e-07 1.333700e-15
2.746140e-07 8.322400e-16
2.752470e-07 1.074900e-15
2.765170e-07 1.372600e-15
2.777940e-07 1.451300e-15
2.784340e-07 9.372700e-16
2.797190e-07 5.273200e-16
2.803640e-07 6.055800e-16
2.816580e-07 1.292400e-15
2.823070e-07 1.825900e-15
2.836100e-07 1.704900e-15
2.842640e-07 1.215600e-15
2.855760e-07 7.691500e-16
2.862350e-07 1.683100e-15
2.875560e-07 2.373100e-15
2.882190e-07 2.159900e-15
2.895490e-07 2.726700e-15
2.908860e-07 3.739900e-15
2.929020e-07 3.229800e-15
2.949320e-07 2.954600e-15
2.969770e-07 3.089100e-15
2.990350e-07 3.134400e-15
3.011080e-07 3.108000e-15
3.031950e-07 3.387000e-15
3.052970e-07 3.524900e-15
3.067060e-07 3.938900e-15
3.088320e-07 3.825700e-15
3.109730e-07 4.571400e-15
3.131280e-07 4.182100e-15
3.152990e-07 4.233900e-15
3.167540e-07 4.709400e-15
3.189500e-07 4.011600e-15
3.211610e-07 4.453100e-15
3.226430e-07 3.705900e-15
3.248790e-07 5.398200e-15
3.271310e-07 6.376800e-15
3.286420e-07 6.263900e-15
3.309190e-07 5.797000e-15
3.324470e-07 5.501000e-15
3.332130e-07 5.604800e-15
3.339810e-07 4.871700e-15
3.347510e-07 6.350400e-15
3.355230e-07 6.179100e-15
3.362970e-07 3.776100e-15
3.370720e-07 4.945000e-15
3.378490e-07 5.878800e-15
3.386270e-07 5.680800e-15
3.394080e-07 5.565900e-15
3.401910e-07 6.928800e-15
3.409750e-07 5.791400e-15
3.417610e-07 4.896700e-15
3.425490e-07 6.138000e-15
3.433380e-07 7.081900e-15
3.441300e-07 5.537000e-15
3.449230e-07 5.168900e-15
3.457180e-07 6.116800e-15
3.465150e-07 5.255900e-15
3.473140e-07 6.558000e-15
3.481150e-07 5.674100e-15
3.489170e-07 6.252100e-15
3.497220e-07 5.561000e-15
3.505280e-07 7.084000e-15
3.513360e-07 6.017300e-15
3.521460e-07 7.170200e-15
3.529570e-07 4.837900e-15
3.537710e-07 6.773000e-15
3.545870e-07 6.869300e-15
3.554040e-07 7.162000e-15
3.562230e-07 6.355700e-15
3.570440e-07 4.980700e-15
3.578680e-07 5.826700e-15
3.586920e-07 4.069600e-15
3.595190e-07 6.232700e-15
3.603480e-07 7.741200e-15
3.611790e-07 5.116100e-15
3.620110e-07 6.699900e-15
3.628460e-07 8.169500e-15
3.636820e-07 5.906400e-15
3.645210e-07 7.752800e-15
3.653610e-07 6.816900e-15
3.662030e-07 9.543700e-15
3.670470e-07 8.469300e-15
3.678940e-07 8.789800e-15
3.687420e-07 7.818300e-15
3.695920e-07 8.938100e-15
3.704440e-07 9.191300e-15
3.712980e-07 6.331500e-15
3.721540e-07 6.662600e-15
3.730110e-07 7.460600e-15
3.738720e-07 3.783600e-15
3.747330e-07 5.383200e-15
3.755970e-07 6.953000e-15
3.764630e-07 6.642200e-15
3.773310e-07 6.752200e-15
3.782010e-07 8.503100e-15
3.790720e-07 6.850300e-15
3.799460e-07 5.805600e-15
3.800750e-07 9.389200e-15
3.802480e-07 9.124600e-15
3.804210e-07 8.277700e-15
3.805940e-07 7.689800e-15
3.807670e-07 8.560200e-15
3.809400e-07 8.164800e-15
3.811130e-07 7.332900e-15
3.812870e-07 8.326100e-15
3.814600e-07 7.659900e-15
3.816330e-07 7.821500e-15
3.818060e-07 7.467200e-15
3.819790e-07 4.986700e-15
3.821520e-07 4.926600e-15
3.823250e-07 6.219600e-15
3.824980e-07 6.680000e-15
3.826710e-07 5.764500e-15
3.828440e-07 5.374900e-15
3.830170e-07 6.233000e-15
3.831900e-07 4.379300e-15
3.833630e-07 4.959200e-15
3.835360e-07 5.339300e-15
3.837090e-07 4.264800e-15
3.838820e-07 4.808800e-15
3.840560e-07 5.728400e-15
3.842290e-07 7.127600e-15
3.844020e-07 7.620400e-15
3.845750e-07 5.973800e-15
3.847480e-07 7.620800e-15
3.849210e-07 8.817100e-15
3.850940e-07 6.060200e-15
3.852670e-07 6.304300e-15
3.854400e-07 6.103800e-15
3.856130e-07 5.947200e-15
3.857860e-07 6.029300e-15
3.859590e-07 6.204900e-15
3.861320e-07 5.331900e-15
3.863050e-07 6.388500e-15
3.864780e-07 7.805400e-15
3.866510e-07 8.130500e-15
3.868250e-07 7.228600e-15
3.869980e-07 5.886100e-15
3.871710e-07 5.624200e-15
3.873440e-07 5.686500e-15
3.875170e-07 6.376200e-15
3.876900e-07 5.932600e-15
3.878630e-07 5.854000e-15
3.880360e-07 6.798000e-15
3.882090e-07 7.021900e-15
3.883820e-07 6.927100e-15
3.885550e-07 6.267800e-15
3.887280e-07 6.666000e-15
3.889010e-07 6.685900e-15
3.890740e-07 8.080000e-15
3.892470e-07 8.378600e-15
3.894200e-07 8.638400e-15
3.895930e-07 7.564100e-15
3.897670e-07 7.914100e-15
3.899400e-07 8.543600e-15
3.901130e-07 7.623700e-15
3.902860e-07 7.508500e-15
3.904590e-07 7.528900e-15
3.906320e-07 9.343300e-15
3.908050e-07 9.454000e-15
3.909780e-07 8.939800e-15
3.911510e-07 8.111100e-15
3.913240e-07 8.337800e-15
3.914970e-07 8.945300e-15
3.916700e-07 9.238300e-15
3.918430e-07 8.244300e-15
3.920160e-07 7.954900e-15
3.921890e-07 7.622500e-15
3.923620e-07 7.617400e-15
3.925360e-07 6.657200e-15
3.927090e-07 5.353000e-15
3.928820e-07 4.881000e-15
3.930550e-07 3.589500e-15
3.932280e-07 3.935100e-15
3.934010e-07 3.284900e-15
3.935740e-07 3.607200e-15
3.937470e-07 3.620400e-15
3.939200e-07 3.446800e-15
3.940930e-07 5.107700e-15
3.942660e-07 5.050100e-15
3.944390e-07 5.649100e-15
3.946120e-07 6.734500e-15
3.947850e-07 6.799600e-15
3.949580e-07 8.555600e-15
3.951310e-07 8.895300e-15
3.953050e-07 7.935500e-15
3.954780e-07 8.496100e-15
3.956510e-07 8.770000e-15
3.958240e-07 8.644800e-15
3.959970e-07 7.473500e-15
3.961700e-07 6.739300e-15
3.963430e-07 5.179500e-15
3.965160e-07 5.160400e-15
3.966890e-07 5.391600e-15
3.968620e-07 4.374500e-15
3.970350e-07 4.328700e-15
3.972080e-07 5.077200e-15
3.973810e-07 6.165100e-15
3.975540e-07 7.569000e-15
3.977270e-07 7.702000e-15
3.979000e-07 8.724400e-15
3.980740e-07 9.794600e-15
3.982470e-07 1.004400e-14
3.984200e-07 1.026400e-14
3.985930e-07 1.123000e-14
3.987660e-07 1.148000e-14
3.989390e-07 1.159000e-14
3.991120e-07 1.059700e-14
3.992850e-07 1.057900e-14
3.994580e-07 1.080800e-14
3.996310e-07 1.106000e-14
3.998040e-07 1.129200e-14
3.999770e-07 1.081800e-14
4.001500e-07 1.182300e-14
4.003230e-07 1.289800e-14
4.004960e-07 1.208400e-14
4.006690e-07 1.220200e-14
4.008430e-07 1.258700e-14
4.010160e-07 1.223400e-14
4.011890e-07 1.166300e-14
4.013620e-07 1.265400e-14
4.015350e-07 1.352400e-14
4.017080e-07 1.247900e-14
4.018810e-07 1.249200e-14
4.020540e-07 1.251400e-14
4.022270e-07 1.303000e-14
4.024000e-07 1.320900e-14
4.025730e-07 1.262500e-14
4.027460e-07 1.215000e-14
4.029190e-07 1.216600e-14
4.030920e-07 1.190300e-14
4.032650e-07 1.133400e-14
4.034380e-07 1.196700e-14
4.036110e-07 1.274600e-14
4.037850e-07 1.305900e-14
4.039580e-07 1.340600e-14
4.041310e-07 1.319800e-14
4.043040e-07 1.250900e-14
4.044770e-07 1.205500e-14
4.046500e-07 1.156700e-14
4.048230e-07 1.237200e-14
4.049960e-07 1.241900e-14
4.051690e-07 1.287700e-14
4.053420e-07 1.300200e-14
4.055150e-07 1.256000e-14
4.056880e-07 1.169600e-14
4.058610e-07 1.163000e-14
4.060340e-07 1.184600e-14
4.062070e-07 1.156300e-14
4.063800e-07 1.147300e-14
4.065540e-07 1.272000e-14
4.067270e-07 1.255300e-14
4.069000e-07 1.189900e-14
4.070730e-07 1.181000e-14
4.072460e-07 1.238300e-14
4.074190e-07 1.257700e-14
4.075920e-07 1.187100e-14
4.077650e-07 1.194900e-14
4.079380e-07 1.311600e-14
4.081110e-07 1.383400e-14
4.082840e-07 1.347800e-14
4.084570e-07 1.340300e-14
4.086300e-07 1.371400e-14
4.088030e-07 1.374600e-14
4.089760e-07 1.401200e-14
4.091490e-07 1.454500e-14
4.093230e-07 1.426100e-14
4.094960e-07 1.308000e-14
4.096690e-07 1.248200e-14
4.098420e-07 1.164200e-14
4.100150e-07 1.152400e-14
4.101880e-07 1.200500e-14
4.103610e-07 1.227200e-14
4.105340e-07 1.254000e-14
4.107070e-07 1.311000e-14
4.108800e-07 1.339700e-14
4.110530e-07 1.348200e-14
4.112260e-07 1.333100e-14
4.113990e-07 1.268600e-14
4.115720e-07 1.322900e-14
4.117450e-07 1.354200e-14
4.119180e-07 1.357200e-14
4.120920e-07 1.369000e-14
4.122650e-07 1.358500e-14
4.124380e-07 1.308900e-14
4.126110e-07 1.376400e-14
4.127840e-07 1.404800e-14
4.129570e-07 1.319600e-14
4.131300e-07 1.232300e-14
4.133030e-07 1.266700e-14
4.134760e-07 1.296900e-14
4.136490e-07 1.287600e-14
4.138220e-07 1.322800e-14
4.139950e-07 1.357400e-14
4.141680e-07 1.312000e-14
4.143410e-07 1.243700e-14
4.145140e-07 1.237100e-14
4.146870e-07 1.201000e-14
4.148610e-07 1.249500e-14
4.150340e-07 1.302200e-14
4.152070e-07 1.184400e-14
4.153800e-07 1.208500e-14
4.155530e-07 1.242200e-14
4.157260e-07 1.219800e-14
4.158990e-07 1.305800e-14
4.160720e-07 1.317900e-14
4.162450e-07 1.345100e-14
4.164180e-07 1.410000e-14
4.165910e-07 1.345700e-14
4.167640e-07 1.267000e-14
4.169370e-07 1.261300e-14
4.171100e-07 1.280100e-14
4.172830e-07 1.268600e-14
4.174560e-07 1.271000e-14
4.176300e-07 1.238100e-14
4.178030e-07 1.194600e-14
4.179760e-07 1.205300e-14
4.181490e-07 1.274700e-14
4.183220e-07 1.295100e-14
4.184950e-07 1.257100e-14
4.186680e-07 1.321600e-14
4.188410e-07 1.343200e-14
4.190140e-07 1.319100e-14
4.191870e-07 1.348300e-14
4.193600e-07 1.315700e-14
4.195330e-07 1.266400e-14
4.197060e-07 1.257500e-14
4.198790e-07 1.301500e-14
4.200520e-07 1.318000e-14
4.202250e-07 1.290800e-14
4.203990e-07 1.347900e-14
4.205720e-07 1.390800e-14
4.207450e-07 1.381200e-14
4.209180e-07 1.383600e-14
4.210910e-07 1.369200e-14
4.212640e-07 1.332600e-14
4.214370e-07 1.357200e-14
4.216100e-07 1.387200e-14
4.217830e-07 1.381100e-14
4.219560e-07 1.427100e-14
4.221290e-07 1.402800e-14
4.223020e-07 1.297100e-14
4.224750e-07 1.271800e-14
4.226480e-07 1.218600e-14
4.228210e-07 1.162300e-14
4.229940e-07 1.232900e-14
4.231670e-07 1.337600e-14
4.233410e-07 1.363200e-14
4.235140e-07 1.392700e-14
4.236870e-07 1.450300e-14
4.238600e-07 1.402600e-14
4.240330e-07 1.456100e-14
4.242060e-07 1.429600e-14
4.243790e-07 1.227900e-14
4.245520e-07 1.205800e-14
4.247250e-07 1.245000e-14
4.248980e-07 1.216700e-14
4.250710e-07 1.293200e-14
4.252440e-07 1.368300e-14
4.254170e-07 1.348100e-14
4.255900e-07 1.345800e-14
4.257630e-07 1.340100e-14
4.259360e-07 1.337300e-14
4.261090e-07 1.369400e-14
4.262830e-07 1.346300e-14
4.264560e-07 1.430400e-14
4.266290e-07 1.443700e-14
4.268020e-07 1.391800e-14
4.269750e-07 1.379800e-14
4.271480e-07 1.332300e-14
4.273210e-07 1.277600e-14
4.274940e-07 1.298800e-14
4.276670e-07 1.348400e-14
4.278400e-07 1.317300e-14
4.280130e-07 1.352600e-14
4.281860e-07 1.374300e-14
4.283590e-07 1.330700e-14
4.285320e-07 1.345100e-14
4.287050e-07 1.244000e-14
4.288780e-07 1.245500e-14
4.290520e-07 1.290400e-14
4.292250e-07 1.200000e-14
4.293980e-07 1.212600e-14
4.295710e-07 1.207100e-14
4.297440e-07 1.151500e-14
4.299170e-07 1.098400e-14
4.300900e-07 1.065300e-14
4.302630e-07 9.891500e-15
4.304360e-07 9.509000e-15
4.306090e-07 9.487000e-15
4.307820e-07 9.677700e-15
4.309550e-07 1.041800e-14
4.311280e-07 1.122300e-14
4.313010e-07 1.244600e-14
4.314740e-07 1.320000e-14
4.316470e-07 1.456300e-14
4.318210e-07 1.532400e-14
4.319940e-07 1.526700e-14
4.321670e-07 1.430000e-14
4.323400e-07 1.384700e-14
4.325130e-07 1.384300e-14
4.326860e-07 1.419200e-14
4.328590e-07 1.462300e-14
4.330320e-07 1.483000e-14
4.332050e-07 1.532200e-14
4.333780e-07 1.594200e-14
4.335510e-07 1.537500e-14
4.337240e-07 1.468800e-14
4.338970e-07 1.447700e-14
4.340700e-07 1.405500e-14
4.342430e-07 1.428900e-14
4.344160e-07 1.458800e-14
4.345900e-07 1.469900e-14
4.347630e-07 1.446000e-14
4.349360e-07 1.513900e-14
4.351090e-07 1.542300e-14
4.352820e-07 1.537400e-14
4.354550e-07 1.563500e-14
4.356280e-07 1.497800e-14
4.358010e-07 1.531300e-14
4.359740e-07 1.585400e-14
4.361470e-07 1.564300e-14
4.363200e-07 1.587400e-14
4.364930e-07 1.558100e-14
4.366660e-07 1.552800e-14
4.368390e-07 1.518900e-14
4.370120e-07 1.462900e-14
4.371850e-07 1.496700e-14
4.373580e-07 1.501000e-14
4.375320e-07 1.491800e-14
4.377050e-07 1.483300e-14
4.378780e-07 1.430900e-14
4.380510e-07 1.386600e-14
4.382240e-07 1.330100e-14
4.383970e-07 1.296000e-14
4.385700e-07 1.285900e-14
4.387430e-07 1.326200e-14
4.389160e-07 1.373100e-14
4.390890e-07 1.395500e-14
4.392620e-07 1.417500e-14
4.394350e-07 1.495600e-14
4.396080e-07 1.556900e-14
4.397810e-07 1.528300e-14
4.399540e-07 1.497300e-14
4.401270e-07 1.462300e-14
4.403010e-07 1.423100e-14
4.404740e-07 1.508900e-14
4.406470e-07 1.533900e-14
4.408200e-07 1.489700e-14
4.409930e-07 1.512900e-14
4.411660e-07 1.541700e-14
4.413390e-07 1.566200e-14
4.415120e-07 1.593700e-14
4.416850e-07 1.612600e-14
4.418580e-07 1.635300e-14
4.420310e-07 1.654300e-14
4.422040e-07 1.658700e-14
4.423770e-07 1.624700e-14
4.425500e-07 1.597500e-14
4.427230e-07 1.639900e-14
4.428960e-07 1.603400e-14
4.430700e-07 1.531800e-14
4.432430e-07 1.615200e-14
4.434160e-07 1.635300e-14
4.435890e-07 1.619200e-14
4.437620e-07 1.682700e-14
4.439350e-07 1.697600e-14
4.441080e-07 1.692100e-14
4.442810e-07 1.704900e-14
4.444540e-07 1.736300e-14
4.446270e-07 1.720600e-14
4.448000e-07 1.725300e-14
4.449730e-07 1.751100e-14
4.451460e-07 1.732900e-14
4.453190e-07 1.668200e-14
4.454920e-07 1.649500e-14
4.456650e-07 1.628100e-14
4.458390e-07 1.556300e-14
4.460120e-07 1.542500e-14
4.461850e-07 1.542900e-14
4.463580e-07 1.655300e-14
4.465310e-07 1.721200e-14
4.467040e-07 1.707200e-14
4.468770e-07 1.731400e-14
4.470500e-07 1.758000e-14
4.472230e-07 1.818000e-14
4.473960e-07 1.795400e-14
4.475690e-07 1.834900e-14
4.477420e-07 1.883900e-14
4.479150e-07 1.896600e-14
4.480880e-07 1.867500e-14
4.482610e-07 1.806800e-14
4.484340e-07 1.841000e-14
4.486080e-07 1.839000e-14
4.487810e-07 1.814500e-14
4.489540e-07 1.803100e-14
4.491270e-07 1.791100e-14
4.493000e-07 1.791700e-14
4.494730e-07 1.870700e-14
4.496460e-07 1.913900e-14
4.498190e-07 1.879700e-14
4.499920e-07 1.918500e-14
4.501650e-07 1.959300e-14
4.503380e-07 1.962500e-14
4.505110e-07 1.991800e-14
4.506840e-07 2.019900e-14
4.508570e-07 2.039200e-14
4.510300e-07 2.030000e-14
4.512030e-07 1.950600e-14
4.513760e-07 1.951100e-14
4.515490e-07 1.958600e-14
4.517230e-07 1.931600e-14
4.518960e-07 1.885000e-14
4.520690e-07 1.831400e-14
4.522420e-07 1.890300e-14
4.524150e-07 1.869800e-14
4.525880e-07 1.779600e-14
4.527610e-07 1.731400e-14
4.529340e-07 1.703500e-14
4.531070e-07 1.693400e-14
4.532800e-07 1.763900e-14
4.534530e-07 1.808700e-14
4.536260e-07 1.812200e-14
4.537990e-07 1.846900e-14
4.539720e-07 1.889400e-14
4.541450e-07 1.894200e-14
4.543180e-07 1.876600e-14
4.544920e-07 1.855100e-14
4.546650e-07 1.856300e-14
4.548380e-07 1.863900e-14
4.550110e-07 1.888700e-14
4.551840e-07 1.916900e-14
4.553570e-07 1.934700e-14
4.555300e-07 1.962800e-14
4.557030e-07 2.006700e-14
4.558760e-07 2.000600e-14
4.560490e-07 2.022900e-14
4.562220e-07 2.022500e-14
4.563950e-07 1.998700e-14
4.565680e-07 2.024000e-14
4.567410e-07 2.026600e-14
4.569140e-07 2.038400e-14
4.570870e-07 2.042800e-14
4.572610e-07 2.031600e-14
4.574340e-07 1.983600e-14
4.576070e-07 2.053400e-14
4.577800e-07 2.066600e-14
4.579530e-07 1.970700e-14
4.581260e-07 1.939900e-14
4.582990e-07 1.962400e-14
4.584720e-07 1.961200e-14
4.586450e-07 1.965100e-14
4.588180e-07 1.979200e-14
4.589910e-07 1.963900e-14
4.591640e-07 1.970600e-14
4.593370e-07 1.961300e-14
4.595100e-07 1.911000e-14
4.596830e-07 1.959500e-14
4.598560e-07 2.005300e-14
4.600300e-07 1.981200e-14
4.602030e-07 1.967800e-14
4.603760e-07 1.985800e-14
4.605490e-07 2.003500e-14
4.607220e-07 2.051600e-14
4.608950e-07 2.081500e-14
4.610680e-07 2.116300e-14
4.612410e-07 2.135700e-14
4.614140e-07 2.093400e-14
4.615870e-07 2.098800e-14
4.617600e-07 2.155400e-14
4.619330e-07 2.118200e-14
4.621060e-07 2.083900e-14
4.622790e-07 2.089500e-14
4.624520e-07 2.129800e-14
4.626250e-07 2.101000e-14
4.627990e-07 2.118300e-14
4.629720e-07 2.135800e-14
4.631450e-07 2.117300e-14
4.633180e-07 2.078300e-14
4.634910e-07 2.001800e-14
4.636640e-07 1.969200e-14
4.638370e-07 1.975300e-14
4.640100e-07 1.977800e-14
4.641830e-07 1.976100e-14
4.643560e-07 1.930100e-14
4.645290e-07 1.916900e-14
4.647020e-07 1.924500e-14
4.648750e-07 1.886500e-14
4.650480e-07 1.905800e-14
4.652210e-07 1.986600e-14
4.653940e-07 1.919100e-14
4.655680e-07 1.976900e-14
4.657410e-07 2.026500e-14
4.659140e-07 1.975300e-14
4.660870e-07 1.975500e-14
4.662600e-07 1.919800e-14
4.664330e-07 1.883700e-14
4.666060e-07 1.883900e-14
4.667790e-07 1.861000e-14
4.669520e-07 1.849900e-14
4.671250e-07 1.850900e-14
4.672980e-07 1.897100e-14
4.674710e-07 1.906100e-14
4.676440e-07 1.916700e-14
4.678170e-07 1.914300e-14
4.679900e-07 1.929600e-14
4.681630e-07 1.951000e-14
4.683360e-07 1.910800e-14
4.685100e-07 1.913600e-14
4.686830e-07 1.947800e-14
4.688560e-07 1.976200e-14
4.690290e-07 1.944500e-14
4.692020e-07 1.915200e-14
4.693750e-07 1.932900e-14
4.695480e-07 1.973600e-14
4.697210e-07 1.936500e-14
4.698940e-07 1.887200e-14
4.700670e-07 1.895100e-14
4.702400e-07 1.925300e-14
4.704130e-07 1.887200e-14
4.705860e-07 1.827300e-14
4.707590e-07 1.845000e-14
4.709320e-07 1.912800e-14
4.711050e-07 1.944600e-14
4.712790e-07 1.969100e-14
4.714520e-07 1.957300e-14
4.716250e-07 1.944000e-14
4.717980e-07 1.999900e-14
4.719710e-07 2.063700e-14
4.721440e-07 2.062000e-14
4.723170e-07 2.078300e-14
4.724900e-07 2.043700e-14
4.726630e-07 1.970000e-14
4.728360e-07 1.962100e-14
4.730090e-07 1.993700e-14
4.731820e-07 2.017900e-14
4.733550e-07 1.970200e-14
4.735280e-07 1.952000e-14
4.737010e-07 1.999900e-14
4.738740e-07 2.038500e-14
4.740480e-07 2.076100e-14
4.742210e-07 2.069100e-14
4.743940e-07 2.072400e-14
4.745670e-07 2.088800e-14
4.747400e-07 2.105600e-14
4.749130e-07 2.090800e-14
4.750860e-07 2.011900e-14
4.752590e-07 2.084700e-14
4.754320e-07 2.055800e-14
4.756050e-07 2.012200e-14
4.757780e-07 1.956500e-14
4.759510e-07 1.971400e-14
4.761240e-07 1.972100e-14
4.762970e-07 1.936600e-14
4.764700e-07 1.921300e-14
4.766430e-07 1.927300e-14
4.768170e-07 1.934600e-14
4.769900e-07 1.953400e-14
4.771630e-07 2.034100e-14
4.773360e-07 2.048300e-14
4.775090e-07 2.023900e-14
4.776820e-07 2.004300e-14
4.778550e-07 2.008400e-14
4.780280e-07 2.004300e-14
4.782010e-07 1.973700e-14
4.783740e-07 1.994800e-14
4.785470e-07 1.994600e-14
4.787200e-07 1.955200e-14
4.788930e-07 1.958200e-14
4.790660e-07 2.001300e-14
4.792390e-07 2.062800e-14
4.794120e-07 2.052200e-14
4.795860e-07 2.056100e-14
4.797590e-07 2.048500e-14
4.799320e-07 2.050500e-14
4.801050e-07 2.062300e-14
4.802780e-07 2.081400e-14
4.804510e-07 2.028800e-14
4.806240e-07 2.020500e-14
4.807970e-07 2.033200e-14
4.809700e-07 2.078700e-14
4.811430e-07 2.096400e-14
4.813160e-07 2.100900e-14
4.814890e-07 2.050000e-14
4.816620e-07 2.102300e-14
4.818350e-07 2.142500e-14
4.820080e-07 2.119900e-14
4.821810e-07 2.055500e-14
4.823550e-07 2.039200e-14
4.825280e-07 2.042800e-14
4.827010e-07 2.006900e-14
4.828740e-07 2.015600e-14
4.830470e-07 2.022900e-14
4.832200e-07 1.974600e-14
4.833930e-07 2.012800e-14
4.835660e-07 2.008800e-14
4.837390e-07 2.005400e-14
4.839120e-07 1.998100e-14
4.840850e-07 1.991700e-14
4.842580e-07 1.983900e-14
4.844310e-07 2.002600e-14
4.846040e-07 1.955400e-14
4.847770e-07 2.025400e-14
4.849500e-07 1.988700e-14
4.851240e-07 1.964300e-14
4.852970e-07 1.901500e-14
4.854700e-07 1.858800e-14
4.856430e-07 1.811600e-14
4.858160e-07 1.764900e-14
4.859890e-07 1.750100e-14
4.861620e-07 1.688200e-14
4.863350e-07 1.677300e-14
4.865080e-07 1.758100e-14
4.866810e-07 1.778500e-14
4.868540e-07 1.832200e-14
4.870270e-07 1.832700e-14
4.872000e-07 1.822400e-14
4.873730e-07 1.855200e-14
4.875460e-07 1.834600e-14
4.877190e-07 1.875200e-14
4.878920e-07 1.899900e-14
4.880660e-07 1.950800e-14
4.882390e-07 1.897800e-14
4.884120e-07 1.912000e-14
4.885850e-07 1.934400e-14
4.887580e-07 1.903100e-14
4.889310e-07 1.906300e-14
4.891040e-07 1.918700e-14
4.892770e-07 2.012300e-14
4.894500e-07 2.022800e-14
4.896230e-07 2.048400e-14
4.897960e-07 2.083500e-14
4.899690e-07 2.057900e-14
4.901420e-07 2.079200e-14
4.903150e-07 2.049800e-14
4.904880e-07 2.023000e-14
4.906610e-07 2.044500e-14
4.908340e-07 2.051900e-14
4.910080e-07 2.013600e-14
4.911810e-07 2.016500e-14
4.913540e-07 1.960700e-14
4.915270e-07 1.950000e-14
4.917000e-07 1.950400e-14
4.918730e-07 1.942200e-14
4.920460e-07 1.893200e-14
4.922190e-07 1.834400e-14
4.923920e-07 1.932700e-14
4.925650e-07 1.946000e-14
4.927380e-07 1.989800e-14
4.929110e-07 2.033300e-14
4.930840e-07 2.049700e-14
4.932570e-07 2.074600e-14
4.934300e-07 2.079500e-14
4.936030e-07 2.073300e-14
4.937770e-07 2.032200e-14
4.939500e-07 2.051600e-14
4.941230e-07 2.053400e-14
4.942960e-07 2.062300e-14
4.944690e-07 2.095400e-14
4.946420e-07 2.108600e-14
4.948150e-07 2.098300e-14
4.949880e-07 2.138200e-14
4.951610e-07 2.113700e-14
4.953340e-07 2.084100e-14
4.955070e-07 2.075000e-14
4.956800e-07 2.014500e-14
4.958530e-07 1.973600e-14
4.960260e-07 1.978300e-14
4.961990e-07 1.982000e-14
4.963720e-07 1.956800e-14
4.965460e-07 1.990300e-14
4.967190e-07 2.032200e-14
4.968920e-07 2.039600e-14
4.970650e-07 2.030300e-14
4.972380e-07 2.070000e-14
4.974110e-07 2.041900e-14
4.975840e-07 2.005100e-14
4.977570e-07 1.976300e-14
4.979300e-07 1.927400e-14
4.981030e-07 1.866700e-14
4.982760e-07 1.902300e-14
4.984490e-07 1.918400e-14
4.986220e-07 1.911000e-14
4.987950e-07 1.944100e-14
4.989680e-07 1.994800e-14
4.991410e-07 2.008600e-14
4.993150e-07 1.975000e-14
4.994880e-07 1.945900e-14
4.996610e-07 1.936800e-14
4.998340e-07 1.945200e-14
5.000070e-07 1.945000e-14
5.001800e-07 1.933300e-14
5.003530e-07 1.918600e-14
5.005260e-07 1.900300e-14
5.006990e-07 1.846500e-14
5.008720e-07 1.864600e-14
5.010450e-07 1.850100e-14
5.012180e-07 1.838000e-14
5.013910e-07 1.821000e-14
5.015640e-07 1.866600e-14
5.017370e-07 1.891000e-14
5.019100e-07 1.878200e-14
5.020830e-07 1.886100e-14
5.022570e-07 1.866400e-14
5.024300e-07 1.891100e-14
5.026030e-07 1.945400e-14
5.027760e-07 1.977200e-14
5.029490e-07 1.971400e-14
5.031220e-07 1.973600e-14
5.032950e-07 1.978100e-14
5.034680e-07 1.957200e-14
5.036410e-07 1.884200e-14
5.038140e-07 1.857900e-14
5.039870e-07 1.881400e-14
5.041600e-07 1.879800e-14
5.043330e-07 1.861700e-14
5.045060e-07 1.868900e-14
5.046790e-07 1.918300e-14
5.048520e-07 1.954200e-14
5.050260e-07 1.979900e-14
5.051990e-07 2.005100e-14
5.053720e-07 1.962300e-14
5.055450e-07 1.950600e-14
5.057180e-07 2.039700e-14
5.058910e-07 2.051600e-14
5.060640e-07 2.065700e-14
5.062370e-07 2.026900e-14
5.064100e-07 1.969100e-14
5.065830e-07 1.952600e-14
5.067560e-07 1.936500e-14
5.069290e-07 1.967600e-14
5.071020e-07 1.902600e-14
5.072750e-07 1.849300e-14
5.074480e-07 1.869700e-14
5.076210e-07 1.866300e-14
5.077950e-07 1.855100e-14
5.079680e-07 1.827500e-14
5.081410e-07 1.808000e-14
5.083140e-07 1.834700e-14
5.084870e-07 1.872900e-14
5.086600e-07 1.868400e-14
5.088330e-07 1.912600e-14
5.090060e-07 1.959800e-14
5.091790e-07 1.965400e-14
5.093520e-07 1.942200e-14
5.095250e-07 1.930300e-14
5.096980e-07 1.920300e-14
5.098710e-07 1.896100e-14
5.100440e-07 1.839400e-14
5.102170e-07 1.866900e-14
5.103900e-07 1.904100e-14
5.105640e-07 1.874000e-14
5.107370e-07 1.837000e-14
5.109100e-07 1.847200e-14
5.110830e-07 1.894100e-14
5.112560e-07 1.938300e-14
5.114290e-07 1.959700e-14
5.116020e-07 1.986300e-14
5.117750e-07 1.924900e-14
5.119480e-07 1.903700e-14
5.121210e-07 1.856100e-14
5.122940e-07 1.875100e-14
5.124670e-07 1.809300e-14
5.126400e-07 1.787700e-14
5.128130e-07 1.832100e-14
5.129860e-07 1.847200e-14
5.131590e-07 1.823500e-14
5.133320e-07 1.840100e-14
5.135060e-07 1.865100e-14
5.136790e-07 1.843400e-14
5.138520e-07 1.850800e-14
5.140250e-07 1.874600e-14
5.141980e-07 1.802400e-14
5.143710e-07 1.803100e-14
5.145440e-07 1.825200e-14
5.147170e-07 1.777900e-14
5.148900e-07 1.798400e-14
5.150630e-07 1.828700e-14
5.152360e-07 1.783300e-14
5.154090e-07 1.857400e-14
5.155820e-07 1.861400e-14
5.157550e-07 1.798200e-14
5.159280e-07 1.775100e-14
5.161010e-07 1.765400e-14
5.162740e-07 1.700200e-14
5.164480e-07 1.632600e-14
5.166210e-07 1.576800e-14
5.167940e-07 1.455600e-14
5.169670e-07 1.399200e-14
5.171400e-07 1.421300e-14
5.173130e-07 1.447300e-14
5.174860e-07 1.458700e-14
5.176590e-07 1.469100e-14
5.178320e-07 1.506500e-14
5.180050e-07 1.547500e-14
5.181780e-07 1.526900e-14
5.183510e-07 1.537400e-14
5.185240e-07 1.555200e-14
5.186970e-07 1.627200e-14
5.188700e-07 1.702000e-14
5.190430e-07 1.763300e-14
5.192170e-07 1.790400e-14
5.193900e-07 1.784400e-14
5.195630e-07 1.814800e-14
5.197360e-07 1.860200e-14
5.199090e-07 1.837400e-14
5.200820e-07 1.827200e-14
5.202550e-07 1.790100e-14
5.204280e-07 1.780000e-14
5.206010e-07 1.743900e-14
5.207740e-07 1.738700e-14
5.209470e-07 1.730800e-14
5.211200e-07 1.767600e-14
5.212930e-07 1.826800e-14
5.214660e-07 1.912900e-14
5.216390e-07 1.923000e-14
5.218120e-07 1.954200e-14
5.219860e-07 1.926000e-14
5.221590e-07 1.929800e-14
5.223320e-07 1.945200e-14
5.225050e-07 1.900000e-14
5.226780e-07 1.876000e-14
5.228510e-07 1.928900e-14
5.230240e-07 1.997600e-14
5.231970e-07 1.988200e-14
5.233700e-07 2.005000e-14
5.235430e-07 2.014000e-14
5.237160e-07 2.037800e-14
5.238890e-07 2.052600e-14
5.240620e-07 2.027100e-14
5.242350e-07 2.034200e-14
5.244080e-07 2.017200e-14
5.245810e-07 2.047700e-14
5.247550e-07 2.031300e-14
5.249280e-07 2.009400e-14
5.251010e-07 1.952000e-14
5.252740e-07 2.024800e-14
5.254470e-07 2.014600e-14
5.256200e-07 1.999300e-14
5.257930e-07 1.975100e-14
5.259660e-07 1.912100e-14
5.261390e-07 1.909900e-14
5.263120e-07 1.841100e-14
5.264850e-07 1.777000e-14
5.266580e-07 1.776300e-14
5.268310e-07 1.760900e-14
5.270040e-07 1.798100e-14
5.271770e-07 1.809900e-14
5.273500e-07 1.852600e-14
5.275240e-07 1.924400e-14
5.276970e-07 1.966800e-14
5.278700e-07 1.982600e-14
5.280430e-07 1.999500e-14
5.282160e-07 2.059400e-14
5.283890e-07 2.085800e-14
5.285620e-07 2.096100e-14
5.287350e-07 2.108100e-14
5.289080e-07 2.119400e-14
5.290810e-07 2.112100e-14
5.292540e-07 2.137100e-14
5.294270e-07 2.129500e-14
5.296000e-07 2.098800e-14
5.297730e-07 2.049500e-14
5.299460e-07 2.042100e-14
5.301190e-07 2.114700e-14
5.302930e-07 2.141700e-14
5.304660e-07 2.106700e-14
5.306390e-07 2.160300e-14
5.308120e-07 2.213300e-14
5.309850e-07 2.222100e-14
5.311580e-07 2.192200e-14
5.313310e-07 2.174300e-14
5.315040e-07 2.221200e-14
5.316770e-07 2.194200e-14
5.318500e-07 2.108100e-14
5.320230e-07 2.128700e-14
5.321960e-07 2.145900e-14
5.323690e-07 2.099400e-14
5.325420e-07 1.956400e-14
5.327150e-07 1.927400e-14
5.328880e-07 1.976900e-14
5.330620e-07 2.018200e-14
5.332350e-07 2.025500e-14
5.334080e-07 1.996100e-14
5.335810e-07 2.028200e-14
5.337540e-07 2.073900e-14
5.339270e-07 2.073700e-14
5.341000e-07 2.087300e-14
5.342730e-07 2.076900e-14
5.344460e-07 2.070100e-14
5.346190e-07 2.099800e-14
5.347920e-07 2.126900e-14
5.349650e-07 2.088800e-14
5.351380e-07 2.150900e-14
5.353110e-07 2.209300e-14
5.354840e-07 2.215800e-14
5.356570e-07 2.188000e-14
5.358300e-07 2.205000e-14
5.360040e-07 2.234100e-14
5.361770e-07 2.183300e-14
5.363500e-07 2.147400e-14
5.365230e-07 2.140600e-14
5.366960e-07 2.097400e-14
5.368690e-07 2.064300e-14
5.370420e-07 2.090100e-14
5.372150e-07 2.098300e-14
5.373880e-07 2.111900e-14
5.375610e-07 2.134700e-14
5.377340e-07 2.173600e-14
5.379070e-07 2.173800e-14
5.380800e-07 2.206600e-14
5.382530e-07 2.199600e-14
5.384260e-07 2.191900e-14
5.385990e-07 2.154800e-14
5.387730e-07 2.100300e-14
5.389460e-07 2.122200e-14
5.391190e-07 2.080000e-14
5.392920e-07 2.058100e-14
5.394650e-07 2.040600e-14
5.396380e-07 2.053500e-14
5.398110e-07 2.018200e-14
5.399840e-07 2.058100e-14
5.401570e-07 2.028900e-14
5.403300e-07 1.998100e-14
5.405030e-07 1.976000e-14
5.406760e-07 2.000900e-14
5.408490e-07 2.033400e-14
5.410220e-07 2.071800e-14
5.411950e-07 2.113900e-14
5.413680e-07 2.103700e-14
5.415420e-07 2.160600e-14
5.417150e-07 2.147100e-14
5.418880e-07 2.167600e-14
5.420610e-07 2.165800e-14
5.422340e-07 2.185000e-14
5.424070e-07 2.132100e-14
5.425800e-07 2.137300e-14
5.427530e-07 2.103100e-14
5.429260e-07 2.098200e-14
5.430990e-07 2.102400e-14
5.432720e-07 2.104800e-14
5.434450e-07 2.107500e-14
5.436180e-07 2.110200e-14
5.437910e-07 2.112900e-14
5.439640e-07 2.115600e-14
5.441370e-07 2.118300e-14
5.443110e-07 2.121000e-14
5.444840e-07 2.123600e-14
5.446570e-07 2.127000e-14
5.448300e-07 2.119800e-14
5.450030e-07 2.065900e-14
5.451760e-07 2.053500e-14
5.453490e-07 2.104000e-14
5.455220e-07 2.100100e-14
5.456950e-07 2.107400e-14
5.458680e-07 2.071100e-14
5.460410e-07 2.084100e-14
5.462140e-07 2.114300e-14
5.463870e-07 2.094600e-14
5.465600e-07 2.047500e-14
5.467330e-07 2.046300e-14
5.469060e-07 2.080700e-14
5.470800e-07 2.042800e-14
5.472530e-07 2.020200e-14
5.474260e-07 2.049700e-14
5.475990e-07 2.045100e-14
5.477720e-07 2.005700e-14
5.479450e-07 2.010100e-14
5.481180e-07 1.999200e-14
5.482910e-07 2.007500e-14
5.484640e-07 2.053700e-14
5.486370e-07 2.099500e-14
5.488100e-07 2.101600e-14
5.489830e-07 2.122700e-14
5.491560e-07 2.128400e-14
5.493290e-07 2.072900e-14
5.495020e-07 2.057600e-14
5.496750e-07 2.093000e-14
5.498490e-07 2.103700e-14
5.500220e-07 2.084800e-14
5.501950e-07 2.016000e-14
5.503680e-07 2.060100e-14
5.505410e-07 2.083200e-14
5.507140e-07 2.025200e-14
5.508870e-07 2.049200e-14
5.510600e-07 2.032900e-14
5.512330e-07 2.018000e-14
5.514060e-07 2.023700e-14
5.515790e-07 2.018400e-14
5.517520e-07 2.064400e-14
5.519250e-07 2.105700e-14
5.520980e-07 2.100900e-14
5.522710e-07 2.087000e-14
5.524440e-07 2.066500e-14
5.526170e-07 2.044400e-14
5.527910e-07 2.025100e-14
5.529640e-07 2.039900e-14
5.531370e-07 2.045500e-14
5.533100e-07 2.034100e-14
5.534830e-07 2.043300e-14
5.536560e-07 2.066800e-14
5.538290e-07 2.019800e-14
5.540020e-07 2.043600e-14
5.541750e-07 2.058400e-14
5.543480e-07 2.063800e-14
5.545210e-07 2.117600e-14
5.546940e-07 2.147800e-14
5.548670e-07 2.119900e-14
5.550400e-07 2.135000e-14
5.552130e-07 2.139000e-14
5.553860e-07 2.129100e-14
5.555600e-07 2.112500e-14
5.557330e-07 2.107600e-14
5.559060e-07 2.067800e-14
5.560790e-07 2.066700e-14
5.562520e-07 2.102000e-14
5.564250e-07 2.104300e-14
5.565980e-07 2.104700e-14
5.567710e-07 2.102500e-14
5.569440e-07 2.095200e-14
5.571170e-07 2.075700e-14
5.572900e-07 2.092600e-14
5.574630e-07 2.095200e-14
5.576360e-07 2.073200e-14
5.578090e-07 2.069300e-14
5.579820e-07 2.061400e-14
5.581550e-07 2.065000e-14
5.583280e-07 2.034600e-14
5.585020e-07 2.016100e-14
5.586750e-07 2.046300e-14
5.588480e-07 2.033700e-14
5.590210e-07 1.959800e-14
5.591940e-07 1.992100e-14
5.593670e-07 2.041800e-14
5.595400e-07 2.016300e-14
5.597130e-07 2.004600e-14
5.598860e-07 1.998700e-14
5.600590e-07 2.013000e-14
5.602320e-07 2.040200e-14
5.604050e-07 2.060800e-14
5.605780e-07 2.065700e-14
5.607510e-07 2.083300e-14
5.609240e-07 2.111600e-14
5.610970e-07 2.094900e-14
5.612710e-07 2.059800e-14
5.614440e-07 2.059100e-14
5.616170e-07 2.047300e-14
5.617900e-07 2.023300e-14
5.619630e-07 1.961500e-14
5.621360e-07 1.962100e-14
5.623090e-07 2.024700e-14
5.624820e-07 2.010800e-14
5.626550e-07 2.034200e-14
5.628280e-07 2.041700e-14
5.630010e-07 2.036700e-14
5.631740e-07 2.024600e-14
5.633470e-07 2.033600e-14
5.635200e-07 2.075700e-14
5.636930e-07 2.041100e-14
5.638660e-07 2.014500e-14
5.640400e-07 1.974300e-14
5.642130e-07 2.037000e-14
5.643860e-07 2.031700e-14
5.645590e-07 2.120700e-14
5.647320e-07 2.148700e-14
5.649050e-07 2.105300e-14
5.650780e-07 2.115400e-14
5.652510e-07 2.104300e-14
5.654240e-07 2.032700e-14
5.655970e-07 2.020200e-14
5.657700e-07 2.065300e-14
5.659430e-07 2.039700e-14
5.661160e-07 2.050900e-14
5.662890e-07 2.039100e-14
5.664620e-07 2.048400e-14
5.666350e-07 2.092500e-14
5.668090e-07 2.126700e-14
5.669820e-07 2.137100e-14
5.671550e-07 2.120500e-14
5.673280e-07 2.139100e-14
5.675010e-07 2.154900e-14
5.676740e-07 2.140800e-14
5.678470e-07 2.174900e-14
5.680200e-07 2.137800e-14
5.681930e-07 2.144700e-14
5.683660e-07 2.124200e-14
5.685390e-07 2.100800e-14
5.687120e-07 2.099300e-14
5.688850e-07 2.103200e-14
5.690580e-07 2.111300e-14
5.692310e-07 2.102800e-14
5.694040e-07 2.111400e-14
5.695770e-07 2.113100e-14
5.697510e-07 2.153300e-14
5.699240e-07 2.081200e-14
5.700970e-07 2.094600e-14
5.702700e-07 2.089300e-14
5.704430e-07 1.997100e-14
5.706160e-07 2.019400e-14
5.707890e-07 2.046000e-14
5.709620e-07 2.027400e-14
5.711350e-07 2.061800e-14
5.713080e-07 2.028100e-14
5.714810e-07 2.063800e-14
5.716540e-07 2.108800e-14
5.718270e-07 2.120700e-14
5.720000e-07 2.144600e-14
5.721730e-07 2.214600e-14
5.723460e-07 2.209300e-14
5.725200e-07 2.191700e-14
5.726930e-07 2.204300e-14
5.728660e-07 2.179800e-14
5.730390e-07 2.172900e-14
5.732120e-07 2.171600e-14
5.733850e-07 2.169300e-14
5.735580e-07 2.167000e-14
5.737310e-07 2.164800e-14
5.739040e-07 2.162600e-14
5.740770e-07 2.160400e-14
5.742500e-07 2.158500e-14
5.744230e-07 2.153800e-14
5.745960e-07 2.163100e-14
5.747690e-07 2.235500e-14
5.749420e-07 2.140900e-14
5.751150e-07 2.087800e-14
5.752890e-07 2.104800e-14
5.754620e-07 2.159500e-14
5.756350e-07 2.125400e-14
5.758080e-07 2.110400e-14
5.759810e-07 2.129700e-14
5.761540e-07 2.182300e-14
5.763270e-07 2.200800e-14
5.765000e-07 2.175300e-14
5.766730e-07 2.164400e-14
5.768460e-07 2.142900e-14
5.770190e-07 2.133700e-14
5.771920e-07 2.146600e-14
5.773650e-07 2.146700e-14
5.775380e-07 2.097700e-14
5.777110e-07 2.065100e-14
5.778840e-07 2.059300e-14
5.780580e-07 2.066600e-14
5.782310e-07 2.045900e-14
5.784040e-07 2.040700e-14
5.785770e-07 2.076500e-14
5.787500e-07 2.067700e-14
5.789230e-07 2.071900e-14
5.790960e-07 2.138700e-14
5.792690e-07 2.186100e-14
5.794420e-07 2.172500e-14
5.796150e-07 2.191600e-14
5.797880e-07 2.162500e-14
5.799610e-07 2.194600e-14
5.801340e-07 2.216400e-14
5.803070e-07 2.183200e-14
5.804800e-07 2.203900e-14
5.806530e-07 2.223200e-14
5.808260e-07 2.176300e-14
5.810000e-07 2.189400e-14
5.811730e-07 2.187300e-14
5.813460e-07 2.157800e-14
5.815190e-07 2.145900e-14
5.816920e-07 2.135600e-14
5.818650e-07 2.163700e-14
5.820380e-07 2.194200e-14
5.822110e-07 2.182200e-14
5.823840e-07 2.190800e-14
5.825570e-07 2.243200e-14
5.827300e-07 2.214500e-14
5.829030e-07 2.215700e-14
5.830760e-07 2.190300e-14
5.832490e-07 2.153800e-14
5.834220e-07 2.175700e-14
5.835950e-07 2.183700e-14
5.837690e-07 2.199900e-14
5.839420e-07 2.209100e-14
5.841150e-07 2.187000e-14
5.842880e-07 2.207500e-14
5.844610e-07 2.167400e-14
5.846340e-07 2.132700e-14
5.848070e-07 2.105700e-14
5.849800e-07 2.100500e-14
5.851530e-07 2.114500e-14
5.853260e-07 2.105000e-14
5.854990e-07 2.073900e-14
5.856720e-07 2.078300e-14
5.858450e-07 2.048000e-14
5.860180e-07 2.038900e-14
5.861910e-07 2.070300e-14
5.863640e-07 2.086700e-14
5.865370e-07 2.082600e-14
5.867110e-07 2.029400e-14
5.868840e-07 2.101000e-14
5.870570e-07 2.079800e-14
5.872300e-07 2.122600e-14
5.874030e-07 2.081300e-14
5.875760e-07 2.038700e-14
5.877490e-07 2.047100e-14
5.879220e-07 1.998100e-14
5.880950e-07 1.935100e-14
5.882680e-07 1.936400e-14
5.884410e-07 1.815600e-14
5.886140e-07 1.732000e-14
5.887870e-07 1.744000e-14
5.889600e-07 1.640600e-14
5.891330e-07 1.592900e-14
5.893060e-07 1.566100e-14
5.894800e-07 1.592400e-14
5.896530e-07 1.654200e-14
5.898260e-07 1.647700e-14
5.899990e-07 1.731500e-14
5.901720e-07 1.846600e-14
5.903450e-07 1.908800e-14
5.905180e-07 1.912200e-14
5.906910e-07 2.003800e-14
5.908640e-07 2.015700e-14
5.910370e-07 2.020200e-14
5.912100e-07 2.034300e-14
5.913830e-07 2.012200e-14
5.915560e-07 2.004900e-14
5.917290e-07 1.968900e-14
5.919020e-07 2.024200e-14
5.920750e-07 2.044600e-14
5.922490e-07 2.026200e-14
5.924220e-07 2.089600e-14
5.925950e-07 2.082500e-14
5.927680e-07 2.095700e-14
5.929410e-07 2.068500e-14
5.931140e-07 2.095800e-14
5.932870e-07 2.077800e-14
5.934600e-07 2.088900e-14
5.936330e-07 2.089700e-14
5.938060e-07 2.029200e-14
5.939790e-07 2.067500e-14
5.941520e-07 2.107600e-14
5.943250e-07 2.053200e-14
5.944980e-07 2.077900e-14
5.946710e-07 2.077300e-14
5.948440e-07 2.053600e-14
5.950180e-07 2.044600e-14
5.951910e-07 2.069400e-14
5.953640e-07 2.042900e-14
5.955370e-07 2.051500e-14
5.957100e-07 2.026700e-14
5.958830e-07 2.053900e-14
5.960560e-07 2.083800e-14
5.962290e-07 2.101200e-14
5.964020e-07 2.133000e-14
5.965750e-07 2.119300e-14
5.967480e-07 2.124200e-14
5.969210e-07 2.136500e-14
5.970940e-07 2.140200e-14
5.972670e-07 2.068900e-14
5.974400e-07 2.034000e-14
5.976130e-07 2.049200e-14
5.977870e-07 2.055800e-14
5.979600e-07 2.029900e-14
5.981330e-07 2.064700e-14
5.983060e-07 2.055000e-14
5.984790e-07 2.041400e-14
5.986520e-07 2.071400e-14
5.988250e-07 2.085000e-14
5.989980e-07 2.040500e-14
5.991710e-07 2.044000e-14
5.993440e-07 2.031200e-14
5.995170e-07 2.040700e-14
5.996900e-07 2.032300e-14
5.998630e-07 2.032100e-14
6.000360e-07 2.033600e-14
6.002090e-07 1.998100e-14
6.003820e-07 2.020600e-14
6.005560e-07 2.058000e-14
6.007290e-07 2.039600e-14
6.009020e-07 2.058600e-14
6.010750e-07 2.000300e-14
6.012480e-07 1.957200e-14
6.014210e-07 2.013000e-14
6.015940e-07 2.016700e-14
6.017670e-07 2.009500e-14
6.019400e-07 2.015600e-14
6.021130e-07 1.998300e-14
6.022860e-07 2.014600e-14
6.024590e-07 2.049400e-14
6.026320e-07 2.105300e-14
6.028050e-07 2.093300e-14
6.029780e-07 2.068700e-14
6.031510e-07 2.093200e-14
6.033240e-07 2.110500e-14
6.034980e-07 2.117800e-14
6.036710e-07 2.124400e-14
6.038440e-07 2.118200e-14
6.040170e-07 2.129200e-14
6.041900e-07 2.112100e-14
6.043630e-07 2.113500e-14
6.045360e-07 2.135100e-14
6.047090e-07 2.151000e-14
6.048820e-07 2.130800e-14
6.050550e-07 2.113500e-14
6.052280e-07 2.131300e-14
6.054010e-07 2.114300e-14
6.055740e-07 2.109100e-14
6.057470e-07 2.099900e-14
6.059200e-07 2.051200e-14
6.060930e-07 2.045600e-14
6.062670e-07 2.095400e-14
6.064400e-07 2.089400e-14
6.066130e-07 2.072600e-14
6.067860e-07 2.099200e-14
6.069590e-07 2.105000e-14
6.071320e-07 2.087700e-14
6.073050e-07 2.059400e-14
6.074780e-07 2.080700e-14
6.076510e-07 2.097800e-14
6.078240e-07 2.085000e-14
6.079970e-07 2.066500e-14
6.081700e-07 2.079500e-14
6.083430e-07 2.076100e-14
6.085160e-07 2.029500e-14
6.086890e-07 2.028700e-14
6.088620e-07 2.045100e-14
6.090360e-07 2.051900e-14
6.092090e-07 2.042900e-14
6.093820e-07 2.003400e-14
6.095550e-07 2.003200e-14
6.097280e-07 2.024900e-14
6.099010e-07 2.048000e-14
6.100740e-07 2.081000e-14
6.102470e-07 2.070600e-14
6.104200e-07 2.029000e-14
6.105930e-07 2.040400e-14
6.107660e-07 2.054600e-14
6.109390e-07 2.022400e-14
6.111120e-07 2.012600e-14
6.112850e-07 2.013100e-14
6.114580e-07 2.007900e-14
6.116310e-07 1.958800e-14
6.118050e-07 1.941900e-14
6.119780e-07 1.949200e-14
6.121510e-07 1.940400e-14
6.123240e-07 1.907700e-14
6.124970e-07 1.964900e-14
6.126700e-07 1.973900e-14
6.128430e-07 1.966500e-14
6.130160e-07 1.935800e-14
6.131890e-07 1.953200e-14
6.133620e-07 1.935000e-14
6.135350e-07 1.854500e-14
6.137080e-07 1.881400e-14
6.138810e-07 1.915500e-14
6.140540e-07 1.978300e-14
6.142270e-07 1.986900e-14
6.144000e-07 1.979500e-14
6.145730e-07 1.957400e-14
6.147470e-07 1.996900e-14
6.149200e-07 2.015800e-14
6.150930e-07 1.955300e-14
6.152660e-07 1.962900e-14
6.154390e-07 1.925000e-14
6.156120e-07 1.909600e-14
6.157850e-07 1.876900e-14
6.159580e-07 1.839100e-14
6.161310e-07 1.848400e-14
6.163040e-07 1.867400e-14
6.164770e-07 1.840500e-14
6.166500e-07 1.811400e-14
6.168230e-07 1.837600e-14
6.169960e-07 1.859700e-14
6.171690e-07 1.886600e-14
6.173420e-07 1.859300e-14
6.175160e-07 1.892400e-14
6.176890e-07 1.891400e-14
6.178620e-07 1.867000e-14
6.180350e-07 1.896700e-14
6.182080e-07 1.924500e-14
6.183810e-07 1.874700e-14
6.185540e-07 1.911400e-14
6.187270e-07 1.893900e-14
6.189000e-07 1.865500e-14
6.190730e-07 1.903300e-14
6.192460e-07 1.867100e-14
6.194190e-07 1.817700e-14
6.195920e-07 1.880200e-14
6.197650e-07 1.910900e-14
6.199380e-07 1.870100e-14
6.201110e-07 1.896900e-14
6.202850e-07 1.936400e-14
6.204580e-07 1.936300e-14
6.206310e-07 1.937500e-14
6.208040e-07 1.926000e-14
6.209770e-07 1.913300e-14
6.211500e-07 1.898400e-14
6.213230e-07 1.839700e-14
6.214960e-07 1.853900e-14
6.216690e-07 1.829000e-14
6.218420e-07 1.796500e-14
6.220150e-07 1.811800e-14
6.221880e-07 1.792300e-14
6.223610e-07 1.845500e-14
6.225340e-07 1.846800e-14
6.227070e-07 1.821200e-14
6.228800e-07 1.831100e-14
6.230540e-07 1.821500e-14
6.232270e-07 1.819500e-14
6.234000e-07 1.790300e-14
6.235730e-07 1.797400e-14
6.237460e-07 1.832800e-14
6.239190e-07 1.800900e-14
6.240920e-07 1.816000e-14
6.242650e-07 1.805400e-14
6.244380e-07 1.798700e-14
6.246110e-07 1.769800e-14
6.247840e-07 1.781300e-14
6.249570e-07 1.762600e-14
6.251300e-07 1.813400e-14
6.253030e-07 1.780500e-14
6.254760e-07 1.777700e-14
6.256490e-07 1.755200e-14
6.258220e-07 1.775500e-14
6.259960e-07 1.807400e-14
6.261690e-07 1.775500e-14
6.263420e-07 1.813200e-14
6.265150e-07 1.855700e-14
6.266880e-07 1.859600e-14
6.268610e-07 1.863300e-14
6.270340e-07 1.869000e-14
6.272070e-07 1.858800e-14
6.273800e-07 1.867100e-14
6.275530e-07 1.899400e-14
6.277260e-07 1.870100e-14
6.278990e-07 1.885700e-14
6.280720e-07 1.874100e-14
6.282450e-07 1.889000e-14
6.284180e-07 1.876200e-14
6.285910e-07 1.868300e-14
6.287650e-07 1.903400e-14
6.289380e-07 1.907900e-14
6.291110e-07 1.876900e-14
6.292840e-07 1.915700e-14
6.294570e-07 1.860100e-14
6.296300e-07 1.833400e-14
6.298030e-07 1.837600e-14
6.299760e-07 1.866500e-14
6.301490e-07 1.859000e-14
6.303220e-07 1.834200e-14
6.304950e-07 1.847800e-14
6.306680e-07 1.874600e-14
6.308410e-07 1.862500e-14
6.310140e-07 1.838500e-14
6.311870e-07 1.847900e-14
6.313600e-07 1.836900e-14
6.315340e-07 1.842200e-14
6.317070e-07 1.859200e-14
6.318800e-07 1.828400e-14
6.320530e-07 1.852700e-14
6.322260e-07 1.873100e-14
6.323990e-07 1.893200e-14
6.325720e-07 1.912400e-14
6.327450e-07 1.853900e-14
6.329180e-07 1.850500e-14
6.330910e-07 1.882200e-14
6.332640e-07 1.905600e-14
6.334370e-07 1.922300e-14
6.336100e-07 1.890900e-14
6.337830e-07 1.907200e-14
6.339560e-07 1.860300e-14
6.341290e-07 1.873300e-14
6.343020e-07 1.867800e-14
6.344760e-07 1.876100e-14
6.346490e-07 1.901700e-14
6.348220e-07 1.885500e-14
6.349950e-07 1.841600e-14
6.351680e-07 1.850500e-14
6.353410e-07 1.887600e-14
6.355140e-07 1.846400e-14
6.356870e-07 1.843000e-14
6.358600e-07 1.855200e-14
6.360330e-07 1.852300e-14
6.362060e-07 1.841200e-14
6.363790e-07 1.836200e-14
6.365520e-07 1.850600e-14
6.367250e-07 1.886600e-14
6.368980e-07 1.921500e-14
6.370710e-07 1.925800e-14
6.372450e-07 1.909600e-14
6.374180e-07 1.949900e-14
6.375910e-07 1.957000e-14
6.377640e-07 1.921100e-14
6.379370e-07 1.912600e-14
6.381100e-07 1.897400e-14
6.382830e-07 1.918500e-14
6.384560e-07 1.923000e-14
6.386290e-07 1.914100e-14
6.388020e-07 1.914700e-14
6.389750e-07 1.896900e-14
6.391480e-07 1.941900e-14
6.393210e-07 1.932600e-14
6.394940e-07 1.922200e-14
6.396670e-07 1.926600e-14
6.398400e-07 1.909800e-14
6.400140e-07 1.923600e-14
6.401870e-07 1.931400e-14
6.403600e-07 1.908900e-14
6.405330e-07 1.898500e-14
6.407060e-07 1.892800e-14
6.408790e-07 1.926500e-14
6.410520e-07 1.932900e-14
6.412250e-07 1.922900e-14
6.413980e-07 1.884000e-14
6.415710e-07 1.894900e-14
6.417440e-07 1.949400e-14
6.419170e-07 1.933300e-14
6.420900e-07 1.909200e-14
6.422630e-07 1.934400e-14
6.424360e-07 1.936700e-14
6.426090e-07 1.903900e-14
6.427830e-07 1.915800e-14
6.429560e-07 1.906700e-14
6.431290e-07 1.911400e-14
6.433020e-07 1.908300e-14
6.434750e-07 1.902800e-14
6.436480e-07 1.931300e-14
6.438210e-07 1.947400e-14
6.439940e-07 1.963400e-14
6.441670e-07 1.967300e-14
6.443400e-07 1.954900e-14
6.445130e-07 1.938600e-14
6.446860e-07 1.923400e-14
6.448590e-07 1.910900e-14
6.450320e-07 1.904600e-14
6.452050e-07 1.899100e-14
6.453780e-07 1.911100e-14
6.455510e-07 1.931900e-14
6.457250e-07 1.946700e-14
6.458980e-07 1.939600e-14
6.460710e-07 1.941900e-14
6.462440e-07 1.952700e-14
6.464170e-07 1.933300e-14
6.465900e-07 1.943600e-14
6.467630e-07 1.967100e-14
6.469360e-07 1.947900e-14
6.471090e-07 1.940300e-14
6.472820e-07 1.993300e-14
6.474550e-07 2.010700e-14
6.476280e-07 1.981100e-14
6.478010e-07 1.964900e-14
6.479740e-07 1.955100e-14
6.481470e-07 1.949100e-14
6.483200e-07 1.933700e-14
6.484940e-07 1.925000e-14
6.486670e-07 1.912400e-14
6.488400e-07 1.934400e-14
6.490130e-07 1.929800e-14
6.491860e-07 1.883100e-14
6.493590e-07 1.840900e-14
6.495320e-07 1.803800e-14
6.497050e-07 1.807800e-14
6.498780e-07 1.846700e-14
6.500510e-07 1.869100e-14
6.502240e-07 1.874300e-14
6.503970e-07 1.885600e-14
6.505700e-07 1.910900e-14
6.507430e-07 1.911300e-14
6.509160e-07 1.910000e-14
6.510890e-07 1.937400e-14
6.512620e-07 1.938500e-14
6.514360e-07 1.916300e-14
6.516090e-07 1.941100e-14
6.517820e-07 1.953100e-14
6.519550e-07 1.970600e-14
6.521280e-07 1.970600e-14
6.523010e-07 1.961600e-14
6.524740e-07 1.956500e-14
6.526470e-07 1.954200e-14
6.528200e-07 1.964800e-14
6.529930e-07 1.930400e-14
6.531660e-07 1.936500e-14
6.533390e-07 1.963600e-14
6.535120e-07 1.940000e-14
6.536850e-07 1.946200e-14
6.538580e-07 1.965200e-14
6.540310e-07 1.966100e-14
6.542050e-07 1.953200e-14
6.543780e-07 1.942500e-14
6.545510e-07 1.931000e-14
6.547240e-07 1.959600e-14
6.548970e-07 1.944500e-14
6.550700e-07 1.889100e-14
6.552430e-07 1.871900e-14
6.554160e-07 1.879400e-14
6.555890e-07 1.841300e-14
6.557620e-07 1.807800e-14
6.559350e-07 1.777800e-14
6.561080e-07 1.758400e-14
6.562810e-07 1.767800e-14
6.564540e-07 1.786800e-14
6.566270e-07 1.775400e-14
6.568000e-07 1.772900e-14
6.569740e-07 1.813800e-14
6.571470e-07 1.812300e-14
6.573200e-07 1.881900e-14
6.574930e-07 1.902700e-14
6.576660e-07 1.890800e-14
6.578390e-07 1.882500e-14
6.580120e-07 1.904600e-14
6.581850e-07 1.918700e-14
6.583580e-07 1.885100e-14
6.585310e-07 1.875200e-14
6.587040e-07 1.885000e-14
6.588770e-07 1.888800e-14
6.590500e-07 1.875200e-14
6.592230e-07 1.894700e-14
6.593960e-07 1.864100e-14
6.595690e-07 1.868000e-14
6.597430e-07 1.874200e-14
6.599160e-07 1.879600e-14
6.600890e-07 1.914100e-14
6.602620e-07 1.883900e-14
6.604350e-07 1.879600e-14
6.606080e-07 1.892100e-14
6.607810e-07 1.899500e-14
6.609540e-07 1.903500e-14
6.611270e-07 1.903500e-14
6.613000e-07 1.911800e-14
6.614730e-07 1.925800e-14
6.616460e-07 1.932900e-14
6.618190e-07 1.970500e-14
6.619920e-07 1.954700e-14
6.621650e-07 1.915600e-14
6.623380e-07 1.904800e-14
6.625120e-07 1.899300e-14
6.626850e-07 1.893900e-14
6.628580e-07 1.913100e-14
6.630310e-07 1.897200e-14
6.632040e-07 1.888400e-14
6.633770e-07 1.917200e-14
6.635500e-07 1.899300e-14
6.637230e-07 1.896300e-14
6.638960e-07 1.889300e-14
6.640690e-07 1.861200e-14
6.642420e-07 1.850100e-14
6.644150e-07 1.849600e-14
6.645880e-07 1.832700e-14
6.647610e-07 1.828700e-14
6.649340e-07 1.820900e-14
6.651070e-07 1.828100e-14
6.652810e-07 1.792500e-14
6.654540e-07 1.753900e-14
6.656270e-07 1.755900e-14
6.658000e-07 1.756600e-14
6.659730e-07 1.738700e-14
6.661460e-07 1.711400e-14
6.663190e-07 1.692100e-14
6.664920e-07 1.690200e-14
6.666650e-07 1.688600e-14
6.668380e-07 1.726200e-14
6.670110e-07 1.738600e-14
6.671840e-07 1.760000e-14
6.673570e-07 1.744200e-14
6.675300e-07 1.769200e-14
6.677030e-07 1.789700e-14
6.678760e-07 1.749700e-14
6.680500e-07 1.780100e-14
6.682230e-07 1.796100e-14
6.683960e-07 1.837900e-14
6.685690e-07 1.826400e-14
6.687420e-07 1.773200e-14
6.689150e-07 1.674100e-14
6.690880e-07 1.480200e-14
6.692610e-07 1.367500e-14
6.694340e-07 1.259600e-14
6.696070e-07 1.218500e-14
6.697800e-07 1.248000e-14
6.699530e-07 1.307600e-14
6.701260e-07 1.353300e-14
6.702990e-07 1.398200e-14
6.710000e-07 1.827800e-14
6.725460e-07 1.774700e-14
6.740970e-07 1.846400e-14
6.756510e-07 1.788600e-14
6.772080e-07 1.826900e-14
6.787690e-07 1.878900e-14
6.803340e-07 1.824400e-14
6.819030e-07 1.850600e-14
6.834740e-07 1.843000e-14
6.850500e-07 1.810200e-14
6.866290e-07 1.761600e-14
6.882120e-07 1.816000e-14
6.897980e-07 1.837900e-14
6.913890e-07 1.838800e-14
6.929830e-07 1.822700e-14
6.945800e-07 1.887700e-14
6.961810e-07 1.845600e-14
6.977860e-07 1.906900e-14
6.993950e-07 1.921100e-14
7.010070e-07 1.861000e-14
7.026230e-07 1.922900e-14
7.042430e-07 1.919400e-14
7.058660e-07 1.911400e-14
7.074930e-07 1.736100e-14
7.091240e-07 1.748900e-14
7.107590e-07 1.782300e-14
7.123970e-07 1.783200e-14
7.140400e-07 1.719500e-14
7.156860e-07 1.692800e-14
7.173360e-07 1.709300e-14
7.189890e-07 1.694400e-14
7.206460e-07 1.703100e-14
7.223080e-07 1.771900e-14
7.239730e-07 1.797400e-14
7.256420e-07 1.827500e-14
7.273140e-07 1.836800e-14
7.289910e-07 1.775300e-14
7.306720e-07 1.842900e-14
7.323560e-07 1.852300e-14
7.340440e-07 1.883300e-14
7.357370e-07 1.914800e-14
7.374320e-07 1.929100e-14
7.391330e-07 1.934400e-14
7.408360e-07 1.926500e-14
7.425440e-07 1.918600e-14
7.442560e-07 2.010000e-14
7.459720e-07 2.029600e-14
7.476910e-07 1.993600e-14
7.494150e-07 2.041000e-14
7.511430e-07 2.023300e-14
7.528740e-07 2.019700e-14
7.546090e-07 2.053500e-14
7.563490e-07 2.007800e-14
7.580930e-07 1.985800e-14
7.598400e-07 1.946000e-14
7.615920e-07 1.933600e-14
7.633480e-07 1.948000e-14
7.651070e-07 1.900200e-14
7.668710e-07 1.870800e-14
7.686390e-07 1.906500e-14
7.704110e-07 1.885700e-14
7.721870e-07 1.814200e-14
7.739670e-07 1.844600e-14
7.757510e-07 1.738300e-14
7.775390e-07 1.859300e-14
7.793320e-07 1.843200e-14
7.811280e-07 1.874100e-14
7.829290e-07 1.892400e-14
7.847340e-07 1.884700e-14
7.865430e-07 1.907500e-14
7.883560e-07 1.865100e-14
7.901730e-07 1.823500e-14
7.919950e-07 1.799500e-14
7.938200e-07 1.812900e-14
7.956500e-07 1.809600e-14
7.974850e-07 1.865600e-14
7.993230e-07 1.862300e-14
8.011660e-07 1.859000e-14
8.030120e-07 1.912100e-14
8.048640e-07 1.948600e-14
8.067190e-07 1.963200e-14
8.085790e-07 1.906300e-14
8.104430e-07 1.846800e-14
8.123110e-07 1.886500e-14
8.141830e-07 1.870100e-14
8.160610e-07 1.879800e-14
8.179420e-07 1.885100e-14
8.198270e-07 1.886100e-14
8.217170e-07 1.904600e-14
8.236110e-07 1.714100e-14
8.255100e-07 1.982700e-14
8.274130e-07 1.979200e-14
8.293200e-07 1.904300e-14
8.312320e-07 1.828000e-14
8.331480e-07 1.828900e-14
8.350690e-07 1.898600e-14
8.369940e-07 1.890900e-14
8.389230e-07 1.878900e-14
8.408580e-07 1.875600e-14
8.427960e-07 1.868000e-14
8.447380e-07 1.768500e-14
8.466860e-07 1.798200e-14
8.486380e-07 1.832700e-14
8.505940e-07 1.346900e-14
8.525550e-07 1.716200e-14
8.545200e-07 1.647400e-14
8.564900e-07 1.774400e-14
8.584640e-07 1.804200e-14
8.604440e-07 1.796900e-14
8.624270e-07 1.814500e-14
8.644150e-07 1.840800e-14
8.664070e-07 1.754900e-14
8.684050e-07 1.692300e-14
8.704070e-07 1.810200e-14
8.724130e-07 1.857700e-14
8.744250e-07 1.787400e-14
8.764400e-07 1.851200e-14
8.784600e-07 1.856500e-14
8.804860e-07 1.853300e-14
8.825150e-07 1.897500e-14
8.845500e-07 1.838400e-14
8.865890e-07 1.886600e-14
8.886330e-07 1.705800e-14
8.906810e-07 1.762700e-14
8.927340e-07 1.755600e-14
8.947930e-07 1.785100e-14
8.968550e-07 1.782000e-14
8.989220e-07 1.726500e-14
9.009950e-07 1.619600e-14
9.030720e-07 1.696900e-14
9.051530e-07 1.878900e-14
9.072400e-07 1.766700e-14
9.093320e-07 1.808900e-14
9.114280e-07 1.789200e-14
9.135290e-07 1.866000e-14
9.156350e-07 1.750500e-14
9.177460e-07 1.715600e-14
9.198610e-07 1.785100e-14
9.219820e-07 1.670800e-14
9.241070e-07 1.664100e-14
9.262370e-07 1.763700e-14
9.283730e-07 1.822600e-14
9.305130e-07 1.603000e-14
9.326580e-07 1.841600e-14
9.348080e-07 1.834200e-14
9.369630e-07 1.801800e-14
9.391220e-07 1.836400e-14
9.412870e-07 1.808100e-14
9.434580e-07 1.855500e-14
9.456320e-07 1.831200e-14
9.478120e-07 1.874900e-14
9.499970e-07 1.880400e-14
9.521870e-07 1.855700e-14
9.543820e-07 1.827100e-14
9.565820e-07 1.849400e-14
9.587870e-07 1.880600e-14
9.609970e-07 1.855900e-14
9.632130e-07 1.869900e-14
9.654330e-07 1.832600e-14
9.676590e-07 1.837900e-14
9.698890e-07 1.864600e-14
9.721260e-07 1.806600e-14
9.743660e-07 1.807700e-14
9.766120e-07 1.817100e-14
9.788630e-07 1.789200e-14
9.811200e-07 1.840400e-14
9.833820e-07 1.824600e-14
9.856490e-07 1.834200e-14
9.879210e-07 1.822700e-14
9.901980e-07 1.794600e-14
9.924810e-07 1.816500e-14
9.947690e-07 1.821800e-14
9.970630e-07 1.827200e-14
9.993610e-07 1.819900e-14
1.001665e-06 1.829400e-14
1.008607e-06 1.811900e-14
1.013264e-06 1.830900e-14
1.017940e-06 1.816400e-14
1.022639e-06 1.822900e-14
1.027359e-06 1.829400e-14
1.029728e-06 1.822100e-14
1.048872e-06 1.774400e-14
1.070834e-06 1.702400e-14
1.090742e-06 1.648400e-14
1.111021e-06 1.570600e-14
1.129074e-06 1.538400e-14
1.150065e-06 1.527800e-14
1.168752e-06 1.482700e-14
1.190480e-06 1.429100e-14
1.209824e-06 1.399800e-14
1.229482e-06 1.377400e-14
1.249459e-06 1.336800e-14
1.269761e-06 1.306400e-14
1.290394e-06 1.273700e-14
1.311362e-06 1.250400e-14
1.329605e-06 1.210800e-14
1.351209e-06 1.185900e-14
1.370005e-06 1.164300e-14
1.389063e-06 1.117000e-14
1.408387e-06 1.066700e-14
1.431272e-06 1.052100e-14
1.451183e-06 1.059400e-14
1.471371e-06 1.021100e-14
1.488409e-06 1.032900e-14
1.509115e-06 1.040100e-14
1.530109e-06 1.057000e-14
1.551395e-06 1.044900e-14
1.569358e-06 1.030500e-14
1.591190e-06 9.978400e-15
1.609616e-06 1.000100e-14
1.628255e-06 9.909700e-15
1.650906e-06 9.796300e-15
1.670023e-06 9.661900e-15
1.689360e-06 9.529300e-15
1.708922e-06 9.269600e-15
1.728711e-06 8.913800e-15
1.748729e-06 8.591400e-15
1.768977e-06 8.223600e-15
1.789461e-06 7.889700e-15
1.810182e-06 7.517300e-15
1.831144e-06 7.295600e-15
1.848086e-06 7.031700e-15
1.869486e-06 6.730700e-15
1.891134e-06 6.517200e-15
1.908631e-06 6.398300e-15
1.930733e-06 6.181000e-15
1.948599e-06 5.930100e-15
1.971163e-06 5.715600e-15
1.989401e-06 5.521600e-15
2.007809e-06 5.433300e-15
2.031057e-06 5.236800e-15
2.049851e-06 5.153000e-15
2.068819e-06 5.012600e-15
2.087960e-06 4.898500e-15
2.112138e-06 4.809100e-15
2.131682e-06 4.699600e-15
2.151405e-06 4.592600e-15
2.171312e-06 4.446900e-15
2.191404e-06 4.355700e-15
2.211680e-06 4.217600e-15
2.232145e-06 4.102600e-15
2.247616e-06 4.000000e-15
2.268414e-06 3.882100e-15
2.289402e-06 3.467900e-15
2.310587e-06 3.428200e-15
2.331967e-06 2.985800e-15
2.348131e-06 2.805800e-15
2.369859e-06 2.844900e-15
2.391785e-06 2.606500e-15
2.408366e-06 2.518000e-15
2.430648e-06 2.477800e-15
2.447498e-06 2.296500e-15
2.470143e-06 2.254600e-15
2.487267e-06 1.879600e-15
2.510279e-06 1.845300e-15
2.527681e-06 1.858100e-15
2.551071e-06 1.841000e-15
2.568753e-06 1.870900e-15
2.592522e-06 1.836800e-15
2.610491e-06 1.836800e-15
2.628588e-06 1.786700e-15
2.652908e-06 1.762200e-15
2.671299e-06 1.730100e-15
2.689814e-06 1.702400e-15
2.708458e-06 1.671300e-15
2.727233e-06 1.637000e-15
2.752469e-06 1.610900e-15
2.771547e-06 1.570600e-15
2.790757e-06 1.549000e-15
2.810104e-06 1.517300e-15
2.829581e-06 1.489600e-15
2.849196e-06 1.459000e-15
2.868945e-06 1.429100e-15
2.888833e-06 1.403000e-15
2.908856e-06 1.374200e-15
2.929021e-06 1.346100e-15
2.949322e-06 1.318400e-15
2.969768e-06 1.297400e-15
2.990352e-06 1.267800e-15
3.011078e-06 1.247600e-15
3.031952e-06 1.224800e-15
3.052967e-06 1.210800e-15
3.067061e-06 1.194200e-15
3.088319e-06 1.175100e-15
3.109729e-06 1.158900e-15
3.131283e-06 1.143000e-15
3.152989e-06 1.124800e-15
3.167542e-06 1.106800e-15
3.189497e-06 1.091600e-15
3.211607e-06 1.074100e-15
3.226430e-06 1.059400e-15
3.248793e-06 1.044900e-15
3.271314e-06 1.032900e-15
3.286413e-06 1.028200e-15
3.309196e-06 1.011700e-15
3.332132e-06 9.818900e-16
3.347511e-06 9.639700e-16
3.370717e-06 9.442000e-16
3.386274e-06 9.248300e-16
3.409749e-06 9.079500e-16
3.433383e-06 8.934300e-16
3.449229e-06 8.771300e-16
3.473140e-06 8.591400e-16
3.489171e-06 8.434600e-16
3.513358e-06 8.299700e-16
3.529574e-06 8.129500e-16
3.554038e-06 7.981100e-16
3.570446e-06 7.835400e-16
3.586925e-06 7.692400e-16
3.611786e-06 7.552000e-16
3.628460e-06 7.414200e-16
3.653610e-06 7.262100e-16
3.670477e-06 7.113100e-16
3.687418e-06 6.967300e-16
3.712976e-06 6.824400e-16
3.730117e-06 6.715200e-16
3.747333e-06 6.562400e-16
3.773307e-06 6.472300e-16
3.790726e-06 6.339600e-16
3.808222e-06 6.223900e-16
3.825799e-06 6.124400e-16
3.852320e-06 6.012600e-16
3.870101e-06 5.889300e-16
3.887963e-06 5.781800e-16
3.905912e-06 5.676300e-16
3.932985e-06 5.572700e-16
3.951137e-06 5.458400e-16
3.969378e-06 5.358700e-16
3.987698e-06 5.236800e-16
4.006103e-06 5.153000e-16
4.033874e-06 5.070600e-16
4.052493e-06 4.966600e-16
4.071197e-06 4.876000e-16
4.089992e-06 4.798000e-16
4.108869e-06 4.721300e-16
4.127833e-06 4.645800e-16
4.146890e-06 4.561000e-16
4.166029e-06 4.477800e-16
4.185258e-06 4.396000e-16
4.214271e-06 4.315800e-16
4.233722e-06 4.266400e-16
4.253262e-06 4.188500e-16
4.272898e-06 4.121600e-16
4.292619e-06 3.945100e-16
4.312431e-06 3.767600e-16
4.332335e-06 3.758900e-16
4.352335e-06 3.598000e-16
4.372424e-06 3.524200e-16
4.392604e-06 2.984400e-16
4.412883e-06 2.945400e-16
4.433251e-06 2.906100e-16
4.453712e-06 2.866700e-16
4.474273e-06 2.827400e-16
4.494924e-06 2.790600e-16
4.505285e-06 2.772100e-16
4.526079e-06 2.735100e-16
4.546974e-06 2.697800e-16
4.567960e-06 2.661200e-16
4.589043e-06 2.626400e-16
4.610229e-06 2.591400e-16
4.631507e-06 2.556200e-16
4.652884e-06 2.520900e-16
4.674364e-06 2.488100e-16
4.685139e-06 2.471600e-16
4.706763e-06 2.438500e-16
4.728487e-06 2.405300e-16
4.750316e-06 2.372400e-16
4.772241e-06 2.341300e-16
4.794267e-06 2.310100e-16
4.805318e-06 2.294500e-16
4.827502e-06 2.263000e-16
4.849783e-06 2.232400e-16
4.872167e-06 2.203000e-16
4.894660e-06 2.173500e-16
4.905942e-06 2.158700e-16
4.928585e-06 2.129000e-16
4.951333e-06 2.100500e-16
4.974191e-06 2.072800e-16
4.985657e-06 2.058800e-16
5.008668e-06 2.030900e-16
5.031786e-06 2.002800e-16
5.055015e-06 1.976300e-16
5.066667e-06 1.963200e-16
5.078346e-06 1.950100e-16
5.090052e-06 1.936900e-16
5.101785e-06 1.923700e-16
5.113545e-06 1.910500e-16
5.125338e-06 1.897200e-16
5.137152e-06 1.883900e-16
5.148993e-06 1.871600e-16
5.160862e-06 1.859200e-16
5.172758e-06 1.846900e-16
5.184682e-06 1.834400e-16
5.196639e-06 1.822000e-16
5.208617e-06 1.809500e-16
5.220623e-06 1.797000e-16
5.232658e-06 1.784500e-16
5.244719e-06 1.772300e-16
5.256809e-06 1.760700e-16
5.268926e-06 1.749000e-16
5.281077e-06 1.737300e-16
5.293250e-06 1.725600e-16
5.305452e-06 1.713800e-16
5.317681e-06 1.702000e-16
5.329939e-06 1.690200e-16
5.342224e-06 1.678400e-16
5.354539e-06 1.667200e-16
5.366887e-06 1.656200e-16
5.379258e-06 1.645100e-16
5.391658e-06 1.634100e-16
5.404086e-06 1.623000e-16
5.416543e-06 1.611900e-16
5.429028e-06 1.600800e-16
5.441548e-06 1.589600e-16
5.454091e-06 1.578600e-16
5.466664e-06 1.568200e-16
5.479265e-06 1.557800e-16
5.491895e-06 1.547300e-16
5.504554e-06 1.536900e-16
5.517243e-06 1.526400e-16
5.529966e-06 1.515900e-16
5.542713e-06 1.505400e-16
5.555490e-06 1.494800e-16
5.568295e-06 1.484700e-16
5.581131e-06 1.474900e-16
5.593995e-06 1.465100e-16
5.606896e-06 1.455200e-16
5.619821e-06 1.445400e-16
5.632775e-06 1.435500e-16
5.645758e-06 1.425500e-16
5.658772e-06 1.415600e-16
5.671816e-06 1.405600e-16
5.684890e-06 1.396400e-16
5.698001e-06 1.387100e-16
5.711135e-06 1.377800e-16
5.724299e-06 1.368500e-16
5.737494e-06 1.359200e-16
5.750719e-06 1.349800e-16
5.763975e-06 1.340500e-16
5.777262e-06 1.331100e-16
5.790585e-06 1.321900e-16
5.803933e-06 1.313200e-16
5.817311e-06 1.304400e-16
5.830721e-06 1.295600e-16
5.844161e-06 1.286800e-16
5.857632e-06 1.278000e-16
5.871141e-06 1.269200e-16
5.884674e-06 1.260300e-16
5.898239e-06 1.251500e-16
5.911835e-06 1.243100e-16
5.925462e-06 1.234800e-16
5.939120e-06 1.226600e-16
5.952811e-06 1.218300e-16
5.966539e-06 1.209900e-16
5.980292e-06 1.201600e-16
5.994077e-06 1.193300e-16
6.007894e-06 1.184900e-16
6.021742e-06 1.176600e-16
6.035623e-06 1.168900e-16
6.049542e-06 1.161100e-16
6.063487e-06 1.153200e-16
6.077464e-06 1.145400e-16
6.091472e-06 1.137600e-16
6.105514e-06 1.129700e-16
6.119588e-06 1.121800e-16
6.133693e-06 1.113900e-16
6.147839e-06 1.106300e-16
6.162010e-06 1.099000e-16
6.176214e-06 1.091600e-16
6.190451e-06 1.084200e-16
6.204720e-06 1.076800e-16
6.219022e-06 1.069400e-16
6.233365e-06 1.062000e-16
6.247733e-06 1.054500e-16
6.262134e-06 1.047100e-16
6.276569e-06 1.040100e-16
6.291037e-06 1.033200e-16
6.305538e-06 1.026200e-16
6.320073e-06 1.019300e-16
6.334648e-06 1.012300e-16
6.349250e-06 1.005300e-16
6.363885e-06 9.982500e-17
6.378554e-06 9.912200e-17
6.393258e-06 9.843700e-17
6.407994e-06 9.778300e-17
6.422765e-06 9.712700e-17
6.437577e-06 9.647000e-17
6.452416e-06 9.581200e-17
6.467290e-06 9.515200e-17
6.482198e-06 9.449000e-17
6.497139e-06 9.382700e-17
6.512115e-06 9.316300e-17
6.527133e-06 9.253500e-17
6.542179e-06 9.191800e-17
6.557260e-06 9.129900e-17
6.572374e-06 9.067800e-17
6.587524e-06 9.005600e-17
6.602708e-06 8.943300e-17
6.617928e-06 8.880800e-17
6.633190e-06 8.818200e-17
6.648481e-06 8.756300e-17
6.663806e-06 8.698100e-17
6.679167e-06 8.639800e-17
6.694562e-06 8.581300e-17
6.709994e-06 8.522700e-17
6.725468e-06 8.464000e-17
6.740971e-06 8.405100e-17
6.756509e-06 8.346100e-17
6.772083e-06 8.287000e-17
6.787693e-06 8.230300e-17
6.803340e-06 8.175400e-17
6.819022e-06 8.120300e-17
6.834748e-06 8.065100e-17
6.850502e-06 8.009700e-17
6.866293e-06 7.954300e-17
6.882120e-06 7.898700e-17
6.897984e-06 7.843000e-17
6.913885e-06 7.787100e-17
6.929829e-06 7.735300e-17
6.945803e-06 7.683400e-17
6.961813e-06 7.631400e-17
6.977861e-06 7.579300e-17
6.993945e-06 7.527000e-17
7.010067e-06 7.474600e-17
7.026226e-06 7.422200e-17
7.042429e-06 7.369500e-17
7.058662e-06 7.318300e-17
7.074934e-06 7.269400e-17
7.091241e-06 7.220500e-17
7.107587e-06 7.171400e-17
7.123971e-06 7.122100e-17
7.140392e-06 7.072800e-17
7.156859e-06 7.023400e-17
7.173356e-06 6.973800e-17
7.189891e-06 6.924100e-17
7.206465e-06 6.877300e-17
7.223076e-06 6.831100e-17
7.239726e-06 6.784900e-17
7.256422e-06 6.738500e-17
7.273148e-06 6.692000e-17
7.289913e-06 6.645500e-17
7.306717e-06 6.598800e-17
7.323559e-06 6.552000e-17
7.340441e-06 6.505800e-17
7.357361e-06 6.462300e-17
7.374328e-06 6.418700e-17
7.391327e-06 6.375100e-17
7.408364e-06 6.331300e-17
7.425441e-06 6.287400e-17
7.442557e-06 6.243500e-17
7.459713e-06 6.199400e-17
7.476916e-06 6.155200e-17
7.494151e-06 6.112900e-17
7.511425e-06 6.071900e-17
7.528740e-06 6.030700e-17
7.546095e-06 5.989500e-17
7.563488e-06 5.948200e-17
7.580923e-06 5.906800e-17
7.598406e-06 5.865300e-17
7.615921e-06 5.823700e-17
7.633476e-06 5.782000e-17
7.651072e-06 5.743300e-17
7.668708e-06 5.704600e-17
7.686385e-06 5.665700e-17
7.704103e-06 5.626800e-17
7.721869e-06 5.587800e-17
7.739669e-06 5.548700e-17
7.757509e-06 5.509600e-17
7.775391e-06 5.470300e-17
7.793314e-06 5.432100e-17
7.811278e-06 5.395600e-17
7.829292e-06 5.359000e-17
7.847339e-06 5.322400e-17
7.865428e-06 5.285700e-17
7.883558e-06 5.248900e-17
7.901731e-06 5.212000e-17
7.919944e-06 5.175000e-17
7.938200e-06 5.137900e-17
7.956508e-06 5.103000e-17
7.974848e-06 5.068500e-17
7.993230e-06 5.034000e-17
8.011655e-06 4.999500e-17
8.030122e-06 4.964800e-17
8.048632e-06 4.930100e-17
8.067194e-06 4.895200e-17
8.085789e-06 4.860300e-17
8.104428e-06 4.825800e-17
8.123109e-06 4.793400e-17
8.141834e-06 4.760900e-17
8.160601e-06 4.728400e-17
8.179412e-06 4.695800e-17
8.198275e-06 4.663000e-17
8.217173e-06 4.630200e-17
8.236113e-06 4.597400e-17
8.255098e-06 4.564400e-17
8.274127e-06 4.532900e-17
8.293200e-06 4.502300e-17
8.312325e-06 4.471600e-17
8.331486e-06 4.440900e-17
8.350691e-06 4.410100e-17
8.369939e-06 4.379300e-17
8.389233e-06 4.348300e-17
8.408570e-06 4.317300e-17
8.427952e-06 4.286200e-17
8.447389e-06 4.257400e-17
8.466861e-06 4.228500e-17
8.486377e-06 4.199600e-17
8.505939e-06 4.170600e-17
8.525546e-06 4.141500e-17
8.545198e-06 4.112400e-17
8.564895e-06 4.083200e-17
8.584647e-06 4.053900e-17
8.604435e-06 4.025500e-17
8.624270e-06 3.998300e-17
8.644149e-06 3.971100e-17
8.664074e-06 3.943800e-17
8.684046e-06 3.916400e-17
8.704073e-06 3.889000e-17
8.724136e-06 3.861500e-17
8.744245e-06 3.834000e-17
8.764402e-06 3.806300e-17
8.784605e-06 3.780300e-17
8.804853e-06 3.754700e-17
8.825149e-06 3.729000e-17
8.845502e-06 3.703200e-17
8.865891e-06 3.677400e-17
8.886328e-06 3.651500e-17
8.906812e-06 3.625600e-17
8.927342e-06 3.599600e-17
8.947920e-06 3.573900e-17
8.968556e-06 3.549800e-17
8.989229e-06 3.525600e-17
9.009950e-06 3.501400e-17
9.030718e-06 3.477100e-17
9.051535e-06 3.452700e-17
9.072399e-06 3.428300e-17
9.093311e-06 3.403900e-17
9.114282e-06 3.379300e-17
9.135291e-06 3.355800e-17
9.156349e-06 3.333100e-17
9.177455e-06 3.310300e-17
9.198610e-06 3.287400e-17
9.219813e-06 3.264500e-17
9.241076e-06 3.241500e-17
9.262377e-06 3.218500e-17
9.283727e-06 3.195400e-17
9.305127e-06 3.172300e-17
9.326576e-06 3.150800e-17
9.348075e-06 3.129300e-17
9.369623e-06 3.107800e-17
9.391230e-06 3.086200e-17
9.412878e-06 3.064600e-17
9.434575e-06 3.043000e-17
9.456322e-06 3.021200e-17
9.478120e-06 2.999500e-17
9.499968e-06 2.978300e-17
9.521866e-06 2.958100e-17
9.543825e-06 2.937800e-17
9.565824e-06 2.917500e-17
9.587874e-06 2.897200e-17
9.609975e-06 2.876800e-17
9.632126e-06 2.856300e-17
9.654329e-06 2.835900e-17
9.676594e-06 2.815300e-17
9.698899e-06 2.796000e-17
9.721256e-06 2.776900e-17
9.743664e-06 2.757800e-17
9.766124e-06 2.738600e-17
9.788635e-06 2.719500e-17
9.811199e-06 2.700200e-17
9.833825e-06 2.680900e-17
9.856492e-06 2.661600e-17
9.879213e-06 2.642500e-17
9.901985e-06 2.624600e-17
9.924810e-06 2.606600e-17
9.947687e-06 2.588600e-17
9.970628e-06 2.570500e-17
9.993611e-06 2.552400e-17
1.001665e-05 2.534300e-17
1.003974e-05 2.516100e-17
1.006288e-05 2.497900e-17
1.008607e-05 2.480400e-17
1.010932e-05 2.463500e-17
1.013264e-05 2.446600e-17
1.015599e-05 2.429600e-17
1.017940e-05 2.412500e-17
1.020287e-05 2.395500e-17
1.022639e-05 2.378400e-17
1.024996e-05 2.361200e-17
1.027359e-05 2.344000e-17
1.029728e-05 2.328100e-17
1.032101e-05 2.312100e-17
1.034480e-05 2.296200e-17
1.036865e-05 2.280100e-17
1.039255e-05 2.264100e-17
1.041651e-05 2.248000e-17
1.044053e-05 2.231900e-17
1.046459e-05 2.215700e-17
1.048872e-05 2.199900e-17
1.051289e-05 2.184900e-17
1.053713e-05 2.169900e-17
1.056142e-05 2.154800e-17
1.058576e-05 2.139700e-17
1.061017e-05 2.124600e-17
1.063463e-05 2.109400e-17
1.065914e-05 2.094200e-17
1.068371e-05 2.078900e-17
1.070834e-05 2.064600e-17
1.073302e-05 2.050400e-17
1.075778e-05 2.036200e-17
1.078257e-05 2.022000e-17
1.080743e-05 2.007800e-17
1.083234e-05 1.993500e-17
1.085731e-05 1.979200e-17
1.088234e-05 1.964900e-17
1.090742e-05 1.950700e-17
1.093258e-05 1.937400e-17
1.095778e-05 1.924000e-17
1.098303e-05 1.910700e-17
1.100835e-05 1.897300e-17
1.103373e-05 1.883800e-17
1.105916e-05 1.870400e-17
1.108466e-05 1.856900e-17
1.111022e-05 1.843400e-17
1.113582e-05 1.830400e-17
1.116149e-05 1.817900e-17
1.118722e-05 1.805300e-17
1.121301e-05 1.792700e-17
1.123886e-05 1.780100e-17
1.126477e-05 1.767400e-17
1.129074e-05 1.754700e-17
1.131677e-05 1.742000e-17
1.134285e-05 1.729200e-17
1.136900e-05 1.717400e-17
1.139521e-05 1.705600e-17
1.142147e-05 1.693700e-17
1.144781e-05 1.681900e-17
1.147420e-05 1.670000e-17
1.150065e-05 1.658000e-17
1.152716e-05 1.646100e-17
1.155373e-05 1.634100e-17
1.158036e-05 1.622400e-17
1.160707e-05 1.611300e-17
1.163382e-05 1.600100e-17
1.166064e-05 1.589000e-17
1.168752e-05 1.577800e-17
1.171446e-05 1.566500e-17
1.174146e-05 1.555300e-17
1.176853e-05 1.544000e-17
1.179567e-05 1.532700e-17
1.182286e-05 1.522100e-17
1.185011e-05 1.511600e-17
1.187742e-05 1.501100e-17
1.190480e-05 1.490500e-17
1.193224e-05 1.480000e-17
1.195976e-05 1.469400e-17
1.198733e-05 1.458800e-17
1.201496e-05 1.448200e-17
1.204266e-05 1.437700e-17
1.207042e-05 1.427800e-17
1.209824e-05 1.417900e-17
1.212613e-05 1.408000e-17
1.215409e-05 1.398100e-17
1.218211e-05 1.388100e-17
1.221019e-05 1.378200e-17
1.223833e-05 1.368200e-17
1.226654e-05 1.358200e-17
1.229482e-05 1.348600e-17
1.232317e-05 1.339300e-17
1.235158e-05 1.330000e-17
1.238005e-05 1.320600e-17
1.240859e-05 1.311300e-17
1.243719e-05 1.301900e-17
1.246586e-05 1.292500e-17
1.249459e-05 1.283100e-17
1.252341e-05 1.273600e-17
1.255227e-05 1.264900e-17
1.258121e-05 1.256100e-17
1.261021e-05 1.247400e-17
1.263928e-05 1.238600e-17
1.266841e-05 1.229700e-17
1.269761e-05 1.220900e-17
1.272689e-05 1.212100e-17
1.275623e-05 1.203200e-17
1.278564e-05 1.194500e-17
1.281511e-05 1.186300e-17
1.284465e-05 1.178100e-17
1.287425e-05 1.169800e-17
1.290394e-05 1.161500e-17
1.293369e-05 1.153200e-17
1.296350e-05 1.144900e-17
1.299338e-05 1.136500e-17
1.302334e-05 1.128200e-17
1.305335e-05 1.120300e-17
1.308344e-05 1.112500e-17
1.311362e-05 1.104700e-17
1.314385e-05 1.097000e-17
1.317414e-05 1.089200e-17
1.320451e-05 1.081300e-17
1.323495e-05 1.073500e-17
1.326545e-05 1.065600e-17
1.329605e-05 1.057800e-17
1.332670e-05 1.050500e-17
1.335741e-05 1.043200e-17
1.338820e-05 1.035900e-17
1.341906e-05 1.028600e-17
1.345000e-05 1.021200e-17
1.348100e-05 1.013800e-17
1.351209e-05 1.006500e-17
1.354323e-05 9.990400e-18
1.357445e-05 9.919500e-18
1.360574e-05 9.850800e-18
1.363710e-05 9.782000e-18
1.366854e-05 9.713000e-18
1.370005e-05 9.643800e-18
1.373164e-05 9.574500e-18
1.376329e-05 9.505000e-18
1.379502e-05 9.435400e-18
1.382682e-05 9.365600e-18
1.385869e-05 9.300900e-18
1.389064e-05 9.236200e-18
1.392267e-05 9.171300e-18
1.395476e-05 9.106300e-18
1.398693e-05 9.041200e-18
1.401917e-05 8.975900e-18
1.405148e-05 8.910400e-18
1.408387e-05 8.844800e-18
1.411634e-05 8.781000e-18
1.414889e-05 8.720200e-18
1.418151e-05 8.659200e-18
1.421420e-05 8.598100e-18
1.424696e-05 8.536900e-18
1.427980e-05 8.475500e-18
1.431272e-05 8.414000e-18
1.434573e-05 8.352300e-18
1.437879e-05 8.290500e-18
1.441194e-05 8.232300e-18
1.444516e-05 8.175000e-18
1.447845e-05 8.117600e-18
1.451183e-05 8.060100e-18
1.454528e-05 8.002400e-18
1.457882e-05 7.944600e-18
1.461243e-05 7.886600e-18
1.464611e-05 7.828500e-18
1.467987e-05 7.771100e-18
1.471371e-05 7.717300e-18
1.474763e-05 7.663400e-18
1.478164e-05 7.609300e-18
1.481571e-05 7.555100e-18
1.484986e-05 7.500700e-18
1.488409e-05 7.446300e-18
1.491840e-05 7.391700e-18
1.495279e-05 7.337000e-18
1.498725e-05 7.284600e-18
1.502182e-05 7.233900e-18
1.505644e-05 7.183100e-18
1.509115e-05 7.132200e-18
1.512594e-05 7.081100e-18
1.516080e-05 7.030000e-18
1.519575e-05 6.978700e-18
1.523078e-05 6.927300e-18
1.526590e-05 6.875800e-18
1.530109e-05 6.828000e-18
1.533636e-05 6.780300e-18
1.537171e-05 6.732400e-18
1.540715e-05 6.684500e-18
1.544266e-05 6.636400e-18
1.547827e-05 6.588200e-18
1.551395e-05 6.539900e-18
1.554971e-05 6.491500e-18
1.558555e-05 6.444400e-18
1.562148e-05 6.399500e-18
1.565749e-05 6.354600e-18
1.569358e-05 6.309500e-18
1.572977e-05 6.264300e-18
1.576603e-05 6.219100e-18
1.580237e-05 6.173700e-18
1.583880e-05 6.128200e-18
1.587531e-05 6.082600e-18
1.591190e-05 6.039700e-18
1.594860e-05 5.997400e-18
1.598536e-05 5.955100e-18
1.602221e-05 5.912700e-18
1.605914e-05 5.870100e-18
1.609616e-05 5.827500e-18
1.613326e-05 5.784800e-18
1.617045e-05 5.742000e-18
1.620774e-05 5.699600e-18
1.624510e-05 5.659900e-18
1.628255e-05 5.620200e-18
1.632008e-05 5.580300e-18
1.635770e-05 5.540400e-18
1.639540e-05 5.500300e-18
1.643321e-05 5.460200e-18
1.647109e-05 5.419900e-18
1.650906e-05 5.379600e-18
1.654712e-05 5.341000e-18
1.658526e-05 5.303600e-18
1.662349e-05 5.266200e-18
1.666181e-05 5.228700e-18
1.670023e-05 5.191000e-18
1.673873e-05 5.153300e-18
1.677731e-05 5.115600e-18
1.681598e-05 5.077700e-18
1.685475e-05 5.039700e-18
1.689360e-05 5.004500e-18
1.693254e-05 4.969400e-18
1.697159e-05 4.934100e-18
1.701071e-05 4.898800e-18
1.704992e-05 4.863400e-18
1.708922e-05 4.827900e-18
1.712861e-05 4.792300e-18
1.716810e-05 4.756600e-18
1.720769e-05 4.721900e-18
1.724735e-05 4.688900e-18
1.728711e-05 4.655800e-18
1.732696e-05 4.622600e-18
1.736690e-05 4.589300e-18
1.740693e-05 4.556000e-18
1.744705e-05 4.522600e-18
1.748729e-05 4.489100e-18
1.752760e-05 4.455500e-18
1.756800e-05 4.423900e-18
1.760850e-05 4.392800e-18
1.764908e-05 4.361600e-18
1.768977e-05 4.330400e-18
1.773056e-05 4.299100e-18
1.777143e-05 4.267700e-18
1.781240e-05 4.236300e-18
1.785346e-05 4.204700e-18
1.789461e-05 4.173600e-18
1.793586e-05 4.144400e-18
1.797720e-05 4.115100e-18
1.801866e-05 4.085700e-18
1.806019e-05 4.056300e-18
1.810182e-05 4.026900e-18
1.814355e-05 3.997300e-18
1.818537e-05 3.967700e-18
1.822729e-05 3.938100e-18
1.826930e-05 3.909600e-18
1.831144e-05 3.882100e-18
1.835365e-05 3.854600e-18
1.839595e-05 3.827000e-18
1.843836e-05 3.799300e-18
1.848086e-05 3.771600e-18
1.852346e-05 3.743800e-18
1.856618e-05 3.715900e-18
1.860897e-05 3.688000e-18
1.865187e-05 3.662100e-18
1.869486e-05 3.636200e-18
1.873796e-05 3.610300e-18
1.878115e-05 3.584300e-18
1.882444e-05 3.558300e-18
1.886785e-05 3.532200e-18
1.891134e-05 3.506000e-18
1.895494e-05 3.479800e-18
1.899863e-05 3.454300e-18
1.904242e-05 3.430000e-18
1.908632e-05 3.405600e-18
1.913033e-05 3.381200e-18
1.917443e-05 3.356800e-18
1.921863e-05 3.332300e-18
1.926293e-05 3.307700e-18
1.930733e-05 3.283100e-18
1.935183e-05 3.258400e-18
1.939644e-05 3.235200e-18
1.944117e-05 3.212300e-18
1.948599e-05 3.189400e-18
1.953090e-05 3.166400e-18
1.957592e-05 3.143400e-18
1.962105e-05 3.120400e-18
1.966628e-05 3.097200e-18
1.971163e-05 3.074100e-18
1.975706e-05 3.051200e-18
1.980261e-05 3.029700e-18
1.984825e-05 3.008200e-18
1.989400e-05 2.986600e-18
1.993986e-05 2.965000e-18
1.998582e-05 2.943400e-18
2.003192e-05 2.921700e-18
2.007809e-05 2.899900e-18
2.012437e-05 2.878100e-18
2.017076e-05 2.857200e-18
2.021726e-05 2.837100e-18
2.026386e-05 2.816800e-18
2.031057e-05 2.796600e-18
2.035741e-05 2.776200e-18
2.040433e-05 2.755800e-18
2.045136e-05 2.735400e-18
2.049851e-05 2.715000e-18
2.054576e-05 2.694400e-18
2.059312e-05 2.675500e-18
2.064061e-05 2.656500e-18
2.068819e-05 2.637400e-18
2.073587e-05 2.618300e-18
2.078367e-05 2.599200e-18
2.083158e-05 2.580000e-18
2.087960e-05 2.560800e-18
2.092773e-05 2.541600e-18
2.097599e-05 2.522800e-18
2.102434e-05 2.505000e-18
2.107280e-05 2.487100e-18
2.112138e-05 2.469200e-18
2.117006e-05 2.451300e-18
2.121886e-05 2.433300e-18
2.126780e-05 2.415300e-18
2.131682e-05 2.397200e-18
2.136596e-05 2.379100e-18
2.141521e-05 2.362000e-18
2.146457e-05 2.345200e-18
2.151405e-05 2.328400e-18
2.156364e-05 2.311600e-18
2.161337e-05 2.294700e-18
2.166319e-05 2.277800e-18
2.171313e-05 2.260800e-18
2.176318e-05 2.243800e-18
2.181334e-05 2.227000e-18
2.186362e-05 2.211300e-18
2.191404e-05 2.195500e-18
2.196456e-05 2.179700e-18
2.201519e-05 2.163800e-18
2.206593e-05 2.147900e-18
2.211680e-05 2.132000e-18
2.216778e-05 2.116100e-18
2.221888e-05 2.100100e-18
2.227012e-05 2.084800e-18
2.232145e-05 2.070000e-18
2.237290e-05 2.055100e-18
2.242447e-05 2.040300e-18
2.247616e-05 2.025400e-18
2.252797e-05 2.010400e-18
2.257990e-05 1.995400e-18
2.263198e-05 1.980400e-18
2.268414e-05 1.965400e-18
2.273643e-05 1.951500e-18
2.278884e-05 1.937500e-18
2.284137e-05 1.923600e-18
2.289402e-05 1.909600e-18
2.294682e-05 1.895600e-18
2.299971e-05 1.881500e-18
2.305273e-05 1.867400e-18
2.310587e-05 1.853300e-18
2.315913e-05 1.839600e-18
2.321251e-05 1.826500e-18
2.326602e-05 1.813400e-18
2.331967e-05 1.800300e-18
2.337343e-05 1.787200e-18
2.342730e-05 1.774000e-18
2.348131e-05 1.760800e-18
2.353543e-05 1.747500e-18
2.358968e-05 1.734200e-18
2.364409e-05 1.721700e-18
2.369859e-05 1.709500e-18
2.375321e-05 1.697100e-18
2.380797e-05 1.684800e-18
2.386285e-05 1.672400e-18
2.391785e-05 1.660000e-18
2.397298e-05 1.647600e-18
2.402827e-05 1.635100e-18
2.408366e-05 1.622800e-18
2.413917e-05 1.611300e-18
2.419481e-05 1.599800e-18
2.425058e-05 1.588200e-18
2.430648e-05 1.576600e-18
2.436251e-05 1.564900e-18
2.441870e-05 1.553300e-18
2.447498e-05 1.541600e-18
2.453140e-05 1.529900e-18
2.458795e-05 1.518700e-18
2.464462e-05 1.507800e-18
2.470143e-05 1.497000e-18
2.475839e-05 1.486100e-18
2.481547e-05 1.475200e-18
2.487267e-05 1.464200e-18
2.493000e-05 1.453300e-18
2.498747e-05 1.442300e-18
2.556951e-05 1.339200e-18
2.616509e-05 1.244000e-18
2.677457e-05 1.155300e-18
2.739821e-05 1.072700e-18
2.803641e-05 9.958000e-19
2.868944e-05 9.241700e-19
2.935772e-05 8.575900e-19
3.004154e-05 7.962200e-19
3.074131e-05 7.390900e-19
3.145735e-05 6.859000e-19
3.219010e-05 6.363900e-19
3.293989e-05 5.903200e-19
3.370717e-05 5.474500e-19
