1.020000e-08 3.060100e-23
1.039000e-08 3.721700e-23
1.060800e-08 4.696100e-23
1.080500e-08 5.939400e-23
1.100600e-08 9.435000e-23
1.139300e-08 1.405200e-22
1.179300e-08 1.971200e-22
1.209500e-08 5.633000e-22
1.249200e-08 7.902100e-22
1.269500e-08 9.262800e-22
1.281200e-08 1.006300e-21
1.311000e-08 1.255300e-21
1.320100e-08 1.441300e-21
1.338500e-08 1.658600e-21
1.369700e-08 2.161400e-21
1.401600e-08 2.646900e-21
1.430900e-08 4.495100e-21
1.471000e-08 7.357700e-21
1.508800e-08 9.348500e-21
1.551000e-08 1.185100e-20
1.590800e-08 1.491900e-20
1.620400e-08 1.765000e-20
1.658100e-08 2.186500e-20
1.700700e-08 2.671400e-20
1.728300e-08 3.102700e-20
1.768600e-08 3.747500e-20
1.801400e-08 4.292800e-20
1.818100e-08 4.707000e-20
1.860500e-08 5.607100e-20
1.908200e-08 6.882400e-20
1.939200e-08 7.775700e-20
1.979800e-08 9.093700e-20
2.021200e-08 1.058600e-19
2.049400e-08 1.179600e-19
2.101900e-08 1.370100e-19
2.160800e-08 1.720800e-19
2.201000e-08 1.962200e-19
2.231600e-08 2.146600e-19
2.267900e-08 2.436400e-19
2.299400e-08 3.879200e-19
2.342200e-08 6.542500e-19
2.402300e-08 9.031100e-19
2.458200e-08 9.744100e-19
2.521300e-08 1.121400e-18
2.568100e-08 1.013300e-18
2.597900e-08 1.238100e-18
2.640100e-08 1.373200e-18
2.689200e-08 1.474800e-18
2.739200e-08 1.580300e-18
2.790100e-08 1.681700e-18
2.842000e-08 1.797800e-18
2.901500e-08 1.861000e-18
2.962200e-08 2.031100e-18
3.010400e-08 2.054700e-18
3.080500e-08 2.263300e-18
3.181400e-08 2.563000e-18
3.278100e-08 2.810200e-18
3.377700e-08 3.039100e-18
3.480300e-08 3.263900e-18
3.569600e-08 3.497400e-18
3.661200e-08 3.756100e-18
3.746400e-08 3.969600e-18
3.851400e-08 4.090200e-18
3.950200e-08 4.443700e-18
4.051500e-08 4.728700e-18
4.136400e-08 4.940200e-18
4.223000e-08 5.102000e-18
4.301500e-08 5.269200e-18
4.411800e-08 5.607100e-18
4.514600e-08 5.871400e-18
4.598500e-08 6.077700e-18
4.694800e-08 6.378800e-18
4.804200e-08 6.741300e-18
4.904800e-08 7.042700e-18
4.996000e-08 7.529100e-18
5.065500e-08 1.198800e-17
5.124100e-08 3.263900e-17
5.195400e-08 3.355400e-17
5.304200e-08 3.481300e-17
5.402800e-08 3.386400e-17
5.503300e-08 4.362600e-17
5.605600e-08 5.244900e-17
5.696600e-08 5.898500e-17
5.802600e-08 5.790800e-17
5.896800e-08 6.835000e-17
6.006500e-08 6.978200e-17
6.104100e-08 8.142200e-17
6.203200e-08 9.522300e-17
6.304000e-08 1.022700e-16
6.406500e-08 1.075800e-16
6.495600e-08 1.196000e-16
6.586000e-08 1.258200e-16
6.646900e-08 1.363800e-16
6.754900e-08 1.444600e-16
6.848900e-08 1.444600e-16
6.944200e-08 1.765000e-16
7.057000e-08 1.712900e-16
7.155200e-08 2.083200e-16
7.254700e-08 2.201600e-16
7.355600e-08 2.321400e-16
7.457900e-08 2.563000e-16
7.544300e-08 2.733600e-16
7.649300e-08 2.902300e-16
7.755700e-08 3.167700e-16
7.845500e-08 3.441500e-16
7.954600e-08 3.637000e-16
8.046700e-08 3.834800e-16
8.158700e-08 4.034000e-16
8.253100e-08 4.402900e-16
8.348700e-08 4.015500e-16
8.445400e-08 4.816600e-16
8.543200e-08 5.066900e-16
8.642100e-08 5.454300e-16
8.742200e-08 5.831000e-16
8.843400e-08 6.276800e-16
8.945800e-08 6.648800e-16
9.049400e-08 6.882400e-16
9.154200e-08 9.879600e-16
9.260200e-08 5.685100e-15
9.345900e-08 1.212700e-14
9.454100e-08 2.380900e-14
9.541600e-08 3.279000e-14
9.652000e-08 4.052700e-14
9.741400e-08 1.044100e-14
9.854200e-08 4.464200e-14
9.945300e-08 4.453900e-14
1.006050e-07 5.441800e-14
1.015360e-07 4.850000e-14
1.024750e-07 1.962200e-14
1.034230e-07 3.906100e-14
1.043800e-07 6.572700e-14
1.055890e-07 6.664100e-14
1.065660e-07 5.871400e-14
1.075520e-07 6.648800e-14
1.085470e-07 5.844400e-14
1.095520e-07 6.898300e-14
1.105650e-07 6.710300e-14
1.115880e-07 6.694900e-14
1.126210e-07 6.262400e-14
1.134020e-07 7.140700e-14
1.144510e-07 6.679500e-14
1.155100e-07 6.946100e-14
1.165790e-07 7.173700e-14
1.173870e-07 5.711400e-14
1.184730e-07 6.898300e-14
1.195690e-07 5.416800e-14
1.203980e-07 4.263300e-14
1.215120e-07 2.151500e-14
1.226360e-07 4.663800e-14
1.234860e-07 6.603000e-14
1.246290e-07 7.290200e-14
1.254930e-07 7.290200e-14
1.263630e-07 6.648800e-14
1.275320e-07 7.829600e-14
1.284160e-07 8.104800e-14
1.296040e-07 7.256700e-14
1.305030e-07 7.190200e-14
1.314070e-07 8.161000e-14
1.326230e-07 7.975200e-14
1.335420e-07 7.546400e-14
1.344680e-07 8.236500e-14
1.354000e-07 8.123500e-14
1.366530e-07 7.686700e-14
1.376000e-07 7.883900e-14
1.385540e-07 8.012000e-14
1.395140e-07 7.340800e-14
1.404820e-07 7.546400e-14
1.414550e-07 7.775700e-14
1.424360e-07 7.793700e-14
1.434230e-07 7.793700e-14
1.440850e-07 8.067500e-14
1.447500e-07 8.123500e-14
1.454180e-07 8.030500e-14
1.464260e-07 7.722200e-14
1.474410e-07 7.686700e-14
1.484630e-07 7.722200e-14
1.494920e-07 7.793700e-14
1.505290e-07 7.598700e-14
1.512230e-07 7.140700e-14
1.515720e-07 7.425800e-14
1.526230e-07 7.290200e-14
1.533270e-07 6.741300e-14
1.543900e-07 7.075200e-14
1.554600e-07 6.803600e-14
1.565380e-07 6.898300e-14
1.576230e-07 7.240000e-14
1.583500e-07 7.408700e-14
1.594480e-07 7.581300e-14
1.605530e-07 7.340800e-14
1.616660e-07 7.340800e-14
1.624120e-07 7.124300e-14
1.635380e-07 7.391700e-14
1.646720e-07 7.425800e-14
1.654320e-07 7.059000e-14
1.665790e-07 7.546400e-14
1.673480e-07 7.042700e-14
1.677330e-07 7.529100e-14
1.685080e-07 7.686700e-14
1.696760e-07 7.408700e-14
1.704590e-07 7.223400e-14
1.716400e-07 7.059000e-14
1.724330e-07 7.010400e-14
1.736280e-07 7.307000e-14
1.744290e-07 7.157200e-14
1.756380e-07 7.442900e-14
1.764490e-07 6.994300e-14
1.776720e-07 7.206800e-14
1.784920e-07 7.256700e-14
1.793160e-07 7.477200e-14
1.805590e-07 7.442900e-14
1.813920e-07 7.173700e-14
1.826500e-07 7.206800e-14
1.834930e-07 7.075200e-14
1.843400e-07 6.694900e-14
1.856180e-07 6.725800e-14
1.864740e-07 6.835000e-14
1.873350e-07 7.107900e-14
1.886340e-07 6.756800e-14
1.895040e-07 6.557500e-14
1.903790e-07 6.819300e-14
1.916990e-07 6.664100e-14
1.925840e-07 6.572700e-14
1.934730e-07 6.694900e-14
1.943650e-07 6.930100e-14
1.957130e-07 6.603000e-14
1.966160e-07 6.930100e-14
1.975240e-07 7.059000e-14
1.984350e-07 6.803600e-14
1.993510e-07 6.664100e-14
2.002710e-07 6.756800e-14
2.016600e-07 6.664100e-14
2.025910e-07 6.819300e-14
2.035260e-07 6.633500e-14
2.044650e-07 6.725800e-14
2.054090e-07 6.437900e-14
2.063570e-07 6.542500e-14
2.073100e-07 6.835000e-14
2.077870e-07 6.648800e-14
2.082660e-07 6.756800e-14
2.097100e-07 6.527400e-14
2.106780e-07 6.603000e-14
2.116500e-07 6.618200e-14
2.126270e-07 6.694900e-14
2.136090e-07 6.423000e-14
2.145950e-07 6.497400e-14
2.155850e-07 6.603000e-14
2.165800e-07 6.452700e-14
2.175800e-07 6.423000e-14
2.185840e-07 6.378800e-14
2.195930e-07 6.557500e-14
2.206070e-07 6.423000e-14
2.216250e-07 6.248000e-14
2.226480e-07 6.134000e-14
2.236760e-07 6.378800e-14
2.247080e-07 6.205000e-14
2.257460e-07 6.077700e-14
2.262660e-07 6.119900e-14
2.273100e-07 6.219300e-14
2.283600e-07 6.291300e-14
2.294140e-07 6.064500e-14
2.304730e-07 6.093600e-14
2.315360e-07 5.969700e-14
2.326050e-07 5.260500e-14
2.336790e-07 5.795800e-14
2.347570e-07 5.613000e-14
2.352990e-07 5.864500e-14
2.363850e-07 5.601600e-14
2.374760e-07 5.706900e-14
2.385720e-07 5.438500e-14
2.396730e-07 5.630700e-14
2.402260e-07 5.503000e-14
2.413340e-07 5.542200e-14
2.424480e-07 5.711700e-14
2.435670e-07 5.557200e-14
2.446920e-07 5.714000e-14
2.452560e-07 5.662100e-14
2.463880e-07 5.611300e-14
2.475250e-07 5.497300e-14
2.486680e-07 5.587700e-14
2.492410e-07 5.349100e-14
2.503910e-07 5.706400e-14
2.515470e-07 5.375900e-14
2.527080e-07 5.303200e-14
2.532910e-07 5.303700e-14
2.544600e-07 5.280400e-14
2.556340e-07 5.479700e-14
2.562240e-07 5.405000e-14
2.574060e-07 5.570400e-14
2.585940e-07 5.546000e-14
2.597880e-07 5.496200e-14
2.603870e-07 5.371700e-14
2.615890e-07 5.323500e-14
2.627960e-07 5.436100e-14
2.634020e-07 5.499700e-14
2.646180e-07 5.786600e-14
2.652280e-07 5.827400e-14
2.664520e-07 5.566300e-14
2.676820e-07 5.670900e-14
2.682990e-07 5.697700e-14
2.695380e-07 5.518100e-14
2.707820e-07 5.583200e-14
2.714060e-07 5.406700e-14
2.726590e-07 5.370600e-14
2.732870e-07 5.521700e-14
2.745490e-07 5.118800e-14
2.758160e-07 5.179200e-14
2.764520e-07 5.300400e-14
2.777280e-07 5.425000e-14
2.783680e-07 5.265600e-14
2.796530e-07 4.608400e-14
2.802980e-07 4.826100e-14
2.815910e-07 5.378900e-14
2.822400e-07 5.466900e-14
2.835430e-07 5.355900e-14
2.841970e-07 5.246700e-14
2.855090e-07 5.128400e-14
2.868260e-07 5.383700e-14
2.874880e-07 5.396700e-14
2.888150e-07 5.397900e-14
2.894800e-07 5.386100e-14
2.908170e-07 5.615300e-14
2.928330e-07 5.476800e-14
2.948620e-07 5.403500e-14
2.969060e-07 5.430400e-14
2.989640e-07 5.419800e-14
3.010370e-07 5.446700e-14
3.031230e-07 5.436100e-14
3.052240e-07 5.438100e-14
3.073400e-07 5.402600e-14
3.087590e-07 5.403900e-14
3.108990e-07 5.393400e-14
3.130540e-07 5.321400e-14
3.152240e-07 5.311100e-14
3.166790e-07 5.324700e-14
3.188740e-07 5.169600e-14
3.210840e-07 5.267700e-14
3.233100e-07 5.126000e-14
3.248020e-07 5.307500e-14
3.270540e-07 5.408300e-14
3.293210e-07 5.373100e-14
3.308410e-07 5.337500e-14
3.323680e-07 5.314400e-14
3.331340e-07 5.327300e-14
3.339020e-07 5.041600e-14
3.346720e-07 5.304200e-14
3.354430e-07 5.101300e-14
3.362170e-07 5.020400e-14
3.369920e-07 4.929400e-14
3.377680e-07 4.862400e-14
3.385470e-07 5.151200e-14
3.393280e-07 5.271900e-14
3.401100e-07 5.383000e-14
3.408940e-07 5.047500e-14
3.416800e-07 5.189600e-14
3.424670e-07 5.422400e-14
3.432570e-07 5.473400e-14
3.440480e-07 5.349500e-14
3.448410e-07 5.027700e-14
3.456360e-07 4.993800e-14
3.464330e-07 4.948700e-14
3.472320e-07 5.206500e-14
3.480320e-07 5.018900e-14
3.488340e-07 5.124600e-14
3.496380e-07 5.125300e-14
3.504440e-07 5.137900e-14
3.512520e-07 5.091500e-14
3.520620e-07 5.246900e-14
3.528740e-07 4.976900e-14
3.536870e-07 5.200200e-14
3.545020e-07 5.359000e-14
3.553200e-07 5.396900e-14
3.561390e-07 5.299100e-14
3.569600e-07 5.014900e-14
3.577830e-07 4.946800e-14
3.586070e-07 4.713900e-14
3.594340e-07 4.982400e-14
3.602630e-07 5.302800e-14
3.607450e-07 5.911300e-14
3.610180e-07 4.934500e-14
3.612920e-07 4.314300e-14
3.615650e-07 5.430600e-14
3.618390e-07 5.511600e-14
3.621120e-07 5.451100e-14
3.623860e-07 5.284700e-14
3.626590e-07 5.555500e-14
3.629330e-07 5.186500e-14
3.632060e-07 5.415600e-14
3.634800e-07 5.111400e-14
3.637530e-07 4.661000e-14
3.640270e-07 5.218500e-14
3.643000e-07 5.599100e-14
3.645740e-07 5.383000e-14
3.648470e-07 5.313200e-14
3.651210e-07 5.336600e-14
3.653940e-07 5.463700e-14
3.656680e-07 5.377000e-14
3.659410e-07 5.918000e-14
3.662150e-07 5.212200e-14
3.664880e-07 5.166500e-14
3.667620e-07 5.465100e-14
3.670350e-07 5.639900e-14
3.673090e-07 5.553200e-14
3.675820e-07 5.835400e-14
3.678560e-07 5.057000e-14
3.681290e-07 4.805600e-14
3.684030e-07 4.982100e-14
3.686760e-07 5.335600e-14
3.689500e-07 5.621600e-14
3.692230e-07 5.285400e-14
3.694970e-07 5.030000e-14
3.697700e-07 5.087800e-14
3.700440e-07 5.538000e-14
3.703170e-07 5.634800e-14
3.705910e-07 5.405000e-14
3.708640e-07 5.649900e-14
3.711380e-07 5.076400e-14
3.714110e-07 5.202700e-14
3.716850e-07 5.403200e-14
3.719580e-07 5.706000e-14
3.722320e-07 6.540700e-14
3.725050e-07 9.172100e-14
3.727790e-07 1.493600e-13
3.730520e-07 2.386400e-13
3.733260e-07 2.662200e-13
3.735990e-07 2.081000e-13
3.738730e-07 1.241800e-13
3.741460e-07 7.465700e-14
3.744200e-07 6.415800e-14
3.746930e-07 6.406300e-14
3.749670e-07 5.851800e-14
3.752400e-07 5.317900e-14
3.755140e-07 5.380300e-14
3.757870e-07 5.697500e-14
3.760610e-07 6.326000e-14
3.763340e-07 6.221900e-14
3.766080e-07 6.499100e-14
3.768810e-07 6.543200e-14
3.771550e-07 6.060000e-14
3.774280e-07 6.129200e-14
3.777020e-07 6.270000e-14
3.779750e-07 6.526200e-14
3.782490e-07 6.920000e-14
3.785220e-07 7.673600e-14
3.787960e-07 8.064000e-14
3.790690e-07 7.575600e-14
3.793430e-07 7.267100e-14
3.796160e-07 6.591300e-14
3.798900e-07 6.102900e-14
3.801630e-07 5.627700e-14
3.804370e-07 6.206200e-14
3.807100e-07 6.376200e-14
3.809840e-07 7.010800e-14
3.812570e-07 7.580800e-14
3.815310e-07 8.264000e-14
3.818040e-07 7.869400e-14
3.820780e-07 8.004400e-14
3.823510e-07 7.647700e-14
3.826250e-07 7.099900e-14
3.828980e-07 7.132800e-14
3.831720e-07 6.720200e-14
3.834450e-07 6.098200e-14
3.837190e-07 5.974800e-14
3.839920e-07 5.651600e-14
3.842660e-07 5.793900e-14
3.845390e-07 6.605300e-14
3.848130e-07 7.527700e-14
3.850860e-07 7.686700e-14
3.853600e-07 7.849300e-14
3.856330e-07 8.307100e-14
3.859070e-07 8.112100e-14
3.861800e-07 8.416100e-14
3.864540e-07 8.459700e-14
3.867270e-07 8.957900e-14
3.870010e-07 8.905600e-14
3.872740e-07 9.151700e-14
3.875480e-07 9.116000e-14
3.878210e-07 8.449000e-14
3.880950e-07 8.087500e-14
3.883680e-07 7.368300e-14
3.886420e-07 6.934500e-14
3.889150e-07 6.551600e-14
3.891890e-07 7.082200e-14
3.894620e-07 7.135500e-14
3.897360e-07 6.886400e-14
3.900090e-07 6.955900e-14
3.902830e-07 7.379500e-14
3.905560e-07 7.801300e-14
3.908300e-07 7.980800e-14
3.911030e-07 8.061400e-14
3.913770e-07 8.432500e-14
3.916500e-07 8.513400e-14
3.919240e-07 8.507200e-14
3.921970e-07 8.450900e-14
3.924710e-07 8.534300e-14
3.927440e-07 8.413300e-14
3.930180e-07 8.063700e-14
3.932910e-07 7.480300e-14
3.935650e-07 6.999900e-14
3.938380e-07 7.136600e-14
3.941120e-07 7.626900e-14
3.943850e-07 7.858500e-14
3.946590e-07 7.984100e-14
3.949320e-07 7.942600e-14
3.952060e-07 8.201900e-14
3.954790e-07 8.283100e-14
3.957530e-07 8.200600e-14
3.960260e-07 7.808200e-14
3.963000e-07 7.416100e-14
3.965730e-07 6.662900e-14
3.968470e-07 6.096200e-14
3.971200e-07 6.002300e-14
3.973940e-07 5.966100e-14
3.976670e-07 6.435300e-14
3.979410e-07 6.497900e-14
3.982140e-07 7.268200e-14
3.984880e-07 7.771100e-14
3.987610e-07 8.071600e-14
3.990350e-07 8.241800e-14
3.993080e-07 8.407300e-14
3.995820e-07 8.704300e-14
3.998550e-07 8.614400e-14
4.001280e-07 8.859600e-14
4.004020e-07 9.055800e-14
4.006750e-07 8.957900e-14
4.009490e-07 8.896800e-14
4.012220e-07 8.793500e-14
4.014960e-07 8.935800e-14
4.017690e-07 9.241900e-14
4.020430e-07 9.184300e-14
4.023160e-07 8.993600e-14
4.025900e-07 9.214500e-14
4.028630e-07 9.297300e-14
4.031370e-07 9.319300e-14
4.034100e-07 9.465500e-14
4.036840e-07 9.324100e-14
4.039570e-07 9.148900e-14
4.042310e-07 9.216500e-14
4.045040e-07 9.288700e-14
4.047780e-07 9.302600e-14
4.050510e-07 9.153000e-14
4.053250e-07 9.560800e-14
4.055980e-07 9.553900e-14
4.058720e-07 9.172500e-14
4.061450e-07 9.069800e-14
4.064190e-07 9.064900e-14
4.066920e-07 9.059000e-14
4.069660e-07 9.170600e-14
4.072390e-07 9.215800e-14
4.075130e-07 9.184000e-14
4.077860e-07 8.716000e-14
4.080600e-07 8.809200e-14
4.083330e-07 8.621000e-14
4.086070e-07 8.519100e-14
4.088800e-07 8.549500e-14
4.091540e-07 8.217900e-14
4.094270e-07 8.011400e-14
4.097010e-07 7.721100e-14
4.099740e-07 7.308000e-14
4.102480e-07 7.597000e-14
4.105210e-07 7.672900e-14
4.107950e-07 7.386700e-14
4.110680e-07 7.354900e-14
4.113420e-07 7.360500e-14
4.116150e-07 7.722200e-14
4.118890e-07 8.110300e-14
4.121620e-07 8.193300e-14
4.124360e-07 8.173600e-14
4.127090e-07 8.475500e-14
4.129830e-07 8.532600e-14
4.132560e-07 8.477300e-14
4.135300e-07 8.616100e-14
4.138030e-07 8.751200e-14
4.140770e-07 8.878500e-14
4.143500e-07 8.726200e-14
4.146240e-07 8.670400e-14
4.148970e-07 8.715300e-14
4.151710e-07 8.764200e-14
4.154440e-07 8.696300e-14
4.157180e-07 8.575500e-14
4.159910e-07 8.621600e-14
4.162650e-07 8.511500e-14
4.165380e-07 8.647500e-14
4.168120e-07 8.633600e-14
4.170850e-07 8.531500e-14
4.173590e-07 8.560500e-14
4.176320e-07 8.225400e-14
4.179060e-07 8.493000e-14
4.181790e-07 8.258100e-14
4.184530e-07 8.534600e-14
4.187260e-07 8.434200e-14
4.190000e-07 8.760900e-14
4.192730e-07 8.709400e-14
4.195470e-07 8.848100e-14
4.198200e-07 8.654200e-14
4.200940e-07 8.550900e-14
4.203670e-07 8.460800e-14
4.206410e-07 8.505300e-14
4.209140e-07 8.618500e-14
4.211880e-07 8.673100e-14
4.214610e-07 8.746000e-14
4.217350e-07 8.803400e-14
4.220080e-07 8.785200e-14
4.222820e-07 8.879600e-14
4.225550e-07 8.256600e-14
4.228290e-07 8.442000e-14
4.231020e-07 8.428700e-14
4.233760e-07 8.364300e-14
4.236490e-07 8.535900e-14
4.239230e-07 8.455300e-14
4.241960e-07 8.513000e-14
4.244700e-07 8.480500e-14
4.247430e-07 8.408800e-14
4.250170e-07 8.725100e-14
4.252900e-07 8.536700e-14
4.255640e-07 8.313200e-14
4.258370e-07 8.655700e-14
4.261110e-07 8.595000e-14
4.263840e-07 8.866900e-14
4.266580e-07 8.728200e-14
4.269310e-07 8.732100e-14
4.272050e-07 8.570900e-14
4.274780e-07 8.483200e-14
4.277520e-07 8.485900e-14
4.280250e-07 8.649000e-14
4.282990e-07 8.589200e-14
4.285720e-07 8.698900e-14
4.288460e-07 8.369900e-14
4.291190e-07 8.407400e-14
4.293930e-07 8.466900e-14
4.296660e-07 8.247400e-14
4.299400e-07 8.028300e-14
4.302130e-07 7.971800e-14
4.304870e-07 7.660400e-14
4.307600e-07 7.862800e-14
4.310340e-07 7.711700e-14
4.313070e-07 7.837000e-14
4.315810e-07 7.941000e-14
4.318540e-07 8.038900e-14
4.321280e-07 8.172600e-14
4.324010e-07 8.020700e-14
4.326750e-07 7.782100e-14
4.329480e-07 7.691700e-14
4.332220e-07 7.375600e-14
4.334950e-07 7.142200e-14
4.337690e-07 7.414100e-14
4.340420e-07 8.189500e-14
4.343160e-07 8.972000e-14
4.345890e-07 8.695600e-14
4.348630e-07 7.933700e-14
4.351360e-07 7.205000e-14
4.354100e-07 7.386100e-14
4.356830e-07 7.604600e-14
4.359570e-07 7.748100e-14
4.362300e-07 7.987500e-14
4.365040e-07 8.086200e-14
4.367770e-07 8.276100e-14
4.370510e-07 8.109800e-14
4.373240e-07 8.170700e-14
4.375980e-07 8.047800e-14
4.378710e-07 7.982000e-14
4.381440e-07 7.986500e-14
4.384180e-07 8.017400e-14
4.386910e-07 7.727000e-14
4.389650e-07 7.907000e-14
4.392380e-07 8.011400e-14
4.395120e-07 7.984500e-14
4.397850e-07 7.935400e-14
4.400590e-07 8.043400e-14
4.403320e-07 8.157800e-14
4.406060e-07 8.180900e-14
4.408790e-07 8.184600e-14
4.411530e-07 8.266800e-14
4.414260e-07 8.323500e-14
4.417000e-07 8.383600e-14
4.419730e-07 8.253800e-14
4.422470e-07 8.196600e-14
4.425200e-07 8.391200e-14
4.427940e-07 8.375800e-14
4.430670e-07 8.337900e-14
4.433410e-07 8.430500e-14
4.436140e-07 8.443200e-14
4.438880e-07 8.244600e-14
4.441610e-07 8.212300e-14
4.444350e-07 8.236400e-14
4.447080e-07 8.396000e-14
4.449820e-07 8.475500e-14
4.452550e-07 8.537900e-14
4.455290e-07 8.400800e-14
4.458020e-07 8.104200e-14
4.460760e-07 8.160900e-14
4.463490e-07 8.376200e-14
4.466230e-07 8.241000e-14
4.468960e-07 8.301800e-14
4.471700e-07 8.457800e-14
4.474430e-07 8.405900e-14
4.477170e-07 8.525800e-14
4.479900e-07 8.430700e-14
4.482640e-07 8.240900e-14
4.485370e-07 8.108400e-14
4.488110e-07 8.196100e-14
4.490840e-07 8.279600e-14
4.493580e-07 8.306500e-14
4.496310e-07 8.329600e-14
4.499050e-07 8.359800e-14
4.501780e-07 8.406600e-14
4.504520e-07 8.493700e-14
4.507250e-07 8.437900e-14
4.509990e-07 8.426400e-14
4.512720e-07 8.457500e-14
4.515460e-07 8.414500e-14
4.518190e-07 8.364200e-14
4.520930e-07 8.315400e-14
4.523660e-07 8.283600e-14
4.526400e-07 8.036400e-14
4.529130e-07 8.099200e-14
4.531870e-07 7.959200e-14
4.534600e-07 8.038600e-14
4.537340e-07 8.137100e-14
4.540070e-07 8.090300e-14
4.542810e-07 8.191300e-14
4.545540e-07 8.160600e-14
4.548280e-07 8.090200e-14
4.551010e-07 8.022800e-14
4.553750e-07 8.069500e-14
4.556480e-07 8.072700e-14
4.559220e-07 8.200200e-14
4.561950e-07 8.212100e-14
4.564690e-07 8.131800e-14
4.567420e-07 8.188000e-14
4.570160e-07 8.300300e-14
4.572890e-07 8.240800e-14
4.575630e-07 8.275100e-14
4.578360e-07 8.197600e-14
4.581100e-07 8.356700e-14
4.583830e-07 8.317400e-14
4.586570e-07 8.421300e-14
4.589300e-07 8.271200e-14
4.592040e-07 8.246700e-14
4.594770e-07 8.317700e-14
4.597510e-07 8.080400e-14
4.600240e-07 8.117800e-14
4.602980e-07 8.344600e-14
4.605710e-07 8.218000e-14
4.608450e-07 8.323400e-14
4.611180e-07 8.334900e-14
4.613920e-07 8.490100e-14
4.616650e-07 8.461000e-14
4.619390e-07 8.245500e-14
4.622120e-07 8.443500e-14
4.624860e-07 8.605900e-14
4.627590e-07 8.272500e-14
4.630330e-07 8.253300e-14
4.633060e-07 8.323800e-14
4.635800e-07 8.381600e-14
4.638530e-07 8.314200e-14
4.641270e-07 8.339300e-14
4.644000e-07 8.261900e-14
4.646740e-07 8.236200e-14
4.649470e-07 8.222300e-14
4.652210e-07 8.045900e-14
4.654940e-07 7.943200e-14
4.657680e-07 8.103000e-14
4.660410e-07 8.157700e-14
4.663150e-07 8.192600e-14
4.665880e-07 8.122600e-14
4.668620e-07 8.180400e-14
4.671350e-07 7.948500e-14
4.674090e-07 8.035600e-14
4.676820e-07 8.114800e-14
4.679560e-07 8.035300e-14
4.682290e-07 8.063600e-14
4.685030e-07 8.197400e-14
4.687760e-07 8.288500e-14
4.690500e-07 8.280000e-14
4.693230e-07 8.256100e-14
4.695970e-07 8.242500e-14
4.698700e-07 8.235300e-14
4.701440e-07 8.156300e-14
4.704170e-07 7.878300e-14
4.706910e-07 7.874900e-14
4.709640e-07 7.900400e-14
4.712380e-07 7.942000e-14
4.715110e-07 7.936100e-14
4.717850e-07 7.768500e-14
4.720580e-07 7.872800e-14
4.723320e-07 8.016500e-14
4.726050e-07 8.263700e-14
4.728790e-07 7.951500e-14
4.731520e-07 7.923800e-14
4.734260e-07 7.783300e-14
4.736990e-07 7.751200e-14
4.739730e-07 7.766700e-14
4.742460e-07 7.786700e-14
4.745200e-07 8.065900e-14
4.747930e-07 8.124300e-14
4.750670e-07 8.101600e-14
4.753400e-07 8.063600e-14
4.756140e-07 7.938600e-14
4.758870e-07 8.171600e-14
4.761610e-07 8.051200e-14
4.764340e-07 8.000300e-14
4.767080e-07 7.806400e-14
4.769810e-07 7.886100e-14
4.772550e-07 8.156200e-14
4.775280e-07 8.089000e-14
4.778020e-07 8.106800e-14
4.780750e-07 8.074900e-14
4.783480e-07 7.893400e-14
4.786220e-07 8.012400e-14
4.788950e-07 7.960700e-14
4.791690e-07 7.954000e-14
4.794420e-07 8.101000e-14
4.797160e-07 8.156500e-14
4.799890e-07 8.128300e-14
4.802630e-07 8.112400e-14
4.805360e-07 7.959700e-14
4.808100e-07 7.787000e-14
4.810830e-07 7.818900e-14
4.813570e-07 8.159900e-14
4.816300e-07 7.966600e-14
4.819040e-07 7.970700e-14
4.821770e-07 7.850400e-14
4.824510e-07 7.853600e-14
4.827240e-07 7.791100e-14
4.829980e-07 7.843100e-14
4.832710e-07 7.767000e-14
4.835450e-07 7.775200e-14
4.838180e-07 7.522500e-14
4.840920e-07 7.462900e-14
4.843650e-07 7.453800e-14
4.846390e-07 7.350700e-14
4.849120e-07 7.198400e-14
4.851860e-07 7.079800e-14
4.854590e-07 6.921100e-14
4.857330e-07 7.193700e-14
4.860060e-07 8.846600e-14
4.862800e-07 1.188000e-13
4.865530e-07 1.346400e-13
4.868270e-07 1.172200e-13
4.871000e-07 8.885000e-14
4.873740e-07 6.985800e-14
4.876470e-07 6.788400e-14
4.879210e-07 6.722500e-14
4.881940e-07 6.922300e-14
4.884680e-07 6.953600e-14
4.887410e-07 6.918900e-14
4.890150e-07 6.943900e-14
4.892880e-07 7.156700e-14
4.895620e-07 7.096500e-14
4.898350e-07 7.331700e-14
4.901090e-07 7.352900e-14
4.903820e-07 7.464100e-14
4.906560e-07 7.463100e-14
4.909290e-07 7.584100e-14
4.912030e-07 7.340600e-14
4.914760e-07 7.439100e-14
4.917500e-07 7.486700e-14
4.920230e-07 7.267000e-14
4.922970e-07 7.191000e-14
4.925700e-07 7.362000e-14
4.928440e-07 7.309700e-14
4.931170e-07 7.487600e-14
4.933910e-07 7.423200e-14
4.936640e-07 7.399100e-14
4.939380e-07 7.351900e-14
4.942110e-07 7.234600e-14
4.944850e-07 7.383900e-14
4.947580e-07 7.565700e-14
4.950320e-07 7.570500e-14
4.953050e-07 7.769500e-14
4.955790e-07 8.000700e-14
4.958520e-07 9.041100e-14
4.961260e-07 1.061000e-13
4.963990e-07 1.109300e-13
4.966730e-07 9.851100e-14
4.969460e-07 8.797400e-14
4.972200e-07 7.865900e-14
4.974930e-07 7.499800e-14
4.977670e-07 7.422700e-14
4.980400e-07 7.409900e-14
4.983140e-07 7.290400e-14
4.985870e-07 7.341800e-14
4.988610e-07 7.296400e-14
4.991340e-07 7.243700e-14
4.994080e-07 7.292900e-14
4.996810e-07 7.416800e-14
4.999550e-07 7.486300e-14
5.002280e-07 7.870400e-14
5.005020e-07 9.740600e-14
5.007750e-07 1.395000e-13
5.010490e-07 1.740400e-13
5.013220e-07 1.629100e-13
5.015960e-07 1.198400e-13
5.018690e-07 8.661400e-14
5.021430e-07 7.420300e-14
5.024160e-07 7.051600e-14
5.026900e-07 7.046400e-14
5.029630e-07 7.039800e-14
5.032370e-07 7.217400e-14
5.035100e-07 7.149800e-14
5.037840e-07 7.246800e-14
5.040570e-07 7.094100e-14
5.043310e-07 7.117900e-14
5.046040e-07 7.070100e-14
5.048780e-07 7.256100e-14
5.051510e-07 7.285700e-14
5.054250e-07 7.213600e-14
5.056980e-07 7.173500e-14
5.059720e-07 7.240000e-14
5.062450e-07 7.399300e-14
5.065190e-07 7.223800e-14
5.067920e-07 7.284100e-14
5.070660e-07 7.136000e-14
5.073390e-07 7.111000e-14
5.076130e-07 7.154000e-14
5.078860e-07 7.149400e-14
5.081600e-07 7.085300e-14
5.084330e-07 6.939000e-14
5.087070e-07 7.190700e-14
5.089800e-07 7.172900e-14
5.092540e-07 7.271500e-14
5.095270e-07 7.276900e-14
5.098010e-07 7.326000e-14
5.100740e-07 7.108800e-14
5.103480e-07 6.898400e-14
5.106210e-07 7.014300e-14
5.108950e-07 7.207900e-14
5.111680e-07 7.059100e-14
5.114420e-07 7.081400e-14
5.117150e-07 7.107100e-14
5.119890e-07 7.228000e-14
5.122620e-07 7.054300e-14
5.125360e-07 7.128300e-14
5.128090e-07 6.993400e-14
5.130830e-07 6.899300e-14
5.133560e-07 6.908300e-14
5.136300e-07 7.054500e-14
5.139030e-07 7.019900e-14
5.141770e-07 6.951500e-14
5.144500e-07 6.913400e-14
5.147240e-07 6.906500e-14
5.149970e-07 6.868700e-14
5.152710e-07 6.954400e-14
5.155440e-07 6.978300e-14
5.158180e-07 7.019700e-14
5.160910e-07 6.927200e-14
5.163650e-07 6.960200e-14
5.166380e-07 6.871700e-14
5.169120e-07 6.725800e-14
5.171850e-07 6.468600e-14
5.174590e-07 6.392500e-14
5.177320e-07 6.546900e-14
5.180060e-07 6.572500e-14
5.182790e-07 6.740700e-14
5.185520e-07 6.673000e-14
5.188260e-07 6.457200e-14
5.190990e-07 6.644200e-14
5.193730e-07 6.903000e-14
5.196460e-07 6.947500e-14
5.199200e-07 6.975400e-14
5.201930e-07 7.036000e-14
5.204670e-07 7.100400e-14
5.207400e-07 7.009200e-14
5.210140e-07 6.758600e-14
5.212870e-07 6.727700e-14
5.215610e-07 6.793800e-14
5.218340e-07 6.747900e-14
5.221080e-07 6.863800e-14
5.223810e-07 6.988200e-14
5.226550e-07 6.906600e-14
5.229280e-07 6.762900e-14
5.232020e-07 6.803700e-14
5.234750e-07 6.800000e-14
5.237490e-07 6.893900e-14
5.240220e-07 6.839000e-14
5.242960e-07 7.012400e-14
5.245690e-07 6.872200e-14
5.248430e-07 6.857200e-14
5.251160e-07 6.949400e-14
5.253900e-07 6.966600e-14
5.256630e-07 6.983300e-14
5.259370e-07 6.889000e-14
5.262100e-07 6.884000e-14
5.264840e-07 6.776700e-14
5.267570e-07 6.607100e-14
5.270310e-07 6.570600e-14
5.273040e-07 6.457600e-14
5.275780e-07 6.589800e-14
5.278510e-07 6.805900e-14
5.281250e-07 6.751900e-14
5.283980e-07 6.733400e-14
5.286720e-07 6.763400e-14
5.289450e-07 6.986100e-14
5.292190e-07 7.044000e-14
5.294920e-07 7.035700e-14
5.297660e-07 6.924300e-14
5.300390e-07 6.818700e-14
5.303130e-07 6.892600e-14
5.305860e-07 6.959200e-14
5.308600e-07 7.083900e-14
5.311330e-07 6.990800e-14
5.314070e-07 7.036000e-14
5.316800e-07 7.023600e-14
5.319540e-07 7.011300e-14
5.322270e-07 7.087300e-14
5.325010e-07 6.886000e-14
5.327740e-07 6.660200e-14
5.330480e-07 6.627200e-14
5.333210e-07 6.591200e-14
5.335950e-07 6.746900e-14
5.338680e-07 6.788100e-14
5.341420e-07 6.770400e-14
5.344150e-07 6.741900e-14
5.346890e-07 6.787000e-14
5.349620e-07 6.897900e-14
5.352360e-07 6.832200e-14
5.355090e-07 6.834200e-14
5.357830e-07 6.883300e-14
5.360560e-07 7.044000e-14
5.363300e-07 6.997900e-14
5.366030e-07 6.954300e-14
5.368770e-07 6.729300e-14
5.371500e-07 6.714700e-14
5.374240e-07 6.754100e-14
5.376970e-07 6.669200e-14
5.379710e-07 6.693900e-14
5.382440e-07 6.804300e-14
5.385180e-07 6.982100e-14
5.387910e-07 6.782300e-14
5.390650e-07 6.685400e-14
5.393380e-07 6.750700e-14
5.396120e-07 6.707600e-14
5.398850e-07 6.616700e-14
5.401590e-07 6.691700e-14
5.404320e-07 6.692800e-14
5.407060e-07 6.719900e-14
5.409790e-07 6.672800e-14
5.412530e-07 6.504000e-14
5.415260e-07 6.616700e-14
5.418000e-07 6.678500e-14
5.420730e-07 6.665400e-14
5.423470e-07 6.636300e-14
5.426200e-07 6.609800e-14
5.428940e-07 6.576800e-14
5.431670e-07 6.699700e-14
5.434410e-07 6.560200e-14
5.437140e-07 6.648800e-14
5.439880e-07 6.639200e-14
5.442610e-07 6.773800e-14
5.445350e-07 6.836600e-14
5.448080e-07 6.733100e-14
5.450820e-07 6.647300e-14
5.453550e-07 6.571500e-14
5.456290e-07 6.624900e-14
5.459020e-07 6.705800e-14
5.461760e-07 6.593200e-14
5.464490e-07 6.585600e-14
5.467230e-07 6.533700e-14
5.469960e-07 6.637200e-14
5.472700e-07 6.700700e-14
5.475430e-07 6.716600e-14
5.478170e-07 6.603600e-14
5.480900e-07 6.554300e-14
5.483640e-07 6.536600e-14
5.486370e-07 6.501900e-14
5.489110e-07 6.508300e-14
5.491840e-07 6.611200e-14
5.494580e-07 6.665500e-14
5.497310e-07 6.631400e-14
5.500050e-07 6.590600e-14
5.502780e-07 6.504300e-14
5.505520e-07 6.537000e-14
5.508250e-07 6.535900e-14
5.510990e-07 6.523400e-14
5.513720e-07 6.464600e-14
5.516460e-07 6.601300e-14
5.519190e-07 6.573400e-14
5.521930e-07 6.515000e-14
5.524660e-07 6.577100e-14
5.527400e-07 6.381800e-14
5.530130e-07 6.747600e-14
5.532870e-07 6.372600e-14
5.535600e-07 6.309100e-14
5.538340e-07 6.403500e-14
5.541070e-07 6.462100e-14
5.543810e-07 6.573800e-14
5.546540e-07 6.611000e-14
5.549280e-07 6.688200e-14
5.552010e-07 6.665500e-14
5.554750e-07 6.745900e-14
5.557480e-07 6.463300e-14
5.560220e-07 6.513900e-14
5.562950e-07 6.636900e-14
5.565690e-07 6.565200e-14
5.568420e-07 6.335700e-14
5.571160e-07 6.564600e-14
5.573890e-07 6.491800e-14
5.576630e-07 6.519900e-14
5.579360e-07 6.497200e-14
5.582100e-07 6.521000e-14
5.584830e-07 6.552800e-14
5.587560e-07 6.663200e-14
5.590300e-07 6.376600e-14
5.593030e-07 6.310400e-14
5.595770e-07 6.481300e-14
5.598500e-07 6.399000e-14
5.601240e-07 6.375100e-14
5.603970e-07 6.485000e-14
5.606710e-07 6.411100e-14
5.609440e-07 6.437400e-14
5.612180e-07 6.656200e-14
5.614910e-07 6.637000e-14
5.617650e-07 6.469000e-14
5.620380e-07 6.413400e-14
5.623120e-07 6.390400e-14
5.625850e-07 6.416300e-14
5.628590e-07 6.480000e-14
5.631320e-07 6.530800e-14
5.634060e-07 6.550000e-14
5.636790e-07 6.376600e-14
5.639530e-07 6.328400e-14
5.642260e-07 6.251500e-14
5.645000e-07 6.375500e-14
5.647730e-07 6.316400e-14
5.650470e-07 6.375300e-14
5.653200e-07 6.500500e-14
5.655940e-07 6.512600e-14
5.658670e-07 6.431200e-14
5.661410e-07 6.322900e-14
5.664140e-07 6.348400e-14
5.666880e-07 6.291600e-14
5.669610e-07 6.278300e-14
5.672350e-07 6.394400e-14
5.675080e-07 6.544800e-14
5.677820e-07 6.437500e-14
5.680550e-07 6.581000e-14
5.683290e-07 6.375400e-14
5.686020e-07 6.332800e-14
5.688760e-07 6.269000e-14
5.691490e-07 6.405200e-14
5.694230e-07 6.459200e-14
5.696960e-07 6.366300e-14
5.699700e-07 6.327300e-14
5.702430e-07 6.431000e-14
5.705170e-07 6.284700e-14
5.707900e-07 6.298400e-14
5.710640e-07 6.199800e-14
5.713370e-07 6.141000e-14
5.716110e-07 6.296500e-14
5.718840e-07 6.421500e-14
5.721580e-07 6.478700e-14
5.724310e-07 6.416900e-14
5.727050e-07 6.378700e-14
5.729780e-07 6.540000e-14
5.732520e-07 6.528900e-14
5.735250e-07 6.465000e-14
5.737990e-07 6.469900e-14
5.740720e-07 6.271900e-14
5.743460e-07 6.314000e-14
5.746190e-07 6.439500e-14
5.748930e-07 6.185800e-14
5.751660e-07 6.232200e-14
5.754400e-07 6.160800e-14
5.757130e-07 6.292800e-14
5.759870e-07 6.254300e-14
5.762600e-07 6.294100e-14
5.765340e-07 6.212800e-14
5.768070e-07 6.069300e-14
5.770810e-07 6.193500e-14
5.773540e-07 6.186300e-14
5.776280e-07 6.256600e-14
5.779010e-07 6.247300e-14
5.781750e-07 6.277200e-14
5.784480e-07 6.215100e-14
5.787220e-07 6.071300e-14
5.789950e-07 6.247100e-14
5.792690e-07 6.352800e-14
5.795420e-07 6.075800e-14
5.798160e-07 6.099000e-14
5.800890e-07 6.219900e-14
5.803630e-07 6.254800e-14
5.806360e-07 6.222400e-14
5.809100e-07 6.263900e-14
5.811830e-07 6.241800e-14
5.814570e-07 6.233900e-14
5.817300e-07 6.293800e-14
5.820040e-07 6.245900e-14
5.822770e-07 6.206600e-14
5.825510e-07 6.253700e-14
5.828240e-07 6.220900e-14
5.830980e-07 6.183700e-14
5.833710e-07 6.558100e-14
5.836450e-07 6.542600e-14
5.839180e-07 6.078400e-14
5.841920e-07 6.154800e-14
5.844650e-07 6.270900e-14
5.847390e-07 6.255500e-14
5.850120e-07 6.354600e-14
5.852860e-07 6.453200e-14
5.855590e-07 6.271700e-14
5.858330e-07 6.368000e-14
5.861060e-07 5.806200e-14
5.863800e-07 5.356100e-14
5.866530e-07 5.074400e-14
5.869270e-07 5.590200e-14
5.872000e-07 5.541600e-14
5.874740e-07 6.193100e-14
5.877470e-07 6.289100e-14
5.880210e-07 6.923400e-14
5.882940e-07 6.809400e-14
5.885680e-07 6.133700e-14
5.888410e-07 6.055900e-14
5.891150e-07 5.805700e-14
5.893880e-07 5.789500e-14
5.896620e-07 5.479700e-14
5.899350e-07 5.637700e-14
5.902090e-07 5.714600e-14
5.904820e-07 5.985700e-14
5.907560e-07 5.705300e-14
5.910290e-07 5.944200e-14
5.913030e-07 5.892700e-14
5.915760e-07 5.958600e-14
5.918500e-07 5.850300e-14
5.921230e-07 5.944100e-14
5.923970e-07 6.139400e-14
5.926700e-07 5.996900e-14
5.929440e-07 5.905800e-14
5.932170e-07 6.003300e-14
5.934910e-07 6.076900e-14
5.937640e-07 6.095300e-14
5.940380e-07 5.936600e-14
5.943110e-07 5.966900e-14
5.945850e-07 6.080800e-14
5.948580e-07 6.038500e-14
5.951320e-07 6.109700e-14
5.954050e-07 5.865400e-14
5.956790e-07 5.901800e-14
5.959520e-07 6.006400e-14
5.962260e-07 6.010200e-14
5.964990e-07 6.021700e-14
5.967730e-07 6.073800e-14
5.970460e-07 6.028800e-14
5.973200e-07 5.938000e-14
5.975930e-07 5.903200e-14
5.978670e-07 5.982700e-14
5.981400e-07 5.901100e-14
5.984130e-07 5.892700e-14
5.986870e-07 6.034300e-14
5.989600e-07 5.911700e-14
5.992340e-07 5.954100e-14
5.995070e-07 6.062100e-14
5.997810e-07 5.981700e-14
6.000540e-07 6.076200e-14
6.003280e-07 6.087400e-14
6.006010e-07 5.970300e-14
6.008750e-07 5.974700e-14
6.011480e-07 5.942100e-14
6.014220e-07 6.007500e-14
6.016950e-07 5.750200e-14
6.019690e-07 5.788600e-14
6.022420e-07 5.898900e-14
6.025160e-07 5.855400e-14
6.027890e-07 5.878100e-14
6.030630e-07 5.809200e-14
6.033360e-07 5.842500e-14
6.036100e-07 5.945300e-14
6.038830e-07 5.979000e-14
6.041570e-07 5.973900e-14
6.044300e-07 5.907000e-14
6.047040e-07 5.925800e-14
6.049770e-07 6.032600e-14
6.052510e-07 5.964500e-14
6.055240e-07 6.062900e-14
6.057980e-07 6.081800e-14
6.060710e-07 5.964200e-14
6.063450e-07 5.932000e-14
6.066180e-07 5.856800e-14
6.068920e-07 5.897200e-14
6.071650e-07 5.962500e-14
6.074390e-07 5.895800e-14
6.077120e-07 5.916300e-14
6.079860e-07 5.982100e-14
6.082590e-07 5.836000e-14
6.085330e-07 5.886600e-14
6.088060e-07 5.902500e-14
6.090800e-07 5.719400e-14
6.093530e-07 5.723600e-14
6.096270e-07 5.986600e-14
6.099000e-07 6.050900e-14
6.101740e-07 5.845700e-14
6.104470e-07 5.813700e-14
6.107210e-07 5.933700e-14
6.109940e-07 5.807300e-14
6.112680e-07 5.813100e-14
6.115410e-07 5.878700e-14
6.118150e-07 5.754800e-14
6.120880e-07 5.759000e-14
6.123620e-07 5.863000e-14
6.126350e-07 5.702700e-14
6.129090e-07 5.773700e-14
6.131820e-07 5.775700e-14
6.134560e-07 5.888500e-14
6.137290e-07 5.911000e-14
6.140030e-07 5.704700e-14
6.142760e-07 5.633300e-14
6.145500e-07 5.717100e-14
6.148230e-07 5.810600e-14
6.150970e-07 5.907000e-14
6.153700e-07 5.682500e-14
6.156440e-07 5.692700e-14
6.159170e-07 5.667500e-14
6.161910e-07 5.893100e-14
6.164640e-07 5.334700e-14
6.167380e-07 5.472200e-14
6.170110e-07 5.569400e-14
6.172850e-07 5.412600e-14
6.175580e-07 5.637900e-14
6.178320e-07 5.566900e-14
6.181050e-07 5.622900e-14
6.183790e-07 5.545200e-14
6.186520e-07 5.756900e-14
6.189260e-07 5.755800e-14
6.191990e-07 5.596400e-14
6.194730e-07 5.617200e-14
6.197460e-07 5.594300e-14
6.200200e-07 5.787800e-14
6.202930e-07 5.779000e-14
6.205670e-07 5.692400e-14
6.208400e-07 5.634400e-14
6.211140e-07 5.408600e-14
6.213870e-07 5.559700e-14
6.216610e-07 5.478500e-14
6.219340e-07 5.498600e-14
6.222080e-07 5.572200e-14
6.224810e-07 5.677000e-14
6.227550e-07 5.641400e-14
6.230280e-07 5.387400e-14
6.233020e-07 5.567900e-14
6.235750e-07 5.660900e-14
6.238490e-07 5.748000e-14
6.241220e-07 5.784000e-14
6.243960e-07 5.753100e-14
6.246690e-07 5.818500e-14
6.249430e-07 5.503100e-14
6.252160e-07 5.440400e-14
6.254900e-07 5.605300e-14
6.257630e-07 5.653200e-14
6.260370e-07 5.590300e-14
6.263100e-07 5.659800e-14
6.265840e-07 5.653500e-14
6.268570e-07 5.853400e-14
6.271310e-07 5.568700e-14
6.274040e-07 5.682900e-14
6.276780e-07 5.668900e-14
6.279510e-07 5.819100e-14
6.282250e-07 5.648600e-14
6.284980e-07 5.439500e-14
6.287720e-07 5.544400e-14
6.290450e-07 5.581700e-14
6.293190e-07 5.552600e-14
6.295920e-07 5.711000e-14
6.298660e-07 5.975800e-14
6.301390e-07 6.166700e-14
6.304130e-07 6.427700e-14
6.306860e-07 6.473500e-14
6.309600e-07 5.879400e-14
6.312330e-07 5.602700e-14
6.315070e-07 5.663300e-14
6.317800e-07 5.408700e-14
6.320540e-07 5.435200e-14
6.323270e-07 5.965600e-14
6.326010e-07 5.608800e-14
6.328740e-07 5.568200e-14
6.331480e-07 5.632400e-14
6.334210e-07 5.766900e-14
6.336950e-07 5.717200e-14
6.339680e-07 5.756100e-14
6.342420e-07 5.582800e-14
6.345150e-07 5.594000e-14
6.347890e-07 5.633500e-14
6.350620e-07 5.445600e-14
6.353360e-07 5.826500e-14
6.356090e-07 5.547100e-14
6.358830e-07 5.522200e-14
6.361560e-07 5.578000e-14
6.364300e-07 5.670000e-14
6.367030e-07 5.814200e-14
6.369770e-07 5.855900e-14
6.372500e-07 5.863300e-14
6.375240e-07 5.615000e-14
6.377970e-07 5.731700e-14
6.380710e-07 5.525300e-14
6.383440e-07 5.497100e-14
6.386170e-07 5.602600e-14
6.388910e-07 5.584200e-14
6.391640e-07 5.653600e-14
6.394380e-07 5.442000e-14
6.397110e-07 5.465100e-14
6.399850e-07 5.457000e-14
6.402580e-07 5.638400e-14
6.405320e-07 5.433800e-14
6.408050e-07 5.651200e-14
6.410790e-07 5.379300e-14
6.413520e-07 5.583500e-14
6.416260e-07 5.544800e-14
6.418990e-07 5.417300e-14
6.421730e-07 5.319800e-14
6.424460e-07 5.585100e-14
6.427200e-07 5.397000e-14
6.429930e-07 5.511300e-14
6.432670e-07 5.747900e-14
6.435400e-07 5.642700e-14
6.438140e-07 5.328700e-14
6.440870e-07 5.394500e-14
6.443610e-07 5.388100e-14
6.446340e-07 5.446800e-14
6.449080e-07 5.576100e-14
6.451810e-07 5.299800e-14
6.454550e-07 5.507900e-14
6.457280e-07 5.469700e-14
6.460020e-07 5.534600e-14
6.462750e-07 5.523800e-14
6.465490e-07 5.573900e-14
6.468220e-07 5.458300e-14
6.470960e-07 5.435300e-14
6.473690e-07 5.518800e-14
6.476430e-07 5.513000e-14
6.479160e-07 5.610800e-14
6.481900e-07 5.618200e-14
6.484630e-07 5.526600e-14
6.487370e-07 5.546400e-14
6.490100e-07 5.505700e-14
6.492840e-07 5.413500e-14
6.495570e-07 5.372100e-14
6.498310e-07 5.369200e-14
6.501040e-07 5.363900e-14
6.503780e-07 5.180500e-14
6.506510e-07 5.231900e-14
6.509250e-07 5.519800e-14
6.511980e-07 5.540900e-14
6.514720e-07 5.471300e-14
6.517450e-07 5.729500e-14
6.520190e-07 5.673200e-14
6.522920e-07 5.335600e-14
6.525660e-07 5.331100e-14
6.528390e-07 5.407900e-14
6.531130e-07 5.411100e-14
6.533860e-07 5.334600e-14
6.536600e-07 5.256600e-14
6.539330e-07 5.397600e-14
6.542070e-07 5.631600e-14
6.544800e-07 5.692900e-14
6.547540e-07 6.044900e-14
6.550270e-07 6.636500e-14
6.553010e-07 6.802700e-14
6.555740e-07 6.609500e-14
6.558480e-07 7.337400e-14
6.561210e-07 1.261200e-13
6.563950e-07 2.395200e-13
6.566680e-07 3.297800e-13
6.569420e-07 2.881800e-13
6.572150e-07 1.566000e-13
6.574890e-07 7.769000e-14
6.577620e-07 5.846000e-14
6.580360e-07 6.088200e-14
6.583090e-07 7.558500e-14
6.585830e-07 1.008200e-13
6.588560e-07 1.029200e-13
6.591300e-07 8.466800e-14
6.594030e-07 6.460200e-14
6.596770e-07 5.595100e-14
6.599500e-07 5.415900e-14
6.602240e-07 5.413200e-14
6.604970e-07 5.301300e-14
6.607710e-07 5.398000e-14
6.610440e-07 5.293500e-14
6.613180e-07 5.355400e-14
6.615910e-07 5.452500e-14
6.618650e-07 5.512000e-14
6.621380e-07 5.417300e-14
6.624120e-07 5.310300e-14
6.626850e-07 5.446100e-14
6.629590e-07 5.381300e-14
6.632320e-07 5.493300e-14
6.635060e-07 5.383200e-14
6.637790e-07 5.382500e-14
6.640530e-07 5.358500e-14
6.643260e-07 5.376000e-14
6.646000e-07 5.407300e-14
6.648730e-07 5.584700e-14
6.651470e-07 5.341300e-14
6.654200e-07 5.516800e-14
6.656940e-07 5.582200e-14
6.659670e-07 5.490200e-14
6.662410e-07 5.484700e-14
6.665140e-07 5.314700e-14
6.667880e-07 5.436500e-14
6.670610e-07 5.476400e-14
6.673350e-07 5.336000e-14
6.676080e-07 5.402400e-14
6.678820e-07 5.454900e-14
6.681550e-07 5.561700e-14
6.684290e-07 5.513300e-14
6.687020e-07 5.377300e-14
6.689760e-07 5.361200e-14
6.692490e-07 5.433500e-14
6.695230e-07 5.312500e-14
6.697960e-07 5.178000e-14
6.700700e-07 5.392700e-14
6.703430e-07 5.466000e-14
6.706170e-07 5.513200e-14
6.708900e-07 5.415100e-14
6.711640e-07 5.658300e-14
6.714370e-07 6.786500e-14
6.717110e-07 8.778300e-14
6.719840e-07 1.075200e-13
6.722580e-07 1.054400e-13
6.725310e-07 8.257200e-14
6.728050e-07 6.855800e-14
6.730780e-07 7.497600e-14
6.733520e-07 8.988200e-14
6.736250e-07 9.444600e-14
6.738990e-07 7.822400e-14
6.741720e-07 6.093600e-14
6.744460e-07 5.443100e-14
6.747190e-07 5.006700e-14
6.749930e-07 5.103600e-14
6.752660e-07 5.182400e-14
6.755400e-07 5.126100e-14
6.758130e-07 5.053900e-14
6.760870e-07 5.170700e-14
6.763600e-07 5.116200e-14
6.766340e-07 5.209200e-14
6.769070e-07 5.234900e-14
6.771810e-07 5.155000e-14
6.774540e-07 5.055100e-14
6.777280e-07 5.280100e-14
6.780010e-07 4.952900e-14
6.782750e-07 5.346400e-14
6.785480e-07 5.099300e-14
6.788210e-07 5.207400e-14
6.790950e-07 5.042100e-14
6.801730e-07 5.199700e-14
6.817410e-07 5.188300e-14
6.833120e-07 5.189000e-14
6.848880e-07 5.094900e-14
6.864660e-07 5.060400e-14
6.880490e-07 5.107900e-14
6.896350e-07 5.096800e-14
6.912250e-07 5.109200e-14
6.928180e-07 5.074600e-14
6.944150e-07 5.145800e-14
6.960160e-07 5.099300e-14
6.976200e-07 5.159000e-14
6.992280e-07 5.124100e-14
7.008410e-07 5.077800e-14
7.024560e-07 5.043400e-14
7.040750e-07 5.185400e-14
7.056990e-07 5.258200e-14
7.073250e-07 4.999100e-14
7.089560e-07 5.081000e-14
7.105900e-07 5.000400e-14
7.122280e-07 5.001000e-14
7.138700e-07 4.887800e-14
7.155160e-07 4.854800e-14
7.171650e-07 4.744800e-14
7.188180e-07 4.669600e-14
7.204750e-07 4.713400e-14
7.221360e-07 4.924800e-14
7.238010e-07 4.869100e-14
7.254690e-07 4.914700e-14
7.271420e-07 4.825700e-14
7.288180e-07 4.904700e-14
7.304980e-07 4.996600e-14
7.321820e-07 4.985700e-14
7.338700e-07 4.997900e-14
7.355620e-07 5.021600e-14
7.372570e-07 5.010700e-14
7.389570e-07 5.034500e-14
7.406610e-07 5.012000e-14
7.423680e-07 4.955300e-14
7.440790e-07 5.059700e-14
7.457950e-07 5.014000e-14
7.475140e-07 5.003100e-14
7.492370e-07 5.026900e-14
7.509640e-07 5.039200e-14
7.526950e-07 5.063100e-14
7.544310e-07 5.028900e-14
7.561700e-07 5.029600e-14
7.579130e-07 4.927100e-14
7.596600e-07 4.905100e-14
7.614110e-07 4.805200e-14
7.631660e-07 4.816900e-14
7.649250e-07 4.784400e-14
7.666890e-07 4.676100e-14
7.684560e-07 4.655300e-14
7.702280e-07 4.634500e-14
7.720040e-07 4.603200e-14
7.737830e-07 4.657200e-14
7.755670e-07 4.541300e-14
7.773540e-07 4.626400e-14
7.791470e-07 4.605800e-14
7.809430e-07 4.595800e-14
7.827430e-07 4.692700e-14
7.845480e-07 4.607700e-14
7.863560e-07 4.672400e-14
7.881690e-07 4.640900e-14
7.899860e-07 4.652300e-14
7.918070e-07 4.568000e-14
7.936320e-07 4.537200e-14
7.954620e-07 4.455000e-14
7.972950e-07 4.538500e-14
7.991330e-07 4.581100e-14
8.009750e-07 4.508500e-14
8.028220e-07 4.624800e-14
8.046730e-07 4.657500e-14
8.065270e-07 4.679700e-14
8.083870e-07 4.594900e-14
8.102500e-07 4.564000e-14
8.121180e-07 4.628100e-14
8.139900e-07 4.586400e-14
8.158670e-07 4.545000e-14
8.177470e-07 4.442100e-14
8.196320e-07 4.272200e-14
8.215220e-07 4.610200e-14
8.234160e-07 4.273500e-14
8.253140e-07 4.579800e-14
8.272170e-07 4.601600e-14
8.291230e-07 4.456300e-14
8.310350e-07 4.477500e-14
8.329510e-07 4.366200e-14
8.348710e-07 4.437800e-14
8.367950e-07 4.479500e-14
8.387240e-07 4.388300e-14
8.406580e-07 4.409200e-14
8.425960e-07 4.460900e-14
8.445380e-07 4.173400e-14
8.464850e-07 4.380800e-14
8.484360e-07 4.401700e-14
8.503920e-07 4.223600e-14
8.523530e-07 4.273100e-14
8.543170e-07 4.313300e-14
8.562870e-07 4.323900e-14
8.582610e-07 4.384700e-14
8.602390e-07 4.256100e-14
8.622220e-07 4.296100e-14
8.642100e-07 4.356500e-14
8.662020e-07 4.228700e-14
8.681990e-07 4.133100e-14
8.702000e-07 4.162400e-14
8.722060e-07 4.250200e-14
8.742170e-07 4.280300e-14
8.762320e-07 4.041500e-14
8.782520e-07 4.222900e-14
8.802770e-07 4.243000e-14
8.823060e-07 4.282900e-14
8.843400e-07 4.273800e-14
8.863790e-07 4.157900e-14
8.884220e-07 4.008200e-14
8.904700e-07 4.168800e-14
8.925230e-07 4.198400e-14
8.945800e-07 4.237900e-14
8.966420e-07 4.113600e-14
8.987100e-07 3.983700e-14
9.007810e-07 3.875800e-14
9.028570e-07 3.849700e-14
9.049390e-07 4.340000e-14
9.070250e-07 4.060300e-14
9.091160e-07 4.108000e-14
9.112110e-07 4.165800e-14
9.133120e-07 4.224500e-14
9.154170e-07 4.044300e-14
9.175280e-07 4.026300e-14
9.196430e-07 4.083000e-14
9.217630e-07 3.972400e-14
9.238880e-07 3.598500e-14
9.260180e-07 4.047600e-14
9.281520e-07 4.123500e-14
9.302920e-07 3.866600e-14
9.324360e-07 3.984800e-14
9.345860e-07 3.967100e-14
9.367400e-07 3.940500e-14
9.389000e-07 3.941100e-14
9.410640e-07 3.896600e-14
9.432340e-07 3.924300e-14
9.454080e-07 3.897900e-14
9.475870e-07 3.889600e-14
9.497720e-07 3.872400e-14
9.519610e-07 3.828700e-14
9.541560e-07 3.532800e-14
9.563550e-07 3.734200e-14
9.585600e-07 3.795500e-14
9.607690e-07 3.778700e-14
9.629850e-07 3.770600e-14
9.652040e-07 3.753900e-14
9.674290e-07 3.737300e-14
9.696600e-07 3.746600e-14
9.718950e-07 3.721400e-14
9.741350e-07 3.687900e-14
9.763810e-07 3.680100e-14
9.786320e-07 3.655400e-14
9.808870e-07 3.664400e-14
9.831480e-07 3.648200e-14
9.854150e-07 3.632100e-14
9.876870e-07 3.616000e-14
9.899630e-07 3.600000e-14
9.922460e-07 3.575800e-14
9.945330e-07 3.568200e-14
9.968260e-07 3.552500e-14
9.991230e-07 3.528600e-14
1.001426e-06 3.433100e-14
1.008369e-06 3.356700e-14
1.013023e-06 3.428200e-14
1.017699e-06 3.398000e-14
1.022396e-06 3.375800e-14
1.027115e-06 3.353700e-14
1.029483e-06 3.323600e-14
1.051040e-06 3.193800e-14
1.070580e-06 3.053100e-14
1.090484e-06 2.862500e-14
1.110757e-06 2.810200e-14
1.128805e-06 2.696100e-14
1.149792e-06 2.622700e-14
1.171168e-06 2.522000e-14
1.190198e-06 2.425200e-14
1.209537e-06 2.342800e-14
1.229191e-06 2.279000e-14
1.249163e-06 2.206700e-14
1.269460e-06 2.136700e-14
1.290087e-06 2.073700e-14
1.311050e-06 2.021800e-14
1.329288e-06 1.962200e-14
1.350887e-06 1.921900e-14
1.369680e-06 1.873900e-14
1.388734e-06 1.827000e-14
1.411299e-06 1.777200e-14
1.430933e-06 1.740800e-14
1.450839e-06 1.720800e-14
1.471022e-06 1.681700e-14
1.491487e-06 1.666300e-14
1.508758e-06 1.647200e-14
1.529745e-06 1.643400e-14
1.551026e-06 1.632100e-14
1.568986e-06 1.594900e-14
1.590813e-06 1.555000e-14
1.609235e-06 1.551500e-14
1.631621e-06 1.544300e-14
1.650513e-06 1.498800e-14
1.669626e-06 1.471400e-14
1.688960e-06 1.428000e-14
1.708517e-06 1.395500e-14
1.728300e-06 1.335800e-14
1.748313e-06 1.308400e-14
1.768558e-06 1.269800e-14
1.789037e-06 1.232400e-14
1.809754e-06 1.182300e-14
1.830708e-06 1.160800e-14
1.851907e-06 1.131700e-14
1.869043e-06 1.085800e-14
1.890684e-06 1.063500e-14
1.908179e-06 1.036900e-14
1.930276e-06 1.001700e-14
1.948135e-06 9.610400e-15
1.970694e-06 9.413300e-15
1.988929e-06 9.156800e-15
2.011961e-06 8.968900e-15
2.030576e-06 8.704500e-15
2.049365e-06 8.525900e-15
2.068326e-06 8.293600e-15
2.092277e-06 8.086100e-15
2.111637e-06 7.920300e-15
2.131175e-06 7.722200e-15
2.150895e-06 7.529100e-15
2.170798e-06 7.256700e-15
2.190883e-06 7.157200e-15
2.211156e-06 6.962100e-15
2.231614e-06 6.788000e-15
2.252264e-06 6.618200e-15
2.267875e-06 6.452700e-15
2.288860e-06 5.912100e-15
2.310039e-06 5.857900e-15
2.331412e-06 5.269200e-15
2.347574e-06 5.020400e-15
2.369295e-06 5.055200e-15
2.391219e-06 4.707000e-15
2.407792e-06 4.589200e-15
2.430073e-06 4.547200e-15
2.452559e-06 4.312600e-15
2.469558e-06 4.273100e-15
2.492409e-06 3.782200e-15
2.509685e-06 3.738900e-15
2.532908e-06 3.730300e-15
2.550464e-06 3.704600e-15
2.568144e-06 3.713100e-15
2.591905e-06 3.645400e-15
2.609873e-06 3.603600e-15
2.627962e-06 3.513500e-15
2.652280e-06 3.489300e-15
2.670663e-06 3.409900e-15
2.689177e-06 3.370900e-15
2.707816e-06 3.317000e-15
2.732872e-06 3.256400e-15
2.751814e-06 3.189600e-15
2.770891e-06 3.131400e-15
2.790096e-06 3.095600e-15
2.809438e-06 3.032100e-15
2.828911e-06 2.976700e-15
2.848518e-06 2.915700e-15
2.868265e-06 2.842800e-15
2.888145e-06 2.810200e-15
2.908167e-06 2.752600e-15
2.928324e-06 2.696100e-15
2.948624e-06 2.646900e-15
2.969061e-06 2.592600e-15
2.989643e-06 2.545300e-15
3.010365e-06 2.493100e-15
3.031234e-06 2.436400e-15
3.052244e-06 2.402900e-15
3.073399e-06 2.364500e-15
3.087588e-06 2.316000e-15
3.108988e-06 2.273700e-15
3.130541e-06 2.237400e-15
3.152239e-06 2.196600e-15
3.166788e-06 2.161400e-15
3.188741e-06 2.126900e-15
3.210843e-06 2.097700e-15
3.233101e-06 2.083200e-15
3.248024e-06 2.102500e-15
3.270540e-06 2.206700e-15
3.293208e-06 2.545300e-15
3.308408e-06 2.510400e-15
3.331343e-06 2.088100e-15
3.346718e-06 1.913100e-15
3.369919e-06 1.822800e-15
3.393276e-06 1.760900e-15
3.408938e-06 1.712900e-15
3.432569e-06 1.673900e-15
3.448412e-06 1.635800e-15
3.472318e-06 1.602300e-15
3.488344e-06 1.569400e-15
3.512522e-06 1.537200e-15
3.528738e-06 1.505700e-15
3.553196e-06 1.478200e-15
3.569596e-06 1.447900e-15
3.586075e-06 1.421500e-15
3.610931e-06 1.395500e-15
3.627597e-06 1.370100e-15
3.652744e-06 1.342000e-15
3.669604e-06 1.317500e-15
3.686540e-06 1.287500e-15
3.712097e-06 1.266900e-15
3.729229e-06 1.240900e-15
3.746446e-06 1.212700e-15
3.772413e-06 1.198800e-15
3.789824e-06 1.179600e-15
3.807320e-06 1.158100e-15
3.833709e-06 1.136900e-15
3.851404e-06 1.118800e-15
3.869184e-06 1.098400e-15
3.887042e-06 1.078300e-15
3.913984e-06 1.058600e-15
3.932053e-06 1.044100e-15
3.950201e-06 1.025000e-15
3.968433e-06 1.008700e-15
3.986754e-06 9.879600e-16
4.014386e-06 9.721700e-16
4.032915e-06 9.566200e-16
4.051533e-06 9.391600e-16
4.070233e-06 9.284100e-16
4.089018e-06 9.156800e-16
4.107895e-06 9.010300e-16
4.126855e-06 8.886700e-16
4.145903e-06 8.744600e-16
4.174643e-06 8.585000e-16
4.193911e-06 8.486800e-16
4.213268e-06 8.351100e-16
4.232719e-06 8.255500e-16
4.252255e-06 8.123500e-16
4.271881e-06 8.012000e-16
4.291602e-06 7.757800e-16
4.311410e-06 7.546400e-16
4.331309e-06 7.511800e-16
4.351300e-06 7.273500e-16
4.371388e-06 7.140700e-16
4.391564e-06 7.059000e-16
4.411833e-06 6.835000e-16
4.432200e-06 6.788000e-16
4.452657e-06 6.679500e-16
4.473208e-06 6.497400e-16
4.493859e-06 6.497400e-16
4.514600e-06 6.393500e-16
4.525007e-06 6.248000e-16
4.545892e-06 6.219300e-16
4.566878e-06 6.162300e-16
4.587956e-06 6.008200e-16
4.609132e-06 6.008200e-16
4.630410e-06 5.925700e-16
4.651782e-06 5.844400e-16
4.673251e-06 5.804200e-16
4.694821e-06 5.751000e-16
4.705648e-06 5.685100e-16
4.727366e-06 5.672100e-16
4.749186e-06 5.594200e-16
4.771110e-06 5.543000e-16
4.793131e-06 5.492100e-16
4.815254e-06 5.416800e-16
4.826353e-06 5.416800e-16
4.848634e-06 5.354800e-16
4.871013e-06 5.281300e-16
4.893495e-06 5.244900e-16
4.904775e-06 5.196900e-16
4.927418e-06 5.161100e-16
4.950160e-06 5.102000e-16
4.973008e-06 5.079300e-16
4.984471e-06 5.058600e-16
5.007482e-06 5.087000e-16
5.030593e-06 5.091800e-16
5.053812e-06 5.084600e-16
5.065461e-06 5.086700e-16
5.077143e-06 5.100500e-16
5.088846e-06 5.126100e-16
5.100577e-06 5.116200e-16
5.112333e-06 5.118100e-16
5.124118e-06 5.119900e-16
5.135930e-06 5.121600e-16
5.147774e-06 5.135100e-16
5.159640e-06 5.148600e-16
5.171533e-06 5.173900e-16
5.183454e-06 5.175400e-16
5.195402e-06 5.176800e-16
5.207378e-06 5.190100e-16
5.219381e-06 5.191400e-16
5.231418e-06 5.204600e-16
5.243477e-06 5.217800e-16
5.255563e-06 5.230900e-16
5.267678e-06 5.256100e-16
5.279820e-06 5.269200e-16
5.291990e-06 5.258000e-16
5.304195e-06 5.271100e-16
5.316421e-06 5.284000e-16
5.328676e-06 5.296900e-16
5.340959e-06 5.322100e-16
5.353270e-06 5.335000e-16
5.365610e-06 5.347900e-16
5.377978e-06 5.373100e-16
5.390380e-06 5.385900e-16
5.402806e-06 5.411200e-16
5.415260e-06 5.424000e-16
5.427742e-06 5.436800e-16
5.440254e-06 5.462100e-16
5.452794e-06 5.487500e-16
5.465363e-06 5.512900e-16
5.477967e-06 5.525700e-16
5.490594e-06 5.564000e-16
5.503250e-06 5.589600e-16
5.515936e-06 5.615300e-16
5.528650e-06 5.667000e-16
5.541394e-06 5.692900e-16
5.554173e-06 5.705800e-16
5.566976e-06 5.744900e-16
5.579809e-06 5.797700e-16
5.592670e-06 5.823900e-16
5.605562e-06 5.863800e-16
5.618483e-06 5.917400e-16
5.631434e-06 5.944000e-16
5.644421e-06 5.998300e-16
5.657432e-06 6.053000e-16
5.670473e-06 6.108100e-16
5.683543e-06 6.163700e-16
5.696645e-06 6.219700e-16
5.709775e-06 6.290700e-16
5.722943e-06 6.362400e-16
5.736135e-06 6.449600e-16
5.749358e-06 6.523000e-16
5.762610e-06 6.612400e-16
5.775893e-06 6.702900e-16
5.789207e-06 6.794600e-16
5.802552e-06 6.903400e-16
5.815933e-06 7.030000e-16
5.829339e-06 7.142400e-16
5.842776e-06 7.290000e-16
5.856245e-06 7.423500e-16
5.869743e-06 7.576900e-16
5.883274e-06 7.751100e-16
5.896835e-06 7.947600e-16
5.922923e-06 7.908300e-16
5.953738e-06 8.803800e-16
5.984554e-06 9.355900e-16
6.015371e-06 1.127100e-15
6.046186e-06 1.049600e-15
6.077002e-06 1.255800e-15
6.107819e-06 1.450000e-15
6.138634e-06 1.978300e-15
6.169449e-06 2.715500e-15
6.200266e-06 3.157900e-15
6.231082e-06 3.167500e-15
6.261897e-06 2.656400e-15
6.292714e-06 2.246900e-15
6.323530e-06 1.715800e-15
6.354346e-06 1.418200e-15
6.385162e-06 1.153100e-15
6.415977e-06 1.077500e-15
6.446794e-06 9.506300e-16
6.477609e-06 8.747900e-16
6.508425e-06 9.922000e-16
6.539242e-06 9.311100e-16
6.570057e-06 9.805100e-16
6.600873e-06 9.076500e-16
6.631690e-06 9.558100e-16
6.662505e-06 1.029400e-15
6.693321e-06 1.027800e-15
6.724137e-06 9.759900e-16
6.754953e-06 8.532300e-16
6.785770e-06 9.754500e-16
6.816585e-06 9.379700e-16
6.847401e-06 1.078600e-15
6.878218e-06 9.300700e-16
6.909033e-06 8.934300e-16
6.939849e-06 9.711100e-16
6.970665e-06 1.302500e-15
7.001481e-06 1.193800e-15
7.032297e-06 1.034300e-15
7.063113e-06 7.899700e-16
7.093929e-06 9.133500e-16
7.124745e-06 8.291600e-16
7.155560e-06 1.133400e-15
7.186378e-06 1.220100e-15
7.217193e-06 1.146100e-15
7.248008e-06 1.177200e-15
7.278826e-06 1.493400e-15
7.309641e-06 1.379800e-15
7.340457e-06 1.383900e-15
7.371273e-06 1.457400e-15
7.402089e-06 1.806100e-15
7.432905e-06 2.016500e-15
7.463720e-06 2.208700e-15
7.492520e-06 2.231000e-15
7.494537e-06 2.561400e-15
7.525353e-06 2.587200e-15
7.554273e-06 2.807200e-15
7.556168e-06 2.857700e-15
7.616028e-06 2.845000e-15
7.677783e-06 2.708200e-15
7.739538e-06 2.604200e-15
7.801292e-06 2.481300e-15
7.863048e-06 2.222200e-15
7.924802e-06 2.029700e-15
7.986556e-06 1.734400e-15
8.048312e-06 1.399400e-15
8.110067e-06 1.234200e-15
8.171821e-06 1.123300e-15
8.233576e-06 1.074600e-15
8.295330e-06 1.125000e-15
8.357086e-06 1.160700e-15
8.418840e-06 1.168500e-15
8.480595e-06 1.261700e-15
8.542350e-06 1.386500e-15
8.604106e-06 1.472500e-15
8.665859e-06 1.294700e-15
8.727614e-06 1.062100e-15
8.789369e-06 8.066300e-16
8.851123e-06 6.502100e-16
8.912878e-06 6.433000e-16
8.974633e-06 6.313000e-16
9.036387e-06 5.835800e-16
9.098143e-06 4.089000e-16
9.159897e-06 3.600900e-16
9.221652e-06 3.551600e-16
9.283407e-06 3.449200e-16
9.345162e-06 3.171600e-16
9.406916e-06 3.590000e-16
9.468670e-06 4.138000e-16
9.530426e-06 3.812700e-16
9.592180e-06 3.812400e-16
9.653935e-06 3.737500e-16
9.715691e-06 3.901100e-16
9.777446e-06 3.528500e-16
9.839200e-06 3.104300e-16
9.900955e-06 3.360900e-16
9.962705e-06 2.816100e-16
1.002446e-05 3.187000e-16
1.008621e-05 3.082600e-16
1.014798e-05 2.899700e-16
1.020973e-05 2.732100e-16
1.027149e-05 2.732400e-16
1.033324e-05 2.794500e-16
1.039499e-05 3.320300e-16
1.045675e-05 3.656500e-16
1.051850e-05 4.049900e-16
1.058026e-05 4.081500e-16
1.064201e-05 4.125100e-16
1.070376e-05 3.693100e-16
1.076552e-05 3.955000e-16
1.082727e-05 4.068400e-16
1.088903e-05 4.655200e-16
1.095078e-05 5.305100e-16
1.101254e-05 6.463900e-16
1.107429e-05 7.078300e-16
1.113604e-05 1.076000e-15
1.119781e-05 1.673600e-15
1.125956e-05 1.816200e-15
1.132132e-05 1.494700e-15
1.138307e-05 1.102000e-15
1.144483e-05 8.584400e-16
1.150658e-05 7.088800e-16
1.156833e-05 5.963600e-16
1.163009e-05 5.247800e-16
1.169184e-05 5.306800e-16
1.175360e-05 4.759600e-16
1.181535e-05 4.810400e-16
1.187711e-05 4.732000e-16
1.193886e-05 5.134600e-16
1.200061e-05 5.643900e-16
1.206237e-05 5.243400e-16
1.212412e-05 4.822900e-16
1.218588e-05 4.924700e-16
1.224763e-05 4.982100e-16
1.230939e-05 5.412800e-16
1.237115e-05 5.441000e-16
1.243290e-05 5.701600e-16
1.249466e-05 6.292900e-16
1.255641e-05 6.558500e-16
1.261817e-05 6.936200e-16
1.267992e-05 7.362600e-16
1.274167e-05 8.746200e-16
1.280343e-05 1.114200e-15
1.286518e-05 8.394100e-16
1.292694e-05 4.757900e-16
1.298869e-05 3.800100e-16
1.305044e-05 3.697200e-16
1.311220e-05 3.459900e-16
1.317395e-05 3.205500e-16
1.323571e-05 3.561900e-16
1.329746e-05 3.196600e-16
1.335922e-05 3.202300e-16
1.342098e-05 3.583900e-16
1.348273e-05 3.485700e-16
1.354449e-05 3.686600e-16
1.360624e-05 3.470800e-16
1.366800e-05 3.232600e-16
1.372975e-05 2.890400e-16
1.379151e-05 2.864200e-16
1.385326e-05 2.806700e-16
1.391501e-05 2.866500e-16
1.397677e-05 2.711200e-16
1.403852e-05 3.086800e-16
1.410028e-05 3.191100e-16
1.416203e-05 3.107100e-16
1.422379e-05 2.848100e-16
1.428554e-05 2.704600e-16
1.434729e-05 2.573300e-16
1.440905e-05 2.661500e-16
1.446219e-05 2.531200e-16
1.455338e-05 2.579800e-16
1.464458e-05 2.304500e-16
1.473577e-05 2.145600e-16
1.482696e-05 2.267900e-16
1.491815e-05 2.249000e-16
1.500934e-05 2.269400e-16
1.510053e-05 2.080700e-16
1.519172e-05 2.197600e-16
1.528292e-05 2.239600e-16
1.537411e-05 2.256100e-16
1.546530e-05 3.535600e-16
1.555649e-05 5.672200e-16
1.564769e-05 4.127300e-16
1.573887e-05 2.503100e-16
1.583006e-05 2.525800e-16
1.592126e-05 2.543900e-16
1.601245e-05 2.453600e-16
1.610364e-05 2.548800e-16
1.619484e-05 2.921800e-16
1.628603e-05 3.298200e-16
1.637721e-05 4.340700e-16
1.646840e-05 4.714900e-16
1.655960e-05 4.037500e-16
1.665079e-05 3.752300e-16
1.674198e-05 3.583300e-16
1.683317e-05 3.545500e-16
1.692437e-05 3.767700e-16
1.701556e-05 4.373200e-16
1.710674e-05 4.259200e-16
1.719794e-05 3.866500e-16
1.728913e-05 3.967400e-16
1.738032e-05 3.875000e-16
1.747152e-05 3.458000e-16
1.756271e-05 3.265200e-16
1.765390e-05 3.185900e-16
1.774508e-05 3.253600e-16
1.783628e-05 3.287500e-16
1.792747e-05 2.993300e-16
1.801866e-05 2.780300e-16
1.810986e-05 2.748600e-16
1.820105e-05 2.984300e-16
1.829224e-05 2.627100e-16
1.838343e-05 2.792700e-16
1.847462e-05 2.712300e-16
1.856581e-05 3.041100e-16
1.865700e-05 5.806900e-16
1.874820e-05 6.604700e-16
1.883939e-05 3.756600e-16
1.893058e-05 3.053400e-16
1.902178e-05 3.212300e-16
1.911297e-05 3.017600e-16
1.920415e-05 2.961400e-16
1.929534e-05 2.803100e-16
1.938654e-05 2.815600e-16
1.947773e-05 2.882900e-16
1.956892e-05 2.722900e-16
1.966012e-05 2.933900e-16
1.975131e-05 2.876200e-16
1.984250e-05 2.769600e-16
1.993369e-05 2.767600e-16
2.002488e-05 2.741000e-16
2.011607e-05 2.973900e-16
2.020726e-05 2.693000e-16
2.029846e-05 2.751100e-16
2.040787e-05 2.482400e-16
2.058343e-05 2.849600e-16
2.075911e-05 2.781400e-16
2.093487e-05 2.599900e-16
2.111074e-05 2.674700e-16
2.128672e-05 2.839400e-16
2.146280e-05 2.687700e-16
2.163897e-05 2.742200e-16
2.181525e-05 2.863900e-16
2.199163e-05 2.783500e-16
2.216812e-05 2.749500e-16
2.234471e-05 2.807600e-16
2.252140e-05 2.952900e-16
2.269820e-05 2.807700e-16
2.287510e-05 2.817900e-16
2.305209e-05 2.903200e-16
2.322920e-05 2.934800e-16
2.340641e-05 2.966400e-16
2.358372e-05 2.862000e-16
2.376114e-05 2.898200e-16
2.393867e-05 2.936700e-16
2.411629e-05 2.907900e-16
2.429403e-05 2.901800e-16
2.447186e-05 2.925300e-16
2.464981e-05 2.933200e-16
2.482785e-05 2.947600e-16
2.500600e-05 3.005700e-16
2.518426e-05 2.981500e-16
2.536263e-05 2.997400e-16
2.554110e-05 2.999300e-16
2.571968e-05 3.104600e-16
2.589837e-05 3.255400e-16
2.607716e-05 3.248700e-16
2.625606e-05 3.068800e-16
2.643507e-05 3.031800e-16
2.661418e-05 3.054900e-16
2.679339e-05 2.981000e-16
2.697273e-05 3.088500e-16
2.715216e-05 3.139000e-16
2.733171e-05 3.072200e-16
2.751136e-05 3.012800e-16
2.769112e-05 3.030300e-16
2.787099e-05 3.109200e-16
2.805097e-05 3.157900e-16
2.823106e-05 3.302200e-16
2.841126e-05 3.135400e-16
2.859157e-05 3.102100e-16
2.877199e-05 3.079100e-16
2.895252e-05 3.059600e-16
2.913315e-05 3.192000e-16
2.931390e-05 3.217700e-16
2.949476e-05 3.217800e-16
2.967573e-05 3.231000e-16
2.985682e-05 3.257600e-16
3.003800e-05 3.274900e-16
3.021930e-05 3.302200e-16
3.040072e-05 3.231600e-16
3.058225e-05 3.342400e-16
3.076388e-05 3.356300e-16
3.094563e-05 3.377900e-16
3.112750e-05 3.380900e-16
3.130947e-05 3.359700e-16
3.149156e-05 3.398100e-16
3.167377e-05 3.509500e-16
3.185607e-05 3.466000e-16
3.203850e-05 3.533100e-16
3.222105e-05 3.572600e-16
3.240370e-05 3.580900e-16
3.258647e-05 3.595000e-16
3.276936e-05 3.605500e-16
3.295236e-05 3.706900e-16
3.313547e-05 3.909700e-16
3.331870e-05 4.913400e-16
3.350204e-05 6.302800e-16
3.368550e-05 4.909200e-16
3.386908e-05 4.051600e-16
3.405277e-05 3.724500e-16
3.423657e-05 3.840900e-16
3.442050e-05 3.929400e-16
3.460454e-05 4.567400e-16
3.478870e-05 6.780500e-16
