1.019800e-08 1.767000e-19
1.041200e-08 2.199000e-19
1.060500e-08 2.781200e-19
1.080300e-08 3.591100e-19
1.100300e-08 5.214700e-19
1.139000e-08 7.695300e-19
1.179000e-08 1.069600e-18
1.209300e-08 4.104200e-18
1.248900e-08 5.262900e-18
1.269200e-08 5.784000e-18
1.280900e-08 6.169200e-18
1.310800e-08 6.969900e-18
1.319900e-08 8.322000e-18
1.341300e-08 8.958300e-18
1.369400e-08 1.159400e-17
1.401300e-08 1.288900e-17
1.430600e-08 3.734400e-17
1.470700e-08 9.643300e-17
1.508400e-08 1.054900e-16
1.550700e-08 1.167400e-16
1.590500e-08 1.291900e-16
1.620000e-08 1.384300e-16
1.661600e-08 1.539000e-16
1.700300e-08 1.668100e-16
1.731900e-08 1.783300e-16
1.768200e-08 1.924100e-16
1.801100e-08 2.033400e-16
1.821900e-08 2.114600e-16
1.860100e-08 2.271000e-16
1.912200e-08 2.473000e-16
1.938800e-08 2.619500e-16
1.979400e-08 2.781200e-16
2.020800e-08 2.973200e-16
2.048900e-08 3.113300e-16
2.101500e-08 3.193200e-16
2.160400e-08 3.624300e-16
2.200500e-08 3.847900e-16
2.231100e-08 3.946600e-16
2.267400e-08 4.190100e-16
2.298900e-08 6.400700e-16
2.341700e-08 1.092000e-15
2.401700e-08 1.359000e-15
2.457700e-08 1.300800e-15
2.520700e-08 1.397100e-15
2.567600e-08 1.191900e-15
2.597300e-08 1.377900e-15
2.639500e-08 1.452900e-15
2.688600e-08 1.462900e-15
2.738600e-08 1.466300e-15
2.789500e-08 1.469700e-15
2.841400e-08 1.476500e-15
2.900900e-08 1.416500e-15
2.961600e-08 1.446200e-15
3.009700e-08 1.432900e-15
3.079800e-08 1.452900e-15
3.180700e-08 1.483300e-15
3.277400e-08 1.479900e-15
3.377000e-08 1.466300e-15
3.479600e-08 1.446200e-15
3.568800e-08 1.436200e-15
3.660400e-08 1.436200e-15
3.754300e-08 1.413300e-15
3.850600e-08 1.349700e-15
3.949400e-08 1.374800e-15
4.050700e-08 1.365300e-15
4.135500e-08 1.340400e-15
4.222100e-08 1.309900e-15
4.300600e-08 1.286000e-15
4.410900e-08 1.268300e-15
4.513600e-08 1.233700e-15
4.597600e-08 1.205700e-15
4.704600e-08 1.178200e-15
4.803200e-08 1.162100e-15
4.903700e-08 1.120000e-15
4.994900e-08 1.112300e-15
5.064400e-08 1.087000e-15
5.123000e-08 1.135600e-15
5.194300e-08 1.117400e-15
5.303100e-08 1.084500e-15
5.401700e-08 1.035700e-15
5.502100e-08 1.023800e-15
5.604400e-08 1.035700e-15
5.695400e-08 1.042900e-15
5.801300e-08 1.005100e-15
5.895600e-08 1.009800e-15
6.005200e-08 9.710200e-16
6.102800e-08 8.835400e-16
6.201900e-08 9.890700e-16
6.302700e-08 9.710200e-16
6.405100e-08 9.665500e-16
6.494200e-08 9.643300e-16
6.584600e-08 9.511000e-16
6.645500e-08 9.643300e-16
6.753500e-08 9.532900e-16
6.847400e-08 9.124900e-16
6.942700e-08 9.777500e-16
7.055500e-08 9.230500e-16
7.153600e-08 9.867900e-16
7.253200e-08 9.845200e-16
7.354100e-08 9.845200e-16
7.456400e-08 1.009800e-15
7.542700e-08 1.021500e-15
7.647600e-08 9.845200e-16
7.754000e-08 1.059800e-15
7.843800e-08 1.069600e-15
7.952900e-08 1.092000e-15
8.045000e-08 1.112300e-15
8.156900e-08 1.125200e-15
8.251400e-08 1.178200e-15
8.346900e-08 1.019100e-15
8.443600e-08 1.194600e-15
8.541400e-08 1.208400e-15
8.640300e-08 1.265400e-15
8.740300e-08 1.322000e-15
8.841500e-08 1.393900e-15
8.943900e-08 1.446200e-15
9.047500e-08 1.442900e-15
9.152200e-08 2.024100e-15
9.258200e-08 1.114900e-14
9.343900e-08 2.416700e-14
9.452100e-08 4.605000e-14
9.539500e-08 6.564900e-14
9.650000e-08 7.298400e-14
9.739300e-08 1.180900e-14
9.852100e-08 5.973500e-14
9.943200e-08 6.430200e-14
1.005840e-07 9.599000e-14
1.015140e-07 9.273100e-14
1.024540e-07 3.983100e-14
1.034020e-07 6.327400e-14
1.045990e-07 1.242300e-13
1.055670e-07 1.214000e-13
1.065430e-07 9.423800e-14
1.075290e-07 1.130400e-13
1.085240e-07 8.774600e-14
1.095280e-07 1.186400e-13
1.105420e-07 1.135600e-13
1.115650e-07 1.084500e-13
1.125970e-07 9.687800e-14
1.133780e-07 1.250900e-13
1.144270e-07 1.130400e-13
1.154850e-07 1.205700e-13
1.165540e-07 1.239400e-13
1.176320e-07 8.457200e-14
1.184480e-07 1.200100e-13
1.195440e-07 8.151300e-14
1.203720e-07 5.850900e-14
1.214860e-07 4.094700e-14
1.226100e-07 8.188900e-14
1.234600e-07 1.242300e-13
1.246030e-07 1.365300e-13
1.254660e-07 1.300800e-13
1.266270e-07 1.117400e-13
1.275050e-07 1.452900e-13
1.283890e-07 1.521300e-13
1.295770e-07 1.194600e-13
1.304750e-07 1.180900e-13
1.313790e-07 1.486700e-13
1.325950e-07 1.423100e-13
1.335140e-07 1.256700e-13
1.344400e-07 1.503900e-13
1.353710e-07 1.456200e-13
1.366240e-07 1.297900e-13
1.375710e-07 1.365300e-13
1.385250e-07 1.381100e-13
1.394850e-07 1.183700e-13
1.404520e-07 1.214000e-13
1.414250e-07 1.286000e-13
1.424060e-07 1.318900e-13
1.433930e-07 1.318900e-13
1.440550e-07 1.387500e-13
1.447190e-07 1.413300e-13
1.453870e-07 1.371600e-13
1.463950e-07 1.271200e-13
1.474100e-07 1.274200e-13
1.484320e-07 1.303800e-13
1.494610e-07 1.328100e-13
1.504970e-07 1.262500e-13
1.511910e-07 1.135600e-13
1.515400e-07 1.211200e-13
1.525900e-07 1.178200e-13
1.536480e-07 1.028600e-13
1.543570e-07 1.089500e-13
1.554270e-07 1.045300e-13
1.565050e-07 1.092000e-13
1.575890e-07 1.167400e-13
1.586820e-07 1.225300e-13
1.594140e-07 1.250900e-13
1.605190e-07 1.228100e-13
1.616320e-07 1.233700e-13
1.623780e-07 1.183700e-13
1.635030e-07 1.256700e-13
1.646370e-07 1.274200e-13
1.653970e-07 1.205700e-13
1.665430e-07 1.300800e-13
1.673120e-07 1.172800e-13
1.676980e-07 1.325000e-13
1.684720e-07 1.368400e-13
1.696400e-07 1.300800e-13
1.704220e-07 1.262500e-13
1.716040e-07 1.202900e-13
1.723960e-07 1.200100e-13
1.735910e-07 1.280000e-13
1.743920e-07 1.259600e-13
1.756010e-07 1.331100e-13
1.764120e-07 1.245200e-13
1.776340e-07 1.265400e-13
1.784540e-07 1.294900e-13
1.796910e-07 1.365300e-13
1.805210e-07 1.362200e-13
1.813540e-07 1.280000e-13
1.826110e-07 1.303800e-13
1.834540e-07 1.271200e-13
1.843010e-07 1.194600e-13
1.855780e-07 1.205700e-13
1.864350e-07 1.239400e-13
1.872950e-07 1.315900e-13
1.885940e-07 1.233700e-13
1.894640e-07 1.202900e-13
1.903390e-07 1.265400e-13
1.916580e-07 1.230900e-13
1.925430e-07 1.205700e-13
1.934310e-07 1.253800e-13
1.943240e-07 1.297900e-13
1.956710e-07 1.225300e-13
1.965740e-07 1.325000e-13
1.974820e-07 1.359000e-13
1.983930e-07 1.306800e-13
1.993090e-07 1.283000e-13
2.006910e-07 1.318900e-13
2.016170e-07 1.294900e-13
2.025480e-07 1.340400e-13
2.034820e-07 1.286000e-13
2.044220e-07 1.325000e-13
2.053650e-07 1.189100e-13
2.063130e-07 1.233700e-13
2.072650e-07 1.368400e-13
2.077430e-07 1.322000e-13
2.087020e-07 1.365300e-13
2.096660e-07 1.312900e-13
2.106330e-07 1.325000e-13
2.116060e-07 1.346600e-13
2.125820e-07 1.359000e-13
2.135630e-07 1.306800e-13
2.145490e-07 1.325000e-13
2.155400e-07 1.365300e-13
2.165340e-07 1.328100e-13
2.175340e-07 1.334200e-13
2.185380e-07 1.318900e-13
2.195470e-07 1.368400e-13
2.205600e-07 1.349700e-13
2.215780e-07 1.300800e-13
2.226010e-07 1.288900e-13
2.236280e-07 1.343500e-13
2.246610e-07 1.312900e-13
2.256980e-07 1.271200e-13
2.267390e-07 1.297900e-13
2.272620e-07 1.318900e-13
2.283110e-07 1.340300e-13
2.293650e-07 1.279800e-13
2.304240e-07 1.294300e-13
2.314870e-07 1.264600e-13
2.325560e-07 1.114000e-13
2.336290e-07 1.218400e-13
2.347080e-07 1.198700e-13
2.352490e-07 1.249300e-13
2.363340e-07 1.192800e-13
2.374250e-07 1.209100e-13
2.385210e-07 1.146500e-13
2.396220e-07 1.200300e-13
2.407280e-07 1.178200e-13
2.412830e-07 1.197200e-13
2.423970e-07 1.244700e-13
2.435160e-07 1.216200e-13
2.446400e-07 1.255700e-13
2.457690e-07 1.246800e-13
2.463350e-07 1.241000e-13
2.474730e-07 1.218100e-13
2.486150e-07 1.215000e-13
2.497620e-07 1.092700e-13
2.503380e-07 1.248600e-13
2.514940e-07 1.143800e-13
2.520730e-07 1.183900e-13
2.526540e-07 1.167500e-13
2.532370e-07 1.186300e-13
2.544060e-07 1.177900e-13
2.555800e-07 1.233100e-13
2.567600e-07 1.207600e-13
2.573520e-07 1.247000e-13
2.585390e-07 1.235300e-13
2.597330e-07 1.220900e-13
2.603320e-07 1.201200e-13
2.615330e-07 1.187200e-13
2.627410e-07 1.223000e-13
2.633460e-07 1.265900e-13
2.645620e-07 1.325200e-13
2.657830e-07 1.374600e-13
2.663950e-07 1.268100e-13
2.676250e-07 1.297300e-13
2.682420e-07 1.315200e-13
2.694800e-07 1.255700e-13
2.707240e-07 1.290600e-13
2.713480e-07 1.238000e-13
2.726010e-07 1.223600e-13
2.732290e-07 1.246200e-13
2.744900e-07 1.165400e-13
2.757570e-07 1.186800e-13
2.763930e-07 1.217100e-13
2.776690e-07 1.245200e-13
2.783090e-07 1.189000e-13
2.795930e-07 1.066800e-13
2.802380e-07 1.106700e-13
2.815320e-07 1.227200e-13
2.821800e-07 1.276000e-13
2.834830e-07 1.243800e-13
2.847910e-07 1.209600e-13
2.854480e-07 1.165700e-13
2.867660e-07 1.254500e-13
2.874270e-07 1.286600e-13
2.887530e-07 1.274400e-13
2.894190e-07 1.298000e-13
2.907550e-07 1.384100e-13
2.927700e-07 1.336600e-13
2.948000e-07 1.308700e-13
2.968430e-07 1.320300e-13
2.989010e-07 1.316700e-13
3.009730e-07 1.313200e-13
3.030590e-07 1.321800e-13
3.051590e-07 1.327300e-13
3.072750e-07 1.345300e-13
3.086930e-07 1.338700e-13
3.108330e-07 1.372500e-13
3.129880e-07 1.337700e-13
3.151570e-07 1.340200e-13
3.173420e-07 1.358300e-13
3.188060e-07 1.293800e-13
3.210160e-07 1.320300e-13
3.232410e-07 1.263300e-13
3.247330e-07 1.372100e-13
3.269840e-07 1.423000e-13
3.292510e-07 1.412600e-13
3.307710e-07 1.383200e-13
3.322970e-07 1.382800e-13
3.330630e-07 1.401800e-13
3.338310e-07 1.323200e-13
3.346010e-07 1.388600e-13
3.353720e-07 1.335100e-13
3.361450e-07 1.331800e-13
3.369200e-07 1.316400e-13
3.376970e-07 1.298100e-13
3.384750e-07 1.303900e-13
3.392550e-07 1.393800e-13
3.400380e-07 1.439200e-13
3.408220e-07 1.346100e-13
3.416070e-07 1.321300e-13
3.423950e-07 1.422100e-13
3.431840e-07 1.428500e-13
3.439750e-07 1.415200e-13
3.447680e-07 1.269800e-13
3.455630e-07 1.332500e-13
3.463590e-07 1.254900e-13
3.471580e-07 1.360000e-13
3.479580e-07 1.254500e-13
3.487600e-07 1.298400e-13
3.495640e-07 1.313200e-13
3.503700e-07 1.390800e-13
3.511780e-07 1.359000e-13
3.519870e-07 1.358800e-13
3.527990e-07 1.256300e-13
3.536120e-07 1.377200e-13
3.544270e-07 1.412400e-13
3.552440e-07 1.431800e-13
3.560630e-07 1.392500e-13
3.568840e-07 1.287500e-13
3.577070e-07 1.266700e-13
3.585310e-07 1.176500e-13
3.593580e-07 1.278000e-13
3.601860e-07 1.410800e-13
3.606050e-07 1.327300e-13
3.608780e-07 1.186200e-13
3.611500e-07 1.280600e-13
3.614230e-07 1.362500e-13
3.616960e-07 1.288900e-13
3.619690e-07 1.282300e-13
3.622420e-07 1.277900e-13
3.625140e-07 1.323500e-13
3.627870e-07 1.305800e-13
3.630600e-07 1.301800e-13
3.633330e-07 1.291500e-13
3.636060e-07 1.215400e-13
3.638780e-07 1.361300e-13
3.641510e-07 1.403800e-13
3.644240e-07 1.359500e-13
3.646970e-07 1.378600e-13
3.649700e-07 1.355500e-13
3.652420e-07 1.399600e-13
3.655150e-07 1.407100e-13
3.657880e-07 1.401000e-13
3.660610e-07 1.445500e-13
3.663340e-07 1.461200e-13
3.666070e-07 1.458300e-13
3.668790e-07 1.304900e-13
3.671520e-07 1.364200e-13
3.674250e-07 1.407700e-13
3.676980e-07 1.327500e-13
3.679710e-07 1.333400e-13
3.682430e-07 1.360200e-13
3.685160e-07 1.274600e-13
3.687890e-07 1.257600e-13
3.690620e-07 1.426400e-13
3.693350e-07 1.487400e-13
3.696070e-07 1.411900e-13
3.698800e-07 1.403700e-13
3.701530e-07 1.392600e-13
3.704260e-07 1.335400e-13
3.706990e-07 1.335500e-13
3.709710e-07 1.348200e-13
3.712440e-07 1.358000e-13
3.715170e-07 1.466100e-13
3.717900e-07 1.454300e-13
3.720630e-07 1.606000e-13
3.723360e-07 1.836900e-13
3.726080e-07 2.023000e-13
3.728810e-07 2.089800e-13
3.731540e-07 1.836000e-13
3.734270e-07 1.484900e-13
3.737000e-07 1.447600e-13
3.739720e-07 1.542600e-13
3.742450e-07 1.442600e-13
3.745180e-07 1.393300e-13
3.747910e-07 1.327800e-13
3.750640e-07 1.466100e-13
3.753360e-07 1.457600e-13
3.756090e-07 1.563500e-13
3.758820e-07 1.610000e-13
3.761550e-07 1.673400e-13
3.764280e-07 1.570500e-13
3.767000e-07 1.467300e-13
3.769730e-07 1.548500e-13
3.772460e-07 1.531500e-13
3.775190e-07 1.586600e-13
3.777920e-07 1.761400e-13
3.780650e-07 1.846000e-13
3.783370e-07 1.946800e-13
3.786100e-07 1.774700e-13
3.788830e-07 1.657300e-13
3.791560e-07 1.623100e-13
3.794290e-07 1.430400e-13
3.797010e-07 1.437800e-13
3.799740e-07 1.478100e-13
3.802470e-07 1.550400e-13
3.805200e-07 1.731500e-13
3.807930e-07 1.782500e-13
3.810650e-07 1.864400e-13
3.813380e-07 1.807300e-13
3.816110e-07 1.769700e-13
3.818840e-07 1.733100e-13
3.821570e-07 1.631900e-13
3.824290e-07 1.638400e-13
3.827020e-07 1.541700e-13
3.829750e-07 1.508500e-13
3.832480e-07 1.374700e-13
3.835210e-07 1.288100e-13
3.837940e-07 1.372200e-13
3.840660e-07 1.539100e-13
3.843390e-07 1.682200e-13
3.846120e-07 1.834700e-13
3.848850e-07 1.837500e-13
3.851580e-07 1.860200e-13
3.854300e-07 1.882000e-13
3.857030e-07 1.885800e-13
3.859760e-07 1.935700e-13
3.862490e-07 2.032500e-13
3.865220e-07 2.016200e-13
3.867940e-07 1.965000e-13
3.870670e-07 1.918800e-13
3.873400e-07 1.841800e-13
3.876130e-07 1.808300e-13
3.878860e-07 1.775500e-13
3.881580e-07 1.623100e-13
3.884310e-07 1.529000e-13
3.887040e-07 1.613900e-13
3.889770e-07 1.549100e-13
3.892500e-07 1.557600e-13
3.895230e-07 1.744400e-13
3.897950e-07 1.766300e-13
3.900680e-07 1.847000e-13
3.903410e-07 1.893500e-13
3.906140e-07 1.905700e-13
3.908870e-07 1.993400e-13
3.911590e-07 2.004200e-13
3.914320e-07 1.942700e-13
3.917050e-07 1.961600e-13
3.919780e-07 1.917900e-13
3.922510e-07 1.898300e-13
3.925230e-07 1.819900e-13
3.927960e-07 1.598800e-13
3.930690e-07 1.456000e-13
3.933420e-07 1.383200e-13
3.936150e-07 1.484100e-13
3.938870e-07 1.647400e-13
3.941600e-07 1.774600e-13
3.944330e-07 1.913300e-13
3.947060e-07 1.951100e-13
3.949790e-07 1.892900e-13
3.952520e-07 1.906400e-13
3.955240e-07 1.869800e-13
3.957970e-07 1.798500e-13
3.960700e-07 1.620700e-13
3.963430e-07 1.390100e-13
3.966160e-07 1.334000e-13
3.968880e-07 1.336300e-13
3.971610e-07 1.368400e-13
3.974340e-07 1.492600e-13
3.977070e-07 1.658800e-13
3.979800e-07 1.778000e-13
3.982520e-07 1.890600e-13
3.985250e-07 1.917500e-13
3.987980e-07 2.010900e-13
3.990710e-07 2.091200e-13
3.993440e-07 2.091600e-13
3.996160e-07 2.041100e-13
3.998890e-07 2.085600e-13
4.001620e-07 2.106700e-13
4.004350e-07 2.122900e-13
4.007080e-07 2.150600e-13
4.009810e-07 2.138600e-13
4.012530e-07 2.201500e-13
4.015260e-07 2.192200e-13
4.017990e-07 2.280600e-13
4.020720e-07 2.256000e-13
4.023450e-07 2.180300e-13
4.026170e-07 2.165100e-13
4.028900e-07 2.201100e-13
4.031630e-07 2.150100e-13
4.034360e-07 2.088500e-13
4.037090e-07 2.152100e-13
4.039810e-07 2.179100e-13
4.042540e-07 2.159900e-13
4.045270e-07 2.153500e-13
4.048000e-07 2.163100e-13
4.050730e-07 2.159700e-13
4.053450e-07 2.128000e-13
4.056180e-07 2.110200e-13
4.058910e-07 2.134700e-13
4.061640e-07 2.120000e-13
4.064370e-07 2.121400e-13
4.067100e-07 2.131000e-13
4.069820e-07 2.129800e-13
4.072550e-07 2.074700e-13
4.075280e-07 2.052100e-13
4.078010e-07 2.048500e-13
4.080740e-07 2.109400e-13
4.083460e-07 2.088100e-13
4.086190e-07 2.078300e-13
4.088920e-07 2.048700e-13
4.091650e-07 1.976800e-13
4.094380e-07 1.901200e-13
4.097100e-07 1.794400e-13
4.099830e-07 1.822300e-13
4.102560e-07 1.870700e-13
4.105290e-07 1.889000e-13
4.108020e-07 1.907800e-13
4.110740e-07 1.960100e-13
4.113470e-07 2.035300e-13
4.116200e-07 2.074500e-13
4.118930e-07 2.070600e-13
4.121660e-07 2.041200e-13
4.124390e-07 2.023100e-13
4.127110e-07 2.033100e-13
4.129840e-07 2.032000e-13
4.132570e-07 2.068000e-13
4.135300e-07 2.091400e-13
4.138030e-07 2.119200e-13
4.140750e-07 2.077100e-13
4.143480e-07 2.101800e-13
4.146210e-07 2.128000e-13
4.148940e-07 2.077200e-13
4.151670e-07 2.092800e-13
4.154390e-07 2.135400e-13
4.157120e-07 2.118700e-13
4.159850e-07 2.158700e-13
4.162580e-07 2.159200e-13
4.165310e-07 2.152400e-13
4.168030e-07 2.104800e-13
4.170760e-07 2.023400e-13
4.173490e-07 2.095500e-13
4.176220e-07 2.069600e-13
4.178950e-07 2.061700e-13
4.181680e-07 2.050200e-13
4.184400e-07 2.095300e-13
4.187130e-07 2.128300e-13
4.189860e-07 2.152300e-13
4.192590e-07 2.126500e-13
4.195320e-07 2.100700e-13
4.198040e-07 2.095200e-13
4.200770e-07 2.136100e-13
4.203500e-07 2.112300e-13
4.206230e-07 2.181000e-13
4.208960e-07 2.203100e-13
4.211680e-07 2.181900e-13
4.214410e-07 2.208400e-13
4.217140e-07 2.206500e-13
4.219870e-07 2.155600e-13
4.222600e-07 2.123000e-13
4.225320e-07 2.023500e-13
4.228050e-07 2.009700e-13
4.230780e-07 2.070700e-13
4.233510e-07 2.084900e-13
4.236240e-07 2.110700e-13
4.238970e-07 2.125700e-13
4.241690e-07 2.140600e-13
4.244420e-07 2.147900e-13
4.247150e-07 2.162000e-13
4.249880e-07 2.123600e-13
4.252610e-07 2.115600e-13
4.255330e-07 2.120500e-13
4.258060e-07 2.181200e-13
4.260790e-07 2.200700e-13
4.263520e-07 2.209800e-13
4.266250e-07 2.249700e-13
4.268970e-07 2.032600e-13
4.271700e-07 2.041700e-13
4.274430e-07 2.086200e-13
4.277160e-07 2.043800e-13
4.279890e-07 2.146500e-13
4.282610e-07 2.133400e-13
4.285340e-07 2.102300e-13
4.288070e-07 2.082700e-13
4.290800e-07 2.032700e-13
4.293530e-07 1.991200e-13
4.296260e-07 1.903400e-13
4.298980e-07 1.853500e-13
4.301710e-07 1.880600e-13
4.304440e-07 1.878000e-13
4.307170e-07 1.810100e-13
4.309900e-07 1.884600e-13
4.312620e-07 2.011100e-13
4.315350e-07 2.059300e-13
4.318080e-07 2.071000e-13
4.320810e-07 2.042800e-13
4.323540e-07 1.987200e-13
4.326260e-07 1.955500e-13
4.328990e-07 1.934200e-13
4.331720e-07 1.893900e-13
4.334450e-07 1.928700e-13
4.337180e-07 2.043600e-13
4.339900e-07 2.081900e-13
4.342630e-07 2.070900e-13
4.345360e-07 1.953300e-13
4.348090e-07 1.899400e-13
4.350820e-07 1.926200e-13
4.353550e-07 2.006100e-13
4.356270e-07 2.105400e-13
4.359000e-07 2.122300e-13
4.361730e-07 2.138900e-13
4.364460e-07 2.191900e-13
4.367190e-07 2.204900e-13
4.369910e-07 2.099900e-13
4.372640e-07 2.187100e-13
4.375370e-07 2.111100e-13
4.378100e-07 2.085400e-13
4.380830e-07 2.066300e-13
4.383550e-07 2.010700e-13
4.386280e-07 1.972000e-13
4.389010e-07 2.012200e-13
4.391740e-07 2.093900e-13
4.394470e-07 2.118200e-13
4.397190e-07 2.163800e-13
4.399920e-07 2.117400e-13
4.402650e-07 2.113300e-13
4.405380e-07 2.054800e-13
4.408110e-07 2.093700e-13
4.410840e-07 2.141300e-13
4.413560e-07 2.191900e-13
4.416290e-07 2.106600e-13
4.419020e-07 2.129100e-13
4.421750e-07 2.196500e-13
4.424480e-07 2.149600e-13
4.427200e-07 2.175100e-13
4.429930e-07 2.207700e-13
4.432660e-07 2.225000e-13
4.435390e-07 2.168800e-13
4.438120e-07 2.191100e-13
4.440840e-07 2.190300e-13
4.443570e-07 2.213200e-13
4.446300e-07 2.192400e-13
4.449030e-07 2.263400e-13
4.451760e-07 2.172900e-13
4.454480e-07 2.149800e-13
4.457210e-07 2.108500e-13
4.459940e-07 2.087300e-13
4.462670e-07 2.088900e-13
4.465400e-07 2.111900e-13
4.468130e-07 2.143700e-13
4.470850e-07 2.196000e-13
4.473580e-07 2.211500e-13
4.476310e-07 2.193400e-13
4.479040e-07 2.168900e-13
4.481770e-07 2.229000e-13
4.484490e-07 2.222400e-13
4.487220e-07 2.204800e-13
4.489950e-07 2.290000e-13
4.492680e-07 2.275300e-13
4.495410e-07 2.228700e-13
4.498130e-07 2.251500e-13
4.500860e-07 2.296400e-13
4.503590e-07 2.328700e-13
4.506320e-07 2.346500e-13
4.509050e-07 2.289900e-13
4.511770e-07 2.323800e-13
4.514500e-07 2.270200e-13
4.517230e-07 2.273500e-13
4.519960e-07 2.226200e-13
4.522690e-07 2.196200e-13
4.525420e-07 2.207200e-13
4.528140e-07 2.142000e-13
4.530870e-07 2.168700e-13
4.533600e-07 2.118500e-13
4.536330e-07 2.159900e-13
4.539060e-07 2.227100e-13
4.541780e-07 2.272800e-13
4.544510e-07 2.228700e-13
4.547240e-07 2.217000e-13
4.549970e-07 2.192900e-13
4.552700e-07 2.204500e-13
4.555420e-07 2.141600e-13
4.558150e-07 2.251500e-13
4.560880e-07 2.273500e-13
4.563610e-07 2.212000e-13
4.566340e-07 2.272300e-13
4.569060e-07 2.264400e-13
4.571790e-07 2.248500e-13
4.574520e-07 2.258500e-13
4.577250e-07 2.228100e-13
4.579980e-07 2.203600e-13
4.582710e-07 2.174000e-13
4.585430e-07 2.164400e-13
4.588160e-07 2.221200e-13
4.590890e-07 2.277800e-13
4.593620e-07 2.232500e-13
4.596350e-07 2.225000e-13
4.599070e-07 2.198800e-13
4.601800e-07 2.281100e-13
4.604530e-07 2.275600e-13
4.607260e-07 2.315000e-13
4.609990e-07 2.352000e-13
4.612710e-07 2.315400e-13
4.615440e-07 2.298100e-13
4.618170e-07 2.285200e-13
4.620900e-07 2.293700e-13
4.623630e-07 2.295700e-13
4.626350e-07 2.289600e-13
4.629080e-07 2.266000e-13
4.631810e-07 2.263100e-13
4.634540e-07 2.233800e-13
4.637270e-07 2.223600e-13
4.640000e-07 2.217700e-13
4.642720e-07 2.161700e-13
4.645450e-07 2.168000e-13
4.648180e-07 2.172600e-13
4.650910e-07 2.196100e-13
4.653640e-07 2.220000e-13
4.656360e-07 2.267300e-13
4.659090e-07 2.232000e-13
4.661820e-07 2.228100e-13
4.664550e-07 2.206000e-13
4.667280e-07 2.141500e-13
4.670000e-07 2.128400e-13
4.672730e-07 2.172600e-13
4.675460e-07 2.181300e-13
4.678190e-07 2.217500e-13
4.680920e-07 2.186200e-13
4.683650e-07 2.166200e-13
4.686370e-07 2.154600e-13
4.689100e-07 2.173900e-13
4.691830e-07 2.215500e-13
4.694560e-07 2.232800e-13
4.697290e-07 2.232300e-13
4.700010e-07 2.170400e-13
4.702740e-07 2.128500e-13
4.705470e-07 2.137100e-13
4.708200e-07 2.129600e-13
4.710930e-07 2.148600e-13
4.713650e-07 2.171100e-13
4.716380e-07 2.255000e-13
4.719110e-07 2.262700e-13
4.721840e-07 2.241800e-13
4.724570e-07 2.188900e-13
4.727290e-07 2.151300e-13
4.730020e-07 2.152200e-13
4.732750e-07 2.174800e-13
4.735480e-07 2.217900e-13
4.738210e-07 2.251400e-13
4.740940e-07 2.253500e-13
4.743660e-07 2.271900e-13
4.746390e-07 2.277000e-13
4.749120e-07 2.248200e-13
4.751850e-07 2.258900e-13
4.754580e-07 2.224800e-13
4.757300e-07 2.161700e-13
4.760030e-07 2.163300e-13
4.762760e-07 2.147100e-13
4.765490e-07 2.192900e-13
4.768220e-07 2.219500e-13
4.770940e-07 2.183700e-13
4.773670e-07 2.234500e-13
4.776400e-07 2.266400e-13
4.779130e-07 2.257300e-13
4.781860e-07 2.243200e-13
4.784580e-07 2.233600e-13
4.787310e-07 2.266900e-13
4.790040e-07 2.248800e-13
4.792770e-07 2.249800e-13
4.795500e-07 2.287700e-13
4.798230e-07 2.248700e-13
4.800950e-07 2.251700e-13
4.803680e-07 2.235000e-13
4.806410e-07 2.229400e-13
4.809140e-07 2.260100e-13
4.811870e-07 2.242700e-13
4.814590e-07 2.240200e-13
4.817320e-07 2.260500e-13
4.820050e-07 2.234800e-13
4.822780e-07 2.206600e-13
4.825510e-07 2.177400e-13
4.828230e-07 2.155900e-13
4.830960e-07 2.153000e-13
4.833690e-07 2.176600e-13
4.836420e-07 2.179700e-13
4.839150e-07 2.189000e-13
4.841870e-07 2.185900e-13
4.844600e-07 2.102800e-13
4.847330e-07 2.044000e-13
4.850060e-07 2.068600e-13
4.852790e-07 2.128600e-13
4.855520e-07 2.308000e-13
4.858240e-07 2.726200e-13
4.860970e-07 2.956000e-13
4.863700e-07 2.694400e-13
4.866430e-07 2.252600e-13
4.869160e-07 2.066300e-13
4.871880e-07 2.018800e-13
4.874610e-07 1.988200e-13
4.877340e-07 2.016800e-13
4.880070e-07 2.043700e-13
4.882800e-07 2.061200e-13
4.885520e-07 2.037400e-13
4.888250e-07 2.074600e-13
4.890980e-07 2.128700e-13
4.893710e-07 2.151900e-13
4.896440e-07 2.189100e-13
4.899160e-07 2.209500e-13
4.901890e-07 2.203100e-13
4.904620e-07 2.184600e-13
4.907350e-07 2.154000e-13
4.910080e-07 2.161800e-13
4.912810e-07 2.118100e-13
4.915530e-07 2.092600e-13
4.918260e-07 2.096500e-13
4.920990e-07 2.072700e-13
4.923720e-07 2.078600e-13
4.926450e-07 2.115100e-13
4.929170e-07 2.185200e-13
4.931900e-07 2.173700e-13
4.934630e-07 2.152200e-13
4.937360e-07 2.148700e-13
4.940090e-07 2.149600e-13
4.942810e-07 2.174100e-13
4.945540e-07 2.216000e-13
4.948270e-07 2.254700e-13
4.951000e-07 2.234300e-13
4.953730e-07 2.220100e-13
4.956450e-07 2.208300e-13
4.959180e-07 2.194500e-13
4.961910e-07 2.234400e-13
4.964640e-07 2.257400e-13
4.967370e-07 2.222600e-13
4.970100e-07 2.213400e-13
4.972820e-07 2.209100e-13
4.975550e-07 2.172400e-13
4.978280e-07 2.147200e-13
4.981010e-07 2.103500e-13
4.983740e-07 2.059700e-13
4.986460e-07 2.014600e-13
4.989190e-07 2.072900e-13
4.991920e-07 2.130900e-13
4.994650e-07 2.121700e-13
4.997380e-07 2.130700e-13
5.000100e-07 2.074500e-13
5.002830e-07 2.128300e-13
5.005560e-07 2.256900e-13
5.008290e-07 2.290700e-13
5.011020e-07 2.176900e-13
5.013740e-07 2.079900e-13
5.016470e-07 2.054800e-13
5.019200e-07 1.996800e-13
5.021930e-07 2.014000e-13
5.024660e-07 2.078600e-13
5.027390e-07 2.034000e-13
5.030110e-07 2.063000e-13
5.032840e-07 2.069300e-13
5.035570e-07 2.058300e-13
5.038300e-07 2.046900e-13
5.041030e-07 2.060300e-13
5.043750e-07 2.078100e-13
5.046480e-07 2.081700e-13
5.049210e-07 2.082400e-13
5.051940e-07 2.095000e-13
5.054670e-07 2.115500e-13
5.057390e-07 2.158200e-13
5.060120e-07 2.190200e-13
5.062850e-07 2.179500e-13
5.065580e-07 2.152000e-13
5.068310e-07 2.142400e-13
5.071030e-07 2.090600e-13
5.073760e-07 2.034200e-13
5.076490e-07 1.982800e-13
5.079220e-07 1.982400e-13
5.081950e-07 2.044700e-13
5.084680e-07 2.076600e-13
5.087400e-07 2.084700e-13
5.090130e-07 2.134800e-13
5.092860e-07 2.184200e-13
5.095590e-07 2.158300e-13
5.098320e-07 2.077800e-13
5.101040e-07 2.082400e-13
5.103770e-07 2.046100e-13
5.106500e-07 2.038300e-13
5.109230e-07 2.078700e-13
5.111960e-07 2.159300e-13
5.114680e-07 2.085500e-13
5.117410e-07 2.081300e-13
5.120140e-07 2.148500e-13
5.122870e-07 2.084300e-13
5.125600e-07 2.045700e-13
5.128320e-07 2.035000e-13
5.131050e-07 2.076400e-13
5.133780e-07 2.048300e-13
5.136510e-07 2.019300e-13
5.139240e-07 2.028300e-13
5.141970e-07 2.035000e-13
5.144690e-07 1.944100e-13
5.147420e-07 1.946500e-13
5.150150e-07 2.006000e-13
5.152880e-07 2.059000e-13
5.155610e-07 2.041100e-13
5.158330e-07 2.064700e-13
5.161060e-07 2.061500e-13
5.163790e-07 1.920600e-13
5.166520e-07 1.801100e-13
5.169250e-07 1.799800e-13
5.171970e-07 1.819100e-13
5.174700e-07 1.890600e-13
5.177430e-07 1.974300e-13
5.180160e-07 1.932000e-13
5.182890e-07 1.892500e-13
5.185610e-07 1.863600e-13
5.188340e-07 1.961800e-13
5.191070e-07 2.010400e-13
5.193800e-07 2.016700e-13
5.196530e-07 2.064200e-13
5.199260e-07 2.097100e-13
5.201980e-07 2.062800e-13
5.204710e-07 1.995000e-13
5.207440e-07 1.919300e-13
5.210170e-07 1.977500e-13
5.212900e-07 2.041300e-13
5.215620e-07 2.055500e-13
5.218350e-07 2.045300e-13
5.221080e-07 2.046700e-13
5.223810e-07 2.036700e-13
5.226540e-07 1.965000e-13
5.229260e-07 1.993700e-13
5.231990e-07 2.069800e-13
5.234720e-07 2.123300e-13
5.237450e-07 2.116700e-13
5.240180e-07 2.120600e-13
5.242900e-07 2.114200e-13
5.245630e-07 2.105100e-13
5.248360e-07 2.121400e-13
5.251090e-07 2.113800e-13
5.253820e-07 2.097600e-13
5.256550e-07 2.118300e-13
5.259270e-07 2.086500e-13
5.262000e-07 2.037600e-13
5.264730e-07 1.957000e-13
5.267460e-07 1.909600e-13
5.270190e-07 1.944300e-13
5.272910e-07 1.972300e-13
5.275640e-07 1.996700e-13
5.278370e-07 2.040400e-13
5.281100e-07 2.089800e-13
5.283830e-07 2.093200e-13
5.286550e-07 2.098300e-13
5.289280e-07 2.178400e-13
5.292010e-07 2.188500e-13
5.294740e-07 2.172500e-13
5.297470e-07 2.143300e-13
5.300190e-07 2.121200e-13
5.302920e-07 2.159600e-13
5.305650e-07 2.195300e-13
5.308380e-07 2.224700e-13
5.311110e-07 2.221600e-13
5.313840e-07 2.218100e-13
5.316560e-07 2.220900e-13
5.319290e-07 2.155500e-13
5.322020e-07 2.091500e-13
5.324750e-07 2.058800e-13
5.327480e-07 2.057400e-13
5.330200e-07 2.081300e-13
5.332930e-07 2.104300e-13
5.335660e-07 2.145800e-13
5.338390e-07 2.155100e-13
5.341120e-07 2.147800e-13
5.343840e-07 2.173700e-13
5.346570e-07 2.182500e-13
5.349300e-07 2.174700e-13
5.352030e-07 2.220600e-13
5.354760e-07 2.255000e-13
5.357480e-07 2.201100e-13
5.360210e-07 2.165500e-13
5.362940e-07 2.153700e-13
5.365670e-07 2.126800e-13
5.368400e-07 2.132300e-13
5.371130e-07 2.151700e-13
5.373850e-07 2.172400e-13
5.376580e-07 2.174600e-13
5.379310e-07 2.162100e-13
5.382040e-07 2.167500e-13
5.384770e-07 2.150100e-13
5.387490e-07 2.101200e-13
5.390220e-07 2.083200e-13
5.392950e-07 2.085400e-13
5.395680e-07 2.067900e-13
5.398410e-07 2.082000e-13
5.401130e-07 2.022600e-13
5.403860e-07 1.995700e-13
5.406590e-07 2.040400e-13
5.409320e-07 2.046900e-13
5.412050e-07 2.091000e-13
5.414770e-07 2.132200e-13
5.417500e-07 2.152000e-13
5.420230e-07 2.135500e-13
5.422960e-07 2.116300e-13
5.425690e-07 2.137000e-13
5.428420e-07 2.105400e-13
5.431140e-07 2.106200e-13
5.433870e-07 2.140000e-13
5.436600e-07 2.132200e-13
5.439330e-07 2.149000e-13
5.442060e-07 2.188100e-13
5.444780e-07 2.146300e-13
5.447510e-07 2.126000e-13
5.450240e-07 2.111000e-13
5.452970e-07 2.091000e-13
5.455700e-07 2.142500e-13
5.458420e-07 2.136400e-13
5.461150e-07 2.127600e-13
5.463880e-07 2.132300e-13
5.466610e-07 2.125600e-13
5.469340e-07 2.138600e-13
5.472060e-07 2.108200e-13
5.474790e-07 2.075000e-13
5.477520e-07 2.108400e-13
5.480250e-07 2.120500e-13
5.482980e-07 2.109000e-13
5.485710e-07 2.124300e-13
5.488430e-07 2.150700e-13
5.491160e-07 2.166700e-13
5.493890e-07 2.154600e-13
5.496620e-07 2.146900e-13
5.499350e-07 2.145600e-13
5.502070e-07 2.117800e-13
5.504800e-07 2.039900e-13
5.507530e-07 2.013700e-13
5.510260e-07 2.053200e-13
5.512990e-07 2.098000e-13
5.515710e-07 2.112400e-13
5.518440e-07 2.100400e-13
5.521170e-07 2.096300e-13
5.523900e-07 2.120500e-13
5.526630e-07 2.068300e-13
5.529350e-07 2.076700e-13
5.532080e-07 2.102900e-13
5.534810e-07 2.069600e-13
5.537540e-07 2.148600e-13
5.540270e-07 2.128400e-13
5.543000e-07 2.121700e-13
5.545720e-07 2.141300e-13
5.548450e-07 2.119300e-13
5.551180e-07 2.193600e-13
5.553910e-07 2.192500e-13
5.556640e-07 2.137500e-13
5.559360e-07 2.133900e-13
5.562090e-07 2.102400e-13
5.564820e-07 2.101300e-13
5.567550e-07 2.114100e-13
5.570280e-07 2.138200e-13
5.573000e-07 2.128800e-13
5.575730e-07 2.151800e-13
5.578460e-07 2.147200e-13
5.581190e-07 2.097600e-13
5.583920e-07 2.053400e-13
5.586640e-07 2.082400e-13
5.589370e-07 2.097400e-13
5.592100e-07 2.034200e-13
5.594830e-07 2.051900e-13
5.597560e-07 2.030000e-13
5.600290e-07 2.034400e-13
5.603010e-07 2.103000e-13
5.605740e-07 2.159900e-13
5.608470e-07 2.163900e-13
5.611200e-07 2.146600e-13
5.613930e-07 2.149700e-13
5.616650e-07 2.093800e-13
5.619380e-07 2.055000e-13
5.622110e-07 2.053700e-13
5.624840e-07 2.095500e-13
5.627570e-07 2.134800e-13
5.630290e-07 2.140500e-13
5.633020e-07 2.138800e-13
5.635750e-07 2.153800e-13
5.638480e-07 2.091500e-13
5.641210e-07 2.135200e-13
5.643930e-07 2.083500e-13
5.646660e-07 2.161800e-13
5.649390e-07 2.152700e-13
5.652120e-07 2.123700e-13
5.654850e-07 2.121000e-13
5.657580e-07 2.065500e-13
5.660300e-07 2.087800e-13
5.663030e-07 2.036900e-13
5.665760e-07 2.123100e-13
5.668490e-07 2.156500e-13
5.671220e-07 2.080100e-13
5.673940e-07 2.136000e-13
5.676670e-07 2.158900e-13
5.679400e-07 2.156200e-13
5.682130e-07 2.186000e-13
5.684860e-07 2.144000e-13
5.687580e-07 2.055400e-13
5.690310e-07 2.119200e-13
5.693040e-07 2.122300e-13
5.695770e-07 2.141400e-13
5.698500e-07 2.112200e-13
5.701220e-07 2.079900e-13
5.703950e-07 2.044800e-13
5.706680e-07 2.026800e-13
5.709410e-07 2.035500e-13
5.712140e-07 2.084400e-13
5.714870e-07 2.160200e-13
5.717590e-07 2.120000e-13
5.720320e-07 2.254200e-13
5.723050e-07 2.151500e-13
5.725780e-07 2.129200e-13
5.728510e-07 2.102900e-13
5.731230e-07 2.225500e-13
5.733960e-07 2.103300e-13
5.736690e-07 2.153400e-13
5.739420e-07 2.154700e-13
5.742150e-07 2.170200e-13
5.744870e-07 2.151000e-13
5.747600e-07 2.153300e-13
5.750330e-07 2.098000e-13
5.753060e-07 2.135600e-13
5.755790e-07 2.169900e-13
5.758510e-07 2.147300e-13
5.761240e-07 2.127300e-13
5.763970e-07 2.090900e-13
5.766700e-07 2.144800e-13
5.769430e-07 2.214600e-13
5.772160e-07 2.163600e-13
5.774880e-07 2.142500e-13
5.777610e-07 2.132800e-13
5.780340e-07 2.058900e-13
5.783070e-07 2.007300e-13
5.785800e-07 2.018000e-13
5.788520e-07 2.122900e-13
5.791250e-07 2.134500e-13
5.793980e-07 2.150100e-13
5.796710e-07 2.092300e-13
5.799440e-07 2.131500e-13
5.802160e-07 2.166500e-13
5.804890e-07 2.133600e-13
5.807620e-07 2.103100e-13
5.810350e-07 2.191300e-13
5.813080e-07 2.121800e-13
5.815800e-07 2.144000e-13
5.818530e-07 2.193600e-13
5.821260e-07 2.175400e-13
5.823990e-07 2.209900e-13
5.826720e-07 2.173900e-13
5.829450e-07 2.141700e-13
5.832170e-07 2.182700e-13
5.834900e-07 2.230300e-13
5.837630e-07 2.171800e-13
5.840360e-07 2.155400e-13
5.843090e-07 2.198600e-13
5.845810e-07 2.159200e-13
5.848540e-07 2.140800e-13
5.851270e-07 2.063300e-13
5.854000e-07 2.095600e-13
5.856730e-07 2.078400e-13
5.859450e-07 2.076700e-13
5.862180e-07 2.093200e-13
5.864910e-07 2.139400e-13
5.867640e-07 2.104500e-13
5.870370e-07 2.143800e-13
5.873090e-07 2.193700e-13
5.875820e-07 2.171300e-13
5.878550e-07 2.114000e-13
5.881280e-07 2.078400e-13
5.884010e-07 2.051600e-13
5.886740e-07 1.918000e-13
5.889460e-07 1.816300e-13
5.892190e-07 1.853000e-13
5.894920e-07 1.875600e-13
5.897650e-07 1.944700e-13
5.900380e-07 2.046600e-13
5.903100e-07 2.069400e-13
5.905830e-07 2.047600e-13
5.908560e-07 2.071000e-13
5.911290e-07 2.089700e-13
5.914020e-07 2.044800e-13
5.916740e-07 2.058600e-13
5.919470e-07 2.081300e-13
5.922200e-07 2.086100e-13
5.924930e-07 2.044900e-13
5.927660e-07 2.063700e-13
5.930380e-07 2.062200e-13
5.933110e-07 2.064300e-13
5.935840e-07 2.084000e-13
5.938570e-07 2.079300e-13
5.941300e-07 2.105200e-13
5.944030e-07 2.097500e-13
5.946750e-07 2.072200e-13
5.949480e-07 2.063600e-13
5.952210e-07 2.038500e-13
5.954940e-07 2.053000e-13
5.957670e-07 2.083400e-13
5.960390e-07 2.067500e-13
5.963120e-07 2.040400e-13
5.965850e-07 2.078400e-13
5.968580e-07 2.050800e-13
5.971310e-07 2.055500e-13
5.974030e-07 2.067300e-13
5.976760e-07 2.083400e-13
5.979490e-07 2.093600e-13
5.982220e-07 2.070500e-13
5.984950e-07 2.073100e-13
5.987670e-07 2.082900e-13
5.990400e-07 2.054500e-13
5.993130e-07 2.097500e-13
5.995860e-07 2.115700e-13
5.998590e-07 2.057400e-13
6.001320e-07 2.042600e-13
6.004040e-07 2.016800e-13
6.006770e-07 2.030900e-13
6.009500e-07 2.025700e-13
6.012230e-07 2.080500e-13
6.014960e-07 2.076400e-13
6.017680e-07 2.043200e-13
6.020410e-07 2.067300e-13
6.023140e-07 2.037300e-13
6.025870e-07 2.064100e-13
6.028600e-07 2.081000e-13
6.031320e-07 2.085500e-13
6.034050e-07 2.105900e-13
6.036780e-07 2.077400e-13
6.039510e-07 2.090900e-13
6.042240e-07 2.046500e-13
6.044960e-07 2.086300e-13
6.047690e-07 2.149900e-13
6.050420e-07 2.126800e-13
6.053150e-07 2.060500e-13
6.055880e-07 2.078300e-13
6.058610e-07 2.089700e-13
6.061330e-07 2.081200e-13
6.064060e-07 2.107800e-13
6.066790e-07 2.055300e-13
6.069520e-07 2.103100e-13
6.072250e-07 2.091600e-13
6.074970e-07 2.068800e-13
6.077700e-07 2.045800e-13
6.080430e-07 2.043000e-13
6.083160e-07 2.023100e-13
6.085890e-07 2.065900e-13
6.088610e-07 2.066600e-13
6.091340e-07 2.046600e-13
6.094070e-07 2.052300e-13
6.096800e-07 2.068000e-13
6.099530e-07 1.995300e-13
6.102250e-07 2.046700e-13
6.104980e-07 2.045400e-13
6.107710e-07 2.042100e-13
6.110440e-07 2.052300e-13
6.113170e-07 2.061200e-13
6.115900e-07 2.063300e-13
6.118620e-07 2.075000e-13
6.121350e-07 2.004200e-13
6.124080e-07 2.026600e-13
6.126810e-07 2.012300e-13
6.129540e-07 2.052000e-13
6.132260e-07 2.047200e-13
6.134990e-07 2.018600e-13
6.137720e-07 1.947200e-13
6.140450e-07 1.941800e-13
6.143180e-07 2.033900e-13
6.145900e-07 1.994400e-13
6.148630e-07 1.988600e-13
6.151360e-07 1.985800e-13
6.154090e-07 1.962700e-13
6.156820e-07 1.983600e-13
6.159550e-07 1.908000e-13
6.162270e-07 1.926700e-13
6.165000e-07 1.932300e-13
6.167730e-07 2.007700e-13
6.170460e-07 1.911000e-13
6.173190e-07 1.951100e-13
6.175910e-07 1.998900e-13
6.178640e-07 1.999100e-13
6.181370e-07 2.028800e-13
6.184100e-07 1.996300e-13
6.186830e-07 1.948500e-13
6.189550e-07 1.925500e-13
6.192280e-07 1.914100e-13
6.195010e-07 1.966700e-13
6.197740e-07 1.975300e-13
6.200470e-07 1.978900e-13
6.203190e-07 2.039300e-13
6.205920e-07 2.050900e-13
6.208650e-07 2.029000e-13
6.211380e-07 1.989500e-13
6.214110e-07 1.958100e-13
6.216840e-07 1.938100e-13
6.219560e-07 1.950600e-13
6.222290e-07 1.928100e-13
6.225020e-07 1.893300e-13
6.227750e-07 1.954600e-13
6.230480e-07 1.978100e-13
6.233200e-07 1.976100e-13
6.235930e-07 1.948700e-13
6.238660e-07 1.944200e-13
6.241390e-07 1.976100e-13
6.244120e-07 1.951200e-13
6.246840e-07 1.918700e-13
6.249570e-07 1.902700e-13
6.252300e-07 1.915100e-13
6.255030e-07 1.928700e-13
6.257760e-07 1.941400e-13
6.260480e-07 1.994700e-13
6.263210e-07 1.970700e-13
6.265940e-07 2.002200e-13
6.268670e-07 2.004000e-13
6.271400e-07 2.038200e-13
6.274130e-07 1.969500e-13
6.276850e-07 1.958200e-13
6.279580e-07 1.937800e-13
6.282310e-07 1.907500e-13
6.285040e-07 2.024900e-13
6.287770e-07 1.927000e-13
6.290490e-07 1.953800e-13
6.293220e-07 2.014500e-13
6.295950e-07 2.011600e-13
6.298680e-07 2.021400e-13
6.301410e-07 2.042200e-13
6.304130e-07 2.030000e-13
6.306860e-07 1.990200e-13
6.309590e-07 1.982700e-13
6.312320e-07 1.970500e-13
6.315050e-07 1.873900e-13
6.317770e-07 1.984300e-13
6.320500e-07 1.973200e-13
6.323230e-07 1.931500e-13
6.325960e-07 2.041400e-13
6.328690e-07 2.004000e-13
6.331420e-07 1.972900e-13
6.334140e-07 2.042400e-13
6.336870e-07 1.943200e-13
6.339600e-07 1.960700e-13
6.342330e-07 1.937500e-13
6.345060e-07 1.993000e-13
6.347780e-07 2.030200e-13
6.350510e-07 2.026100e-13
6.353240e-07 1.968700e-13
6.355970e-07 1.944900e-13
6.358700e-07 1.956500e-13
6.361420e-07 1.972300e-13
6.364150e-07 2.012900e-13
6.366880e-07 2.013200e-13
6.369610e-07 2.073100e-13
6.372340e-07 1.949800e-13
6.375060e-07 2.086400e-13
6.377790e-07 2.043800e-13
6.380520e-07 2.034100e-13
6.383250e-07 2.045600e-13
6.385980e-07 2.008600e-13
6.388710e-07 2.025500e-13
6.391430e-07 1.978100e-13
6.394160e-07 1.940100e-13
6.396890e-07 1.962500e-13
6.399620e-07 1.972000e-13
6.402350e-07 1.991100e-13
6.405070e-07 1.970000e-13
6.407800e-07 1.963200e-13
6.410530e-07 1.955600e-13
6.413260e-07 1.999200e-13
6.415990e-07 1.998200e-13
6.418710e-07 1.955700e-13
6.421440e-07 1.949300e-13
6.424170e-07 1.964000e-13
6.426900e-07 2.000100e-13
6.429630e-07 1.998700e-13
6.432350e-07 1.979200e-13
6.435080e-07 1.969000e-13
6.437810e-07 1.973600e-13
6.440540e-07 1.960000e-13
6.443270e-07 1.998900e-13
6.446000e-07 1.989600e-13
6.448720e-07 1.983700e-13
6.451450e-07 1.952700e-13
6.454180e-07 1.989900e-13
6.456910e-07 1.972000e-13
6.459640e-07 1.940900e-13
6.462360e-07 1.929600e-13
6.465090e-07 1.951300e-13
6.467820e-07 1.999700e-13
6.470550e-07 2.060900e-13
6.473280e-07 2.049100e-13
6.476000e-07 2.029100e-13
6.478730e-07 2.053800e-13
6.481460e-07 2.034000e-13
6.484190e-07 1.981700e-13
6.486920e-07 1.963300e-13
6.489640e-07 1.924500e-13
6.492370e-07 1.878200e-13
6.495100e-07 1.899000e-13
6.497830e-07 1.934300e-13
6.500560e-07 1.974600e-13
6.503290e-07 1.996400e-13
6.506010e-07 2.001600e-13
6.508740e-07 1.992400e-13
6.511470e-07 2.006300e-13
6.514200e-07 1.996700e-13
6.516930e-07 2.000300e-13
6.519650e-07 2.010100e-13
6.522380e-07 2.027500e-13
6.525110e-07 2.042200e-13
6.527840e-07 1.995100e-13
6.530570e-07 1.966000e-13
6.533290e-07 1.957800e-13
6.536020e-07 2.015900e-13
6.538750e-07 2.029300e-13
6.541480e-07 2.177800e-13
6.544210e-07 2.351300e-13
6.546930e-07 2.510400e-13
6.549660e-07 2.527900e-13
6.552390e-07 2.502500e-13
6.555120e-07 2.826600e-13
6.557850e-07 4.869800e-13
6.560580e-07 6.848800e-13
6.563300e-07 9.293400e-13
6.566030e-07 5.458200e-13
6.568760e-07 3.078400e-13
6.571490e-07 2.269600e-13
6.574220e-07 2.137300e-13
6.576940e-07 2.500600e-13
6.579670e-07 3.333300e-13
6.582400e-07 3.716300e-13
6.585130e-07 3.602600e-13
6.587860e-07 2.727200e-13
6.590580e-07 2.148600e-13
6.593310e-07 2.045100e-13
6.596040e-07 1.998500e-13
6.598770e-07 2.014400e-13
6.601500e-07 2.025000e-13
6.604220e-07 1.994200e-13
6.606950e-07 1.958100e-13
6.609680e-07 1.951500e-13
6.612410e-07 2.048100e-13
6.615140e-07 1.997200e-13
6.617870e-07 2.063800e-13
6.620590e-07 2.012800e-13
6.623320e-07 2.009400e-13
6.626050e-07 2.022600e-13
6.628780e-07 1.992000e-13
6.631510e-07 1.993400e-13
6.634230e-07 1.957900e-13
6.636960e-07 1.950900e-13
6.639690e-07 1.972100e-13
6.642420e-07 1.974600e-13
6.645150e-07 2.004700e-13
6.647870e-07 2.018300e-13
6.650600e-07 1.964500e-13
6.653330e-07 1.923600e-13
6.656060e-07 1.940500e-13
6.658790e-07 1.953100e-13
6.661510e-07 1.933600e-13
6.664240e-07 1.928300e-13
6.666970e-07 1.936500e-13
6.669700e-07 1.947600e-13
6.672430e-07 1.955400e-13
6.675160e-07 1.954300e-13
6.677880e-07 1.942000e-13
6.680610e-07 1.938300e-13
6.683340e-07 1.913200e-13
6.686070e-07 1.924200e-13
6.688800e-07 1.954500e-13
6.691520e-07 1.941900e-13
6.694250e-07 1.899600e-13
6.696980e-07 1.936900e-13
6.699710e-07 1.948800e-13
6.702440e-07 1.919600e-13
6.705160e-07 1.947100e-13
6.707890e-07 2.023900e-13
6.710620e-07 2.198100e-13
6.713350e-07 2.457500e-13
6.716080e-07 2.624500e-13
6.718800e-07 2.490100e-13
6.721530e-07 2.240600e-13
6.724260e-07 2.168000e-13
6.726990e-07 2.287700e-13
6.729720e-07 2.400600e-13
6.732450e-07 2.425400e-13
6.735170e-07 2.109700e-13
6.737900e-07 1.881600e-13
6.740630e-07 1.918700e-13
6.743360e-07 1.898100e-13
6.746090e-07 1.878100e-13
6.748810e-07 1.903800e-13
6.751540e-07 1.887000e-13
6.754270e-07 1.882900e-13
6.757000e-07 1.944800e-13
6.759730e-07 1.912700e-13
6.762450e-07 1.954800e-13
6.765180e-07 1.830200e-13
6.767910e-07 1.938300e-13
6.770640e-07 1.947300e-13
6.773370e-07 1.932200e-13
6.784640e-07 1.951600e-13
6.800280e-07 1.889600e-13
6.815960e-07 1.911300e-13
6.831670e-07 1.951200e-13
6.847420e-07 1.842000e-13
6.863200e-07 1.858900e-13
6.879030e-07 1.858800e-13
6.894880e-07 1.854400e-13
6.910780e-07 1.867100e-13
6.926710e-07 1.867000e-13
6.942680e-07 1.910300e-13
6.958680e-07 1.888300e-13
6.974720e-07 1.959000e-13
6.990800e-07 1.949900e-13
7.006920e-07 1.874900e-13
7.023070e-07 1.827900e-13
7.039260e-07 1.931600e-13
7.055490e-07 2.013200e-13
7.071750e-07 1.831700e-13
7.088050e-07 1.904700e-13
7.104390e-07 1.810500e-13
7.120770e-07 1.797900e-13
7.137190e-07 1.720900e-13
7.153640e-07 1.748700e-13
7.170130e-07 1.768800e-13
7.186660e-07 1.716500e-13
7.203230e-07 1.740300e-13
7.219830e-07 1.809600e-13
7.236470e-07 1.822000e-13
7.253160e-07 1.796900e-13
7.269880e-07 1.772100e-13
7.286630e-07 1.813300e-13
7.303430e-07 1.889900e-13
7.320270e-07 1.842500e-13
7.337140e-07 1.872300e-13
7.354050e-07 1.898200e-13
7.371010e-07 1.837800e-13
7.388000e-07 1.933200e-13
7.405030e-07 1.933100e-13
7.422100e-07 1.845900e-13
7.439210e-07 1.897500e-13
7.456360e-07 1.928200e-13
7.473550e-07 1.954900e-13
7.490780e-07 1.923500e-13
7.508050e-07 1.950100e-13
7.525360e-07 1.977100e-13
7.542700e-07 1.990600e-13
7.560090e-07 1.936200e-13
7.577520e-07 1.900700e-13
7.594990e-07 1.870200e-13
7.612490e-07 1.848700e-13
7.630040e-07 1.861300e-13
7.647630e-07 1.852600e-13
7.665260e-07 1.789600e-13
7.682930e-07 1.801900e-13
7.700640e-07 1.789300e-13
7.718400e-07 1.785100e-13
7.736190e-07 1.768600e-13
7.754020e-07 1.704500e-13
7.771900e-07 1.776500e-13
7.789810e-07 1.743900e-13
7.807770e-07 1.735800e-13
7.825770e-07 1.817400e-13
7.843810e-07 1.723600e-13
7.861890e-07 1.779900e-13
7.880020e-07 1.771600e-13
7.898180e-07 1.800200e-13
7.916390e-07 1.727000e-13
7.934640e-07 1.730800e-13
7.952930e-07 1.649000e-13
7.971260e-07 1.726600e-13
7.989630e-07 1.754500e-13
8.008050e-07 1.702600e-13
8.026510e-07 1.795100e-13
8.045020e-07 1.819900e-13
8.063560e-07 1.811400e-13
8.082150e-07 1.733700e-13
8.100780e-07 1.667000e-13
8.119460e-07 1.769800e-13
8.138170e-07 1.777800e-13
8.156930e-07 1.713300e-13
8.175740e-07 1.725100e-13
8.194590e-07 1.697400e-13
8.213470e-07 1.765000e-13
8.232410e-07 1.732600e-13
8.251390e-07 1.760600e-13
8.270410e-07 1.814000e-13
8.289470e-07 1.732200e-13
8.308590e-07 1.728100e-13
8.327740e-07 1.688600e-13
8.346930e-07 1.669100e-13
8.366180e-07 1.735600e-13
8.385460e-07 1.680400e-13
8.404790e-07 1.691900e-13
8.424170e-07 1.727200e-13
8.443590e-07 1.578700e-13
8.463050e-07 1.660600e-13
8.482560e-07 1.668100e-13
8.502120e-07 1.656500e-13
8.521710e-07 1.626100e-13
8.541360e-07 1.633500e-13
8.561050e-07 1.640900e-13
8.580780e-07 1.656000e-13
8.600560e-07 1.636900e-13
8.620390e-07 1.588500e-13
8.640260e-07 1.663200e-13
8.660180e-07 1.614000e-13
8.680140e-07 1.588000e-13
8.700160e-07 1.587900e-13
8.720210e-07 1.632300e-13
8.740310e-07 1.674000e-13
8.760460e-07 1.591200e-13
8.780660e-07 1.639400e-13
8.800900e-07 1.635500e-13
8.821180e-07 1.685000e-13
8.841520e-07 1.681000e-13
8.861900e-07 1.673100e-13
8.882330e-07 1.554100e-13
8.902810e-07 1.579200e-13
8.923330e-07 1.597400e-13
8.943900e-07 1.604600e-13
8.964520e-07 1.542900e-13
8.985180e-07 1.521600e-13
9.005900e-07 1.626500e-13
9.026660e-07 1.413200e-13
9.047470e-07 1.667900e-13
9.068320e-07 1.663900e-13
9.089230e-07 1.482800e-13
9.110180e-07 1.520700e-13
9.131180e-07 1.607000e-13
9.152230e-07 1.545200e-13
9.173330e-07 1.570100e-13
9.194480e-07 1.544900e-13
9.215670e-07 1.555500e-13
9.236920e-07 1.502500e-13
9.258210e-07 1.523300e-13
9.279550e-07 1.613400e-13
9.300940e-07 1.523000e-13
9.322380e-07 1.594600e-13
9.343870e-07 1.590800e-13
9.365410e-07 1.561600e-13
9.387000e-07 1.586900e-13
9.408640e-07 1.557700e-13
9.430330e-07 1.597600e-13
9.452070e-07 1.575500e-13
9.473860e-07 1.608300e-13
9.495700e-07 1.608200e-13
9.517590e-07 1.571400e-13
9.539530e-07 1.578500e-13
9.561520e-07 1.571100e-13
9.583560e-07 1.600200e-13
9.605660e-07 1.581700e-13
9.627800e-07 1.588900e-13
9.649990e-07 1.563300e-13
9.672240e-07 1.563200e-13
9.694530e-07 1.581100e-13
9.716880e-07 1.555700e-13
9.739280e-07 1.537700e-13
9.761730e-07 1.541100e-13
9.784240e-07 1.516300e-13
9.806790e-07 1.555100e-13
9.829400e-07 1.540700e-13
9.852060e-07 1.547600e-13
9.874770e-07 1.536800e-13
9.897530e-07 1.533100e-13
9.920350e-07 1.515400e-13
9.943220e-07 1.532800e-13
9.966140e-07 1.532700e-13
9.989110e-07 1.525500e-13
1.003522e-06 1.525200e-13
1.008154e-06 1.503900e-13
1.012807e-06 1.524600e-13
1.017483e-06 1.510300e-13
1.022179e-06 1.516900e-13
1.026897e-06 1.520100e-13
1.029264e-06 1.509500e-13
1.050817e-06 1.460300e-13
1.070353e-06 1.397100e-13
1.090252e-06 1.349700e-13
1.110521e-06 1.288900e-13
1.131168e-06 1.262500e-13
1.149548e-06 1.253800e-13
1.170919e-06 1.219600e-13
1.189945e-06 1.170100e-13
1.209280e-06 1.148800e-13
1.228929e-06 1.130400e-13
1.248898e-06 1.097000e-13
1.269191e-06 1.069600e-13
1.289813e-06 1.045300e-13
1.310771e-06 1.023800e-13
1.329006e-06 9.913500e-14
1.350600e-06 9.710200e-14
1.369389e-06 9.511000e-14
1.388439e-06 9.145900e-14
1.411000e-06 8.734300e-14
1.430629e-06 8.594600e-14
1.450531e-06 8.634300e-14
1.470710e-06 8.322000e-14
1.491169e-06 8.418300e-14
1.508437e-06 8.457200e-14
1.529421e-06 8.574800e-14
1.550696e-06 8.496200e-14
1.568653e-06 8.341200e-14
1.590475e-06 8.058000e-14
1.608892e-06 8.076600e-14
1.631275e-06 8.002500e-14
1.650164e-06 7.892700e-14
1.669271e-06 7.820300e-14
1.688600e-06 7.695300e-14
1.708154e-06 7.520100e-14
1.731917e-06 7.231500e-14
1.751972e-06 6.986000e-14
1.768182e-06 6.686900e-14
1.788657e-06 6.430200e-14
1.809369e-06 6.112600e-14
1.830319e-06 5.946000e-14
1.851513e-06 5.744200e-14
1.868646e-06 5.485600e-14
1.890285e-06 5.323900e-14
1.912171e-06 5.238700e-14
1.929865e-06 5.060900e-14
1.952213e-06 4.855400e-14
1.970275e-06 4.701400e-14
1.988507e-06 4.541800e-14
2.011533e-06 4.469200e-14
2.030144e-06 4.317400e-14
2.048930e-06 4.258200e-14
2.067887e-06 4.142200e-14
2.091832e-06 4.047900e-14
2.111189e-06 3.974000e-14
2.130722e-06 3.892500e-14
2.150438e-06 3.803900e-14
2.170337e-06 3.683200e-14
2.190417e-06 3.616000e-14
2.210686e-06 3.509300e-14
2.231142e-06 3.413700e-14
2.251785e-06 3.336000e-14
2.267395e-06 3.245100e-14
2.288373e-06 2.912200e-14
2.309548e-06 2.878900e-14
2.330917e-06 2.524800e-14
2.352486e-06 2.383600e-14
2.368791e-06 2.411200e-14
2.390710e-06 2.219300e-14
2.407283e-06 2.144000e-14
2.429556e-06 2.114600e-14
2.452037e-06 1.968900e-14
2.469033e-06 1.933000e-14
2.491880e-06 1.637700e-14
2.509151e-06 1.615200e-14
2.532369e-06 1.622700e-14
2.549922e-06 1.607800e-14
2.567598e-06 1.633900e-14
2.591354e-06 1.604100e-14
2.609318e-06 1.600400e-14
2.627404e-06 1.560400e-14
2.651716e-06 1.542500e-14
2.670096e-06 1.514300e-14
2.688605e-06 1.493600e-14
2.707241e-06 1.469700e-14
2.732292e-06 1.439500e-14
2.751230e-06 1.419800e-14
2.770302e-06 1.387500e-14
2.789503e-06 1.368400e-14
2.808841e-06 1.343500e-14
2.828309e-06 1.322000e-14
2.847916e-06 1.294900e-14
2.867655e-06 1.271200e-14
2.887535e-06 1.250900e-14
2.907549e-06 1.228100e-14
2.927701e-06 1.202900e-14
2.947997e-06 1.180900e-14
2.968430e-06 1.164700e-14
2.989008e-06 1.140800e-14
3.009725e-06 1.122600e-14
3.030589e-06 1.104700e-14
3.051595e-06 1.092000e-14
3.072749e-06 1.079500e-14
3.086932e-06 1.062200e-14
3.108328e-06 1.050100e-14
3.129875e-06 1.038100e-14
3.151569e-06 1.023800e-14
3.173417e-06 1.012100e-14
3.188063e-06 1.005100e-14
3.210164e-06 1.000500e-14
3.232414e-06 1.002800e-14
3.247333e-06 1.023800e-14
3.269844e-06 1.104700e-14
3.292508e-06 1.340400e-14
3.307705e-06 1.325000e-14
3.330635e-06 1.059800e-14
3.353720e-06 9.532900e-15
3.369203e-06 9.041200e-15
3.392555e-06 8.734300e-15
3.408213e-06 8.496200e-15
3.431840e-06 8.322000e-15
3.447679e-06 8.151300e-15
3.471579e-06 8.002500e-15
3.487602e-06 7.856400e-15
3.511775e-06 7.713000e-15
3.527988e-06 7.572300e-15
3.552441e-06 7.434100e-15
3.568841e-06 7.298400e-15
3.593577e-06 7.181700e-15
3.610163e-06 7.066900e-15
3.626830e-06 6.937900e-15
3.651968e-06 6.811200e-15
3.668823e-06 6.686900e-15
3.685761e-06 6.564900e-15
3.711307e-06 6.445000e-15
3.728437e-06 6.342000e-15
3.754283e-06 6.211900e-15
3.771611e-06 6.140800e-15
3.789019e-06 6.028700e-15
3.806511e-06 5.932300e-15
3.832894e-06 5.837500e-15
3.850589e-06 5.744200e-15
3.868362e-06 5.639300e-15
3.886216e-06 5.549100e-15
3.913156e-06 5.460400e-15
3.931217e-06 5.373100e-15
3.949361e-06 5.275000e-15
3.967594e-06 5.190700e-15
3.985906e-06 5.084200e-15
4.013533e-06 5.014500e-15
4.032062e-06 4.945700e-15
4.050672e-06 4.855400e-15
4.069367e-06 4.788800e-15
4.088149e-06 4.723100e-15
4.107022e-06 4.647600e-15
4.125978e-06 4.583800e-15
4.154581e-06 4.510500e-15
4.173756e-06 4.448600e-15
4.193020e-06 4.377500e-15
4.212372e-06 4.317400e-15
4.231819e-06 4.268000e-15
4.251351e-06 4.199800e-15
4.270973e-06 4.151700e-15
4.290690e-06 4.010800e-15
4.310493e-06 3.865700e-15
4.330388e-06 3.856800e-15
4.350380e-06 3.725900e-15
4.370459e-06 3.657800e-15
4.390630e-06 3.607700e-15
4.410895e-06 3.509300e-15
4.431258e-06 3.461200e-15
4.451711e-06 3.421600e-15
4.472257e-06 3.351400e-15
4.492904e-06 3.328300e-15
4.513640e-06 3.282700e-15
4.534473e-06 3.230200e-15
4.544925e-06 3.207900e-15
4.565907e-06 3.178500e-15
4.586981e-06 3.106200e-15
4.608152e-06 3.106200e-15
4.629426e-06 3.063600e-15
4.650793e-06 3.035500e-15
4.672258e-06 3.028500e-15
4.693828e-06 2.986900e-15
4.704647e-06 2.952700e-15
4.726362e-06 2.952700e-15
4.748176e-06 2.905500e-15
4.770096e-06 2.885500e-15
4.792112e-06 2.865700e-15
4.814230e-06 2.819800e-15
4.825327e-06 2.826300e-15
4.847604e-06 2.787600e-15
4.869977e-06 2.762000e-15
4.892455e-06 2.736700e-15
4.915041e-06 2.711600e-15
4.926370e-06 2.699100e-15
4.949108e-06 2.674400e-15
4.971951e-06 2.677400e-15
4.994904e-06 2.664500e-15
5.006417e-06 2.655000e-15
5.029524e-06 2.654300e-15
5.052738e-06 2.647400e-15
5.064390e-06 2.644000e-15
5.076064e-06 2.646700e-15
5.087765e-06 2.655400e-15
5.099492e-06 2.652000e-15
5.111247e-06 2.648500e-15
5.123029e-06 2.651100e-15
5.134843e-06 2.653800e-15
5.146680e-06 2.650300e-15
5.158543e-06 2.652900e-15
5.170434e-06 2.661600e-15
5.182352e-06 2.658000e-15
5.194298e-06 2.654500e-15
5.206271e-06 2.657100e-15
5.218277e-06 2.665800e-15
5.230306e-06 2.662200e-15
5.242362e-06 2.664800e-15
5.254446e-06 2.673500e-15
5.266558e-06 2.682200e-15
5.278698e-06 2.690900e-15
5.290872e-06 2.687300e-15
5.303067e-06 2.689800e-15
5.315291e-06 2.692400e-15
5.327544e-06 2.701100e-15
5.339824e-06 2.709900e-15
5.352132e-06 2.718600e-15
5.364469e-06 2.727400e-15
5.376841e-06 2.736300e-15
5.389235e-06 2.745100e-15
5.401657e-06 2.754000e-15
5.414109e-06 2.756500e-15
5.426589e-06 2.765400e-15
5.439097e-06 2.774300e-15
5.451635e-06 2.789600e-15
5.464207e-06 2.798600e-15
5.476803e-06 2.801100e-15
5.489427e-06 2.816600e-15
5.502080e-06 2.832100e-15
5.514763e-06 2.841200e-15
5.527475e-06 2.863400e-15
5.540222e-06 2.879200e-15
5.552993e-06 2.888400e-15
5.565793e-06 2.904300e-15
5.578623e-06 2.933700e-15
5.591482e-06 2.943100e-15
5.604370e-06 2.966100e-15
5.617289e-06 2.989200e-15
5.630243e-06 3.012600e-15
5.643221e-06 3.036100e-15
5.656229e-06 3.066800e-15
5.669267e-06 3.097800e-15
5.682336e-06 3.122000e-15
5.695433e-06 3.153600e-15
5.708568e-06 3.192800e-15
5.721727e-06 3.232500e-15
5.734916e-06 3.272700e-15
5.748135e-06 3.313400e-15
5.761385e-06 3.362300e-15
5.774666e-06 3.412000e-15
5.787977e-06 3.470300e-15
5.801325e-06 3.529700e-15
5.814697e-06 3.590000e-15
5.828100e-06 3.651300e-15
5.841535e-06 3.730900e-15
5.855000e-06 3.820900e-15
5.868496e-06 3.895200e-15
5.882023e-06 3.998300e-15
5.895588e-06 4.094800e-15
5.908045e-06 4.489500e-15
5.938784e-06 3.951200e-15
5.969521e-06 4.681500e-15
6.000261e-06 5.453800e-15
6.030999e-06 5.870500e-15
6.061737e-06 6.577600e-15
6.092477e-06 6.767900e-15
6.123215e-06 8.916100e-15
6.153953e-06 1.299900e-14
6.184692e-06 1.643700e-14
6.215430e-06 1.812500e-14
6.246169e-06 1.727000e-14
6.276907e-06 1.432900e-14
6.307646e-06 1.239700e-14
6.338385e-06 1.054700e-14
6.369123e-06 9.358700e-15
6.399861e-06 7.818700e-15
6.430601e-06 7.235800e-15
6.461339e-06 6.726800e-15
6.492077e-06 5.821700e-15
6.522817e-06 5.833100e-15
6.553554e-06 5.677100e-15
6.584293e-06 5.776100e-15
6.615032e-06 5.512700e-15
6.645770e-06 5.215300e-15
6.676508e-06 5.268000e-15
6.707248e-06 6.104700e-15
6.737986e-06 5.991300e-15
6.768725e-06 5.192300e-15
6.799463e-06 5.691700e-15
6.830202e-06 6.263600e-15
6.860941e-06 5.648000e-15
6.891678e-06 6.457000e-15
6.922418e-06 6.534600e-15
6.953156e-06 7.064400e-15
6.983894e-06 8.031300e-15
7.014633e-06 7.106000e-15
7.045372e-06 6.471700e-15
7.076110e-06 7.655800e-15
7.106849e-06 7.395700e-15
7.137587e-06 7.252400e-15
7.168327e-06 8.294400e-15
7.199064e-06 7.205800e-15
7.229803e-06 8.015600e-15
7.260543e-06 9.460600e-15
7.291280e-06 9.789700e-15
7.322019e-06 9.231900e-15
7.352758e-06 9.553000e-15
7.383496e-06 1.018900e-14
7.414234e-06 1.191300e-14
7.444973e-06 1.322300e-14
7.473700e-06 1.195200e-14
7.475712e-06 1.502600e-14
7.506451e-06 1.522300e-14
7.535298e-06 1.500100e-14
7.537189e-06 1.684300e-14
7.596898e-06 1.700800e-14
7.658497e-06 1.675200e-14
7.720097e-06 1.579800e-14
7.781697e-06 1.572200e-14
7.843297e-06 1.509300e-14
7.904896e-06 1.366600e-14
7.966496e-06 1.165400e-14
8.028096e-06 1.026200e-14
8.089695e-06 8.978100e-15
8.151295e-06 8.067000e-15
8.212895e-06 7.620300e-15
8.274494e-06 7.462600e-15
8.336094e-06 7.719700e-15
8.397694e-06 7.609500e-15
8.459294e-06 7.811300e-15
8.520893e-06 8.503800e-15
8.582494e-06 8.903000e-15
8.644092e-06 8.426200e-15
8.705692e-06 7.081500e-15
8.767292e-06 5.778100e-15
8.828891e-06 4.581100e-15
8.890490e-06 3.776100e-15
8.952090e-06 3.405000e-15
9.013689e-06 3.259500e-15
9.075290e-06 2.905200e-15
9.136889e-06 2.662800e-15
9.198489e-06 2.610400e-15
9.260089e-06 2.528200e-15
9.321688e-06 2.551500e-15
9.383287e-06 2.438300e-15
9.444887e-06 2.410200e-15
9.506487e-06 2.336600e-15
9.568086e-06 2.201000e-15
9.629686e-06 2.494900e-15
9.691286e-06 2.556000e-15
9.752886e-06 2.285500e-15
9.814485e-06 1.975900e-15
9.876085e-06 2.112000e-15
9.937681e-06 2.028400e-15
9.999285e-06 2.057600e-15
1.006088e-05 2.044400e-15
1.012249e-05 2.035100e-15
1.018408e-05 1.953500e-15
1.024569e-05 1.810100e-15
1.030728e-05 1.826400e-15
1.036888e-05 1.977400e-15
1.043048e-05 2.106700e-15
1.049208e-05 2.160900e-15
1.055369e-05 2.389100e-15
1.061528e-05 2.503900e-15
1.067687e-05 2.438800e-15
1.073848e-05 2.487100e-15
1.080008e-05 2.453900e-15
1.086168e-05 2.783200e-15
1.092328e-05 3.049900e-15
1.098488e-05 3.765600e-15
1.104648e-05 4.219500e-15
1.110807e-05 5.133700e-15
1.116968e-05 8.117400e-15
1.123127e-05 1.051700e-14
1.129288e-05 9.751000e-15
1.135447e-05 7.814400e-15
1.141608e-05 6.355700e-15
1.147768e-05 5.159200e-15
1.153927e-05 4.420600e-15
1.160088e-05 3.913900e-15
1.166247e-05 3.493500e-15
1.172408e-05 3.396800e-15
1.178567e-05 3.373100e-15
1.184728e-05 3.655400e-15
1.190887e-05 3.797000e-15
1.197047e-05 3.880500e-15
1.203207e-05 3.822400e-15
1.209367e-05 3.654600e-15
1.215528e-05 3.436700e-15
1.221687e-05 3.528000e-15
1.227847e-05 3.768300e-15
1.234007e-05 3.821900e-15
1.240167e-05 3.938200e-15
1.246327e-05 4.183100e-15
1.252487e-05 4.377100e-15
1.258647e-05 4.560300e-15
1.264807e-05 4.821600e-15
1.270966e-05 5.183500e-15
1.277127e-05 6.348900e-15
1.283286e-05 6.374300e-15
1.289447e-05 4.086900e-15
1.295607e-05 2.871100e-15
1.301766e-05 2.637000e-15
1.307927e-05 2.653900e-15
1.314086e-05 2.569500e-15
1.320247e-05 2.520900e-15
1.326406e-05 2.468000e-15
1.332567e-05 2.391200e-15
1.338726e-05 2.315200e-15
1.344886e-05 2.356600e-15
1.351046e-05 2.381500e-15
1.357206e-05 2.332900e-15
1.363366e-05 2.316400e-15
1.369526e-05 2.165000e-15
1.375687e-05 2.116800e-15
1.381846e-05 2.031800e-15
1.388006e-05 2.044200e-15
1.394166e-05 2.110200e-15
1.400326e-05 2.083300e-15
1.406486e-05 2.075300e-15
1.412646e-05 2.151600e-15
1.418806e-05 2.203700e-15
1.424966e-05 2.166200e-15
1.431125e-05 1.953700e-15
1.437286e-05 1.886600e-15
1.442586e-05 1.772000e-15
1.451682e-05 1.671400e-15
1.460779e-05 1.556600e-15
1.469875e-05 1.533500e-15
1.478971e-05 1.501200e-15
1.488067e-05 1.444900e-15
1.497164e-05 1.410400e-15
1.506260e-05 1.431100e-15
1.515356e-05 1.451700e-15
1.524453e-05 1.417000e-15
1.533549e-05 1.401600e-15
1.542645e-05 1.448900e-15
1.551741e-05 1.701400e-15
1.560838e-05 1.742300e-15
1.569934e-05 1.557400e-15
1.579030e-05 1.526800e-15
1.588127e-05 1.596900e-15
1.597223e-05 1.607800e-15
1.606319e-05 1.583200e-15
1.615416e-05 1.652500e-15
1.624512e-05 1.818500e-15
1.633608e-05 2.216400e-15
1.642704e-05 2.665300e-15
1.651801e-05 2.587800e-15
1.660897e-05 2.355700e-15
1.669993e-05 2.320600e-15
1.679089e-05 2.309300e-15
1.688186e-05 2.354600e-15
1.697282e-05 2.765900e-15
1.706378e-05 3.007300e-15
1.715475e-05 2.585500e-15
1.724571e-05 2.398200e-15
1.733667e-05 2.429000e-15
1.742763e-05 2.260700e-15
1.751859e-05 1.943800e-15
1.760955e-05 1.716200e-15
1.770051e-05 1.636400e-15
1.779148e-05 1.640900e-15
1.788244e-05 1.568800e-15
1.797340e-05 1.449000e-15
1.806437e-05 1.383800e-15
1.815533e-05 1.346400e-15
1.824629e-05 1.311500e-15
1.833726e-05 1.350500e-15
1.842822e-05 1.347200e-15
1.851918e-05 1.348600e-15
1.861014e-05 1.533900e-15
1.870111e-05 2.062300e-15
1.879207e-05 1.782600e-15
1.888303e-05 1.429200e-15
1.897400e-05 1.405200e-15
1.906496e-05 1.321100e-15
1.915592e-05 1.277000e-15
1.924688e-05 1.258800e-15
1.933785e-05 1.223400e-15
1.942881e-05 1.213200e-15
1.951977e-05 1.219400e-15
1.961074e-05 1.199400e-15
1.970170e-05 1.185500e-15
1.979265e-05 1.161900e-15
1.988361e-05 1.123600e-15
1.997458e-05 1.187000e-15
2.006554e-05 1.148600e-15
2.015650e-05 1.171200e-15
2.024747e-05 1.141600e-15
2.035661e-05 1.099000e-15
2.053173e-05 1.167800e-15
2.070696e-05 1.137900e-15
2.088229e-05 1.100000e-15
2.105772e-05 1.143000e-15
2.123325e-05 1.133600e-15
2.140889e-05 1.080200e-15
2.158462e-05 1.115700e-15
2.176045e-05 1.158200e-15
2.193639e-05 1.127900e-15
2.211244e-05 1.092100e-15
2.228859e-05 1.129000e-15
2.246483e-05 1.154500e-15
2.264118e-05 1.128700e-15
2.281764e-05 1.099600e-15
2.299419e-05 1.130500e-15
2.317085e-05 1.145000e-15
2.334761e-05 1.146900e-15
2.352448e-05 1.135200e-15
2.370146e-05 1.141100e-15
2.387854e-05 1.156900e-15
2.405572e-05 1.144700e-15
2.423300e-05 1.126100e-15
2.441039e-05 1.102800e-15
2.458790e-05 1.104500e-15
2.476549e-05 1.115400e-15
2.494319e-05 1.126700e-15
2.512100e-05 1.118700e-15
2.529893e-05 1.108600e-15
2.547695e-05 1.131900e-15
2.565507e-05 1.151600e-15
2.583331e-05 1.202400e-15
2.601166e-05 1.194500e-15
2.619011e-05 1.114600e-15
2.636866e-05 1.098100e-15
2.654733e-05 1.099700e-15
2.672609e-05 1.088800e-15
2.690498e-05 1.090400e-15
2.708396e-05 1.090900e-15
2.726306e-05 1.073400e-15
2.744226e-05 1.064900e-15
2.762157e-05 1.076600e-15
2.780099e-05 1.083400e-15
2.798051e-05 1.097600e-15
2.816015e-05 1.162200e-15
2.833990e-05 1.133900e-15
2.851976e-05 1.067600e-15
2.869972e-05 1.066900e-15
2.887979e-05 1.061200e-15
2.905998e-05 1.071800e-15
2.924027e-05 1.078100e-15
2.942067e-05 1.084600e-15
2.960119e-05 1.074200e-15
2.978182e-05 1.074700e-15
2.996255e-05 1.069800e-15
3.014340e-05 1.095000e-15
3.032435e-05 1.095800e-15
3.050543e-05 1.114700e-15
3.068661e-05 1.119000e-15
3.086790e-05 1.110700e-15
3.104931e-05 1.114600e-15
3.123083e-05 1.099200e-15
3.141246e-05 1.129600e-15
3.159421e-05 1.135800e-15
3.177606e-05 1.135500e-15
3.195803e-05 1.161700e-15
3.214012e-05 1.203900e-15
3.232231e-05 1.179600e-15
3.250462e-05 1.203800e-15
3.268705e-05 1.214900e-15
3.286959e-05 1.254100e-15
3.305224e-05 1.273100e-15
3.323501e-05 1.333900e-15
3.341789e-05 1.703300e-15
3.360089e-05 1.734700e-15
3.378401e-05 1.352900e-15
3.396724e-05 1.223700e-15
3.415058e-05 1.212000e-15
3.433404e-05 1.240000e-15
3.451762e-05 1.300000e-15
3.470131e-05 1.903700e-15
