1.000900e-08 1.003100e-16
1.019500e-08 1.151700e-16
1.040900e-08 1.219900e-16
1.060200e-08 1.343800e-16
1.080000e-08 1.493900e-16
1.100000e-08 2.067000e-16
1.138700e-08 2.406200e-16
1.178700e-08 2.687400e-16
1.208900e-08 6.627300e-16
1.251400e-08 7.487500e-16
1.268800e-08 7.894700e-16
1.280600e-08 8.134600e-16
1.310400e-08 8.716400e-16
1.319500e-08 9.601400e-16
1.340900e-08 9.984700e-16
1.369000e-08 1.141100e-15
1.400900e-08 1.214300e-15
1.430200e-08 1.983100e-15
1.470300e-08 3.107000e-15
1.511500e-08 3.321500e-15
1.550300e-08 3.583700e-15
1.590000e-08 3.857800e-15
1.619600e-08 4.067600e-15
1.661100e-08 4.378600e-15
1.699800e-08 4.648700e-15
1.731400e-08 4.879100e-15
1.771800e-08 5.168200e-15
1.800600e-08 5.386900e-15
1.821400e-08 5.537800e-15
1.859500e-08 5.839000e-15
1.911600e-08 6.199200e-15
1.938200e-08 6.461500e-15
1.978800e-08 6.766100e-15
2.020300e-08 7.084900e-15
2.048400e-08 7.317000e-15
2.100900e-08 7.470300e-15
2.159800e-08 8.172100e-15
2.199900e-08 8.518000e-15
2.230500e-08 8.696300e-15
2.272000e-08 9.064300e-15
2.298300e-08 1.353100e-14
2.341000e-08 2.225000e-14
2.401100e-08 2.913000e-14
2.462700e-08 2.775500e-14
2.520000e-08 2.933200e-14
2.572800e-08 2.340600e-14
2.602600e-08 2.833600e-14
2.638800e-08 2.994600e-14
2.687900e-08 2.987700e-14
2.737800e-08 2.967100e-14
2.788700e-08 2.919700e-14
2.840600e-08 2.933200e-14
2.900100e-08 2.788300e-14
2.960800e-08 2.794700e-14
3.008900e-08 2.632300e-14
3.079000e-08 2.681200e-14
3.179800e-08 2.724800e-14
3.276500e-08 2.675100e-14
3.383800e-08 2.596200e-14
3.478600e-08 2.513800e-14
3.567800e-08 2.490800e-14
3.659400e-08 2.496500e-14
3.753200e-08 2.428500e-14
3.849500e-08 2.271600e-14
3.948300e-08 2.313900e-14
4.049500e-08 2.297900e-14
4.143900e-08 2.235300e-14
4.220900e-08 2.159400e-14
4.299400e-08 2.095700e-14
4.409700e-08 2.067000e-14
4.512400e-08 2.006000e-14
4.596300e-08 1.929000e-14
4.703300e-08 1.872100e-14
4.801800e-08 1.842200e-14
4.902400e-08 1.751200e-14
5.005000e-08 1.747200e-14
5.063000e-08 1.691700e-14
5.121600e-08 1.796100e-14
5.204800e-08 1.739100e-14
5.301600e-08 1.664700e-14
5.400200e-08 1.557200e-14
5.500600e-08 1.500800e-14
5.602800e-08 1.539300e-14
5.693900e-08 1.532300e-14
5.799700e-08 1.476800e-14
5.893900e-08 1.446600e-14
6.003500e-08 1.362500e-14
6.101100e-08 1.203200e-14
6.200200e-08 1.346900e-14
6.301000e-08 1.286300e-14
6.403300e-08 1.286300e-14
6.507400e-08 1.242600e-14
6.582700e-08 1.192200e-14
6.643600e-08 1.206000e-14
6.751600e-08 1.189400e-14
6.845500e-08 1.115200e-14
6.956700e-08 1.130700e-14
7.053500e-08 1.047900e-14
7.168100e-08 1.084800e-14
7.267900e-08 1.062500e-14
7.352000e-08 1.043100e-14
7.454300e-08 1.010000e-14
7.558000e-08 9.825100e-15
7.645500e-08 8.919400e-15
7.751900e-08 9.404500e-15
7.841600e-08 8.960600e-15
7.950700e-08 8.960600e-15
8.042800e-08 8.858000e-15
8.154700e-08 8.696300e-15
8.249100e-08 8.557300e-15
8.344600e-08 7.768500e-15
8.441200e-08 8.172100e-15
8.558700e-08 7.967700e-15
8.657800e-08 7.894700e-15
8.758000e-08 7.750600e-15
8.859400e-08 7.609100e-15
8.941400e-08 7.470300e-15
9.045000e-08 7.283400e-15
9.149700e-08 7.183500e-15
9.255600e-08 1.206000e-14
9.341300e-08 1.703500e-14
9.449400e-08 2.184400e-14
9.558900e-08 2.445300e-14
9.647300e-08 2.632300e-14
9.759000e-08 1.381500e-14
9.849300e-08 2.319200e-14
9.940500e-08 2.214800e-14
1.005560e-07 2.542900e-14
1.014860e-07 2.508000e-14
1.024250e-07 1.619300e-14
1.036110e-07 2.194500e-14
1.045700e-07 2.801100e-14
1.055370e-07 2.712300e-14
1.065140e-07 2.395200e-14
1.074990e-07 2.560600e-14
1.084940e-07 2.169400e-14
1.094980e-07 2.560600e-14
1.105110e-07 2.445300e-14
1.115340e-07 2.389700e-14
1.125660e-07 2.174400e-14
1.136070e-07 2.428500e-14
1.143950e-07 2.303200e-14
1.154530e-07 2.308500e-14
1.165220e-07 2.292600e-14
1.176000e-07 1.767400e-14
1.184150e-07 2.179400e-14
1.195110e-07 1.885100e-14
1.206160e-07 1.623100e-14
1.214520e-07 1.165000e-14
1.225760e-07 1.783800e-14
1.234260e-07 2.071700e-14
1.245680e-07 2.124900e-14
1.254310e-07 2.071700e-14
1.265920e-07 1.964900e-14
1.274690e-07 2.134700e-14
1.283530e-07 2.144500e-14
1.295410e-07 1.893800e-14
1.304390e-07 1.885100e-14
1.316460e-07 2.071700e-14
1.325580e-07 1.987600e-14
1.334770e-07 1.855000e-14
1.344020e-07 1.987600e-14
1.356460e-07 1.937900e-14
1.365860e-07 1.812700e-14
1.375330e-07 1.812700e-14
1.384860e-07 1.808600e-14
1.394460e-07 1.525200e-14
1.404130e-07 1.507800e-14
1.413860e-07 1.691700e-14
1.423660e-07 1.653200e-14
1.433530e-07 1.672400e-14
1.443470e-07 1.695600e-14
1.446790e-07 1.691700e-14
1.453470e-07 1.645600e-14
1.463550e-07 1.571600e-14
1.473690e-07 1.560800e-14
1.483910e-07 1.557200e-14
1.494190e-07 1.542900e-14
1.504550e-07 1.480300e-14
1.511490e-07 1.381500e-14
1.518470e-07 1.416900e-14
1.525480e-07 1.400700e-14
1.536050e-07 1.259900e-14
1.546700e-07 1.222700e-14
1.553840e-07 1.192200e-14
1.564610e-07 1.251200e-14
1.575460e-07 1.298200e-14
1.586380e-07 1.313200e-14
1.593700e-07 1.319300e-14
1.604750e-07 1.280400e-14
1.615870e-07 1.262800e-14
1.623330e-07 1.228400e-14
1.634580e-07 1.265700e-14
1.645910e-07 1.254100e-14
1.653510e-07 1.217100e-14
1.664970e-07 1.257000e-14
1.672650e-07 1.173100e-14
1.676510e-07 1.274500e-14
1.684250e-07 1.277400e-14
1.695920e-07 1.222700e-14
1.703750e-07 1.189400e-14
1.715560e-07 1.149000e-14
1.723480e-07 1.141100e-14
1.735430e-07 1.189400e-14
1.743440e-07 1.165000e-14
1.755520e-07 1.208700e-14
1.763630e-07 1.138500e-14
1.775850e-07 1.143800e-14
1.784050e-07 1.165000e-14
1.796410e-07 1.219900e-14
1.804710e-07 1.208700e-14
1.813040e-07 1.138500e-14
1.825600e-07 1.157000e-14
1.834030e-07 1.130700e-14
1.846740e-07 1.026400e-14
1.855270e-07 1.067400e-14
1.863830e-07 1.122900e-14
1.876750e-07 1.154300e-14
1.885410e-07 1.097300e-14
1.894120e-07 1.102400e-14
1.902860e-07 1.128100e-14
1.916050e-07 1.117700e-14
1.924890e-07 1.050400e-14
1.933780e-07 9.802500e-15
1.947180e-07 1.165000e-14
1.956170e-07 1.122900e-14
1.965200e-07 1.239800e-14
1.974270e-07 1.208700e-14
1.983380e-07 1.225600e-14
1.997130e-07 1.225600e-14
2.006350e-07 1.208700e-14
2.015610e-07 1.222700e-14
2.024910e-07 1.146400e-14
2.034260e-07 1.251200e-14
2.043650e-07 1.331500e-14
2.053080e-07 1.242600e-14
2.067310e-07 1.236900e-14
2.072080e-07 1.381500e-14
2.076860e-07 1.812700e-14
2.086440e-07 2.043300e-14
2.096070e-07 1.902500e-14
2.105750e-07 1.842200e-14
2.115470e-07 2.024600e-14
2.125230e-07 1.842200e-14
2.135040e-07 1.755200e-14
2.144900e-07 2.086100e-14
2.154800e-07 2.081300e-14
2.164740e-07 1.855000e-14
2.174730e-07 1.880800e-14
2.184770e-07 2.219900e-14
2.194860e-07 2.250800e-14
2.204990e-07 2.174400e-14
2.215170e-07 1.787900e-14
2.225390e-07 2.001400e-14
2.235660e-07 2.513800e-14
2.245980e-07 2.395200e-14
2.256350e-07 1.902500e-14
2.266760e-07 1.808600e-14
2.277230e-07 1.929000e-14
2.282480e-07 2.451000e-14
2.293010e-07 2.081300e-14
2.303600e-07 2.462400e-14
2.314230e-07 2.159600e-14
2.324910e-07 1.775800e-14
2.335640e-07 1.623400e-14
2.346420e-07 1.211900e-14
2.357250e-07 2.025300e-14
2.362690e-07 1.295700e-14
2.373590e-07 1.612600e-14
2.384550e-07 1.060600e-14
2.395560e-07 1.269300e-14
2.406610e-07 1.263600e-14
2.417720e-07 1.454200e-14
2.423300e-07 2.326200e-14
2.434480e-07 2.310400e-14
2.445720e-07 2.714600e-14
2.457010e-07 2.842700e-14
2.462670e-07 2.510400e-14
2.474040e-07 2.201800e-14
2.485460e-07 1.438200e-14
2.496930e-07 1.693700e-14
2.502690e-07 2.545900e-14
2.514240e-07 1.232800e-14
2.520030e-07 9.928700e-15
2.525840e-07 1.098800e-14
2.537500e-07 1.721600e-14
2.543350e-07 1.811100e-14
2.555090e-07 3.083000e-14
2.566880e-07 2.338900e-14
2.572800e-07 2.944600e-14
2.584680e-07 2.612500e-14
2.596610e-07 2.344700e-14
2.602590e-07 2.018800e-14
2.614610e-07 1.820200e-14
2.626680e-07 2.466900e-14
2.632730e-07 4.180000e-14
2.644880e-07 5.639000e-14
2.657090e-07 7.713200e-14
2.663220e-07 5.084500e-14
2.675510e-07 5.731600e-14
2.687860e-07 6.611600e-14
2.694050e-07 4.789900e-14
2.706490e-07 5.893300e-14
2.712730e-07 4.240100e-14
2.725250e-07 3.415100e-14
2.737830e-07 4.329500e-14
2.744140e-07 2.457300e-14
2.756810e-07 3.384400e-14
2.763160e-07 4.461700e-14
2.775920e-07 4.759100e-14
2.782310e-07 2.789600e-14
2.795160e-07 1.249000e-14
2.808060e-07 1.501800e-14
2.814530e-07 4.146000e-14
2.827520e-07 6.062600e-14
2.834040e-07 5.632100e-14
2.847120e-07 4.024400e-14
2.853690e-07 2.268400e-14
2.866860e-07 5.555900e-14
2.873470e-07 7.529600e-14
2.886730e-07 6.867600e-14
2.893380e-07 8.371800e-14
2.906740e-07 1.132000e-13
2.926890e-07 9.883400e-14
2.947180e-07 9.119200e-14
2.967610e-07 9.462500e-14
2.988180e-07 9.639600e-14
3.008890e-07 9.640700e-14
3.029750e-07 1.030800e-13
3.050750e-07 1.087000e-13
3.071890e-07 1.172900e-13
3.093190e-07 1.138500e-13
3.107470e-07 1.313300e-13
3.129010e-07 1.208900e-13
3.150690e-07 1.200800e-13
3.172530e-07 1.332000e-13
3.187180e-07 1.168300e-13
3.209270e-07 1.293000e-13
3.231520e-07 1.103200e-13
3.246430e-07 1.540600e-13
3.268940e-07 1.797900e-13
3.291590e-07 1.765300e-13
3.306790e-07 1.647600e-13
3.322050e-07 1.516700e-13
3.329710e-07 1.737400e-13
3.337380e-07 1.629000e-13
3.345080e-07 1.614100e-13
3.352790e-07 1.468800e-13
3.360520e-07 1.717800e-13
3.368270e-07 1.655800e-13
3.376030e-07 1.285300e-13
3.383810e-07 1.364700e-13
3.391610e-07 1.690700e-13
3.399430e-07 1.742100e-13
3.407270e-07 1.706500e-13
3.415120e-07 1.629700e-13
3.423000e-07 1.941500e-13
3.430890e-07 1.770700e-13
3.438790e-07 1.824600e-13
3.446720e-07 1.213900e-13
3.454670e-07 1.808100e-13
3.462630e-07 1.490200e-13
3.470610e-07 1.683700e-13
3.478610e-07 1.337400e-13
3.486630e-07 1.645500e-13
3.494670e-07 1.473400e-13
3.502730e-07 1.825300e-13
3.510800e-07 1.829600e-13
3.518890e-07 1.604600e-13
3.527010e-07 1.497600e-13
3.535140e-07 1.808900e-13
3.543290e-07 2.086600e-13
3.551460e-07 2.011200e-13
3.559640e-07 1.890100e-13
3.567850e-07 1.768100e-13
3.576070e-07 1.484300e-13
3.584320e-07 1.168300e-13
3.592580e-07 1.414300e-13
3.600860e-07 2.096900e-13
3.609160e-07 1.688900e-13
3.617480e-07 1.860400e-13
3.625820e-07 1.939300e-13
3.634180e-07 1.882200e-13
3.642560e-07 2.268200e-13
3.650950e-07 1.712800e-13
3.659370e-07 2.402800e-13
3.667810e-07 2.316000e-13
3.676260e-07 2.430900e-13
3.684730e-07 2.045400e-13
3.693230e-07 2.050200e-13
3.701740e-07 2.436800e-13
3.710280e-07 1.678200e-13
3.718830e-07 2.516900e-13
3.727400e-07 1.962900e-13
3.735990e-07 1.686200e-13
3.744610e-07 2.122900e-13
3.753240e-07 1.224500e-13
3.761890e-07 1.698100e-13
3.770560e-07 1.832300e-13
3.779260e-07 2.270000e-13
3.787970e-07 2.541200e-13
3.796700e-07 1.910100e-13
3.805450e-07 2.198300e-13
3.814230e-07 2.355600e-13
3.823020e-07 1.648600e-13
3.831830e-07 1.361900e-13
3.840660e-07 1.288800e-13
3.849520e-07 2.000700e-13
3.858390e-07 1.982500e-13
3.867290e-07 2.095300e-13
3.876200e-07 1.622800e-13
3.885140e-07 1.816700e-13
3.894090e-07 1.829400e-13
3.896310e-07 2.429100e-13
3.898080e-07 2.381400e-13
3.899850e-07 3.098100e-13
3.901630e-07 2.362300e-13
3.903400e-07 2.726200e-13
3.905170e-07 2.749500e-13
3.906940e-07 2.321500e-13
3.908720e-07 2.202000e-13
3.910490e-07 2.585700e-13
3.912260e-07 2.736400e-13
3.914040e-07 2.674700e-13
3.915810e-07 2.624400e-13
3.917580e-07 2.448700e-13
3.919350e-07 2.507600e-13
3.921130e-07 2.113400e-13
3.922900e-07 2.411000e-13
3.924670e-07 2.698300e-13
3.926440e-07 2.043400e-13
3.928220e-07 1.467400e-13
3.929990e-07 9.934800e-14
3.931760e-07 1.234600e-13
3.933530e-07 9.017600e-14
3.935310e-07 1.732100e-13
3.937080e-07 1.684800e-13
3.938850e-07 1.960000e-13
3.940620e-07 1.886800e-13
3.942400e-07 1.251000e-13
3.944170e-07 1.861000e-13
3.945940e-07 1.986200e-13
3.947710e-07 2.090200e-13
3.949490e-07 2.943300e-13
3.951260e-07 2.762500e-13
3.953030e-07 2.525100e-13
3.954810e-07 2.529000e-13
3.956580e-07 2.479200e-13
3.958350e-07 1.844600e-13
3.960120e-07 1.890300e-13
3.961900e-07 1.571800e-13
3.963670e-07 1.243800e-13
3.965440e-07 1.313300e-13
3.967210e-07 1.056800e-13
3.968990e-07 1.230400e-13
3.970760e-07 1.286500e-13
3.972530e-07 1.625400e-13
3.974300e-07 1.969700e-13
3.976080e-07 2.812400e-13
3.977850e-07 2.535900e-13
3.979620e-07 2.460400e-13
3.981390e-07 2.385900e-13
3.983170e-07 2.583200e-13
3.984940e-07 2.929200e-13
3.986710e-07 3.140100e-13
3.988490e-07 2.821100e-13
3.990260e-07 2.964000e-13
3.992030e-07 2.336000e-13
3.993800e-07 3.050900e-13
3.995580e-07 2.915600e-13
3.997350e-07 3.165400e-13
3.999120e-07 2.953200e-13
4.000890e-07 3.119600e-13
4.002670e-07 2.961200e-13
4.004440e-07 2.690100e-13
4.006210e-07 2.995500e-13
4.007980e-07 3.240500e-13
4.009760e-07 3.187900e-13
4.011530e-07 3.446500e-13
4.013300e-07 3.453300e-13
4.015070e-07 3.318000e-13
4.016850e-07 3.264500e-13
4.018620e-07 3.335100e-13
4.020390e-07 3.360300e-13
4.022170e-07 2.868700e-13
4.023940e-07 2.755800e-13
4.025710e-07 2.907400e-13
4.027480e-07 2.842800e-13
4.029260e-07 3.002600e-13
4.031030e-07 2.764000e-13
4.032800e-07 2.524900e-13
4.034570e-07 3.402300e-13
4.036350e-07 3.180100e-13
4.038120e-07 3.371500e-13
4.039890e-07 3.210700e-13
4.041660e-07 3.443800e-13
4.043440e-07 3.055100e-13
4.045210e-07 2.723900e-13
4.046980e-07 2.975800e-13
4.048750e-07 2.791100e-13
4.050530e-07 3.001600e-13
4.052300e-07 3.130100e-13
4.054070e-07 2.799300e-13
4.055840e-07 2.817700e-13
4.057620e-07 2.908100e-13
4.059390e-07 2.793800e-13
4.061160e-07 2.809700e-13
4.062940e-07 2.828800e-13
4.064710e-07 2.751900e-13
4.066480e-07 3.333300e-13
4.068250e-07 3.185000e-13
4.070030e-07 3.002200e-13
4.071800e-07 2.820300e-13
4.073570e-07 2.625900e-13
4.075340e-07 3.051400e-13
4.077120e-07 2.747600e-13
4.078890e-07 2.832200e-13
4.080660e-07 3.241400e-13
4.082430e-07 3.431000e-13
4.084210e-07 3.124900e-13
4.085980e-07 2.994100e-13
4.087750e-07 3.174400e-13
4.089520e-07 3.391100e-13
4.091300e-07 3.215200e-13
4.093070e-07 3.315700e-13
4.094840e-07 3.090800e-13
4.096620e-07 2.781700e-13
4.098390e-07 2.563700e-13
4.100160e-07 2.369800e-13
4.101930e-07 2.675700e-13
4.103710e-07 2.888600e-13
4.105480e-07 2.769200e-13
4.107250e-07 2.850800e-13
4.109020e-07 3.227400e-13
4.110800e-07 3.122200e-13
4.112570e-07 3.087300e-13
4.114340e-07 3.082300e-13
4.116110e-07 3.134000e-13
4.117890e-07 3.315700e-13
4.119660e-07 3.063000e-13
4.121430e-07 2.991600e-13
4.123210e-07 3.099200e-13
4.124980e-07 2.902000e-13
4.126750e-07 2.911200e-13
4.128520e-07 3.072300e-13
4.130300e-07 3.039800e-13
4.132070e-07 3.247400e-13
4.133840e-07 3.289400e-13
4.135610e-07 3.071300e-13
4.137390e-07 3.022800e-13
4.139160e-07 3.239100e-13
4.140930e-07 3.395000e-13
4.142700e-07 3.156900e-13
4.144480e-07 3.049100e-13
4.146250e-07 3.087500e-13
4.148020e-07 2.939400e-13
4.149790e-07 3.027400e-13
4.151570e-07 2.930600e-13
4.153340e-07 2.997800e-13
4.155110e-07 3.229800e-13
4.156880e-07 3.206300e-13
4.158660e-07 3.404300e-13
4.160430e-07 3.073200e-13
4.162200e-07 3.050500e-13
4.163980e-07 3.364400e-13
4.165750e-07 3.202000e-13
4.167520e-07 3.434800e-13
4.169290e-07 3.185200e-13
4.171070e-07 3.005600e-13
4.172840e-07 2.977300e-13
4.174610e-07 3.043600e-13
4.176380e-07 3.186800e-13
4.178160e-07 3.203900e-13
4.179930e-07 3.267900e-13
4.181700e-07 3.196000e-13
4.183470e-07 3.320000e-13
4.185250e-07 3.311100e-13
4.187020e-07 3.275200e-13
4.188790e-07 3.542600e-13
4.190560e-07 3.393100e-13
4.192340e-07 3.306900e-13
4.194110e-07 3.042200e-13
4.195880e-07 3.171000e-13
4.197660e-07 3.287800e-13
4.199430e-07 3.131900e-13
4.201200e-07 3.436500e-13
4.202970e-07 3.656400e-13
4.204750e-07 3.339500e-13
4.206520e-07 3.561800e-13
4.208290e-07 3.795200e-13
4.210060e-07 3.638800e-13
4.211840e-07 3.563300e-13
4.213610e-07 3.416800e-13
4.215380e-07 3.694600e-13
4.217150e-07 3.735600e-13
4.218930e-07 3.717600e-13
4.220700e-07 3.770000e-13
4.222470e-07 3.187600e-13
4.224240e-07 3.057400e-13
4.226020e-07 3.180200e-13
4.227790e-07 3.139300e-13
4.229560e-07 3.304500e-13
4.231340e-07 3.513200e-13
4.233110e-07 3.274400e-13
4.234880e-07 3.396300e-13
4.236650e-07 3.476600e-13
4.238430e-07 3.842900e-13
4.240200e-07 3.694700e-13
4.241970e-07 3.731400e-13
4.243740e-07 3.794900e-13
4.245520e-07 3.599100e-13
4.247290e-07 3.637900e-13
4.249060e-07 3.645900e-13
4.250830e-07 3.452300e-13
4.252610e-07 3.335300e-13
4.254380e-07 3.463600e-13
4.256150e-07 3.611900e-13
4.257920e-07 3.609100e-13
4.259700e-07 3.474700e-13
4.261470e-07 3.611600e-13
4.263240e-07 3.801600e-13
4.265010e-07 3.867300e-13
4.266790e-07 3.681600e-13
4.268560e-07 3.396600e-13
4.270330e-07 3.129800e-13
4.272110e-07 3.322300e-13
4.273880e-07 3.032200e-13
4.275650e-07 3.294500e-13
4.277420e-07 3.384800e-13
4.279200e-07 3.359500e-13
4.280970e-07 3.344200e-13
4.282740e-07 3.285000e-13
4.284510e-07 3.360900e-13
4.286290e-07 3.246000e-13
4.288060e-07 3.118200e-13
4.289830e-07 3.155600e-13
4.291600e-07 3.262000e-13
4.293380e-07 3.296000e-13
4.295150e-07 3.235800e-13
4.296920e-07 2.761600e-13
4.298690e-07 2.895200e-13
4.300470e-07 2.762800e-13
4.302240e-07 2.594200e-13
4.304010e-07 2.563600e-13
4.305780e-07 2.425600e-13
4.307560e-07 2.556800e-13
4.309330e-07 2.936600e-13
4.311100e-07 2.968100e-13
4.312880e-07 3.192300e-13
4.314650e-07 3.651100e-13
4.316420e-07 3.713800e-13
4.318190e-07 3.752200e-13
4.319970e-07 3.802700e-13
4.321740e-07 3.721100e-13
4.323510e-07 3.554400e-13
4.325280e-07 3.613900e-13
4.327060e-07 3.689800e-13
4.328830e-07 3.818900e-13
4.330600e-07 3.941300e-13
4.332370e-07 4.031600e-13
4.334150e-07 3.900700e-13
4.335920e-07 3.933500e-13
4.337690e-07 3.974800e-13
4.339460e-07 3.697000e-13
4.341240e-07 3.673000e-13
4.343010e-07 3.680600e-13
4.344780e-07 3.681700e-13
4.346560e-07 3.682900e-13
4.348330e-07 3.684100e-13
4.350100e-07 3.685500e-13
4.351870e-07 3.686900e-13
4.353650e-07 3.688500e-13
4.355420e-07 3.690100e-13
4.357190e-07 3.691900e-13
4.358960e-07 4.026200e-13
4.360740e-07 3.980500e-13
4.362510e-07 4.204600e-13
4.364280e-07 4.178300e-13
4.366050e-07 4.115400e-13
4.367830e-07 4.099500e-13
4.369600e-07 4.163300e-13
4.371370e-07 3.921400e-13
4.373140e-07 3.832800e-13
4.374920e-07 3.819400e-13
4.376690e-07 3.575900e-13
4.378460e-07 3.498600e-13
4.380240e-07 3.526700e-13
4.382010e-07 3.323600e-13
4.383780e-07 3.287900e-13
4.385550e-07 3.463700e-13
4.387330e-07 3.549400e-13
4.389100e-07 3.681100e-13
4.390870e-07 3.597600e-13
4.392640e-07 3.624600e-13
4.394420e-07 3.940100e-13
4.396190e-07 4.065300e-13
4.397960e-07 4.057200e-13
4.399730e-07 4.008400e-13
4.401510e-07 3.776000e-13
4.403280e-07 3.887500e-13
4.405050e-07 3.722400e-13
4.406820e-07 3.652100e-13
4.408600e-07 3.850900e-13
4.410370e-07 3.956200e-13
4.412140e-07 3.964700e-13
4.413910e-07 4.288500e-13
4.415690e-07 4.269400e-13
4.417460e-07 4.169600e-13
4.419230e-07 4.092700e-13
4.421010e-07 4.119500e-13
4.422780e-07 4.213500e-13
4.424550e-07 4.339900e-13
4.426320e-07 4.162000e-13
4.428100e-07 4.325500e-13
4.429870e-07 4.016700e-13
4.431640e-07 4.104700e-13
4.433410e-07 4.271200e-13
4.435190e-07 4.295800e-13
4.436960e-07 4.310400e-13
4.438730e-07 4.056400e-13
4.440500e-07 4.222200e-13
4.442280e-07 4.472900e-13
4.444050e-07 4.438000e-13
4.445820e-07 4.457900e-13
4.447590e-07 4.528700e-13
4.449370e-07 4.329600e-13
4.451140e-07 4.149000e-13
4.452910e-07 4.271700e-13
4.454690e-07 4.141200e-13
4.456460e-07 4.076400e-13
4.458230e-07 3.896200e-13
4.460000e-07 4.073600e-13
4.461780e-07 4.147100e-13
4.463550e-07 4.329700e-13
4.465320e-07 4.173500e-13
4.467090e-07 4.318400e-13
4.468870e-07 4.309100e-13
4.470640e-07 4.734000e-13
4.472410e-07 4.569400e-13
4.474180e-07 4.496200e-13
4.475960e-07 4.605800e-13
4.477730e-07 4.672900e-13
4.479500e-07 4.423100e-13
4.481280e-07 4.703800e-13
4.483050e-07 4.588200e-13
4.484820e-07 4.675000e-13
4.486590e-07 4.882100e-13
4.488370e-07 4.636500e-13
4.490140e-07 4.744900e-13
4.491910e-07 4.614000e-13
4.493680e-07 4.452100e-13
4.495460e-07 4.770600e-13
4.497230e-07 4.718100e-13
4.499000e-07 4.671500e-13
4.500770e-07 4.847600e-13
4.502550e-07 4.973400e-13
4.504320e-07 5.003700e-13
4.506090e-07 5.114300e-13
4.507860e-07 5.068200e-13
4.509640e-07 5.013900e-13
4.511410e-07 4.962700e-13
4.513180e-07 4.805600e-13
4.514950e-07 4.878600e-13
4.516730e-07 4.986300e-13
4.518500e-07 4.924200e-13
4.520270e-07 4.918900e-13
4.522040e-07 4.793000e-13
4.523820e-07 4.683400e-13
4.525590e-07 4.665000e-13
4.527360e-07 4.477000e-13
4.529140e-07 4.334000e-13
4.530910e-07 4.299400e-13
4.532680e-07 4.391400e-13
4.534450e-07 4.441800e-13
4.536230e-07 4.631400e-13
4.538000e-07 4.523000e-13
4.539770e-07 4.709800e-13
4.541540e-07 4.861200e-13
4.543320e-07 4.879600e-13
4.545090e-07 4.759300e-13
4.546860e-07 4.755700e-13
4.548630e-07 4.837100e-13
4.550410e-07 4.694100e-13
4.552180e-07 4.668900e-13
4.553950e-07 4.809700e-13
4.555730e-07 4.995400e-13
4.557500e-07 4.950700e-13
4.559270e-07 5.010900e-13
4.561040e-07 5.021300e-13
4.562820e-07 5.107200e-13
4.564590e-07 5.122900e-13
4.566360e-07 5.131900e-13
4.568130e-07 4.864700e-13
4.569910e-07 5.024500e-13
4.571680e-07 5.071600e-13
4.573450e-07 5.086500e-13
4.575220e-07 4.873400e-13
4.577000e-07 4.995700e-13
4.578770e-07 4.814100e-13
4.580540e-07 4.768400e-13
4.582310e-07 4.888800e-13
4.584090e-07 4.959800e-13
4.585860e-07 4.989200e-13
4.587630e-07 4.886700e-13
4.589410e-07 4.901300e-13
4.591180e-07 4.944500e-13
4.592950e-07 5.074800e-13
4.594720e-07 5.040200e-13
4.596500e-07 4.990800e-13
4.598270e-07 4.910800e-13
4.600040e-07 4.883300e-13
4.601810e-07 5.096300e-13
4.603590e-07 5.179700e-13
4.605360e-07 5.195000e-13
4.607130e-07 5.259600e-13
4.608900e-07 5.132300e-13
4.610680e-07 5.206300e-13
4.612450e-07 5.210300e-13
4.614220e-07 5.540200e-13
4.615990e-07 5.408500e-13
4.617770e-07 5.309900e-13
4.619540e-07 5.273100e-13
4.621310e-07 5.217600e-13
4.623080e-07 5.276800e-13
4.624860e-07 5.225000e-13
4.626630e-07 5.353100e-13
4.628400e-07 5.085000e-13
4.630180e-07 5.237900e-13
4.631950e-07 5.346300e-13
4.633720e-07 5.020700e-13
4.635490e-07 5.011300e-13
4.637270e-07 4.983200e-13
4.639040e-07 4.862400e-13
4.640810e-07 4.935400e-13
4.642580e-07 4.845200e-13
4.644360e-07 4.818700e-13
4.646130e-07 4.829900e-13
4.647900e-07 4.821000e-13
4.649670e-07 4.894300e-13
4.651450e-07 4.948400e-13
4.653220e-07 4.878900e-13
4.654990e-07 5.008800e-13
4.656760e-07 4.974000e-13
4.658540e-07 5.162800e-13
4.660310e-07 5.165600e-13
4.662080e-07 5.027300e-13
4.663860e-07 4.869500e-13
4.665630e-07 4.661400e-13
4.667400e-07 4.844900e-13
4.669170e-07 4.852800e-13
4.670950e-07 4.734400e-13
4.672720e-07 4.610900e-13
4.674490e-07 4.630900e-13
4.676260e-07 4.851100e-13
4.678040e-07 4.911800e-13
4.679810e-07 4.911400e-13
4.681580e-07 4.905100e-13
4.683350e-07 4.880000e-13
4.685130e-07 4.732300e-13
4.686900e-07 4.983500e-13
4.688670e-07 4.907500e-13
4.690440e-07 5.002800e-13
4.692220e-07 4.880300e-13
4.693990e-07 4.881300e-13
4.695760e-07 4.927300e-13
4.697540e-07 4.765400e-13
4.699310e-07 4.752200e-13
4.701080e-07 4.834200e-13
4.702850e-07 4.828000e-13
4.704630e-07 4.697800e-13
4.706400e-07 4.731500e-13
4.708170e-07 4.718600e-13
4.709940e-07 4.705800e-13
4.711720e-07 4.693000e-13
4.713490e-07 4.680300e-13
4.715260e-07 5.073300e-13
4.717030e-07 4.967100e-13
4.718810e-07 5.030900e-13
4.720580e-07 5.233600e-13
4.722350e-07 5.164600e-13
4.724120e-07 5.163700e-13
4.725900e-07 4.988600e-13
4.727670e-07 4.975700e-13
4.729440e-07 4.814400e-13
4.731210e-07 4.729700e-13
4.732990e-07 4.818700e-13
4.734760e-07 4.884000e-13
4.736530e-07 5.009400e-13
4.738310e-07 5.068500e-13
4.740080e-07 5.122800e-13
4.741850e-07 5.442400e-13
4.743620e-07 5.261500e-13
4.745400e-07 5.043900e-13
4.747170e-07 5.135100e-13
4.748940e-07 5.205400e-13
4.750710e-07 5.154500e-13
4.752490e-07 5.063300e-13
4.754260e-07 5.168400e-13
4.756030e-07 5.022100e-13
4.757800e-07 4.920200e-13
4.759580e-07 4.941700e-13
4.761350e-07 4.924700e-13
4.763120e-07 4.910500e-13
4.764890e-07 4.913900e-13
4.766670e-07 4.828300e-13
4.768440e-07 4.772100e-13
4.770210e-07 4.971600e-13
4.771990e-07 5.113500e-13
4.773760e-07 5.044500e-13
4.775530e-07 5.052200e-13
4.777300e-07 5.119900e-13
4.779080e-07 5.052600e-13
4.780850e-07 5.099200e-13
4.782620e-07 5.050500e-13
4.784390e-07 4.898200e-13
4.786170e-07 4.936600e-13
4.787940e-07 4.892800e-13
4.789710e-07 4.935100e-13
4.791480e-07 5.138200e-13
4.793260e-07 5.277900e-13
4.795030e-07 5.142100e-13
4.796800e-07 5.384600e-13
4.798580e-07 5.226100e-13
4.800350e-07 5.184500e-13
4.802120e-07 5.311900e-13
4.803890e-07 5.257700e-13
4.805670e-07 5.177800e-13
4.807440e-07 5.172600e-13
4.809210e-07 5.169500e-13
4.810980e-07 5.168300e-13
4.812760e-07 5.195400e-13
4.814530e-07 5.214300e-13
4.816300e-07 5.298500e-13
4.818070e-07 5.333500e-13
4.819850e-07 5.355500e-13
4.821620e-07 5.301300e-13
4.823390e-07 5.152900e-13
4.825160e-07 5.070900e-13
4.826940e-07 5.171600e-13
4.828710e-07 5.168600e-13
4.830480e-07 5.129900e-13
4.832250e-07 5.121200e-13
4.834030e-07 4.978800e-13
4.835800e-07 5.153800e-13
4.837570e-07 5.147000e-13
4.839340e-07 5.136600e-13
4.841120e-07 5.122600e-13
4.842890e-07 5.001800e-13
4.844660e-07 5.101500e-13
4.846440e-07 5.056800e-13
4.848210e-07 4.960500e-13
4.849980e-07 4.874200e-13
4.851750e-07 4.949600e-13
4.853530e-07 4.896400e-13
4.855300e-07 4.698400e-13
4.857070e-07 4.654900e-13
4.858840e-07 4.528100e-13
4.860620e-07 4.491900e-13
4.862390e-07 4.400500e-13
4.864160e-07 4.598000e-13
4.865930e-07 4.628900e-13
4.867710e-07 4.576500e-13
4.869480e-07 4.698500e-13
4.871250e-07 4.686400e-13
4.873030e-07 4.766800e-13
4.874800e-07 4.844800e-13
4.876570e-07 4.858000e-13
4.878340e-07 4.856500e-13
4.880120e-07 4.948800e-13
4.881890e-07 4.976500e-13
4.883660e-07 4.949500e-13
4.885430e-07 5.029200e-13
4.887210e-07 4.956900e-13
4.888980e-07 4.907100e-13
4.890750e-07 4.969700e-13
4.892520e-07 5.023000e-13
4.894300e-07 5.130900e-13
4.896070e-07 5.242800e-13
4.897840e-07 5.290700e-13
4.899610e-07 5.375300e-13
4.901390e-07 5.333500e-13
4.903160e-07 5.389800e-13
4.904930e-07 5.222200e-13
4.906710e-07 5.229600e-13
4.908480e-07 5.091300e-13
4.910250e-07 5.122800e-13
4.912020e-07 5.219800e-13
4.913800e-07 5.111300e-13
4.915570e-07 5.116700e-13
4.917340e-07 4.865400e-13
4.919110e-07 4.990800e-13
4.920890e-07 4.718400e-13
4.922660e-07 5.010700e-13
4.924430e-07 4.952200e-13
4.926200e-07 5.412500e-13
4.927980e-07 5.202800e-13
4.929750e-07 5.322900e-13
4.931520e-07 5.273300e-13
4.933290e-07 5.289200e-13
4.935070e-07 5.226700e-13
4.936840e-07 5.228100e-13
4.938610e-07 5.104800e-13
4.940380e-07 4.999100e-13
4.942160e-07 5.291600e-13
4.943930e-07 5.322600e-13
4.945700e-07 5.375200e-13
4.947480e-07 5.492400e-13
4.949250e-07 5.616600e-13
4.951020e-07 5.372800e-13
4.952790e-07 5.437800e-13
4.954570e-07 5.267900e-13
4.956340e-07 5.187400e-13
4.958110e-07 4.978500e-13
4.959880e-07 5.050200e-13
4.961660e-07 5.129600e-13
4.963430e-07 5.089800e-13
4.965200e-07 5.116100e-13
4.966970e-07 5.334500e-13
4.968750e-07 5.124700e-13
4.970520e-07 5.090500e-13
4.972290e-07 5.385500e-13
4.974060e-07 5.175500e-13
4.975840e-07 5.293400e-13
4.977610e-07 5.041200e-13
4.979380e-07 4.933900e-13
4.981160e-07 4.989400e-13
4.982930e-07 4.873400e-13
4.984700e-07 4.674500e-13
4.986470e-07 4.715300e-13
4.988250e-07 4.967800e-13
4.990020e-07 4.885400e-13
4.991790e-07 4.984600e-13
4.993560e-07 4.883600e-13
4.995340e-07 4.850700e-13
4.997110e-07 5.025700e-13
4.998880e-07 4.768700e-13
5.000650e-07 4.763000e-13
5.002430e-07 4.670700e-13
5.004200e-07 4.637700e-13
5.005970e-07 4.563500e-13
5.007740e-07 4.634000e-13
5.009520e-07 4.705100e-13
5.011290e-07 4.639300e-13
5.013060e-07 4.586700e-13
5.014840e-07 4.533100e-13
5.016610e-07 4.559400e-13
5.018380e-07 4.553800e-13
5.020150e-07 4.638200e-13
5.021930e-07 4.687100e-13
5.023700e-07 4.623200e-13
5.025470e-07 4.691500e-13
5.027240e-07 4.867400e-13
5.029020e-07 4.874700e-13
5.030790e-07 4.788600e-13
5.032560e-07 4.835600e-13
5.034330e-07 4.806900e-13
5.036110e-07 4.808200e-13
5.037880e-07 4.639600e-13
5.039650e-07 4.717200e-13
5.041420e-07 4.565300e-13
5.043200e-07 4.714000e-13
5.044970e-07 4.787000e-13
5.046740e-07 4.836800e-13
5.048510e-07 4.760900e-13
5.050290e-07 4.870700e-13
5.052060e-07 4.807900e-13
5.053830e-07 4.881000e-13
5.055610e-07 4.951300e-13
5.057380e-07 5.058100e-13
5.059150e-07 5.099300e-13
5.060920e-07 5.032900e-13
5.062700e-07 4.991200e-13
5.064470e-07 4.987500e-13
5.066240e-07 4.851200e-13
5.068010e-07 4.750600e-13
5.069790e-07 4.832400e-13
5.071560e-07 4.688600e-13
5.073330e-07 4.841000e-13
5.075100e-07 4.760100e-13
5.076880e-07 4.627900e-13
5.078650e-07 4.680400e-13
5.080420e-07 4.607800e-13
5.082190e-07 4.588600e-13
5.083970e-07 4.900100e-13
5.085740e-07 4.833400e-13
5.087510e-07 4.813500e-13
5.089280e-07 4.843500e-13
5.091060e-07 4.850000e-13
5.092830e-07 4.841800e-13
5.094600e-07 4.850700e-13
5.096380e-07 4.810800e-13
5.098150e-07 4.854800e-13
5.099920e-07 4.861100e-13
5.101690e-07 4.753000e-13
5.103470e-07 4.788700e-13
5.105240e-07 4.790600e-13
5.107010e-07 4.749500e-13
5.108780e-07 4.691100e-13
5.110560e-07 4.749900e-13
5.112330e-07 4.857900e-13
5.114100e-07 5.018500e-13
5.115880e-07 4.928300e-13
5.117650e-07 4.945200e-13
5.119420e-07 4.948300e-13
5.121190e-07 4.737700e-13
5.122960e-07 4.723800e-13
5.124740e-07 4.627300e-13
5.126510e-07 4.654400e-13
5.128280e-07 4.701800e-13
5.130060e-07 4.764700e-13
5.131830e-07 4.757800e-13
5.133600e-07 4.704700e-13
5.135370e-07 4.724100e-13
5.137150e-07 4.769700e-13
5.138920e-07 4.775000e-13
5.140690e-07 4.681200e-13
5.142460e-07 4.616500e-13
5.144240e-07 4.630800e-13
5.146010e-07 4.719200e-13
5.147780e-07 4.807300e-13
5.149550e-07 4.638400e-13
5.151330e-07 4.602000e-13
5.153100e-07 4.611900e-13
5.154870e-07 4.692400e-13
5.156640e-07 4.682600e-13
5.158420e-07 4.644900e-13
5.160190e-07 4.711300e-13
5.161960e-07 4.557800e-13
5.163740e-07 4.299700e-13
5.165510e-07 4.000100e-13
5.167280e-07 3.781900e-13
5.169050e-07 3.640300e-13
5.170830e-07 3.642400e-13
5.172600e-07 3.737700e-13
5.174370e-07 3.864900e-13
5.176140e-07 3.860500e-13
5.177920e-07 3.928200e-13
5.179690e-07 4.027900e-13
5.181460e-07 4.084800e-13
5.183230e-07 4.056300e-13
5.185010e-07 4.020100e-13
5.186780e-07 4.105500e-13
5.188550e-07 4.284100e-13
5.190330e-07 4.450300e-13
5.192100e-07 4.676800e-13
5.193870e-07 4.725600e-13
5.195640e-07 4.733700e-13
5.197410e-07 4.775000e-13
5.199190e-07 4.796000e-13
5.200960e-07 4.821900e-13
5.202730e-07 4.635600e-13
5.204510e-07 4.655400e-13
5.206280e-07 4.510800e-13
5.208050e-07 4.551400e-13
5.209820e-07 4.553300e-13
5.211600e-07 4.615500e-13
5.213370e-07 4.861500e-13
5.215140e-07 4.949700e-13
5.216910e-07 5.022600e-13
5.218690e-07 5.067300e-13
5.220460e-07 5.249300e-13
5.222230e-07 5.111400e-13
5.224000e-07 4.920100e-13
5.225780e-07 5.024200e-13
5.227550e-07 4.843700e-13
5.229320e-07 4.986600e-13
5.231100e-07 5.102600e-13
5.232870e-07 5.034400e-13
5.234640e-07 5.238500e-13
5.236410e-07 5.284700e-13
5.238190e-07 5.257300e-13
5.239960e-07 5.301500e-13
5.241730e-07 5.304300e-13
5.243500e-07 5.446400e-13
5.245280e-07 5.343700e-13
5.247050e-07 5.144900e-13
5.248820e-07 5.161900e-13
5.250590e-07 5.106900e-13
5.252370e-07 5.125100e-13
5.254140e-07 5.099500e-13
5.255910e-07 5.296800e-13
5.257680e-07 5.233400e-13
5.259460e-07 5.070200e-13
5.261230e-07 5.021800e-13
5.263000e-07 4.776200e-13
5.264780e-07 4.825000e-13
5.266550e-07 4.543900e-13
5.268320e-07 4.571800e-13
5.270090e-07 4.512700e-13
5.271870e-07 4.605100e-13
5.273640e-07 4.870100e-13
5.275410e-07 4.966800e-13
5.277180e-07 5.095200e-13
5.278960e-07 5.285600e-13
5.280730e-07 5.239400e-13
5.282500e-07 5.486500e-13
5.284270e-07 5.361900e-13
5.286050e-07 5.370600e-13
5.287820e-07 5.515500e-13
5.289590e-07 5.660800e-13
5.291360e-07 5.541200e-13
5.293140e-07 5.577500e-13
5.294910e-07 5.369000e-13
5.296680e-07 5.406700e-13
5.298450e-07 5.409400e-13
5.300230e-07 5.219200e-13
5.302000e-07 5.347100e-13
5.303770e-07 5.531800e-13
5.305550e-07 5.552100e-13
5.307320e-07 5.708700e-13
5.309090e-07 5.648400e-13
5.310860e-07 5.757400e-13
5.312640e-07 5.658100e-13
5.314410e-07 5.676800e-13
5.316180e-07 5.703400e-13
5.317950e-07 5.558500e-13
5.319730e-07 5.592900e-13
5.321500e-07 5.347200e-13
5.323270e-07 5.307900e-13
5.325040e-07 5.221200e-13
5.326820e-07 5.043800e-13
5.328590e-07 5.103700e-13
5.330360e-07 5.068100e-13
5.332130e-07 5.007200e-13
5.333910e-07 5.369200e-13
5.335680e-07 5.392800e-13
5.337450e-07 5.411400e-13
5.339230e-07 5.385300e-13
5.341000e-07 5.433600e-13
5.342770e-07 5.394400e-13
5.344540e-07 5.294200e-13
5.346320e-07 5.381500e-13
5.348090e-07 5.360500e-13
5.349860e-07 5.520500e-13
5.351630e-07 5.554000e-13
5.353410e-07 5.570000e-13
5.355180e-07 5.781300e-13
5.356950e-07 5.883700e-13
5.358720e-07 5.724000e-13
5.360500e-07 5.658300e-13
5.362270e-07 5.715000e-13
5.364040e-07 5.632900e-13
5.365810e-07 5.432700e-13
5.367590e-07 5.324400e-13
5.369360e-07 5.342300e-13
5.371130e-07 5.319700e-13
5.372910e-07 5.373300e-13
5.374680e-07 5.480600e-13
5.376450e-07 5.473700e-13
5.378220e-07 5.557400e-13
5.380000e-07 5.622400e-13
5.381770e-07 5.496500e-13
5.383540e-07 5.544800e-13
5.385310e-07 5.521300e-13
5.387090e-07 5.444800e-13
5.388860e-07 5.475900e-13
5.390630e-07 5.224200e-13
5.392400e-07 5.236200e-13
5.394180e-07 5.387200e-13
5.395950e-07 5.164900e-13
5.397720e-07 5.055700e-13
5.399490e-07 5.166000e-13
5.401270e-07 5.200000e-13
5.403040e-07 5.015100e-13
5.404810e-07 5.039800e-13
5.406580e-07 5.121800e-13
5.408360e-07 5.134600e-13
5.410130e-07 5.189200e-13
5.411900e-07 5.245700e-13
5.413680e-07 5.264900e-13
5.415450e-07 5.351300e-13
5.417220e-07 5.480300e-13
5.418990e-07 5.528100e-13
5.420770e-07 5.573200e-13
5.422540e-07 5.515600e-13
5.424310e-07 5.433500e-13
5.426080e-07 5.441500e-13
5.427860e-07 5.352600e-13
5.429630e-07 5.206800e-13
5.431400e-07 5.313300e-13
5.433170e-07 5.340500e-13
5.434950e-07 5.254800e-13
5.436720e-07 5.318600e-13
5.438490e-07 5.367200e-13
5.440260e-07 5.456200e-13
5.442040e-07 5.573500e-13
5.443810e-07 5.483700e-13
5.445580e-07 5.315000e-13
5.447360e-07 5.452100e-13
5.449130e-07 5.447600e-13
5.450900e-07 5.443000e-13
5.452670e-07 5.438600e-13
5.454450e-07 5.434100e-13
5.456220e-07 5.429700e-13
5.457990e-07 5.425400e-13
5.459760e-07 5.421100e-13
5.461540e-07 5.416800e-13
5.463310e-07 5.412500e-13
5.465080e-07 5.379500e-13
5.466850e-07 5.326700e-13
5.468630e-07 5.370500e-13
5.470400e-07 5.303100e-13
5.472170e-07 5.285900e-13
5.473940e-07 5.267600e-13
5.475720e-07 5.273600e-13
5.477490e-07 5.225300e-13
5.479260e-07 5.191300e-13
5.481040e-07 5.242600e-13
5.482810e-07 5.098200e-13
5.484580e-07 5.343600e-13
5.486350e-07 5.445300e-13
5.488130e-07 5.297900e-13
5.489900e-07 5.393400e-13
5.491670e-07 5.376100e-13
5.493440e-07 5.421600e-13
5.495220e-07 5.375100e-13
5.496990e-07 5.402100e-13
5.498760e-07 5.356000e-13
5.500530e-07 5.312900e-13
5.502310e-07 5.286900e-13
5.504080e-07 5.334600e-13
5.505850e-07 5.230100e-13
5.507630e-07 5.193300e-13
5.509400e-07 5.320400e-13
5.511170e-07 5.375300e-13
5.512940e-07 5.165700e-13
5.514710e-07 5.332900e-13
5.516490e-07 5.628400e-13
5.518260e-07 5.390000e-13
5.520030e-07 5.464300e-13
5.521810e-07 5.547300e-13
5.523580e-07 5.591400e-13
5.525350e-07 5.371900e-13
5.527120e-07 5.371400e-13
5.528900e-07 5.281900e-13
5.530670e-07 5.548200e-13
5.532440e-07 5.482100e-13
5.534210e-07 5.526600e-13
5.535990e-07 5.441700e-13
5.537760e-07 5.475900e-13
5.539530e-07 5.434800e-13
5.541300e-07 5.568000e-13
5.543080e-07 5.538500e-13
5.544850e-07 5.673300e-13
5.546620e-07 5.653900e-13
5.548400e-07 5.645400e-13
5.550170e-07 5.722100e-13
5.551940e-07 5.651500e-13
5.553710e-07 5.587400e-13
5.555490e-07 5.803700e-13
5.557260e-07 5.597800e-13
5.559030e-07 5.585600e-13
5.560800e-07 5.468100e-13
5.562580e-07 5.465300e-13
5.564350e-07 5.462500e-13
5.566120e-07 5.459700e-13
5.567890e-07 5.457000e-13
5.569670e-07 5.454300e-13
5.571440e-07 5.451600e-13
5.573210e-07 5.448900e-13
5.574980e-07 5.446200e-13
5.576760e-07 5.443600e-13
5.578530e-07 5.625800e-13
5.580300e-07 5.459100e-13
5.582080e-07 5.418700e-13
5.583850e-07 5.411200e-13
5.585620e-07 5.182200e-13
5.587390e-07 5.164400e-13
5.589170e-07 5.141900e-13
5.590940e-07 5.134200e-13
5.592710e-07 5.186800e-13
5.594480e-07 5.181600e-13
5.596260e-07 5.352300e-13
5.598030e-07 5.344700e-13
5.599800e-07 5.362300e-13
5.601570e-07 5.258900e-13
5.603350e-07 5.414000e-13
5.605120e-07 5.382400e-13
5.606890e-07 5.384200e-13
5.608660e-07 5.531600e-13
5.610440e-07 5.483300e-13
5.612210e-07 5.508700e-13
5.613980e-07 5.440600e-13
5.615750e-07 5.361400e-13
5.617530e-07 5.346600e-13
5.619300e-07 5.287200e-13
5.621070e-07 5.342600e-13
5.622850e-07 5.478200e-13
5.624620e-07 5.450700e-13
5.626390e-07 5.367200e-13
5.628160e-07 5.297200e-13
5.629940e-07 5.382000e-13
5.631710e-07 5.479000e-13
5.633480e-07 5.432700e-13
5.635250e-07 5.477300e-13
5.637030e-07 5.465400e-13
5.638800e-07 5.327600e-13
5.640570e-07 5.214000e-13
5.642340e-07 5.423800e-13
5.644120e-07 5.536000e-13
5.645890e-07 5.472800e-13
5.647660e-07 5.419200e-13
5.649430e-07 5.411100e-13
5.651210e-07 5.482600e-13
5.652980e-07 5.491800e-13
5.654750e-07 5.442300e-13
5.656530e-07 5.410300e-13
5.658300e-07 5.416000e-13
5.660070e-07 5.380600e-13
5.661840e-07 5.366700e-13
5.663620e-07 5.379200e-13
5.665390e-07 5.319600e-13
5.667160e-07 5.386600e-13
5.668930e-07 5.470900e-13
5.670710e-07 5.507400e-13
5.672480e-07 5.493000e-13
5.674250e-07 5.534700e-13
5.676020e-07 5.735100e-13
5.677800e-07 5.619400e-13
5.679570e-07 5.701100e-13
5.681340e-07 5.706300e-13
5.683110e-07 5.580900e-13
5.684890e-07 5.624400e-13
5.686660e-07 5.587900e-13
5.688430e-07 5.641000e-13
5.690210e-07 5.500800e-13
5.691980e-07 5.652700e-13
5.693750e-07 5.612600e-13
5.695520e-07 5.627500e-13
5.697300e-07 5.480500e-13
5.699070e-07 5.550800e-13
5.700840e-07 5.328400e-13
5.702610e-07 5.397600e-13
5.704390e-07 5.279500e-13
5.706160e-07 5.257400e-13
5.707930e-07 5.267600e-13
5.709700e-07 5.256400e-13
5.711480e-07 5.317300e-13
5.713250e-07 5.247900e-13
5.715020e-07 5.426100e-13
5.716790e-07 5.524200e-13
5.718570e-07 5.568700e-13
5.720340e-07 5.596000e-13
5.722110e-07 5.787100e-13
5.723880e-07 5.705700e-13
5.725660e-07 5.685600e-13
5.727430e-07 5.714300e-13
5.729200e-07 5.690800e-13
5.730980e-07 5.602100e-13
5.732750e-07 5.658400e-13
5.734520e-07 5.692200e-13
5.736290e-07 5.633200e-13
5.738070e-07 5.558000e-13
5.739840e-07 5.624600e-13
5.741610e-07 5.735000e-13
5.743380e-07 5.712300e-13
5.745160e-07 5.833400e-13
5.746930e-07 5.720800e-13
5.748700e-07 5.706200e-13
5.750470e-07 5.611300e-13
5.752250e-07 5.621700e-13
5.754020e-07 5.552100e-13
5.755790e-07 5.501200e-13
5.757560e-07 5.614500e-13
5.759340e-07 5.682600e-13
5.761110e-07 5.786700e-13
5.762880e-07 5.667700e-13
5.764660e-07 5.897400e-13
5.766430e-07 5.770200e-13
5.768200e-07 5.683100e-13
5.769970e-07 5.701400e-13
5.771750e-07 5.632100e-13
5.773520e-07 5.655700e-13
5.775290e-07 5.634900e-13
5.777060e-07 5.545000e-13
5.778840e-07 5.442500e-13
5.780610e-07 5.556300e-13
5.782380e-07 5.434300e-13
5.784150e-07 5.561700e-13
5.785930e-07 5.712700e-13
5.787700e-07 5.510200e-13
5.789470e-07 5.622800e-13
5.791240e-07 5.579500e-13
5.793020e-07 5.635100e-13
5.794790e-07 5.705800e-13
5.796560e-07 5.869000e-13
5.798330e-07 5.730400e-13
5.800110e-07 5.861000e-13
5.801880e-07 5.971900e-13
5.803650e-07 5.831000e-13
5.805430e-07 6.037500e-13
5.807200e-07 5.879900e-13
5.808970e-07 5.747200e-13
5.810740e-07 5.789600e-13
5.812520e-07 5.781200e-13
5.814290e-07 5.760800e-13
5.816060e-07 5.921900e-13
5.817830e-07 5.878800e-13
5.819610e-07 5.856700e-13
5.821380e-07 5.899400e-13
5.823150e-07 5.903000e-13
5.824920e-07 5.913700e-13
5.826700e-07 5.913000e-13
5.828470e-07 5.994500e-13
5.830240e-07 5.924200e-13
5.832010e-07 5.962200e-13
5.833790e-07 5.921200e-13
5.835560e-07 5.813900e-13
5.837330e-07 6.003000e-13
5.839110e-07 6.000700e-13
5.840880e-07 5.941600e-13
5.842650e-07 5.986500e-13
5.844420e-07 5.889400e-13
5.846200e-07 5.817500e-13
5.847970e-07 5.726000e-13
5.849740e-07 5.799800e-13
5.851510e-07 5.922600e-13
5.853290e-07 5.828500e-13
5.855060e-07 5.632400e-13
5.856830e-07 5.533100e-13
5.858600e-07 5.557200e-13
5.860380e-07 5.602300e-13
5.862150e-07 5.608400e-13
5.863920e-07 5.531300e-13
5.865700e-07 5.822300e-13
5.867470e-07 5.792600e-13
5.869240e-07 5.568300e-13
5.871010e-07 5.663400e-13
5.872790e-07 5.698800e-13
5.874560e-07 5.463600e-13
5.876330e-07 5.389800e-13
5.878100e-07 5.228800e-13
5.879880e-07 5.195000e-13
5.881650e-07 5.067500e-13
5.883420e-07 4.962500e-13
5.885190e-07 4.874200e-13
5.886970e-07 4.753200e-13
5.888740e-07 4.417900e-13
5.890510e-07 4.171200e-13
5.892280e-07 4.214900e-13
5.894060e-07 4.143600e-13
5.895830e-07 4.298500e-13
5.897600e-07 4.545300e-13
5.899370e-07 4.763100e-13
5.901150e-07 4.837300e-13
5.902920e-07 5.027200e-13
5.904690e-07 5.317400e-13
5.906460e-07 5.359300e-13
5.908240e-07 5.209400e-13
5.910010e-07 5.329800e-13
5.911780e-07 5.434000e-13
5.913560e-07 5.245700e-13
5.915330e-07 5.344700e-13
5.917100e-07 5.393000e-13
5.918870e-07 5.400800e-13
5.920650e-07 5.426000e-13
5.922420e-07 5.453100e-13
5.924190e-07 5.607700e-13
5.925960e-07 5.681200e-13
5.927740e-07 5.473200e-13
5.929510e-07 5.459700e-13
5.931280e-07 5.445200e-13
5.933050e-07 5.357100e-13
5.934830e-07 5.363000e-13
5.936600e-07 5.413000e-13
5.938370e-07 5.472500e-13
5.940150e-07 5.447200e-13
5.941920e-07 5.621200e-13
5.943690e-07 5.607400e-13
5.945460e-07 5.543500e-13
5.947240e-07 5.454800e-13
5.949010e-07 5.516500e-13
5.950780e-07 5.508900e-13
5.952550e-07 5.508800e-13
5.954330e-07 5.578200e-13
5.956100e-07 5.547100e-13
5.957870e-07 5.560400e-13
5.959640e-07 5.347600e-13
5.961420e-07 5.574600e-13
5.963190e-07 5.845900e-13
5.964960e-07 5.640700e-13
5.966730e-07 5.654400e-13
5.968510e-07 5.703000e-13
5.970280e-07 5.593600e-13
5.972050e-07 5.581100e-13
5.973830e-07 5.646600e-13
5.975600e-07 5.587000e-13
5.977370e-07 5.614400e-13
5.979140e-07 5.534900e-13
5.980920e-07 5.436500e-13
5.982690e-07 5.529800e-13
5.984460e-07 5.484800e-13
5.986230e-07 5.544600e-13
5.988010e-07 5.602200e-13
5.989780e-07 5.509300e-13
5.991550e-07 5.642200e-13
5.993320e-07 5.600100e-13
5.995100e-07 5.662800e-13
5.996870e-07 5.588500e-13
5.998640e-07 5.595100e-13
6.000410e-07 5.524700e-13
6.002190e-07 5.478000e-13
6.003960e-07 5.603100e-13
6.005730e-07 5.378600e-13
6.007500e-07 5.614800e-13
6.009280e-07 5.594900e-13
6.011050e-07 5.483600e-13
6.012820e-07 5.596800e-13
6.014600e-07 5.489200e-13
6.016370e-07 5.340800e-13
6.018140e-07 5.616600e-13
6.019910e-07 5.424600e-13
6.021690e-07 5.547100e-13
6.023460e-07 5.652800e-13
6.025230e-07 5.612000e-13
6.027000e-07 5.737700e-13
6.028780e-07 5.714800e-13
6.030550e-07 5.686700e-13
6.032320e-07 5.744700e-13
6.034090e-07 5.760300e-13
6.035870e-07 5.679200e-13
6.037640e-07 5.706100e-13
6.039410e-07 5.722800e-13
6.041180e-07 5.700900e-13
6.042960e-07 5.756000e-13
6.044730e-07 5.717700e-13
6.046500e-07 5.740400e-13
6.048280e-07 5.799900e-13
6.050050e-07 5.746000e-13
6.051820e-07 5.659800e-13
6.053590e-07 5.748600e-13
6.055370e-07 5.747700e-13
6.057140e-07 5.686700e-13
6.058910e-07 5.649800e-13
6.060680e-07 5.686000e-13
6.062460e-07 5.691800e-13
6.064230e-07 5.587200e-13
6.066000e-07 5.683700e-13
6.067770e-07 5.841900e-13
6.069550e-07 5.905500e-13
6.071320e-07 5.802600e-13
6.073090e-07 5.806400e-13
6.074860e-07 5.888100e-13
6.076640e-07 5.795000e-13
6.078410e-07 5.646300e-13
6.080180e-07 5.548900e-13
6.081960e-07 5.625800e-13
6.083730e-07 5.637000e-13
6.085500e-07 5.626500e-13
6.087270e-07 5.589700e-13
6.089050e-07 5.706800e-13
6.090820e-07 5.604900e-13
6.092590e-07 5.665500e-13
6.094360e-07 5.748500e-13
6.096140e-07 5.676500e-13
6.097910e-07 5.575600e-13
6.099680e-07 5.663800e-13
6.101450e-07 5.642700e-13
6.103230e-07 5.616900e-13
6.105000e-07 5.618900e-13
6.106770e-07 5.626000e-13
6.108540e-07 5.696500e-13
6.110320e-07 5.732900e-13
6.112090e-07 5.749700e-13
6.113860e-07 5.658000e-13
6.115630e-07 5.587700e-13
6.117410e-07 5.537400e-13
6.119180e-07 5.450200e-13
6.120950e-07 5.521400e-13
6.122730e-07 5.428100e-13
6.124500e-07 5.483700e-13
6.126270e-07 5.589200e-13
6.128040e-07 5.451000e-13
6.129820e-07 5.558900e-13
6.131590e-07 5.464000e-13
6.133360e-07 5.473700e-13
6.135130e-07 5.478400e-13
6.136910e-07 5.403500e-13
6.138680e-07 5.477000e-13
6.140450e-07 5.471500e-13
6.142220e-07 5.626300e-13
6.144000e-07 5.579900e-13
6.145770e-07 5.491800e-13
6.147540e-07 5.790700e-13
6.149310e-07 5.565400e-13
6.151090e-07 5.470300e-13
6.152860e-07 5.510400e-13
6.154630e-07 5.400500e-13
6.156410e-07 5.340400e-13
6.158180e-07 5.210300e-13
6.159950e-07 5.201100e-13
6.161720e-07 5.074300e-13
6.163500e-07 4.961600e-13
6.165270e-07 5.095600e-13
6.167040e-07 5.061000e-13
6.168810e-07 5.136900e-13
6.170590e-07 5.101000e-13
6.172360e-07 5.105900e-13
6.174130e-07 5.303500e-13
6.175900e-07 5.244500e-13
6.177680e-07 5.277500e-13
6.179450e-07 5.361700e-13
6.181220e-07 5.370400e-13
6.183000e-07 5.280100e-13
6.184770e-07 5.314400e-13
6.186540e-07 5.208100e-13
6.188310e-07 5.286700e-13
6.190090e-07 5.221000e-13
6.191860e-07 5.228000e-13
6.193630e-07 5.261300e-13
6.195400e-07 5.180100e-13
6.197180e-07 5.260900e-13
6.198950e-07 5.298400e-13
6.200720e-07 5.290900e-13
6.202490e-07 5.362300e-13
6.204270e-07 5.351900e-13
6.206040e-07 5.282800e-13
6.207810e-07 5.316800e-13
6.209580e-07 5.216800e-13
6.211360e-07 5.124000e-13
6.213130e-07 5.182300e-13
6.214900e-07 5.070900e-13
6.216670e-07 4.937700e-13
6.218450e-07 5.013600e-13
6.220220e-07 4.947600e-13
6.221990e-07 4.940200e-13
6.223760e-07 4.978900e-13
6.225540e-07 5.104000e-13
6.227310e-07 4.977500e-13
6.229080e-07 5.029200e-13
6.230860e-07 5.093800e-13
6.232630e-07 4.988400e-13
6.234400e-07 4.938400e-13
6.236170e-07 4.906200e-13
6.237950e-07 4.962800e-13
6.239720e-07 4.978500e-13
6.241490e-07 4.877800e-13
6.243260e-07 4.849400e-13
6.245040e-07 4.911500e-13
6.246810e-07 4.943300e-13
6.248580e-07 4.925400e-13
6.250350e-07 4.882600e-13
6.252130e-07 4.993200e-13
6.253900e-07 4.999900e-13
6.255670e-07 4.836300e-13
6.257450e-07 4.876700e-13
6.259220e-07 4.882200e-13
6.260990e-07 4.852600e-13
6.262760e-07 4.929500e-13
6.264540e-07 4.907800e-13
6.266310e-07 4.668700e-13
6.268080e-07 4.708100e-13
6.269850e-07 4.695900e-13
6.271630e-07 4.769100e-13
6.273400e-07 4.812100e-13
6.275170e-07 4.907000e-13
6.276940e-07 5.050100e-13
6.278720e-07 5.055900e-13
6.280490e-07 4.995800e-13
6.282260e-07 5.116300e-13
6.284030e-07 5.036300e-13
6.285810e-07 4.995600e-13
6.287580e-07 4.988200e-13
6.289350e-07 4.980900e-13
6.291130e-07 4.973600e-13
6.292900e-07 4.966300e-13
6.294670e-07 4.959000e-13
6.296440e-07 4.951700e-13
6.298210e-07 4.944500e-13
6.299990e-07 5.003900e-13
6.301760e-07 5.053600e-13
6.303530e-07 5.027800e-13
6.305310e-07 4.994800e-13
6.307080e-07 5.100600e-13
6.308850e-07 5.132600e-13
6.310620e-07 5.147200e-13
6.312400e-07 5.048300e-13
6.314170e-07 5.037100e-13
6.315940e-07 5.025500e-13
6.317710e-07 5.015600e-13
6.319490e-07 5.112800e-13
6.321260e-07 5.198700e-13
6.323030e-07 5.227000e-13
6.324800e-07 5.154400e-13
6.326580e-07 5.142400e-13
6.328350e-07 5.244400e-13
6.330120e-07 5.234300e-13
6.331900e-07 5.135300e-13
6.333670e-07 5.291800e-13
6.335440e-07 5.251600e-13
6.337210e-07 5.151600e-13
6.338990e-07 5.123900e-13
6.340760e-07 5.207000e-13
6.342530e-07 5.214300e-13
6.344300e-07 5.182000e-13
6.346080e-07 5.243700e-13
6.347850e-07 5.358800e-13
6.349620e-07 5.301900e-13
6.351390e-07 5.341300e-13
6.353170e-07 5.228300e-13
6.354940e-07 5.272000e-13
6.356710e-07 5.268900e-13
6.358480e-07 5.076900e-13
6.360260e-07 5.065700e-13
6.362030e-07 4.959700e-13
6.363800e-07 5.098500e-13
6.365580e-07 5.062300e-13
6.367350e-07 5.126300e-13
6.369120e-07 5.282900e-13
6.370890e-07 5.301200e-13
6.372670e-07 5.393600e-13
6.374440e-07 5.404000e-13
6.376210e-07 5.381000e-13
6.377980e-07 5.429700e-13
6.379760e-07 5.389700e-13
6.381530e-07 5.363900e-13
6.383300e-07 5.300500e-13
6.385070e-07 5.284700e-13
6.386850e-07 5.289900e-13
6.388620e-07 5.323700e-13
6.390390e-07 5.291900e-13
6.392160e-07 5.253100e-13
6.393940e-07 5.284900e-13
6.395710e-07 5.313500e-13
6.397480e-07 5.186600e-13
6.399260e-07 5.262000e-13
6.401030e-07 5.264100e-13
6.402800e-07 5.207600e-13
6.404570e-07 5.323200e-13
6.406350e-07 5.266300e-13
6.408120e-07 5.281700e-13
6.409890e-07 5.218800e-13
6.411660e-07 5.248900e-13
6.413440e-07 5.281100e-13
6.415210e-07 5.118300e-13
6.416980e-07 5.206700e-13
6.418750e-07 5.242700e-13
6.420530e-07 5.275000e-13
6.422300e-07 5.254800e-13
6.424070e-07 5.329600e-13
6.425840e-07 5.291400e-13
6.427620e-07 5.165300e-13
6.429390e-07 5.206700e-13
6.431160e-07 5.284200e-13
6.432930e-07 5.221300e-13
6.434710e-07 5.309800e-13
6.436480e-07 5.240800e-13
6.438250e-07 5.267500e-13
6.440030e-07 5.320300e-13
6.441800e-07 5.330400e-13
6.443570e-07 5.371600e-13
6.445340e-07 5.296000e-13
6.447120e-07 5.247400e-13
6.448890e-07 5.171800e-13
6.450660e-07 5.074200e-13
6.452430e-07 5.192200e-13
6.454210e-07 5.138200e-13
6.455980e-07 5.248400e-13
6.457750e-07 5.221200e-13
6.459520e-07 5.210700e-13
6.461300e-07 5.183400e-13
6.463070e-07 5.166900e-13
6.464840e-07 5.133000e-13
6.466610e-07 5.163300e-13
6.468390e-07 5.161100e-13
6.470160e-07 5.181900e-13
6.471930e-07 5.119600e-13
6.473710e-07 5.182700e-13
6.475480e-07 5.239400e-13
6.477250e-07 5.155300e-13
6.479020e-07 5.227200e-13
6.480800e-07 5.175800e-13
6.482570e-07 5.145300e-13
6.484340e-07 5.170700e-13
6.486110e-07 5.074900e-13
6.487890e-07 5.186800e-13
6.489660e-07 5.231900e-13
6.491430e-07 5.119200e-13
6.493200e-07 5.038500e-13
6.494980e-07 4.934300e-13
6.496750e-07 4.920600e-13
6.498520e-07 4.956600e-13
6.500290e-07 5.040900e-13
6.502070e-07 5.001200e-13
6.503840e-07 5.043200e-13
6.505610e-07 5.094400e-13
6.507390e-07 5.058900e-13
6.509160e-07 5.083200e-13
6.510930e-07 5.225700e-13
6.512700e-07 5.170500e-13
6.514480e-07 5.193700e-13
6.516250e-07 5.207600e-13
6.518020e-07 5.351100e-13
6.519790e-07 5.295300e-13
6.521570e-07 5.440500e-13
6.523340e-07 5.280800e-13
6.525110e-07 5.220400e-13
6.526880e-07 5.325300e-13
6.528660e-07 5.284300e-13
6.530430e-07 5.265200e-13
6.532200e-07 5.324100e-13
6.533970e-07 5.309400e-13
6.535750e-07 5.284600e-13
6.537520e-07 5.338200e-13
6.539290e-07 5.188900e-13
6.541060e-07 5.346300e-13
6.542840e-07 5.274800e-13
6.544610e-07 5.359000e-13
6.546380e-07 5.226200e-13
6.548160e-07 5.183500e-13
6.549930e-07 5.237300e-13
6.551700e-07 5.177100e-13
6.553470e-07 5.046000e-13
6.555250e-07 5.065000e-13
6.557020e-07 4.981100e-13
6.558790e-07 4.791900e-13
6.560560e-07 4.734900e-13
6.562340e-07 4.799000e-13
6.564110e-07 4.750300e-13
6.565880e-07 4.788100e-13
6.567650e-07 4.845700e-13
6.569430e-07 4.920600e-13
6.571200e-07 4.937700e-13
6.572970e-07 4.954700e-13
6.574750e-07 5.027300e-13
6.576520e-07 5.174300e-13
6.578290e-07 5.154000e-13
6.580060e-07 5.214400e-13
6.581830e-07 5.198600e-13
6.583610e-07 5.177500e-13
6.585380e-07 5.228000e-13
6.587150e-07 5.246600e-13
6.588930e-07 5.238700e-13
6.590700e-07 5.270900e-13
6.592470e-07 5.200500e-13
6.594240e-07 5.127700e-13
6.596020e-07 5.155000e-13
6.597790e-07 5.137900e-13
6.599560e-07 5.129200e-13
6.601330e-07 5.139400e-13
6.603110e-07 5.178400e-13
6.604880e-07 5.263600e-13
6.606650e-07 5.229400e-13
6.608430e-07 5.182200e-13
6.610200e-07 5.206600e-13
6.611970e-07 5.197700e-13
6.613740e-07 5.300300e-13
6.615510e-07 5.276800e-13
6.617290e-07 5.235600e-13
6.619060e-07 5.214200e-13
6.620830e-07 5.240400e-13
6.622610e-07 5.264100e-13
6.624380e-07 5.191700e-13
6.626150e-07 5.146800e-13
6.627920e-07 5.200100e-13
6.629700e-07 5.147300e-13
6.631470e-07 5.124200e-13
6.633240e-07 5.090900e-13
6.635010e-07 5.064000e-13
6.636790e-07 5.114300e-13
6.638560e-07 5.177800e-13
6.640330e-07 5.135500e-13
6.642100e-07 5.118900e-13
6.643880e-07 5.201600e-13
6.645650e-07 5.079100e-13
6.647420e-07 5.082700e-13
6.649200e-07 5.179100e-13
6.650970e-07 5.124100e-13
6.652740e-07 5.140400e-13
6.654510e-07 5.118700e-13
6.656290e-07 5.092800e-13
6.658060e-07 5.098400e-13
6.659830e-07 5.052000e-13
6.661600e-07 4.943400e-13
6.663380e-07 5.050600e-13
6.665150e-07 5.008800e-13
6.666920e-07 5.054200e-13
6.668690e-07 5.172800e-13
6.670470e-07 5.033900e-13
6.672240e-07 5.062000e-13
6.674010e-07 5.022100e-13
6.675780e-07 5.103600e-13
6.677560e-07 5.015200e-13
6.679330e-07 4.918900e-13
6.681100e-07 5.065500e-13
6.682870e-07 5.049000e-13
6.684650e-07 5.064800e-13
6.686420e-07 5.072200e-13
6.688190e-07 5.085100e-13
6.689960e-07 5.082400e-13
6.691740e-07 5.021800e-13
6.693510e-07 4.985200e-13
6.695280e-07 4.943100e-13
6.697060e-07 4.881100e-13
6.698830e-07 4.957200e-13
6.700600e-07 4.993600e-13
6.702370e-07 5.011400e-13
6.704150e-07 5.020800e-13
6.705920e-07 4.966700e-13
6.707690e-07 4.939300e-13
6.709460e-07 4.924400e-13
6.711240e-07 4.901600e-13
6.713010e-07 4.846600e-13
6.714780e-07 4.874000e-13
6.716550e-07 4.819700e-13
6.718330e-07 4.879400e-13
6.720100e-07 4.856400e-13
6.721870e-07 4.853600e-13
6.723650e-07 4.809200e-13
6.725420e-07 4.926500e-13
6.727190e-07 4.914400e-13
6.728960e-07 4.886500e-13
6.730740e-07 4.921800e-13
6.732510e-07 4.937800e-13
6.734280e-07 4.856800e-13
6.736050e-07 4.976400e-13
6.737830e-07 4.970800e-13
6.739600e-07 4.941400e-13
6.741370e-07 4.867100e-13
6.743140e-07 4.878400e-13
6.744920e-07 4.889500e-13
6.746690e-07 4.841700e-13
6.748460e-07 4.726400e-13
6.750230e-07 4.712700e-13
6.752010e-07 4.867800e-13
6.753780e-07 4.835000e-13
6.755550e-07 4.804300e-13
6.757330e-07 4.872200e-13
6.759100e-07 4.967200e-13
6.760870e-07 4.954000e-13
6.762640e-07 4.933100e-13
6.764420e-07 4.954700e-13
6.766190e-07 4.944800e-13
6.767960e-07 4.834900e-13
6.769730e-07 4.842800e-13
6.771510e-07 4.940400e-13
6.773280e-07 4.889400e-13
6.775050e-07 4.958600e-13
6.776820e-07 4.973800e-13
6.778600e-07 4.977000e-13
6.780370e-07 4.916200e-13
6.782140e-07 4.903600e-13
6.783910e-07 4.930900e-13
6.785690e-07 4.964000e-13
6.787460e-07 4.946700e-13
6.789230e-07 4.881800e-13
6.791000e-07 4.837000e-13
6.792780e-07 4.812400e-13
6.794550e-07 4.924900e-13
6.796320e-07 5.038400e-13
6.798100e-07 4.898700e-13
6.799870e-07 4.944600e-13
6.801640e-07 4.897800e-13
6.803410e-07 4.893500e-13
6.805190e-07 4.896200e-13
6.806960e-07 4.855600e-13
6.808730e-07 4.956200e-13
6.810500e-07 4.934100e-13
6.812280e-07 4.943000e-13
6.814050e-07 4.946400e-13
6.815820e-07 4.890300e-13
6.817590e-07 5.018300e-13
6.819370e-07 5.035200e-13
6.821140e-07 5.062600e-13
6.822910e-07 5.109700e-13
6.824680e-07 5.010500e-13
6.826460e-07 5.018500e-13
6.828230e-07 5.027500e-13
6.830000e-07 4.978300e-13
6.831780e-07 4.939200e-13
6.833550e-07 5.011400e-13
6.835320e-07 4.969300e-13
6.837090e-07 4.977300e-13
6.838870e-07 4.979800e-13
6.840640e-07 4.942600e-13
6.842410e-07 4.891700e-13
6.844180e-07 4.911400e-13
6.845960e-07 4.983500e-13
6.847730e-07 4.876300e-13
6.849500e-07 4.895800e-13
6.851270e-07 4.899800e-13
6.853050e-07 5.009600e-13
6.854820e-07 4.630100e-13
6.856590e-07 4.177400e-13
6.858360e-07 3.804600e-13
6.860140e-07 3.216000e-13
6.861910e-07 3.045000e-13
6.863680e-07 3.142400e-13
6.865460e-07 3.412400e-13
6.867230e-07 3.721600e-13
6.869000e-07 4.071800e-13
6.870770e-07 4.373800e-13
6.872550e-07 4.486900e-13
6.874320e-07 4.494600e-13
6.876090e-07 4.441900e-13
6.877860e-07 4.267200e-13
6.879640e-07 4.201400e-13
6.881410e-07 4.111900e-13
6.883180e-07 4.066300e-13
6.884950e-07 4.165900e-13
6.886730e-07 4.300500e-13
6.888500e-07 4.231600e-13
6.890270e-07 4.239300e-13
6.892040e-07 4.431400e-13
6.893820e-07 4.496800e-13
6.895590e-07 4.382400e-13
6.897360e-07 4.305200e-13
6.899130e-07 4.550200e-13
6.900910e-07 4.660900e-13
6.902680e-07 4.638200e-13
6.904450e-07 4.759800e-13
6.906230e-07 4.610900e-13
6.908000e-07 4.663800e-13
6.909770e-07 4.767800e-13
6.911540e-07 4.912200e-13
6.913320e-07 4.775200e-13
6.915090e-07 4.784200e-13
6.916860e-07 4.684000e-13
6.918630e-07 4.654400e-13
6.920410e-07 4.792100e-13
6.922180e-07 4.566400e-13
6.923950e-07 4.649700e-13
6.925720e-07 4.639200e-13
6.927500e-07 4.643800e-13
6.929270e-07 4.588600e-13
6.931040e-07 4.601000e-13
6.932810e-07 4.485800e-13
6.934590e-07 4.650900e-13
6.936360e-07 4.778600e-13
6.938130e-07 4.720200e-13
6.939910e-07 4.746100e-13
6.941680e-07 4.814500e-13
6.943450e-07 4.650900e-13
6.945220e-07 4.616900e-13
6.947000e-07 4.626600e-13
6.948770e-07 4.554000e-13
6.956750e-07 5.058700e-13
6.972790e-07 5.024300e-13
6.988860e-07 4.978700e-13
7.004970e-07 5.013700e-13
7.021120e-07 4.855100e-13
7.037300e-07 5.061000e-13
7.053530e-07 5.179400e-13
7.069780e-07 4.834100e-13
7.086090e-07 4.993000e-13
7.102420e-07 4.779700e-13
7.118790e-07 4.703700e-13
7.135200e-07 4.671800e-13
7.151650e-07 4.715500e-13
7.168140e-07 4.748600e-13
7.184660e-07 4.662400e-13
7.201220e-07 4.556700e-13
7.217820e-07 4.760900e-13
7.234460e-07 4.838800e-13
7.251140e-07 4.772800e-13
7.267860e-07 4.762300e-13
7.284610e-07 4.862500e-13
7.301400e-07 4.942000e-13
7.318230e-07 4.942500e-13
7.335100e-07 4.977200e-13
7.352020e-07 4.943500e-13
7.368960e-07 4.943900e-13
7.385950e-07 5.213300e-13
7.402970e-07 5.106900e-13
7.420040e-07 5.014200e-13
7.437150e-07 5.131500e-13
7.454290e-07 4.980700e-13
7.471480e-07 5.015700e-13
7.488700e-07 5.051000e-13
7.505960e-07 5.133500e-13
7.523270e-07 5.181600e-13
7.540610e-07 5.170200e-13
7.557990e-07 5.158800e-13
7.575410e-07 5.159300e-13
7.592880e-07 5.100800e-13
7.610380e-07 5.054500e-13
7.627920e-07 4.917300e-13
7.645510e-07 4.917800e-13
7.663130e-07 4.929600e-13
7.680800e-07 4.784700e-13
7.698500e-07 4.807300e-13
7.716250e-07 4.763700e-13
7.734040e-07 4.709700e-13
7.751870e-07 4.742800e-13
7.769740e-07 4.754200e-13
7.787650e-07 4.635800e-13
7.805600e-07 4.647000e-13
7.823590e-07 4.877700e-13
7.841630e-07 4.637200e-13
7.859700e-07 4.789700e-13
7.877830e-07 4.845600e-13
7.895980e-07 4.879700e-13
7.914190e-07 4.813300e-13
7.932430e-07 4.715100e-13
7.950720e-07 4.618900e-13
7.969040e-07 4.759700e-13
7.987420e-07 4.749300e-13
8.005830e-07 4.695400e-13
8.024280e-07 4.905900e-13
8.042780e-07 4.951800e-13
8.061320e-07 4.929600e-13
8.079910e-07 4.773700e-13
8.098530e-07 4.796300e-13
8.117200e-07 4.908500e-13
8.135910e-07 4.965900e-13
8.154670e-07 4.864600e-13
8.173470e-07 4.754400e-13
8.192310e-07 4.530400e-13
8.211190e-07 4.766400e-13
8.230120e-07 4.723200e-13
8.249100e-07 4.957700e-13
8.268110e-07 4.890200e-13
8.287170e-07 4.790500e-13
8.306280e-07 4.780000e-13
8.325420e-07 4.802600e-13
8.344610e-07 4.704600e-13
8.363850e-07 4.781500e-13
8.383130e-07 4.749200e-13
8.402460e-07 4.815800e-13
8.421830e-07 4.642100e-13
8.441240e-07 4.783700e-13
8.460700e-07 4.643100e-13
8.480200e-07 4.548400e-13
8.499750e-07 4.697900e-13
8.519350e-07 4.623400e-13
8.538980e-07 4.581500e-13
8.558670e-07 4.365700e-13
8.578400e-07 4.603700e-13
8.598170e-07 4.614800e-13
8.618000e-07 4.541500e-13
8.637860e-07 4.605200e-13
8.657770e-07 4.398500e-13
8.677730e-07 4.328700e-13
8.697740e-07 4.115300e-13
8.717790e-07 4.492100e-13
8.737880e-07 4.492700e-13
8.758030e-07 4.513900e-13
8.778220e-07 4.545700e-13
8.798450e-07 4.504600e-13
8.818740e-07 4.342100e-13
8.839060e-07 4.526400e-13
8.859440e-07 4.537400e-13
8.879860e-07 4.373800e-13
8.900340e-07 4.354200e-13
8.920850e-07 4.364700e-13
8.941410e-07 4.355200e-13
8.962030e-07 4.325800e-13
8.982690e-07 4.169800e-13
9.003390e-07 4.316800e-13
9.024150e-07 4.085200e-13
9.044950e-07 4.616000e-13
9.065800e-07 4.659300e-13
9.086700e-07 4.389100e-13
9.107650e-07 4.369400e-13
9.128640e-07 4.059500e-13
9.149690e-07 4.310500e-13
9.170780e-07 4.361000e-13
9.191920e-07 4.301600e-13
9.213110e-07 4.352000e-13
9.234350e-07 4.147100e-13
9.255640e-07 4.147600e-13
9.276970e-07 4.537800e-13
9.298360e-07 4.120000e-13
9.319790e-07 4.384800e-13
9.341280e-07 4.365200e-13
9.362810e-07 4.315800e-13
9.384400e-07 4.356300e-13
9.406030e-07 4.297000e-13
9.427710e-07 4.347300e-13
9.449450e-07 4.308000e-13
9.471230e-07 4.348400e-13
9.493060e-07 4.338900e-13
9.514950e-07 4.299700e-13
9.536880e-07 4.310100e-13
9.558860e-07 4.232000e-13
9.580900e-07 4.271700e-13
9.602990e-07 4.252600e-13
9.625120e-07 4.263000e-13
9.647310e-07 4.205000e-13
9.669550e-07 4.195900e-13
9.691840e-07 4.225500e-13
9.714180e-07 4.187300e-13
9.736580e-07 4.159000e-13
9.759020e-07 4.150000e-13
9.781520e-07 4.103000e-13
9.804070e-07 4.160600e-13
9.826670e-07 4.142000e-13
9.849320e-07 4.142500e-13
9.872020e-07 4.114600e-13
9.894780e-07 4.105600e-13
9.917590e-07 4.059200e-13
9.940450e-07 4.078400e-13
9.963370e-07 4.069600e-13
9.986340e-07 4.051400e-13
1.003243e-06 4.033900e-13
1.007875e-06 3.979600e-13
1.012526e-06 3.980600e-13
1.017200e-06 3.936100e-13
1.021896e-06 3.919100e-13
1.026612e-06 3.911100e-13
1.028978e-06 3.884700e-13
1.050524e-06 3.757400e-13
1.070056e-06 3.608600e-13
1.089950e-06 3.478000e-13
1.110213e-06 3.344500e-13
1.130853e-06 3.238400e-13
1.149228e-06 3.179300e-13
1.170593e-06 3.071400e-13
1.189615e-06 2.974000e-13
1.208945e-06 2.886300e-13
1.228589e-06 2.827100e-13
1.251429e-06 2.743700e-13
1.268839e-06 2.675100e-13
1.289455e-06 2.602200e-13
1.310407e-06 2.548800e-13
1.328637e-06 2.479300e-13
1.350226e-06 2.434100e-13
1.369009e-06 2.384200e-13
1.391254e-06 2.313900e-13
1.410608e-06 2.245600e-13
1.430232e-06 2.204600e-13
1.450128e-06 2.199600e-13
1.470302e-06 2.139600e-13
1.490754e-06 2.139600e-13
1.511493e-06 2.134700e-13
1.528996e-06 2.149500e-13
1.550266e-06 2.129800e-13
1.568218e-06 2.100600e-13
1.590034e-06 2.043300e-13
1.608444e-06 2.043300e-13
1.630820e-06 2.024600e-13
1.649705e-06 1.983100e-13
1.668808e-06 1.942400e-13
1.688132e-06 1.889500e-13
1.711617e-06 1.838000e-13
1.731435e-06 1.763300e-13
1.751484e-06 1.711300e-13
1.771766e-06 1.649400e-13
1.788159e-06 1.597100e-13
1.808865e-06 1.535800e-13
1.829811e-06 1.493900e-13
1.851000e-06 1.449900e-13
1.868126e-06 1.394200e-13
1.889758e-06 1.353100e-13
1.911641e-06 1.319300e-13
1.929328e-06 1.271600e-13
1.951669e-06 1.219900e-13
1.969728e-06 1.184000e-13
1.987953e-06 1.149000e-13
2.010973e-06 1.125500e-13
2.029581e-06 1.087300e-13
2.048359e-06 1.065000e-13
2.072078e-06 1.033600e-13
2.091252e-06 1.007700e-13
2.110601e-06 9.847700e-14
2.130131e-06 9.579300e-14
2.149842e-06 9.339800e-14
2.169732e-06 9.043500e-14
2.189810e-06 8.858000e-14
2.210070e-06 8.577000e-14
2.230521e-06 8.343300e-14
2.251160e-06 8.134600e-14
2.271989e-06 7.912900e-14
2.287739e-06 7.134000e-14
2.308905e-06 7.068600e-14
2.330270e-06 6.213500e-14
2.351833e-06 5.893000e-14
2.368134e-06 5.961200e-14
2.390047e-06 5.487000e-14
2.412161e-06 5.337500e-14
2.428882e-06 5.276400e-14
2.451355e-06 4.958300e-14
2.468348e-06 4.912900e-14
2.491186e-06 4.220200e-14
2.508455e-06 4.162300e-14
2.531664e-06 4.191200e-14
2.549214e-06 4.162300e-14
2.572800e-06 4.200800e-14
2.590636e-06 4.114700e-14
2.608592e-06 4.095800e-14
2.632730e-06 3.993300e-14
2.650978e-06 3.938500e-14
2.669355e-06 3.857800e-14
2.687857e-06 3.796100e-14
2.712728e-06 3.726800e-14
2.731531e-06 3.650400e-14
2.750466e-06 3.592000e-14
2.769530e-06 3.510200e-14
2.788730e-06 3.454100e-14
2.808059e-06 3.383300e-14
2.827525e-06 3.313900e-14
2.847123e-06 3.245900e-14
2.866860e-06 3.172000e-14
2.886731e-06 3.114100e-14
2.906742e-06 3.050200e-14
2.926889e-06 2.980800e-14
2.947176e-06 2.919700e-14
2.967607e-06 2.866400e-14
2.988176e-06 2.801100e-14
3.008890e-06 2.750000e-14
3.029746e-06 2.693600e-14
3.050749e-06 2.644500e-14
3.071894e-06 2.596200e-14
3.093189e-06 2.548800e-14
3.107466e-06 2.496500e-14
3.129004e-06 2.456600e-14
3.150695e-06 2.406200e-14
3.172533e-06 2.356900e-14
3.187179e-06 2.313900e-14
3.209270e-06 2.271600e-14
3.231518e-06 2.225000e-14
3.246433e-06 2.189500e-14
3.268934e-06 2.154400e-14
3.291595e-06 2.134700e-14
3.306787e-06 2.095700e-14
3.329707e-06 2.019900e-14
3.352790e-06 1.973900e-14
3.368264e-06 1.929000e-14
3.391614e-06 1.885100e-14
3.407268e-06 1.842200e-14
3.430884e-06 1.808600e-14
3.446723e-06 1.771500e-14
3.470613e-06 1.731200e-14
3.486635e-06 1.695600e-14
3.510802e-06 1.660900e-14
3.527006e-06 1.626800e-14
3.551456e-06 1.593400e-14
3.567847e-06 1.560800e-14
3.592581e-06 1.528700e-14
3.609162e-06 1.500800e-14
3.634178e-06 1.470100e-14
3.650955e-06 1.439900e-14
3.667806e-06 1.410400e-14
3.693228e-06 1.378300e-14
3.710278e-06 1.350000e-14
3.727403e-06 1.325400e-14
3.753238e-06 1.295200e-14
3.770565e-06 1.274500e-14
3.787968e-06 1.248300e-14
3.814223e-06 1.225600e-14
3.831831e-06 1.203200e-14
3.849517e-06 1.178500e-14
3.867285e-06 1.154300e-14
3.894094e-06 1.133300e-14
3.912067e-06 1.112600e-14
3.930122e-06 1.092300e-14
3.948266e-06 1.067400e-14
3.966489e-06 1.047900e-14
3.993986e-06 1.024100e-14
4.012420e-06 1.007700e-14
4.030939e-06 9.916000e-15
4.049544e-06 9.712600e-15
4.068239e-06 9.557300e-15
4.087016e-06 9.382900e-15
4.105879e-06 9.232800e-15
4.134342e-06 9.064300e-15
4.153424e-06 8.919400e-15
4.172594e-06 8.756600e-15
4.191857e-06 8.596800e-15
4.211204e-06 8.439900e-15
4.230641e-06 8.324100e-15
4.250172e-06 8.172100e-15
4.269788e-06 8.041500e-15
4.289495e-06 7.715000e-15
4.309298e-06 7.401800e-15
4.329187e-06 7.367800e-15
4.349168e-06 7.068600e-15
4.369242e-06 6.907700e-15
4.389413e-06 6.781700e-15
4.409672e-06 6.281700e-15
4.430024e-06 6.193400e-15
4.450476e-06 6.104700e-15
4.471017e-06 6.015600e-15
4.491653e-06 5.929400e-15
4.512389e-06 5.846700e-15
4.533215e-06 5.763600e-15
4.554138e-06 5.680000e-15
4.575158e-06 5.597300e-15
4.585709e-06 5.558600e-15
4.606874e-06 5.480800e-15
4.628137e-06 5.402800e-15
4.649503e-06 5.324300e-15
4.670962e-06 5.247800e-15
4.692521e-06 5.175000e-15
4.714179e-06 5.101800e-15
4.725051e-06 5.065100e-15
4.746859e-06 4.991400e-15
4.768768e-06 4.920700e-15
4.790783e-06 4.852300e-15
4.812895e-06 4.783500e-15
4.835109e-06 4.714400e-15
4.846254e-06 4.679800e-15
4.868627e-06 4.614500e-15
4.891098e-06 4.550100e-15
4.913673e-06 4.485500e-15
4.924999e-06 4.453100e-15
4.947735e-06 4.388000e-15
4.970571e-06 4.327700e-15
4.993513e-06 4.267300e-15
5.005023e-06 4.237000e-15
5.028129e-06 4.176100e-15
5.051336e-06 4.115800e-15
5.074650e-06 4.059300e-15
5.086348e-06 4.030900e-15
5.098078e-06 4.002400e-15
5.109829e-06 3.974000e-15
5.121608e-06 3.945400e-15
5.133413e-06 3.916800e-15
5.145246e-06 3.888100e-15
5.157107e-06 3.861000e-15
5.169000e-06 3.834400e-15
5.180915e-06 3.807800e-15
5.192857e-06 3.781200e-15
5.204827e-06 3.754400e-15
5.216824e-06 3.727700e-15
5.228850e-06 3.700800e-15
5.240902e-06 3.673900e-15
5.252989e-06 3.647200e-15
5.265097e-06 3.622300e-15
5.277234e-06 3.597400e-15
5.289398e-06 3.572400e-15
5.301591e-06 3.547300e-15
5.313811e-06 3.522200e-15
5.326066e-06 3.497000e-15
5.338343e-06 3.471700e-15
5.350648e-06 3.446400e-15
5.362982e-06 3.422200e-15
5.375344e-06 3.398800e-15
5.387734e-06 3.375300e-15
5.400153e-06 3.351800e-15
5.412607e-06 3.328200e-15
5.425084e-06 3.304600e-15
5.437589e-06 3.280900e-15
5.450123e-06 3.257200e-15
5.462686e-06 3.233400e-15
5.475277e-06 3.211400e-15
5.487898e-06 3.189400e-15
5.500555e-06 3.167300e-15
5.513234e-06 3.145200e-15
5.525942e-06 3.123100e-15
5.538680e-06 3.100800e-15
5.551447e-06 3.078600e-15
5.564243e-06 3.056300e-15
5.577075e-06 3.034500e-15
5.589931e-06 3.013900e-15
5.602816e-06 2.993200e-15
5.615731e-06 2.972400e-15
5.628676e-06 2.951700e-15
5.641650e-06 2.930800e-15
5.654655e-06 2.909900e-15
5.667695e-06 2.889000e-15
5.680760e-06 2.868000e-15
5.693854e-06 2.848200e-15
5.706979e-06 2.828800e-15
5.720134e-06 2.809400e-15
5.733319e-06 2.789900e-15
5.746541e-06 2.770300e-15
5.759787e-06 2.750700e-15
5.773064e-06 2.731100e-15
5.786371e-06 2.711400e-15
5.799709e-06 2.691900e-15
5.813078e-06 2.673700e-15
5.826478e-06 2.655400e-15
5.839915e-06 2.637100e-15
5.853376e-06 2.618800e-15
5.866868e-06 2.600400e-15
5.880392e-06 2.581900e-15
5.893946e-06 2.563500e-15
5.907533e-06 2.545000e-15
5.921150e-06 2.527200e-15
5.934805e-06 2.510100e-15
5.948485e-06 2.492900e-15
5.962197e-06 2.475700e-15
5.975940e-06 2.458400e-15
5.989715e-06 2.441100e-15
6.003522e-06 2.423800e-15
6.017367e-06 2.406400e-15
6.031238e-06 2.389000e-15
6.045140e-06 2.372800e-15
6.059074e-06 2.356700e-15
6.073041e-06 2.340600e-15
6.087040e-06 2.324400e-15
6.101071e-06 2.308100e-15
6.115141e-06 2.291900e-15
6.129237e-06 2.275600e-15
6.143365e-06 2.259200e-15
6.157526e-06 2.243300e-15
6.171720e-06 2.228100e-15
6.185946e-06 2.213000e-15
6.200211e-06 2.197800e-15
6.214504e-06 2.182500e-15
6.228829e-06 2.167300e-15
6.243186e-06 2.152000e-15
6.257577e-06 2.136600e-15
6.272002e-06 2.121200e-15
6.286459e-06 2.106700e-15
6.300956e-06 2.092500e-15
6.315481e-06 2.078200e-15
6.330038e-06 2.063900e-15
6.344630e-06 2.049600e-15
6.359254e-06 2.035200e-15
6.373913e-06 2.020800e-15
6.388612e-06 2.006400e-15
6.403338e-06 1.992100e-15
6.418099e-06 1.978700e-15
6.432893e-06 1.965300e-15
6.447721e-06 1.951900e-15
6.462583e-06 1.938400e-15
6.477480e-06 1.924900e-15
6.492418e-06 1.911400e-15
6.507384e-06 1.897900e-15
6.522384e-06 1.884300e-15
6.537418e-06 1.871200e-15
6.552488e-06 1.858700e-15
6.567591e-06 1.846100e-15
6.582730e-06 1.833400e-15
6.597911e-06 1.820800e-15
6.613120e-06 1.808100e-15
6.628364e-06 1.795300e-15
6.643643e-06 1.782600e-15
6.658956e-06 1.769800e-15
6.674305e-06 1.757900e-15
6.689698e-06 1.746100e-15
6.705118e-06 1.734200e-15
6.720574e-06 1.722300e-15
6.736066e-06 1.710400e-15
6.751593e-06 1.698500e-15
6.767155e-06 1.686500e-15
6.782754e-06 1.674500e-15
6.798396e-06 1.662800e-15
6.814067e-06 1.651700e-15
6.829774e-06 1.640500e-15
6.845517e-06 1.629300e-15
6.861297e-06 1.618100e-15
6.877112e-06 1.606900e-15
6.892972e-06 1.595700e-15
6.908861e-06 1.584400e-15
6.924786e-06 1.573100e-15
6.940748e-06 1.562400e-15
6.956747e-06 1.552000e-15
6.972783e-06 1.541500e-15
6.988856e-06 1.531000e-15
7.004973e-06 1.520400e-15
7.021120e-06 1.509900e-15
7.037304e-06 1.499300e-15
7.053526e-06 1.488700e-15
7.069785e-06 1.478100e-15
7.086081e-06 1.468300e-15
7.102423e-06 1.458400e-15
7.118794e-06 1.448600e-15
7.135204e-06 1.438700e-15
7.151651e-06 1.428700e-15
7.168136e-06 1.418800e-15
7.184659e-06 1.408800e-15
7.201221e-06 1.398800e-15
7.217828e-06 1.389200e-15
7.234465e-06 1.380000e-15
7.251141e-06 1.370700e-15
7.267855e-06 1.361400e-15
7.284608e-06 1.352100e-15
7.301400e-06 1.342800e-15
7.318230e-06 1.333400e-15
7.335107e-06 1.324000e-15
7.352015e-06 1.314600e-15
7.368962e-06 1.305800e-15
7.385948e-06 1.297100e-15
7.402974e-06 1.288400e-15
7.420038e-06 1.279600e-15
7.437149e-06 1.270900e-15
7.454292e-06 1.262100e-15
7.471475e-06 1.253200e-15
7.488698e-06 1.244400e-15
7.505959e-06 1.235800e-15
7.523261e-06 1.227600e-15
7.540603e-06 1.219400e-15
7.557993e-06 1.211100e-15
7.575415e-06 1.202900e-15
7.592876e-06 1.194600e-15
7.610379e-06 1.186300e-15
7.627921e-06 1.178000e-15
7.645504e-06 1.169700e-15
7.663136e-06 1.161900e-15
7.680800e-06 1.154100e-15
7.698504e-06 1.146400e-15
7.716250e-06 1.138700e-15
7.734037e-06 1.130900e-15
7.751864e-06 1.123100e-15
7.769733e-06 1.115300e-15
7.787651e-06 1.107500e-15
7.805602e-06 1.099700e-15
7.823595e-06 1.092500e-15
7.841629e-06 1.085200e-15
7.859704e-06 1.077900e-15
7.877822e-06 1.070600e-15
7.895980e-06 1.063300e-15
7.914190e-06 1.056000e-15
7.932433e-06 1.048600e-15
7.950717e-06 1.041200e-15
7.969044e-06 1.034200e-15
7.987414e-06 1.027300e-15
8.005825e-06 1.020500e-15
8.024288e-06 1.013600e-15
8.042784e-06 1.006700e-15
8.061324e-06 9.998500e-16
8.079905e-06 9.929400e-16
8.098531e-06 9.860100e-16
8.117198e-06 9.790700e-16
8.135908e-06 9.726200e-16
8.154672e-06 9.661800e-16
8.173469e-06 9.597300e-16
8.192309e-06 9.532700e-16
8.211193e-06 9.467900e-16
8.230120e-06 9.402900e-16
8.249091e-06 9.337800e-16
8.268115e-06 9.272500e-16
8.287173e-06 9.208900e-16
8.306276e-06 9.148400e-16
8.325423e-06 9.087700e-16
8.344613e-06 9.027000e-16
8.363848e-06 8.966000e-16
8.383128e-06 8.905000e-16
8.402461e-06 8.843700e-16
8.421829e-06 8.782400e-16
8.441241e-06 8.720900e-16
8.460699e-06 8.662800e-16
8.480202e-06 8.605800e-16
8.499750e-06 8.548700e-16
8.519351e-06 8.491400e-16
8.538989e-06 8.433900e-16
8.558672e-06 8.376400e-16
8.578400e-06 8.318700e-16
8.598174e-06 8.260900e-16
8.617993e-06 8.203600e-16
8.637858e-06 8.150000e-16
8.657779e-06 8.096200e-16
8.677736e-06 8.042400e-16
8.697738e-06 7.988400e-16
8.717787e-06 7.934300e-16
8.737883e-06 7.880100e-16
8.758024e-06 7.825700e-16
8.778212e-06 7.771200e-16
8.798456e-06 7.718900e-16
8.818737e-06 7.668400e-16
8.839065e-06 7.617700e-16
8.859440e-06 7.566900e-16
8.879861e-06 7.516100e-16
8.900330e-06 7.465100e-16
8.920856e-06 7.413900e-16
8.941419e-06 7.362700e-16
8.962029e-06 7.311300e-16
8.982687e-06 7.263600e-16
9.003394e-06 7.216000e-16
9.024146e-06 7.168200e-16
9.044948e-06 7.120400e-16
9.065807e-06 7.072400e-16
9.086705e-06 7.024300e-16
9.107650e-06 6.976100e-16
9.128644e-06 6.927800e-16
9.149686e-06 6.880700e-16
9.170776e-06 6.835900e-16
9.191926e-06 6.790900e-16
9.213114e-06 6.745900e-16
9.234351e-06 6.700800e-16
9.255637e-06 6.655600e-16
9.276972e-06 6.610300e-16
9.298356e-06 6.564900e-16
9.319789e-06 6.519300e-16
9.341282e-06 6.476300e-16
9.362814e-06 6.434000e-16
9.384397e-06 6.391700e-16
9.406028e-06 6.349200e-16
9.427710e-06 6.306700e-16
9.449441e-06 6.264100e-16
9.471233e-06 6.221300e-16
9.493065e-06 6.178500e-16
9.514947e-06 6.136000e-16
9.536880e-06 6.096300e-16
9.558863e-06 6.056400e-16
9.580897e-06 6.016500e-16
9.602982e-06 5.976500e-16
9.625127e-06 5.936400e-16
9.647314e-06 5.896200e-16
9.669552e-06 5.855900e-16
9.691841e-06 5.815500e-16
9.714181e-06 5.776700e-16
9.736573e-06 5.739200e-16
9.759017e-06 5.701600e-16
9.781523e-06 5.664000e-16
9.804070e-06 5.626200e-16
9.826669e-06 5.588400e-16
9.849320e-06 5.550500e-16
9.872023e-06 5.512500e-16
9.894779e-06 5.474400e-16
9.917598e-06 5.439000e-16
9.940459e-06 5.403600e-16
9.963372e-06 5.368200e-16
9.986339e-06 5.332700e-16
1.000936e-05 5.297100e-16
1.003243e-05 5.261400e-16
1.005556e-05 5.225700e-16
1.007875e-05 5.189800e-16
1.010198e-05 5.154800e-16
1.012526e-05 5.121500e-16
1.014860e-05 5.088200e-16
1.017200e-05 5.054800e-16
1.019544e-05 5.021300e-16
1.021896e-05 4.987700e-16
1.024251e-05 4.954100e-16
1.026612e-05 4.920300e-16
1.028978e-05 4.886500e-16
1.031350e-05 4.854500e-16
1.033728e-05 4.823200e-16
1.036111e-05 4.791700e-16
1.038500e-05 4.760200e-16
1.040894e-05 4.728600e-16
1.043293e-05 4.696900e-16
1.045698e-05 4.665200e-16
1.048108e-05 4.633400e-16
1.050524e-05 4.601800e-16
1.052946e-05 4.572300e-16
1.055374e-05 4.542600e-16
1.057807e-05 4.513000e-16
1.060245e-05 4.483200e-16
1.062689e-05 4.453400e-16
1.065139e-05 4.423500e-16
1.067594e-05 4.393600e-16
1.070056e-05 4.363600e-16
1.072523e-05 4.334700e-16
1.074995e-05 4.306800e-16
1.077473e-05 4.278900e-16
1.079956e-05 4.250900e-16
1.082446e-05 4.222900e-16
1.084941e-05 4.194700e-16
1.087443e-05 4.166500e-16
1.089950e-05 4.138300e-16
1.092462e-05 4.109900e-16
1.094980e-05 4.083600e-16
1.097504e-05 4.057300e-16
1.100034e-05 4.030900e-16
1.102571e-05 4.004500e-16
1.105112e-05 3.978000e-16
1.107660e-05 3.951500e-16
1.110213e-05 3.924900e-16
1.112772e-05 3.898200e-16
1.115337e-05 3.872200e-16
1.117908e-05 3.847400e-16
1.120486e-05 3.822600e-16
1.123069e-05 3.797700e-16
1.125658e-05 3.772800e-16
1.128252e-05 3.747800e-16
1.130853e-05 3.722700e-16
1.133460e-05 3.697600e-16
1.136074e-05 3.672400e-16
1.138692e-05 3.648600e-16
1.141317e-05 3.625300e-16
1.143948e-05 3.601800e-16
1.146585e-05 3.578400e-16
1.149228e-05 3.554800e-16
1.151877e-05 3.531200e-16
1.154533e-05 3.507600e-16
1.157195e-05 3.483900e-16
1.159862e-05 3.460400e-16
1.162536e-05 3.438400e-16
1.165215e-05 3.416300e-16
1.167901e-05 3.394200e-16
1.170593e-05 3.372100e-16
1.173293e-05 3.349800e-16
1.175997e-05 3.327600e-16
1.178708e-05 3.305300e-16
1.181425e-05 3.282900e-16
1.184149e-05 3.261400e-16
1.186878e-05 3.240600e-16
1.189615e-05 3.219800e-16
1.192357e-05 3.198900e-16
1.195106e-05 3.178000e-16
1.197861e-05 3.157000e-16
1.200622e-05 3.136000e-16
1.203389e-05 3.114900e-16
1.206163e-05 3.093800e-16
1.208945e-05 3.074100e-16
1.211731e-05 3.054500e-16
1.214525e-05 3.034800e-16
1.217324e-05 3.015100e-16
1.220130e-05 2.995400e-16
1.222943e-05 2.975600e-16
1.225763e-05 2.955700e-16
1.228589e-05 2.935900e-16
1.231421e-05 2.916400e-16
1.234259e-05 2.897900e-16
1.237104e-05 2.879400e-16
1.239956e-05 2.860900e-16
1.242814e-05 2.842300e-16
1.245680e-05 2.823600e-16
1.248551e-05 2.804900e-16
1.251429e-05 2.786200e-16
1.254314e-05 2.767400e-16
1.257205e-05 2.749600e-16
1.260103e-05 2.732200e-16
1.263009e-05 2.714700e-16
1.265921e-05 2.697100e-16
1.268839e-05 2.679600e-16
1.271763e-05 2.661900e-16
1.274695e-05 2.644300e-16
1.277633e-05 2.626600e-16
1.280578e-05 2.609100e-16
1.283531e-05 2.592600e-16
1.286490e-05 2.576100e-16
1.289456e-05 2.559600e-16
1.292428e-05 2.543000e-16
1.295407e-05 2.526500e-16
1.298393e-05 2.509800e-16
1.301386e-05 2.493100e-16
1.304387e-05 2.476400e-16
1.307394e-05 2.460400e-16
1.310407e-05 2.444800e-16
1.313428e-05 2.429300e-16
1.316455e-05 2.413700e-16
1.319490e-05 2.398000e-16
1.322533e-05 2.382300e-16
1.325581e-05 2.366600e-16
1.328637e-05 2.350900e-16
1.331700e-05 2.335100e-16
1.334769e-05 2.320400e-16
1.337846e-05 2.305700e-16
1.340930e-05 2.291000e-16
1.344022e-05 2.276300e-16
1.347120e-05 2.261500e-16
1.350225e-05 2.246700e-16
1.353338e-05 2.231900e-16
1.356458e-05 2.217000e-16
1.359584e-05 2.202500e-16
1.362720e-05 2.188600e-16
1.365861e-05 2.174800e-16
1.369009e-05 2.160900e-16
1.372165e-05 2.147000e-16
1.375328e-05 2.133000e-16
1.378498e-05 2.119000e-16
1.381676e-05 2.105000e-16
1.384862e-05 2.090900e-16
1.388054e-05 2.077600e-16
1.391254e-05 2.064600e-16
1.394461e-05 2.051500e-16
1.397675e-05 2.038300e-16
1.400897e-05 2.025200e-16
1.404126e-05 2.012000e-16
1.407364e-05 1.998800e-16
1.410608e-05 1.985500e-16
1.413860e-05 1.972400e-16
1.417119e-05 1.960100e-16
1.420385e-05 1.947700e-16
1.423660e-05 1.935400e-16
1.426943e-05 1.923000e-16
1.430232e-05 1.910500e-16
1.433529e-05 1.898100e-16
1.436833e-05 1.885600e-16
1.440145e-05 1.873100e-16
1.443465e-05 1.861000e-16
1.446792e-05 1.849400e-16
1.450128e-05 1.837700e-16
1.453471e-05 1.826000e-16
1.456821e-05 1.814300e-16
1.460180e-05 1.802600e-16
1.463545e-05 1.790800e-16
1.466919e-05 1.779000e-16
1.470302e-05 1.767200e-16
1.473691e-05 1.756100e-16
1.477088e-05 1.745100e-16
1.480493e-05 1.734100e-16
1.483905e-05 1.723100e-16
1.487326e-05 1.712000e-16
1.490754e-05 1.700900e-16
1.494192e-05 1.689800e-16
1.497636e-05 1.678600e-16
1.501089e-05 1.667700e-16
1.504549e-05 1.657300e-16
1.508017e-05 1.646900e-16
1.511493e-05 1.636500e-16
1.514979e-05 1.626100e-16
1.518471e-05 1.615600e-16
1.521971e-05 1.605100e-16
1.525479e-05 1.594600e-16
1.528995e-05 1.584100e-16
1.532520e-05 1.574100e-16
1.536053e-05 1.564300e-16
1.539595e-05 1.554400e-16
1.543144e-05 1.544600e-16
1.546701e-05 1.534700e-16
1.550266e-05 1.524800e-16
1.553840e-05 1.514900e-16
1.557421e-05 1.505000e-16
1.561011e-05 1.495100e-16
1.564611e-05 1.485800e-16
1.568218e-05 1.476600e-16
1.571833e-05 1.467300e-16
1.575456e-05 1.458000e-16
1.579087e-05 1.448600e-16
1.582727e-05 1.439300e-16
1.586377e-05 1.429900e-16
1.590034e-05 1.420500e-16
1.593699e-05 1.411500e-16
1.597373e-05 1.402700e-16
1.601055e-05 1.394000e-16
1.604745e-05 1.385200e-16
1.608445e-05 1.376400e-16
1.612154e-05 1.367500e-16
1.615870e-05 1.358700e-16
1.619595e-05 1.349800e-16
1.623328e-05 1.340900e-16
1.627070e-05 1.332600e-16
1.630820e-05 1.324400e-16
1.634581e-05 1.316100e-16
1.638349e-05 1.307800e-16
1.642126e-05 1.299500e-16
1.645911e-05 1.291100e-16
1.649705e-05 1.282800e-16
1.653507e-05 1.274400e-16
1.657319e-05 1.266200e-16
1.661141e-05 1.258400e-16
1.664970e-05 1.250600e-16
1.668808e-05 1.242700e-16
1.672655e-05 1.234900e-16
1.676510e-05 1.227000e-16
1.680375e-05 1.219100e-16
1.684250e-05 1.211200e-16
1.688132e-05 1.203300e-16
1.692023e-05 1.195700e-16
1.695924e-05 1.188400e-16
1.699833e-05 1.181000e-16
1.703751e-05 1.173600e-16
1.707678e-05 1.166100e-16
1.711617e-05 1.158700e-16
1.715562e-05 1.151200e-16
1.719516e-05 1.143700e-16
1.723480e-05 1.136300e-16
1.727453e-05 1.129400e-16
1.731435e-05 1.122400e-16
1.735426e-05 1.115400e-16
1.739428e-05 1.108400e-16
1.743437e-05 1.101300e-16
1.747456e-05 1.094300e-16
1.751484e-05 1.087200e-16
1.755522e-05 1.080200e-16
1.759568e-05 1.073300e-16
1.763626e-05 1.066800e-16
1.767691e-05 1.060200e-16
1.771766e-05 1.053500e-16
1.775850e-05 1.046900e-16
1.779944e-05 1.040300e-16
1.784047e-05 1.033600e-16
1.788159e-05 1.026900e-16
1.792282e-05 1.020200e-16
1.796414e-05 1.014000e-16
1.800555e-05 1.007700e-16
1.804705e-05 1.001500e-16
1.808865e-05 9.952400e-17
1.813035e-05 9.889700e-17
1.817216e-05 9.826800e-17
1.821405e-05 9.763700e-17
1.825603e-05 9.700600e-17
1.829811e-05 9.638800e-17
1.834029e-05 9.580000e-17
1.838257e-05 9.521000e-17
1.842494e-05 9.461900e-17
1.846743e-05 9.402700e-17
1.851000e-05 9.343300e-17
1.855267e-05 9.283800e-17
1.859543e-05 9.224200e-17
1.863830e-05 9.164400e-17
1.868126e-05 9.107700e-17
1.872432e-05 9.052100e-17
1.876750e-05 8.996200e-17
1.881076e-05 8.940300e-17
1.885412e-05 8.884300e-17
1.889758e-05 8.828100e-17
1.894114e-05 8.771800e-17
1.898480e-05 8.715400e-17
1.902859e-05 8.659400e-17
1.907245e-05 8.606800e-17
1.911641e-05 8.554100e-17
1.916048e-05 8.501300e-17
1.920464e-05 8.448400e-17
1.924891e-05 8.395400e-17
1.929328e-05 8.342200e-17
1.933777e-05 8.288900e-17
1.938235e-05 8.235500e-17
1.942703e-05 8.184100e-17
1.947181e-05 8.134300e-17
1.951669e-05 8.084500e-17
1.956168e-05 8.034500e-17
1.960679e-05 7.984400e-17
1.965199e-05 7.934200e-17
1.969729e-05 7.883900e-17
1.974269e-05 7.833500e-17
1.978820e-05 7.782900e-17
1.983381e-05 7.735700e-17
1.987953e-05 7.688600e-17
1.992537e-05 7.641400e-17
1.997130e-05 7.594100e-17
2.001734e-05 7.546700e-17
2.006348e-05 7.499200e-17
2.010973e-05 7.451600e-17
2.015608e-05 7.403900e-17
2.020257e-05 7.357200e-17
2.024913e-05 7.312700e-17
2.029581e-05 7.268100e-17
2.034259e-05 7.223500e-17
2.038948e-05 7.178700e-17
2.043648e-05 7.133800e-17
2.048359e-05 7.088800e-17
2.053083e-05 7.043700e-17
2.057815e-05 6.998500e-17
2.062559e-05 6.955700e-17
2.067313e-05 6.913600e-17
2.072079e-05 6.871400e-17
2.076855e-05 6.829100e-17
2.081642e-05 6.786700e-17
2.086443e-05 6.744200e-17
2.091252e-05 6.701600e-17
2.096073e-05 6.658900e-17
2.100904e-05 6.616600e-17
2.105747e-05 6.576800e-17
2.110601e-05 6.536900e-17
2.115468e-05 6.497000e-17
2.120345e-05 6.456900e-17
2.125232e-05 6.416800e-17
2.130131e-05 6.376600e-17
2.135041e-05 6.336200e-17
2.139962e-05 6.295800e-17
2.144895e-05 6.256900e-17
2.149842e-05 6.219200e-17
2.154797e-05 6.181500e-17
2.159764e-05 6.143600e-17
2.164743e-05 6.105700e-17
2.169732e-05 6.067700e-17
2.174734e-05 6.029600e-17
2.179749e-05 5.991400e-17
2.184774e-05 5.953100e-17
2.189810e-05 5.917400e-17
2.194857e-05 5.881700e-17
2.199917e-05 5.846000e-17
2.204988e-05 5.810100e-17
2.210070e-05 5.774200e-17
2.215167e-05 5.738200e-17
2.220273e-05 5.702200e-17
2.225391e-05 5.666000e-17
2.230521e-05 5.630600e-17
2.235662e-05 5.596900e-17
2.240816e-05 5.563100e-17
2.245983e-05 5.529300e-17
2.251160e-05 5.495300e-17
2.256350e-05 5.461300e-17
2.261551e-05 5.427200e-17
2.266764e-05 5.393100e-17
2.271989e-05 5.358800e-17
2.277226e-05 5.326300e-17
2.282477e-05 5.294400e-17
2.287739e-05 5.262400e-17
2.293012e-05 5.230300e-17
2.298298e-05 5.198200e-17
2.303595e-05 5.166000e-17
2.308905e-05 5.133700e-17
2.314228e-05 5.101300e-17
2.319565e-05 5.069200e-17
2.324911e-05 5.039000e-17
2.330271e-05 5.008700e-17
2.335642e-05 4.978400e-17
2.341026e-05 4.948100e-17
2.346422e-05 4.917600e-17
2.351833e-05 4.887100e-17
2.357254e-05 4.856500e-17
2.362688e-05 4.825800e-17
2.368134e-05 4.796300e-17
2.373593e-05 4.767700e-17
2.379064e-05 4.739000e-17
2.384548e-05 4.710300e-17
2.390047e-05 4.681500e-17
2.395556e-05 4.652700e-17
2.401078e-05 4.623800e-17
2.406613e-05 4.594800e-17
2.412160e-05 4.565700e-17
2.417721e-05 4.538600e-17
2.423296e-05 4.511500e-17
2.428882e-05 4.484300e-17
2.434481e-05 4.457100e-17
2.440093e-05 4.429800e-17
2.445717e-05 4.402500e-17
2.451355e-05 4.375100e-17
2.457005e-05 4.347600e-17
2.462672e-05 4.320800e-17
2.468348e-05 4.295100e-17
2.474038e-05 4.269500e-17
2.479741e-05 4.243800e-17
2.485457e-05 4.218000e-17
2.491186e-05 4.192100e-17
2.496928e-05 4.166200e-17
2.502687e-05 4.140300e-17
2.560980e-05 3.894000e-17
2.620634e-05 3.664700e-17
2.681675e-05 3.449000e-17
2.744141e-05 3.246200e-17
2.808059e-05 3.055400e-17
2.873468e-05 2.875900e-17
2.940398e-05 2.707100e-17
3.008890e-05 2.549800e-17
3.078975e-05 2.401900e-17
3.150695e-05 2.262600e-17
3.224082e-05 2.131500e-17
3.299183e-05 2.008100e-17
3.376028e-05 1.891900e-17
3.454668e-05 3.684100e-17
