           5e-08              0
           6e-08              0
           7e-08              0
           8e-08              0
           9e-08              0
        9.11e-08              0
        9.12e-08      43359.565
        9.22e-08      43130.252
        9.32e-08      42891.383
        9.42e-08      42652.513
        9.52e-08      42423.201
        9.62e-08      42184.331
        9.72e-08      41955.009
        9.82e-08       41716.14
        9.92e-08       41477.27
       1.002e-07      41256.408
       1.012e-07        41059.5
       1.022e-07      40862.113
       1.032e-07      40673.815
       1.042e-07      40960.662
       1.052e-07      41278.247
       1.062e-07      41599.134
       1.072e-07       42517.56
       1.082e-07      43930.934
       1.092e-07       45313.92
       1.102e-07      46722.865
       1.112e-07      48820.015
       1.122e-07      50876.361
       1.132e-07      52903.386
       1.142e-07      54701.707
       1.152e-07      56210.308
       1.162e-07      57695.445
       1.172e-07       59172.29
       1.182e-07      59378.456
       1.192e-07      59157.934
       1.202e-07      58920.162
       1.212e-07      58680.474
       1.222e-07      57330.271
       1.232e-07      51215.815
       1.236e-07      51786.287
        1.24e-07      50978.102
       1.244e-07      53520.389
       1.248e-07      52784.375
       1.252e-07      47962.277
       1.256e-07      49145.482
        1.26e-07      48380.297
       1.264e-07      56468.942
       1.268e-07       56375.78
       1.272e-07      57652.735
       1.276e-07      56083.097
        1.28e-07      53676.512
       1.284e-07      52751.203
       1.288e-07      50692.133
       1.292e-07       43493.48
       1.296e-07      41258.124
         1.3e-07      42269.522
       1.304e-07      40118.089
       1.308e-07      43083.961
       1.312e-07      48458.234
       1.316e-07      46412.463
        1.32e-07      46044.037
       1.324e-07      43719.899
       1.328e-07      42491.062
       1.332e-07      39425.433
       1.336e-07      39118.713
        1.34e-07      43075.331
       1.344e-07      42083.528
       1.348e-07      47577.669
       1.352e-07      44258.526
       1.356e-07      46979.124
        1.36e-07      43838.301
       1.364e-07      42055.773
       1.368e-07      41782.574
       1.372e-07      43926.275
       1.376e-07       42210.36
        1.38e-07      39053.366
       1.384e-07      36556.943
       1.388e-07      31908.687
       1.392e-07      36768.307
       1.396e-07      33616.999
         1.4e-07        34226.1
       1.404e-07      33620.551
       1.408e-07      37974.836
       1.412e-07      37009.311
       1.416e-07      36814.109
        1.42e-07      38536.419
       1.424e-07      42131.366
       1.428e-07      38669.138
       1.432e-07      40189.641
       1.436e-07      36951.637
        1.44e-07      39596.233
       1.444e-07      42157.724
       1.452e-07      41770.472
       1.466e-07      45110.637
       1.484e-07      43202.264
       1.502e-07      40157.576
       1.518e-07      36234.429
       1.536e-07      30893.847
       1.554e-07      31753.391
       1.572e-07      32769.188
        1.59e-07      32696.349
       1.608e-07      26551.624
       1.628e-07      29936.234
       1.646e-07       31221.14
       1.664e-07      30446.188
       1.684e-07      31422.737
       1.704e-07      30174.515
       1.724e-07      28908.804
       1.744e-07      30769.349
       1.764e-07       29038.31
       1.784e-07      29984.062
       1.804e-07      27568.518
       1.826e-07      26053.941
       1.848e-07      24153.419
       1.868e-07      25219.918
        1.89e-07      22826.203
       1.912e-07      21608.579
       1.934e-07      20204.633
       1.956e-07      19956.994
       1.978e-07      19014.924
       2.002e-07      19613.809
       2.026e-07      20764.958
        2.05e-07      17696.846
       2.074e-07      20012.913
       2.098e-07      18279.668
       2.122e-07      17624.096
       2.146e-07       17997.62
        2.17e-07      17326.335
       2.194e-07      16284.449
        2.22e-07      16357.847
       2.246e-07      15933.063
       2.272e-07      15883.579
       2.298e-07      14814.617
       2.324e-07      15113.027
       2.352e-07      13337.582
        2.38e-07      12428.265
       2.408e-07      14409.318
       2.436e-07      15528.492
       2.464e-07      13945.546
       2.492e-07      14172.473
        2.52e-07      12640.578
        2.55e-07      12520.837
        2.58e-07      12472.203
        2.61e-07      11997.824
        2.64e-07       12990.24
        2.67e-07      12871.852
       2.702e-07      11759.789
       2.732e-07      11731.906
       2.762e-07       12323.82
       2.794e-07       9637.345
       2.828e-07      10687.851
       2.862e-07      10684.977
       2.894e-07      10620.279
       2.928e-07      10037.205
       2.962e-07      9744.7087
       2.996e-07       9428.603
        3.03e-07      9096.7798
       3.064e-07      9130.6059
         3.1e-07      8927.1522
       3.136e-07      8495.6456
       3.172e-07      8667.6925
        3.21e-07      8529.5921
       3.248e-07      9724.7423
       3.284e-07      8702.2759
       3.322e-07      9951.2681
       3.362e-07      11943.989
         3.4e-07      9577.0373
       3.438e-07      8457.2477
       3.478e-07      8485.2621
       3.518e-07      8979.1168
        3.56e-07      7543.9897
       3.602e-07      7906.5331
       3.644e-07      7615.1951
       3.686e-07       8247.201
       3.728e-07      19394.171
       3.772e-07       8611.976
       3.816e-07      8583.1371
        3.86e-07      10939.633
       3.904e-07      9480.4921
       3.948e-07      9246.4692
       3.994e-07      9594.6962
       4.042e-07      9036.0721
       4.088e-07      9195.7035
       4.134e-07      8572.4184
       4.182e-07      8361.1791
        4.23e-07      8184.3304
        4.28e-07      8094.9402
        4.33e-07      9597.7908
        4.38e-07      8143.8453
       4.432e-07      7235.5664
       4.482e-07      7360.6335
       4.534e-07      7267.9608
       4.588e-07      6560.7129
        4.64e-07      6743.6263
       4.694e-07      6726.5257
       4.748e-07      6118.7988
       4.802e-07      6042.5367
       4.858e-07      10277.036
       4.914e-07      5866.8238
        4.97e-07      12601.229
       5.028e-07      23895.555
       5.088e-07      5465.5298
       5.146e-07      5430.8486
       5.204e-07      5106.9276
       5.266e-07      5017.1394
       5.328e-07       4749.159
       5.388e-07      5307.1207
        5.45e-07      4841.8261
       5.514e-07      4723.2078
       5.578e-07      5130.6395
       5.642e-07      5192.1122
       5.708e-07      4913.8641
       5.774e-07      4988.7837
        5.84e-07      4979.0847
       5.908e-07      4777.8349
       5.976e-07      4357.7422
       6.046e-07      4512.8224
       6.116e-07      4269.9349
       6.186e-07      4064.7423
       6.258e-07      3752.0534
        6.33e-07      4054.0279
       6.404e-07      3358.3641
       6.478e-07      3610.2049
       6.552e-07      15226.595
       6.628e-07      4219.4215
       6.706e-07      5275.5163
       6.784e-07      3756.9088
       6.862e-07      3446.9394
       6.942e-07      3296.5651
       7.022e-07      3757.3569
       7.104e-07      4086.8158
       7.186e-07      3468.7453
       7.268e-07      3889.6844
       7.352e-07      3509.5995
       7.438e-07      3244.2078
       7.524e-07      3265.4825
        7.61e-07      3210.7096
         7.7e-07      3212.9504
        7.79e-07      3177.3249
        7.88e-07      3080.3805
       7.972e-07      2890.0588
       8.064e-07      2849.0263
       8.156e-07      2890.2549
        8.25e-07      2701.6796
       8.346e-07      2595.6713
       8.442e-07      2615.8282
        8.54e-07      2480.2344
        8.64e-07      2558.2603
        8.74e-07      2609.5463
        8.84e-07      2467.4362
       8.942e-07      2544.9171
       9.046e-07      3068.0889
        9.15e-07        2319.52
       9.256e-07      2761.9214
       9.364e-07      2323.1724
       9.472e-07      2736.9768
       9.582e-07      3142.7221
       9.674e-07      2262.5934
       9.802e-07      2102.8474
       9.922e-07      2070.2501
      1.0032e-06      2040.9856
      1.0142e-06      2012.0888
      1.0262e-06      1980.9301
      1.0382e-06      1950.2079
      1.0502e-06      1920.2852
      1.0622e-06      1891.5075
      1.0752e-06      1862.0253
      1.0882e-06      1834.6706
      1.1002e-06      1811.5655
      1.1132e-06      1789.1669
      1.1262e-06      1769.5542
      1.1392e-06      1751.8837
      1.1522e-06      1735.0843
      1.1652e-06      1718.1667
      1.1792e-06      1698.8564
      1.1932e-06       1677.382
      1.2072e-06      1652.8504
      1.2212e-06      1624.4745
      1.2352e-06      1591.6805
      1.2492e-06      1556.5392
      1.2632e-06      1536.9043
      1.2772e-06      1519.5304
      1.2922e-06       1498.437
      1.3072e-06      1475.2499
      1.3222e-06      1450.5117
      1.3382e-06      1422.9098
      1.3542e-06       1394.607
      1.3692e-06      1367.9086
      1.3842e-06      1341.4452
      1.4002e-06       1313.883
      1.4172e-06      1285.5276
      1.4342e-06      1257.8712
      1.4502e-06      1232.2909
      1.4672e-06      1205.3485
      1.4842e-06      1178.4632
      1.5012e-06      1151.4075
      1.5192e-06      1122.5321
      1.5362e-06      1095.1001
      1.5532e-06      1067.6342
      1.5712e-06       1038.612
      1.5902e-06      1008.1293
      1.6092e-06       977.9135
      1.6272e-06      949.61652
      1.6462e-06       923.7021
      1.6652e-06      902.01559
      1.6842e-06      880.83739
      1.7042e-06      859.18402
      1.7242e-06      838.25688
      1.7442e-06      818.10617
      1.7642e-06      798.76463
      1.7842e-06      780.30704
      1.8052e-06      761.89181
      1.8262e-06      744.48514
      1.8472e-06      728.12477
      1.8682e-06      712.78814
      1.8892e-06        698.504
      1.9112e-06       684.6135
      1.9342e-06      671.14937
      1.9572e-06      658.21753
      1.9792e-06      645.89847
      2.0022e-06      629.25979
      2.0252e-06       606.1879
      2.0482e-06      583.10766
      2.0722e-06      559.03565
      2.0962e-06      534.94823
      2.1202e-06      510.87612
      2.1452e-06      485.78571
      2.1702e-06      460.70952
      2.1952e-06      435.61665
      2.2212e-06      409.54195
      2.2472e-06      383.45324
      2.2732e-06      357.36454
      2.2992e-06      331.27572
      2.3252e-06      305.19397
      2.3522e-06      278.10815
      2.3792e-06       251.0081
      2.4062e-06      223.93115
      2.4342e-06      195.82489
      2.4632e-06      166.73617
      2.4922e-06      137.63557
      2.5202e-06      109.54247
