1.020500e-08 1.839400e-30
1.039500e-08 3.001800e-30
1.058800e-08 4.967000e-30
1.081000e-08 8.351300e-30
1.101100e-08 1.586500e-29
1.139800e-08 3.774600e-29
1.179800e-08 8.189500e-29
1.210100e-08 4.664400e-28
1.249700e-08 8.999100e-28
1.270000e-08 1.199200e-27
1.278800e-08 1.408500e-27
1.308600e-08 2.095600e-27
1.320700e-08 2.742300e-27
1.339100e-08 3.514300e-27
1.370300e-08 5.934300e-27
1.399000e-08 8.451400e-27
1.431600e-08 3.023000e-26
1.471700e-08 9.480300e-26
1.509400e-08 1.410100e-25
1.551700e-08 2.082600e-25
1.591500e-08 3.047800e-25
1.621100e-08 3.976800e-25
1.658900e-08 5.701100e-25
1.701400e-08 7.894200e-25
1.729100e-08 1.009000e-24
1.769300e-08 1.371700e-24
1.798100e-08 1.709300e-24
1.818900e-08 1.974700e-24
1.861300e-08 2.617300e-24
1.909000e-08 3.665400e-24
1.940000e-08 4.494000e-24
1.980700e-08 5.754500e-24
2.022100e-08 7.351400e-24
2.050300e-08 8.788900e-24
2.098000e-08 1.117400e-23
2.161800e-08 1.615100e-23
2.202000e-08 2.002600e-23
2.227500e-08 2.302400e-23
2.268900e-08 2.828400e-23
2.300400e-08 4.426500e-23
2.337800e-08 7.664300e-23
2.397800e-08 1.181800e-22
2.459300e-08 1.375900e-22
2.522400e-08 1.801300e-22
2.569300e-08 1.794200e-22
2.599000e-08 2.277200e-22
2.641300e-08 2.702300e-22
2.690400e-08 3.140200e-22
2.740400e-08 3.615600e-22
2.791300e-08 4.134000e-22
2.843200e-08 4.759500e-22
2.902800e-08 5.316400e-22
2.956700e-08 6.262800e-22
3.011700e-08 6.916700e-22
3.081900e-08 8.256300e-22
3.182800e-08 1.045200e-21
3.279500e-08 1.284200e-21
3.379200e-08 1.541900e-21
3.481900e-08 1.825600e-21
3.571200e-08 2.142800e-21
3.662800e-08 2.544000e-21
3.748100e-08 2.905000e-21
3.853100e-08 3.217000e-21
3.952000e-08 3.871200e-21
4.053300e-08 4.520700e-21
4.138200e-08 5.021400e-21
4.215100e-08 5.427100e-21
4.303400e-08 5.890200e-21
4.413800e-08 6.781500e-21
4.506200e-08 7.495600e-21
4.600600e-08 8.058500e-21
4.696900e-08 8.905700e-21
4.795300e-08 1.000100e-20
4.895700e-08 1.072500e-20
4.998200e-08 1.220900e-20
5.056100e-08 1.598500e-20
5.114600e-08 5.125500e-20
5.197700e-08 5.825700e-20
5.294300e-08 6.756700e-20
5.405200e-08 7.012500e-20
5.505700e-08 1.167300e-19
5.595200e-08 1.529900e-19
5.699200e-08 1.905100e-19
5.805100e-08 1.932500e-19
5.899500e-08 2.694700e-19
5.995300e-08 3.068100e-19
6.106800e-08 3.999200e-19
6.206000e-08 4.855900e-19
6.306800e-08 5.708600e-19
6.394600e-08 6.053700e-19
6.498500e-08 7.502800e-19
6.573700e-08 8.588600e-19
6.649900e-08 9.410200e-19
6.742400e-08 9.930900e-19
6.851900e-08 1.040100e-18
6.947200e-08 1.463600e-18
7.043900e-08 1.471300e-18
7.158300e-08 1.869400e-18
7.257900e-08 2.046200e-18
7.342000e-08 2.220500e-18
7.444100e-08 2.670800e-18
7.547700e-08 2.997800e-18
7.652700e-08 3.341400e-18
7.741300e-08 3.813600e-18
7.849000e-08 4.299400e-18
7.958200e-08 4.660600e-18
8.050300e-08 5.055700e-18
8.143500e-08 5.433700e-18
8.256800e-08 6.237900e-18
8.352400e-08 5.203500e-18
8.449100e-08 7.023100e-18
8.547000e-08 7.477200e-18
8.645900e-08 8.354500e-18
8.746100e-08 9.291300e-18
8.847300e-08 1.052500e-17
8.949800e-08 1.146300e-17
9.053400e-08 1.170500e-17
9.158200e-08 1.965300e-17
9.243000e-08 1.555400e-16
9.350000e-08 3.587800e-16
9.458300e-08 7.191100e-16
9.545800e-08 1.069400e-15
9.656300e-08 1.208000e-15
9.745700e-08 1.775700e-16
9.858500e-08 1.012100e-15
9.949800e-08 1.138900e-15
1.004180e-07 1.785300e-15
1.015810e-07 1.772000e-15
1.025210e-07 7.649900e-16
1.034700e-07 1.232600e-15
1.044270e-07 2.558400e-15
1.053930e-07 2.559100e-15
1.066140e-07 1.989300e-15
1.076000e-07 2.470400e-15
1.085960e-07 1.922300e-15
1.096000e-07 2.702900e-15
1.106150e-07 2.641400e-15
1.113810e-07 2.548600e-15
1.124120e-07 2.308100e-15
1.134520e-07 3.091600e-15
1.145020e-07 2.818900e-15
1.155610e-07 3.082800e-15
1.166310e-07 3.234400e-15
1.174390e-07 2.198700e-15
1.185260e-07 3.228100e-15
1.196220e-07 2.131700e-15
1.204520e-07 1.486000e-15
1.215660e-07 1.053800e-15
1.224090e-07 2.269900e-15
1.235410e-07 3.628000e-15
1.243980e-07 4.063500e-15
1.255490e-07 3.886000e-15
1.264190e-07 3.308900e-15
1.275890e-07 4.459100e-15
1.284730e-07 4.746600e-15
1.293640e-07 3.643400e-15
1.305610e-07 3.647400e-15
1.314660e-07 4.743100e-15
1.323770e-07 4.561600e-15
1.336020e-07 3.985700e-15
1.345280e-07 4.937600e-15
1.354600e-07 4.814100e-15
1.363990e-07 4.270600e-15
1.373450e-07 4.564900e-15
1.386160e-07 4.663100e-15
1.395770e-07 4.060400e-15
1.405440e-07 4.270300e-15
1.415180e-07 4.378400e-15
1.424990e-07 4.561900e-15
1.434870e-07 4.559900e-15
1.441490e-07 4.869500e-15
1.448150e-07 4.966000e-15
1.454830e-07 4.836300e-15
1.464920e-07 4.448900e-15
1.475070e-07 4.476800e-15
1.485290e-07 4.599000e-15
1.495590e-07 4.724200e-15
1.505960e-07 4.446000e-15
1.512910e-07 3.929900e-15
1.516400e-07 4.261700e-15
1.523400e-07 4.139800e-15
1.533950e-07 3.569100e-15
1.544590e-07 3.982000e-15
1.555290e-07 3.781100e-15
1.566070e-07 3.873500e-15
1.573300e-07 4.153500e-15
1.584210e-07 4.404100e-15
1.595190e-07 4.490300e-15
1.606250e-07 4.442800e-15
1.613660e-07 4.517500e-15
1.624850e-07 4.277900e-15
1.636110e-07 4.587000e-15
1.643660e-07 4.674300e-15
1.655060e-07 4.334800e-15
1.666530e-07 4.755400e-15
1.670370e-07 4.268300e-15
1.678080e-07 4.746500e-15
1.685830e-07 4.994300e-15
1.693610e-07 4.716000e-15
1.705350e-07 4.515200e-15
1.713220e-07 4.233800e-15
1.725090e-07 4.224500e-15
1.733060e-07 4.537200e-15
1.745070e-07 4.433900e-15
1.753120e-07 4.750700e-15
1.765280e-07 4.362000e-15
1.773420e-07 4.452600e-15
1.785720e-07 4.565400e-15
1.793960e-07 4.879400e-15
1.806390e-07 4.865900e-15
1.814730e-07 4.436200e-15
1.823110e-07 4.590300e-15
1.835750e-07 4.400900e-15
1.844220e-07 4.039400e-15
1.857000e-07 3.999000e-15
1.865570e-07 4.127500e-15
1.874190e-07 4.564600e-15
1.882840e-07 4.150400e-15
1.895890e-07 3.931800e-15
1.904640e-07 4.248500e-15
1.913430e-07 4.044400e-15
1.926690e-07 3.965100e-15
1.935590e-07 4.176600e-15
1.944520e-07 4.289100e-15
1.953500e-07 3.980100e-15
1.967040e-07 4.396800e-15
1.976120e-07 4.545700e-15
1.985240e-07 4.256500e-15
1.994400e-07 4.135000e-15
2.003610e-07 4.304000e-15
2.012850e-07 4.132800e-15
2.026810e-07 4.377800e-15
2.036160e-07 4.069800e-15
2.045560e-07 4.225300e-15
2.055000e-07 4.046900e-15
2.064490e-07 4.077100e-15
2.074020e-07 4.340700e-15
2.078800e-07 4.037900e-15
2.083590e-07 4.224200e-15
2.093210e-07 3.980100e-15
2.102870e-07 4.046000e-15
2.112580e-07 4.075000e-15
2.127220e-07 4.127800e-15
2.137040e-07 3.861400e-15
2.146900e-07 3.897100e-15
2.156810e-07 4.061700e-15
2.166770e-07 3.950400e-15
2.176770e-07 3.904300e-15
2.186820e-07 3.788100e-15
2.196910e-07 3.956000e-15
2.207050e-07 3.846500e-15
2.217240e-07 3.688400e-15
2.227470e-07 3.536500e-15
2.232610e-07 3.748800e-15
2.242910e-07 3.583000e-15
2.253270e-07 3.468900e-15
2.263670e-07 3.582100e-15
2.274120e-07 3.673500e-15
2.284610e-07 3.758500e-15
2.295160e-07 3.580600e-15
2.305750e-07 3.571900e-15
2.316390e-07 3.426400e-15
2.327090e-07 2.721300e-15
2.332450e-07 3.263900e-15
2.343220e-07 3.233600e-15
2.354030e-07 3.408900e-15
2.364900e-07 3.225200e-15
2.375810e-07 3.292200e-15
2.386780e-07 3.143600e-15
2.392280e-07 3.344900e-15
2.403330e-07 3.208600e-15
2.414420e-07 3.290400e-15
2.425560e-07 3.413400e-15
2.436760e-07 3.281800e-15
2.442380e-07 3.468000e-15
2.453650e-07 3.412000e-15
2.464980e-07 3.419300e-15
2.476350e-07 3.317900e-15
2.487780e-07 3.465700e-15
2.493520e-07 3.256600e-15
2.505030e-07 3.553700e-15
2.510800e-07 3.293400e-15
2.516590e-07 3.440400e-15
2.522390e-07 3.285300e-15
2.534030e-07 3.315100e-15
2.545730e-07 3.246500e-15
2.557480e-07 3.414600e-15
2.563380e-07 3.383000e-15
2.575210e-07 3.550000e-15
2.587100e-07 3.533000e-15
2.593060e-07 3.524500e-15
2.605030e-07 3.427800e-15
2.617050e-07 3.419300e-15
2.623090e-07 3.498600e-15
2.635190e-07 3.530300e-15
2.647360e-07 3.713000e-15
2.653460e-07 3.704100e-15
2.665710e-07 3.512400e-15
2.678010e-07 3.635100e-15
2.684190e-07 3.609700e-15
2.696580e-07 3.518700e-15
2.702790e-07 3.567300e-15
2.715270e-07 3.485400e-15
2.727800e-07 3.500700e-15
2.734090e-07 3.640100e-15
2.746710e-07 3.334400e-15
2.753040e-07 3.357200e-15
2.765750e-07 3.434600e-15
2.772120e-07 3.554900e-15
2.784920e-07 3.521600e-15
2.797770e-07 3.059400e-15
2.804220e-07 3.247800e-15
2.817170e-07 3.585000e-15
2.823660e-07 3.609500e-15
2.836690e-07 3.462100e-15
2.843230e-07 3.430000e-15
2.856360e-07 3.437100e-15
2.862940e-07 3.565700e-15
2.876160e-07 3.515900e-15
2.882790e-07 3.539900e-15
2.896090e-07 3.498500e-15
2.909460e-07 3.637300e-15
2.929630e-07 3.577800e-15
2.949940e-07 3.543600e-15
2.970380e-07 3.566800e-15
2.990970e-07 3.565400e-15
3.011710e-07 3.588700e-15
3.032580e-07 3.595600e-15
3.046580e-07 3.569800e-15
3.067700e-07 3.552000e-15
3.088960e-07 3.558700e-15
3.110370e-07 3.524500e-15
3.131930e-07 3.506800e-15
3.146390e-07 3.513900e-15
3.168200e-07 3.488100e-15
3.190160e-07 3.399300e-15
3.212270e-07 3.453000e-15
3.227100e-07 3.412400e-15
3.249470e-07 3.434400e-15
3.272000e-07 3.440700e-15
3.287100e-07 3.431600e-15
3.309880e-07 3.429900e-15
3.325160e-07 3.484500e-15
3.332830e-07 3.459900e-15
3.340510e-07 3.334200e-15
3.348210e-07 3.458700e-15
3.355930e-07 3.348400e-15
3.363660e-07 3.340200e-15
3.371420e-07 3.248600e-15
3.379190e-07 3.377700e-15
3.386980e-07 3.487700e-15
3.394790e-07 3.455100e-15
3.402610e-07 3.407100e-15
3.410460e-07 3.298500e-15
3.418320e-07 3.390300e-15
3.426200e-07 3.436800e-15
3.434100e-07 3.428300e-15
3.442010e-07 3.380600e-15
3.449950e-07 3.372200e-15
3.457900e-07 3.271500e-15
3.465870e-07 3.276900e-15
3.473860e-07 3.335700e-15
3.481870e-07 3.302900e-15
3.489900e-07 3.369900e-15
3.497940e-07 3.352200e-15
3.506010e-07 3.288800e-15
3.514090e-07 3.264000e-15
3.522190e-07 3.330100e-15
3.530310e-07 3.305000e-15
3.538450e-07 3.341000e-15
3.546600e-07 3.361900e-15
3.554780e-07 3.382900e-15
3.562970e-07 3.380700e-15
3.568730e-07 2.391700e-15
3.571400e-07 1.971600e-15
3.574070e-07 3.202200e-15
3.576740e-07 4.755000e-15
3.579400e-07 3.257800e-15
3.582070e-07 8.229500e-16
3.584740e-07 -3.678100e-17
3.587410e-07 2.067700e-15
3.590070e-07 1.860400e-15
3.592740e-07 5.926400e-15
3.595410e-07 5.917600e-15
3.598080e-07 3.987600e-15
3.600750e-07 1.176700e-15
3.603410e-07 7.091500e-16
3.606080e-07 1.925900e-15
3.608750e-07 2.754700e-15
3.611420e-07 4.834600e-15
3.614080e-07 9.135600e-16
3.616750e-07 1.586100e-15
3.619420e-07 9.310200e-16
3.622090e-07 1.611500e-15
3.624760e-07 2.342600e-15
3.627420e-07 -4.769800e-16
3.630090e-07 2.847000e-15
3.632760e-07 1.211800e-15
3.635430e-07 -1.869100e-16
3.638090e-07 -9.822200e-16
3.640760e-07 3.863200e-15
3.643430e-07 5.886200e-15
3.646100e-07 2.752900e-15
3.648760e-07 1.711400e-15
3.651430e-07 1.226900e-15
3.654100e-07 2.942700e-15
3.656770e-07 4.821900e-15
3.659440e-07 4.111200e-15
3.662100e-07 3.402500e-15
3.664770e-07 1.414900e-15
3.667440e-07 5.291900e-15
3.670110e-07 4.756600e-15
3.672770e-07 2.510500e-15
3.675440e-07 3.543100e-15
3.678110e-07 4.707700e-15
3.680780e-07 5.199900e-15
3.683450e-07 1.264500e-15
3.686110e-07 3.412000e-15
3.688780e-07 2.801800e-15
3.691450e-07 2.115800e-15
3.694120e-07 3.744300e-15
3.696780e-07 4.661900e-15
3.699450e-07 1.958400e-15
3.702120e-07 2.762400e-15
3.704790e-07 2.457900e-15
3.707460e-07 2.266300e-15
3.710120e-07 2.872400e-15
3.712790e-07 3.772500e-15
3.715460e-07 4.460900e-15
3.718130e-07 2.070100e-15
3.720790e-07 3.635800e-15
3.723460e-07 5.864000e-15
3.726130e-07 6.616700e-15
3.728800e-07 9.682500e-15
3.731470e-07 8.444800e-15
3.734130e-07 7.256400e-15
3.736800e-07 4.166000e-15
3.739470e-07 3.014800e-15
3.742140e-07 3.296400e-15
3.744800e-07 3.507700e-15
3.747470e-07 4.602800e-15
3.750140e-07 4.570700e-15
3.752810e-07 3.395300e-15
3.755470e-07 2.576400e-15
3.758140e-07 4.405900e-15
3.760810e-07 4.867000e-15
3.763480e-07 4.272800e-15
3.766150e-07 4.519600e-15
3.768810e-07 3.108200e-15
3.771480e-07 2.130300e-15
3.774150e-07 3.611000e-15
3.776820e-07 4.405200e-15
3.779480e-07 3.015000e-15
3.782150e-07 4.198600e-15
3.784820e-07 4.877700e-15
3.787490e-07 4.125200e-15
3.790160e-07 3.358200e-15
3.792820e-07 9.845400e-16
3.795490e-07 3.382800e-15
3.798160e-07 5.023300e-15
3.800830e-07 2.471300e-15
3.803490e-07 1.894600e-15
3.806160e-07 4.346400e-15
3.808830e-07 4.846800e-15
3.811500e-07 5.130300e-15
3.814170e-07 5.368400e-15
3.816830e-07 4.533000e-15
3.819500e-07 5.216800e-15
3.822170e-07 5.872000e-15
3.824840e-07 2.575100e-15
3.827500e-07 3.581000e-15
3.830170e-07 3.404200e-15
3.832840e-07 3.980500e-15
3.835510e-07 3.175000e-15
3.838180e-07 2.813000e-15
3.840840e-07 4.057600e-15
3.843510e-07 4.914800e-15
3.846180e-07 1.849700e-15
3.848850e-07 3.558800e-15
3.851510e-07 5.537500e-15
3.854180e-07 6.313300e-15
3.856850e-07 5.246200e-15
3.859520e-07 3.786700e-15
3.862180e-07 5.076800e-15
3.864850e-07 4.181200e-15
3.867520e-07 6.314400e-15
3.870190e-07 6.042000e-15
3.872860e-07 5.669500e-15
3.875520e-07 5.833700e-15
3.878190e-07 3.961300e-15
3.880860e-07 5.878500e-15
3.883530e-07 5.380900e-15
3.886190e-07 5.410000e-15
3.888860e-07 3.649600e-15
3.891530e-07 1.564600e-15
3.894200e-07 1.364100e-15
3.896870e-07 5.392400e-15
3.899530e-07 4.673600e-15
3.902200e-07 5.058000e-15
3.904870e-07 2.379500e-15
3.907540e-07 4.170400e-15
3.910200e-07 4.481300e-15
3.912870e-07 6.594900e-15
3.915540e-07 5.872700e-15
3.918210e-07 5.659700e-15
3.920880e-07 5.321000e-15
3.923540e-07 4.852900e-15
3.926210e-07 6.079600e-15
3.928880e-07 6.724000e-15
3.931550e-07 3.464200e-15
3.934210e-07 2.340400e-15
3.936880e-07 5.377100e-15
3.939550e-07 2.615900e-15
3.942220e-07 3.501100e-15
3.944890e-07 4.001100e-15
3.947550e-07 3.864400e-15
3.950220e-07 6.008600e-15
3.952890e-07 5.485800e-15
3.955560e-07 5.851900e-15
3.958220e-07 4.083100e-15
3.960890e-07 5.816200e-15
3.963560e-07 5.672800e-15
3.966230e-07 3.896800e-15
3.968900e-07 4.355600e-15
3.971560e-07 2.144400e-15
3.974230e-07 3.218800e-15
3.976900e-07 3.308900e-15
3.979570e-07 2.801900e-15
3.982230e-07 5.455500e-15
3.984900e-07 5.179600e-15
3.987570e-07 4.027200e-15
3.990240e-07 4.481800e-15
3.992900e-07 5.830000e-15
3.995570e-07 5.445900e-15
3.998240e-07 8.561500e-15
4.000910e-07 5.140800e-15
4.003580e-07 4.932900e-15
4.006240e-07 4.948000e-15
4.008910e-07 5.536200e-15
4.011580e-07 4.950200e-15
4.014250e-07 6.946400e-15
4.016910e-07 6.430700e-15
4.019580e-07 5.382000e-15
4.022250e-07 6.536100e-15
4.024920e-07 6.859400e-15
4.027590e-07 5.442800e-15
4.030250e-07 4.706500e-15
4.032920e-07 5.177200e-15
4.035590e-07 6.532500e-15
4.038260e-07 5.593800e-15
4.040920e-07 5.417300e-15
4.043590e-07 6.246000e-15
4.046260e-07 5.819800e-15
4.048930e-07 5.525400e-15
4.051600e-07 5.220600e-15
4.054260e-07 3.481700e-15
4.056930e-07 3.920100e-15
4.059600e-07 5.837900e-15
4.062270e-07 6.096900e-15
4.064930e-07 6.227900e-15
4.067600e-07 7.654600e-15
4.070270e-07 5.106800e-15
4.072940e-07 4.561500e-15
4.075600e-07 4.056800e-15
4.078270e-07 5.629500e-15
4.080940e-07 6.393000e-15
4.083610e-07 5.217300e-15
4.086280e-07 5.108500e-15
4.088940e-07 6.216700e-15
4.091610e-07 5.177400e-15
4.094280e-07 5.147000e-15
4.096950e-07 5.573000e-15
4.099610e-07 5.462000e-15
4.102280e-07 4.800500e-15
4.104950e-07 4.375000e-15
4.107620e-07 3.696900e-15
4.110290e-07 3.405500e-15
4.112950e-07 4.413800e-15
4.115620e-07 4.603600e-15
4.118290e-07 5.472400e-15
4.120960e-07 6.437900e-15
4.123620e-07 6.178300e-15
4.126290e-07 4.826300e-15
4.128960e-07 4.914800e-15
4.131630e-07 5.052100e-15
4.134300e-07 6.301700e-15
4.136960e-07 6.172500e-15
4.139630e-07 5.596000e-15
4.142300e-07 4.117000e-15
4.144970e-07 5.496800e-15
4.147630e-07 5.112400e-15
4.150300e-07 5.833200e-15
4.152970e-07 6.482100e-15
4.155640e-07 5.889600e-15
4.158310e-07 5.169000e-15
4.160970e-07 4.707900e-15
4.163640e-07 5.236300e-15
4.166310e-07 5.892000e-15
4.168980e-07 5.728000e-15
4.171640e-07 4.446700e-15
4.174310e-07 4.413900e-15
4.176980e-07 4.567400e-15
4.179650e-07 5.053900e-15
4.182310e-07 5.286600e-15
4.184980e-07 6.433000e-15
4.187650e-07 5.874700e-15
4.190320e-07 4.495600e-15
4.192990e-07 4.230700e-15
4.195650e-07 4.579200e-15
4.198320e-07 4.957300e-15
4.200990e-07 5.679800e-15
4.203660e-07 5.697700e-15
4.206320e-07 5.278200e-15
4.208990e-07 5.568500e-15
4.211660e-07 5.583100e-15
4.214330e-07 5.692900e-15
4.217000e-07 6.041200e-15
4.219660e-07 5.454900e-15
4.222330e-07 5.059100e-15
4.225000e-07 5.290100e-15
4.227670e-07 5.986100e-15
4.230330e-07 5.357400e-15
4.233000e-07 4.618900e-15
4.235670e-07 4.976400e-15
4.238340e-07 5.281300e-15
4.241010e-07 5.332700e-15
4.243670e-07 5.100000e-15
4.246340e-07 5.233400e-15
4.249010e-07 3.570000e-15
4.251680e-07 4.341700e-15
4.254340e-07 4.421900e-15
4.257010e-07 5.804100e-15
4.259680e-07 4.678700e-15
4.262350e-07 5.660900e-15
4.265020e-07 5.867900e-15
4.267680e-07 7.083500e-15
4.270350e-07 5.467600e-15
4.273020e-07 5.645500e-15
4.275690e-07 5.368900e-15
4.278350e-07 4.698600e-15
4.281020e-07 4.855600e-15
4.283690e-07 4.007400e-15
4.286360e-07 4.998400e-15
4.289020e-07 6.088700e-15
4.291690e-07 4.133600e-15
4.294360e-07 4.771800e-15
4.297030e-07 4.692300e-15
4.299700e-07 5.160800e-15
4.302360e-07 4.866100e-15
4.305030e-07 5.365900e-15
4.307700e-07 4.101000e-15
4.310370e-07 3.909600e-15
4.313030e-07 4.268500e-15
4.315700e-07 4.947200e-15
4.318370e-07 5.507900e-15
4.321040e-07 5.408600e-15
4.323710e-07 4.972400e-15
4.326370e-07 4.786600e-15
4.329040e-07 4.989400e-15
4.331710e-07 4.518200e-15
4.334380e-07 4.576700e-15
4.337040e-07 4.026400e-15
4.339710e-07 4.500600e-15
4.342380e-07 5.103500e-15
4.345050e-07 4.361300e-15
4.347720e-07 3.922900e-15
4.350380e-07 3.520300e-15
4.353050e-07 6.138400e-15
4.355720e-07 4.856500e-15
4.358390e-07 5.714500e-15
4.361050e-07 6.812100e-15
4.363720e-07 5.625200e-15
4.366390e-07 4.442500e-15
4.369060e-07 3.761800e-15
4.371730e-07 4.693000e-15
4.374390e-07 5.440200e-15
4.377060e-07 5.512500e-15
4.379730e-07 5.656600e-15
4.382400e-07 4.000600e-15
4.385060e-07 5.443600e-15
4.387730e-07 4.618800e-15
4.390400e-07 4.589000e-15
4.393070e-07 4.491800e-15
4.395730e-07 4.760200e-15
4.398400e-07 5.996900e-15
4.401070e-07 5.839400e-15
4.403740e-07 5.043600e-15
4.406410e-07 4.185300e-15
4.409070e-07 6.933000e-15
4.411740e-07 5.755600e-15
4.414410e-07 4.945000e-15
4.417080e-07 4.759000e-15
4.419740e-07 5.832200e-15
4.422410e-07 6.802300e-15
4.425080e-07 5.520900e-15
4.427750e-07 5.016900e-15
4.430420e-07 6.424000e-15
4.433080e-07 4.060000e-15
4.435750e-07 5.087000e-15
4.438420e-07 5.038700e-15
4.441090e-07 5.207100e-15
4.443750e-07 6.336200e-15
4.446420e-07 4.101200e-15
4.449090e-07 6.244400e-15
4.451760e-07 4.373900e-15
4.454430e-07 4.595000e-15
4.457090e-07 5.486100e-15
4.459760e-07 5.576000e-15
4.462430e-07 5.023300e-15
4.465100e-07 5.757000e-15
4.467760e-07 5.418000e-15
4.470430e-07 5.062300e-15
4.473100e-07 4.355600e-15
4.475770e-07 4.921000e-15
4.478440e-07 2.770000e-15
4.481100e-07 6.389900e-15
4.483770e-07 3.996200e-15
4.486440e-07 5.749800e-15
4.489110e-07 5.510500e-15
4.491770e-07 6.318900e-15
4.494440e-07 5.424900e-15
4.497110e-07 4.668900e-15
4.499780e-07 6.486100e-15
4.502440e-07 5.024400e-15
4.505110e-07 5.123900e-15
4.507780e-07 5.670400e-15
4.510450e-07 5.373900e-15
4.513120e-07 5.530500e-15
4.515780e-07 5.303900e-15
4.518450e-07 5.984400e-15
4.521120e-07 5.978100e-15
4.523790e-07 5.536000e-15
4.526450e-07 4.625600e-15
4.529120e-07 4.575500e-15
4.531790e-07 5.127800e-15
4.534460e-07 5.572000e-15
4.537130e-07 3.442100e-15
4.539790e-07 5.329200e-15
4.542460e-07 5.838700e-15
4.545130e-07 5.496400e-15
4.547800e-07 4.821000e-15
4.550460e-07 6.381000e-15
4.553130e-07 5.226600e-15
4.555800e-07 3.929700e-15
4.558470e-07 5.347100e-15
4.561140e-07 5.564900e-15
4.563800e-07 6.152000e-15
4.566470e-07 5.446900e-15
4.569140e-07 6.264300e-15
4.571810e-07 6.334300e-15
4.574470e-07 5.147400e-15
4.577140e-07 4.672900e-15
4.579810e-07 5.748900e-15
4.582480e-07 5.807900e-15
4.585150e-07 5.175700e-15
4.587810e-07 5.311800e-15
4.590480e-07 4.994800e-15
4.593150e-07 4.903600e-15
4.595820e-07 4.809700e-15
4.598480e-07 5.955700e-15
4.601150e-07 5.561100e-15
4.603820e-07 6.410700e-15
4.606490e-07 6.066100e-15
4.609150e-07 5.699600e-15
4.611820e-07 4.717300e-15
4.614490e-07 5.728200e-15
4.617160e-07 6.069900e-15
4.619830e-07 6.095500e-15
4.622490e-07 5.832400e-15
4.625160e-07 5.916100e-15
4.627830e-07 5.631200e-15
4.630500e-07 6.065600e-15
4.633160e-07 5.752300e-15
4.635830e-07 5.808800e-15
4.638500e-07 4.858700e-15
4.641170e-07 5.962500e-15
4.643840e-07 5.360400e-15
4.646500e-07 5.789100e-15
4.649170e-07 5.536900e-15
4.651840e-07 4.899900e-15
4.654510e-07 6.238300e-15
4.657170e-07 6.301200e-15
4.659840e-07 5.921300e-15
4.662510e-07 4.808900e-15
4.665180e-07 4.687100e-15
4.667850e-07 5.422400e-15
4.670510e-07 5.542300e-15
4.673180e-07 5.614300e-15
4.675850e-07 5.551600e-15
4.678520e-07 4.555200e-15
4.681180e-07 4.366200e-15
4.683850e-07 5.099200e-15
4.686520e-07 5.717300e-15
4.689190e-07 4.141600e-15
4.691860e-07 5.326900e-15
4.694520e-07 6.228800e-15
4.697190e-07 6.761800e-15
4.699860e-07 4.588200e-15
4.702530e-07 5.001800e-15
4.705190e-07 5.265200e-15
4.707860e-07 4.559600e-15
4.710530e-07 5.106700e-15
4.713200e-07 5.452100e-15
4.715860e-07 5.006500e-15
4.718530e-07 6.154200e-15
4.721200e-07 5.165200e-15
4.723870e-07 6.070400e-15
4.726540e-07 6.392700e-15
4.729200e-07 5.875900e-15
4.731870e-07 5.660700e-15
4.734540e-07 5.456900e-15
4.737210e-07 5.784400e-15
4.739870e-07 6.646400e-15
4.742540e-07 4.851900e-15
4.745210e-07 5.550200e-15
4.747880e-07 5.488300e-15
4.750550e-07 5.520000e-15
4.753210e-07 5.444300e-15
4.755880e-07 5.325900e-15
4.758550e-07 5.418600e-15
4.761220e-07 5.307600e-15
4.763880e-07 6.315600e-15
4.766550e-07 4.775700e-15
4.769220e-07 4.845800e-15
4.771890e-07 5.124000e-15
4.774560e-07 5.629600e-15
4.777220e-07 5.238500e-15
4.779890e-07 4.357400e-15
4.782560e-07 5.543800e-15
4.785230e-07 6.400100e-15
4.787890e-07 5.313800e-15
4.790560e-07 4.829400e-15
4.793230e-07 4.876200e-15
4.795900e-07 5.447000e-15
4.798570e-07 4.793600e-15
4.801230e-07 4.927100e-15
4.803900e-07 5.513800e-15
4.806570e-07 4.979000e-15
4.809240e-07 4.824800e-15
4.811900e-07 5.124500e-15
4.814570e-07 4.811400e-15
4.817240e-07 4.383500e-15
4.819910e-07 4.553400e-15
4.822570e-07 5.337100e-15
4.825240e-07 5.650000e-15
4.827910e-07 5.540000e-15
4.830580e-07 5.569300e-15
4.833250e-07 5.211800e-15
4.835910e-07 4.537700e-15
4.838580e-07 4.957300e-15
4.841250e-07 5.503700e-15
4.843920e-07 4.612100e-15
4.846580e-07 4.532200e-15
4.849250e-07 4.614800e-15
4.851920e-07 3.864600e-15
4.854590e-07 4.311100e-15
4.857260e-07 4.779800e-15
4.859920e-07 4.599600e-15
4.862590e-07 5.541700e-15
4.865260e-07 6.196800e-15
4.867930e-07 5.986100e-15
4.870590e-07 5.105100e-15
4.873260e-07 4.871000e-15
4.875930e-07 3.365500e-15
4.878600e-07 3.720100e-15
4.881270e-07 4.561200e-15
4.883930e-07 4.345200e-15
4.886600e-07 4.731900e-15
4.889270e-07 4.851700e-15
4.891940e-07 5.219500e-15
4.894600e-07 4.360800e-15
4.897270e-07 4.585700e-15
4.899940e-07 4.180900e-15
4.902610e-07 4.750200e-15
4.905280e-07 5.208400e-15
4.907940e-07 4.846600e-15
4.910610e-07 5.326900e-15
4.913280e-07 4.253800e-15
4.915950e-07 4.286800e-15
4.918610e-07 4.633200e-15
4.921280e-07 5.134700e-15
4.923950e-07 4.896500e-15
4.926620e-07 4.573900e-15
4.929280e-07 4.828300e-15
4.931950e-07 5.306300e-15
4.934620e-07 5.359100e-15
4.937290e-07 4.736200e-15
4.939960e-07 4.608600e-15
4.942620e-07 5.374000e-15
4.945290e-07 4.911900e-15
4.947960e-07 4.907100e-15
4.950630e-07 4.970100e-15
4.953290e-07 5.302600e-15
4.955960e-07 5.661800e-15
4.958630e-07 6.007600e-15
4.961300e-07 6.316600e-15
4.963970e-07 5.962800e-15
4.966630e-07 6.218700e-15
4.969300e-07 5.250500e-15
4.971970e-07 4.976100e-15
4.974640e-07 4.854900e-15
4.977300e-07 4.765500e-15
4.979970e-07 5.828300e-15
4.982640e-07 5.909600e-15
4.985310e-07 5.807600e-15
4.987980e-07 5.301600e-15
4.990640e-07 4.937100e-15
4.993310e-07 4.828600e-15
4.995980e-07 4.880700e-15
4.998650e-07 4.876800e-15
5.001310e-07 5.682000e-15
5.003980e-07 5.867100e-15
5.006650e-07 6.590600e-15
5.009320e-07 6.809400e-15
5.011990e-07 6.960600e-15
5.014650e-07 6.504600e-15
5.017320e-07 6.276000e-15
5.019990e-07 5.762100e-15
5.022660e-07 4.890500e-15
5.025320e-07 4.399400e-15
5.027990e-07 4.479600e-15
5.030660e-07 5.379500e-15
5.033330e-07 5.258300e-15
5.036000e-07 5.204700e-15
5.038660e-07 4.058900e-15
5.041330e-07 3.986800e-15
5.044000e-07 4.231800e-15
5.046670e-07 4.243400e-15
5.049330e-07 3.890500e-15
5.052000e-07 4.291900e-15
5.054670e-07 4.826300e-15
5.057340e-07 4.573300e-15
5.060000e-07 4.806700e-15
5.062670e-07 5.339300e-15
5.065340e-07 4.949100e-15
5.068010e-07 4.673300e-15
5.070680e-07 4.362600e-15
5.073340e-07 4.870500e-15
5.076010e-07 5.517700e-15
5.078680e-07 5.905000e-15
5.081350e-07 5.256000e-15
5.084010e-07 4.740500e-15
5.086680e-07 5.065000e-15
5.089350e-07 4.733100e-15
5.092020e-07 4.564500e-15
5.094690e-07 4.709400e-15
5.097350e-07 5.259300e-15
5.100020e-07 4.883700e-15
5.102690e-07 3.950200e-15
5.105360e-07 4.556400e-15
5.108020e-07 4.969000e-15
5.110690e-07 4.754100e-15
5.113360e-07 4.979400e-15
5.116030e-07 4.807600e-15
5.118700e-07 4.797500e-15
5.121360e-07 4.963900e-15
5.124030e-07 4.238900e-15
5.126700e-07 4.512900e-15
5.129370e-07 5.219200e-15
5.132030e-07 5.698500e-15
5.134700e-07 4.790400e-15
5.137370e-07 4.252800e-15
5.140040e-07 4.784500e-15
5.142710e-07 4.776400e-15
5.145370e-07 4.684600e-15
5.148040e-07 5.083200e-15
5.150710e-07 4.795200e-15
5.153380e-07 4.694400e-15
5.156040e-07 4.774200e-15
5.158710e-07 4.368800e-15
5.161380e-07 5.026200e-15
5.164050e-07 4.852300e-15
5.166710e-07 4.429700e-15
5.169380e-07 4.795400e-15
5.172050e-07 5.237300e-15
5.174720e-07 5.613800e-15
5.177390e-07 4.896300e-15
5.180050e-07 4.524300e-15
5.182720e-07 5.082100e-15
5.185390e-07 5.086400e-15
5.188060e-07 3.959500e-15
5.190720e-07 3.840000e-15
5.193390e-07 4.727200e-15
5.196060e-07 5.050700e-15
5.198730e-07 4.851700e-15
5.201400e-07 4.654100e-15
5.204060e-07 5.013800e-15
5.206730e-07 5.412600e-15
5.209400e-07 4.618500e-15
5.212070e-07 4.513300e-15
5.214730e-07 4.964800e-15
5.217400e-07 4.862700e-15
5.220070e-07 4.310400e-15
5.222740e-07 4.314900e-15
5.225410e-07 4.555900e-15
5.228070e-07 4.575600e-15
5.230740e-07 4.626800e-15
5.233410e-07 4.233500e-15
5.236080e-07 4.498800e-15
5.238740e-07 5.347600e-15
5.241410e-07 5.192100e-15
5.244080e-07 4.992000e-15
5.246750e-07 4.413100e-15
5.249420e-07 4.515800e-15
5.252080e-07 4.739800e-15
5.254750e-07 4.766200e-15
5.257420e-07 4.830100e-15
5.260090e-07 4.638000e-15
5.262750e-07 4.004300e-15
5.265420e-07 4.199800e-15
5.268090e-07 4.261300e-15
5.270760e-07 4.257800e-15
5.273420e-07 4.399500e-15
5.276090e-07 3.888600e-15
5.278760e-07 4.559300e-15
5.281430e-07 4.711800e-15
5.284100e-07 4.576900e-15
5.286760e-07 4.547300e-15
5.289430e-07 4.789800e-15
5.292100e-07 4.867700e-15
5.294770e-07 5.201600e-15
5.297430e-07 5.250400e-15
5.300100e-07 4.574100e-15
5.302770e-07 3.996100e-15
5.305440e-07 4.526500e-15
5.308110e-07 5.008500e-15
5.310770e-07 4.296400e-15
5.313440e-07 4.562900e-15
5.316110e-07 4.937000e-15
5.318780e-07 4.430200e-15
5.321440e-07 5.181300e-15
5.324110e-07 5.404300e-15
5.326780e-07 4.761400e-15
5.329450e-07 4.392100e-15
5.332120e-07 4.556100e-15
5.334780e-07 4.249300e-15
5.337450e-07 4.147600e-15
5.340120e-07 4.886400e-15
5.342790e-07 5.707600e-15
5.345450e-07 4.287100e-15
5.348120e-07 4.343700e-15
5.350790e-07 4.558000e-15
5.353460e-07 4.917600e-15
5.356130e-07 5.087200e-15
5.358790e-07 5.031100e-15
5.361460e-07 4.192500e-15
5.364130e-07 4.768900e-15
5.366800e-07 4.687000e-15
5.369460e-07 5.200400e-15
5.372130e-07 4.773900e-15
5.374800e-07 4.153800e-15
5.377470e-07 4.915800e-15
5.380130e-07 5.129500e-15
5.382800e-07 4.304600e-15
5.385470e-07 4.378100e-15
5.388140e-07 4.246600e-15
5.390810e-07 5.243200e-15
5.393470e-07 5.660300e-15
5.396140e-07 5.006000e-15
5.398810e-07 4.981100e-15
5.401480e-07 4.608300e-15
5.404140e-07 5.452900e-15
5.406810e-07 4.923300e-15
5.409480e-07 5.013300e-15
5.412150e-07 4.597100e-15
5.414820e-07 5.133800e-15
5.417480e-07 4.708300e-15
5.420150e-07 4.786100e-15
5.422820e-07 5.091600e-15
5.425490e-07 4.598200e-15
5.428150e-07 5.486200e-15
5.430820e-07 5.513300e-15
5.433490e-07 4.471500e-15
5.436160e-07 5.651700e-15
5.438830e-07 4.784000e-15
5.441490e-07 5.146000e-15
5.444160e-07 4.630600e-15
5.446830e-07 4.694200e-15
5.449500e-07 4.669600e-15
5.452160e-07 5.076100e-15
5.454830e-07 3.972100e-15
5.457500e-07 4.687900e-15
5.460170e-07 4.698400e-15
5.462840e-07 5.004300e-15
5.465500e-07 5.165600e-15
5.468170e-07 4.787800e-15
5.470840e-07 4.615400e-15
5.473510e-07 5.084900e-15
5.476170e-07 5.837400e-15
5.478840e-07 3.814500e-15
5.481510e-07 4.041500e-15
5.484180e-07 4.081100e-15
5.486840e-07 5.079300e-15
5.489510e-07 4.724500e-15
5.492180e-07 4.594500e-15
5.494850e-07 4.472000e-15
5.497520e-07 4.637300e-15
5.500180e-07 4.868100e-15
5.502850e-07 4.971500e-15
5.505520e-07 3.913900e-15
5.508190e-07 4.338600e-15
5.510850e-07 4.166800e-15
5.513520e-07 4.824000e-15
5.516190e-07 5.033600e-15
5.518860e-07 5.303600e-15
5.521530e-07 4.347300e-15
5.524190e-07 4.545400e-15
5.526860e-07 4.162600e-15
5.529530e-07 4.965600e-15
5.532200e-07 3.672100e-15
5.534860e-07 4.909400e-15
5.537530e-07 3.565400e-15
5.540200e-07 5.830700e-15
5.542870e-07 2.809100e-15
5.545540e-07 6.018200e-15
5.548200e-07 2.912800e-15
5.550870e-07 5.601600e-15
5.553540e-07 3.527500e-15
5.556210e-07 5.537600e-15
5.558870e-07 3.672400e-15
5.561540e-07 5.607300e-15
5.564210e-07 2.873200e-15
5.566880e-07 5.923100e-15
5.569550e-07 5.339600e-15
5.572210e-07 4.393000e-15
5.574880e-07 4.672200e-15
5.577550e-07 6.213700e-15
5.580220e-07 4.372000e-15
5.582880e-07 5.194800e-15
5.585550e-07 5.485000e-15
5.588220e-07 6.119300e-15
5.590890e-07 3.775600e-15
5.593550e-07 4.659500e-15
5.596220e-07 5.045600e-15
5.598890e-07 4.589600e-15
5.601560e-07 4.028200e-15
5.604230e-07 4.439700e-15
5.606890e-07 4.417600e-15
5.609560e-07 4.744600e-15
5.612230e-07 4.232900e-15
5.614900e-07 4.228300e-15
5.617560e-07 6.138900e-15
5.620230e-07 4.258600e-15
5.622900e-07 4.601900e-15
5.625570e-07 3.534400e-15
5.628240e-07 4.370400e-15
5.630900e-07 3.407200e-15
5.633570e-07 4.458200e-15
5.636240e-07 4.168900e-15
5.638910e-07 4.954800e-15
5.641570e-07 5.801500e-15
5.644240e-07 5.031400e-15
5.646910e-07 4.617400e-15
5.649580e-07 4.439800e-15
5.652250e-07 4.893100e-15
5.654910e-07 5.510000e-15
5.657580e-07 5.878900e-15
5.660250e-07 5.122300e-15
5.662920e-07 4.980700e-15
5.665580e-07 4.315100e-15
5.668250e-07 4.328300e-15
5.670920e-07 4.227100e-15
5.673590e-07 4.091300e-15
5.676260e-07 4.862300e-15
5.678920e-07 5.318000e-15
5.681590e-07 5.171900e-15
5.684260e-07 5.442200e-15
5.686930e-07 4.690400e-15
5.689590e-07 4.656000e-15
5.692260e-07 4.282000e-15
5.694930e-07 3.521000e-15
5.697600e-07 4.460900e-15
5.700260e-07 4.776300e-15
5.702930e-07 5.814100e-15
5.705600e-07 5.209300e-15
5.708270e-07 5.800900e-15
5.710940e-07 8.151700e-15
5.713600e-07 7.543000e-15
5.716270e-07 5.744300e-15
5.718940e-07 3.765700e-15
5.721610e-07 1.819000e-15
5.724270e-07 4.375200e-16
5.726940e-07 2.121900e-15
5.729610e-07 4.341000e-15
5.732280e-07 4.896400e-15
5.734950e-07 4.203300e-15
5.737610e-07 4.282600e-15
5.740280e-07 4.017500e-15
5.742950e-07 4.584800e-15
5.745620e-07 4.942200e-15
5.748280e-07 4.409400e-15
5.750950e-07 4.776400e-15
5.753620e-07 5.446700e-15
5.756290e-07 5.467200e-15
5.758960e-07 5.086600e-15
5.761620e-07 4.103500e-15
5.764290e-07 3.948200e-15
5.766960e-07 4.325000e-15
5.769630e-07 5.260400e-15
5.772290e-07 6.079500e-15
5.774960e-07 5.906500e-15
5.777630e-07 4.838200e-15
5.780300e-07 3.765400e-15
5.782970e-07 4.000500e-15
5.785630e-07 4.756800e-15
5.788300e-07 4.492600e-15
5.790970e-07 4.431100e-15
5.793640e-07 4.482100e-15
5.796300e-07 4.779200e-15
5.798970e-07 4.740100e-15
5.801640e-07 4.498600e-15
5.804310e-07 4.390000e-15
5.806970e-07 4.293100e-15
5.809640e-07 4.477000e-15
5.812310e-07 5.033700e-15
5.814980e-07 4.925300e-15
5.817650e-07 4.549900e-15
5.820310e-07 5.071300e-15
5.822980e-07 5.105800e-15
5.825650e-07 4.643200e-15
5.828320e-07 4.064100e-15
5.830980e-07 4.255400e-15
5.833650e-07 4.504200e-15
5.836320e-07 4.700300e-15
5.838990e-07 4.180100e-15
5.841660e-07 4.730600e-15
5.844320e-07 4.345500e-15
5.846990e-07 4.661600e-15
5.849660e-07 5.026300e-15
5.852330e-07 4.737500e-15
5.854990e-07 4.367300e-15
5.857660e-07 4.602700e-15
5.860330e-07 4.351200e-15
5.863000e-07 4.710100e-15
5.865670e-07 4.222100e-15
5.868330e-07 4.545400e-15
5.871000e-07 4.776700e-15
5.873670e-07 4.869900e-15
5.876340e-07 4.252200e-15
5.879000e-07 4.669500e-15
5.881670e-07 4.997000e-15
5.884340e-07 5.242900e-15
5.887010e-07 4.625600e-15
5.889680e-07 4.280000e-15
5.892340e-07 3.627000e-15
5.895010e-07 4.411900e-15
5.897680e-07 3.669900e-15
5.900350e-07 5.282500e-15
5.903010e-07 4.539400e-15
5.905680e-07 4.922100e-15
5.908350e-07 4.681800e-15
5.911020e-07 3.550300e-15
5.913680e-07 3.932800e-15
5.916350e-07 4.914800e-15
5.919020e-07 4.210200e-15
5.921690e-07 5.048300e-15
5.924360e-07 4.153900e-15
5.927020e-07 4.333500e-15
5.929690e-07 5.872600e-15
5.932360e-07 5.391400e-15
5.935030e-07 4.868400e-15
5.937690e-07 4.460700e-15
5.940360e-07 5.759000e-15
5.943030e-07 4.859900e-15
5.945700e-07 5.349200e-15
5.948370e-07 4.910600e-15
5.951030e-07 5.478200e-15
5.953700e-07 4.221000e-15
5.956370e-07 4.591200e-15
5.959040e-07 4.974700e-15
5.961700e-07 4.460900e-15
5.964370e-07 4.015800e-15
5.967040e-07 4.828100e-15
5.969710e-07 4.743500e-15
5.972380e-07 4.490100e-15
5.975040e-07 5.025900e-15
5.977710e-07 4.084900e-15
5.980380e-07 3.571900e-15
5.983050e-07 5.281200e-15
5.985710e-07 4.567900e-15
5.988380e-07 5.258600e-15
5.991050e-07 4.204200e-15
5.993720e-07 4.661700e-15
5.996390e-07 4.047000e-15
5.999050e-07 3.556100e-15
6.001720e-07 4.392900e-15
6.004390e-07 4.743700e-15
6.007060e-07 3.573600e-15
6.009720e-07 4.078500e-15
6.012390e-07 3.297000e-15
6.015060e-07 4.253600e-15
6.017730e-07 4.259300e-15
6.020390e-07 4.627700e-15
6.023060e-07 4.404700e-15
6.025730e-07 3.940000e-15
6.028400e-07 4.638000e-15
6.031070e-07 4.708200e-15
6.033730e-07 4.854700e-15
6.036400e-07 4.719200e-15
6.039070e-07 4.759400e-15
6.041740e-07 4.899500e-15
6.044400e-07 4.662800e-15
6.047070e-07 5.645900e-15
6.049740e-07 5.469000e-15
6.052410e-07 5.435100e-15
6.055080e-07 4.328900e-15
6.057740e-07 4.551700e-15
6.060410e-07 4.892100e-15
6.063080e-07 4.352800e-15
6.065750e-07 5.260900e-15
6.068410e-07 6.131300e-15
6.071080e-07 6.258400e-15
6.073750e-07 3.679100e-15
6.076420e-07 3.710900e-15
6.079090e-07 3.786900e-15
6.081750e-07 3.778200e-15
6.084420e-07 4.422900e-15
6.087090e-07 4.058800e-15
6.089760e-07 4.581700e-15
6.092420e-07 5.423000e-15
6.095090e-07 3.954100e-15
6.097760e-07 5.878900e-15
6.100430e-07 4.082900e-15
6.103100e-07 3.004900e-15
6.105760e-07 4.980700e-15
6.108430e-07 1.183400e-14
6.111100e-07 1.637600e-14
6.113770e-07 6.233500e-15
6.116430e-07 -2.176600e-15
6.119100e-07 -5.148400e-15
6.121770e-07 1.923300e-15
6.124440e-07 2.501100e-15
6.127100e-07 5.416500e-15
6.129770e-07 5.278400e-15
6.132440e-07 4.154700e-15
6.135110e-07 4.122800e-15
6.137780e-07 4.642700e-15
6.140440e-07 5.329600e-15
6.143110e-07 4.090400e-15
6.145780e-07 4.504800e-15
6.148450e-07 4.415100e-15
6.151110e-07 3.702700e-15
6.153780e-07 4.826100e-15
6.156450e-07 4.973100e-15
6.159120e-07 4.520000e-15
6.161790e-07 4.481300e-15
6.164450e-07 4.751800e-15
6.167120e-07 4.576000e-15
6.169790e-07 3.571900e-15
6.172460e-07 4.448400e-15
6.175120e-07 4.654200e-15
6.177790e-07 4.987400e-15
6.180460e-07 5.038400e-15
6.183130e-07 4.237800e-15
6.185800e-07 4.503700e-15
6.188460e-07 5.486000e-15
6.191130e-07 4.494900e-15
6.193800e-07 5.572000e-15
6.196470e-07 3.184800e-15
6.199130e-07 4.927200e-15
6.201800e-07 4.516900e-15
6.204470e-07 4.516700e-15
6.207140e-07 3.596500e-15
6.209810e-07 4.398800e-15
6.212470e-07 4.946900e-15
6.215140e-07 3.985500e-15
6.217810e-07 4.602500e-15
6.220480e-07 3.923200e-15
6.223140e-07 3.758400e-15
6.225810e-07 3.961000e-15
6.228480e-07 4.349300e-15
6.231150e-07 3.434300e-15
6.233820e-07 3.500100e-15
6.236480e-07 3.497800e-15
6.239150e-07 4.175200e-15
6.241820e-07 4.000400e-15
6.244490e-07 4.307800e-15
6.247150e-07 4.517700e-15
6.249820e-07 3.468500e-15
6.252490e-07 4.101900e-15
6.255160e-07 3.896500e-15
6.257820e-07 3.856700e-15
6.260490e-07 3.138600e-15
6.263160e-07 3.742700e-15
6.265830e-07 4.420900e-15
6.268500e-07 5.376100e-15
6.271160e-07 4.795600e-15
6.273830e-07 5.333800e-15
6.276500e-07 4.237900e-15
6.279170e-07 4.151600e-15
6.281830e-07 4.784100e-15
6.284500e-07 5.091300e-15
6.287170e-07 4.750700e-15
6.289840e-07 4.232200e-15
6.292510e-07 4.348300e-15
6.295170e-07 3.892400e-15
6.297840e-07 4.132300e-15
6.300510e-07 5.793300e-15
6.303180e-07 5.921000e-15
6.305840e-07 4.835900e-15
6.308510e-07 3.604800e-15
6.311180e-07 3.239600e-15
6.313850e-07 4.229700e-15
6.316520e-07 4.193400e-15
6.319180e-07 3.672400e-15
6.321850e-07 3.874200e-15
6.324520e-07 4.590000e-15
6.327190e-07 4.423300e-15
6.329850e-07 3.686300e-15
6.332520e-07 4.667600e-15
6.335190e-07 5.127900e-15
6.337860e-07 3.925200e-15
6.340530e-07 3.512700e-15
6.343190e-07 3.203400e-15
6.345860e-07 3.914800e-15
6.348530e-07 5.630500e-15
6.351200e-07 4.880700e-15
6.353860e-07 3.472800e-15
6.356530e-07 4.938000e-15
6.359200e-07 4.853100e-15
6.361870e-07 4.440700e-15
6.364530e-07 4.601900e-15
6.367200e-07 4.686500e-15
6.369870e-07 4.579800e-15
6.372540e-07 3.551700e-15
6.375210e-07 4.911500e-15
6.377870e-07 4.764700e-15
6.380540e-07 5.093500e-15
6.383210e-07 4.699500e-15
6.385880e-07 3.713000e-15
6.388540e-07 4.161400e-15
6.391210e-07 4.177800e-15
6.393880e-07 3.793900e-15
6.396550e-07 6.024300e-15
6.399220e-07 5.243400e-15
6.401880e-07 3.656100e-15
6.404550e-07 5.734500e-15
6.407220e-07 3.890900e-15
6.409890e-07 3.762100e-15
6.412550e-07 2.944200e-15
6.415220e-07 5.236700e-15
6.417890e-07 3.850800e-15
6.420560e-07 4.963500e-15
6.423230e-07 4.346300e-15
6.425890e-07 4.658500e-15
6.428560e-07 3.765600e-15
6.431230e-07 3.801900e-15
6.433900e-07 3.451000e-15
6.436560e-07 4.284400e-15
6.439230e-07 3.552000e-15
6.441900e-07 3.632800e-15
6.444570e-07 3.963300e-15
6.447240e-07 3.539600e-15
6.449900e-07 4.258900e-15
6.452570e-07 5.182000e-15
6.455240e-07 3.750600e-15
6.457910e-07 3.559400e-15
6.460570e-07 4.658100e-15
6.463240e-07 4.445100e-15
6.465910e-07 4.008700e-15
6.468580e-07 4.736200e-15
6.471240e-07 4.182400e-15
6.473910e-07 4.501600e-15
6.476580e-07 4.190000e-15
6.479250e-07 4.276700e-15
6.481920e-07 4.537300e-15
6.484580e-07 5.078800e-15
6.487250e-07 4.414200e-15
6.489920e-07 4.911300e-15
6.492590e-07 5.039800e-15
6.495250e-07 4.914500e-15
6.497920e-07 4.665700e-15
6.500590e-07 4.275900e-15
6.503260e-07 3.536100e-15
6.505930e-07 3.535700e-15
6.508590e-07 3.874200e-15
6.511260e-07 3.936000e-15
6.513930e-07 4.538900e-15
6.516600e-07 5.029600e-15
6.519260e-07 4.218800e-15
6.521930e-07 3.833200e-15
6.524600e-07 3.859100e-15
6.527270e-07 4.389400e-15
6.529940e-07 5.049800e-15
6.532600e-07 4.873500e-15
6.535270e-07 3.887100e-15
6.537940e-07 3.944400e-15
6.540610e-07 3.899200e-15
6.543270e-07 3.821900e-15
6.545940e-07 4.719000e-15
6.548610e-07 5.456000e-15
6.551280e-07 5.572800e-15
6.553950e-07 5.123000e-15
6.556610e-07 6.286100e-15
6.559280e-07 6.517300e-15
6.561950e-07 7.989900e-15
6.564620e-07 1.071600e-14
6.567280e-07 1.276700e-14
6.569950e-07 1.159600e-14
6.572620e-07 8.616600e-15
6.575290e-07 5.599700e-15
6.577950e-07 4.905200e-15
6.580620e-07 5.362200e-15
6.583290e-07 6.831100e-15
6.585960e-07 7.815500e-15
6.588630e-07 9.530100e-15
6.591290e-07 7.851200e-15
6.593960e-07 7.240200e-15
6.596630e-07 5.052900e-15
6.599300e-07 4.882400e-15
6.601960e-07 4.576800e-15
6.604630e-07 5.054300e-15
6.607300e-07 3.935300e-15
6.609970e-07 5.445200e-15
6.612640e-07 4.434900e-15
6.615300e-07 4.237400e-15
6.617970e-07 3.406000e-15
6.620640e-07 5.565000e-15
6.623310e-07 6.447800e-15
6.634570e-07 4.433900e-15
6.649860e-07 4.370700e-15
6.665190e-07 4.388500e-15
6.680560e-07 4.406300e-15
6.695950e-07 4.363600e-15
6.711390e-07 4.331200e-15
6.726860e-07 4.299000e-15
6.742370e-07 4.326400e-15
6.757910e-07 4.215900e-15
6.773490e-07 4.242800e-15
6.789110e-07 4.240400e-15
6.804750e-07 4.267400e-15
6.820440e-07 4.265100e-15
6.836170e-07 4.272500e-15
6.851920e-07 4.289800e-15
6.867720e-07 4.161000e-15
6.883550e-07 4.177900e-15
6.899420e-07 4.214100e-15
6.915320e-07 4.211700e-15
6.931270e-07 4.228800e-15
6.947240e-07 4.275300e-15
6.963260e-07 4.243500e-15
6.979310e-07 4.309900e-15
6.995400e-07 4.248400e-15
7.011520e-07 4.178000e-15
7.027690e-07 4.292600e-15
7.043890e-07 4.260600e-15
7.060130e-07 4.151600e-15
7.076400e-07 4.092300e-15
7.092720e-07 4.052400e-15
7.109070e-07 4.022100e-15
7.125450e-07 4.047600e-15
7.141880e-07 3.953200e-15
7.158340e-07 3.996600e-15
7.174840e-07 3.957600e-15
7.191380e-07 3.794600e-15
7.207960e-07 3.801100e-15
7.224580e-07 4.051800e-15
7.241230e-07 3.930000e-15
7.257930e-07 3.973100e-15
7.274660e-07 4.110300e-15
7.291430e-07 4.051400e-15
7.308240e-07 4.039600e-15
7.325080e-07 4.018600e-15
7.341970e-07 4.119200e-15
7.358900e-07 4.116700e-15
7.375860e-07 4.152200e-15
7.392860e-07 4.092700e-15
7.409900e-07 4.195100e-15
7.426990e-07 4.135000e-15
7.444110e-07 4.209300e-15
7.461260e-07 4.235800e-15
7.478470e-07 4.108300e-15
7.495710e-07 4.172500e-15
7.512980e-07 4.141100e-15
7.530310e-07 4.148100e-15
7.547660e-07 4.174200e-15
7.565060e-07 4.123800e-15
7.582500e-07 4.149700e-15
7.599980e-07 4.024800e-15
7.617500e-07 4.013000e-15
7.635060e-07 4.094400e-15
7.652660e-07 4.035600e-15
7.670300e-07 3.833800e-15
7.687980e-07 3.893500e-15
7.705710e-07 3.891000e-15
7.723470e-07 3.852800e-15
7.741270e-07 3.885900e-15
7.759120e-07 3.812500e-15
7.777010e-07 3.792500e-15
7.794940e-07 3.807500e-15
7.812900e-07 3.884700e-15
7.830920e-07 3.936100e-15
7.848970e-07 3.906400e-15
7.867060e-07 3.976400e-15
7.885200e-07 3.892200e-15
7.903370e-07 3.766200e-15
7.921590e-07 3.712100e-15
7.939860e-07 3.743900e-15
7.958160e-07 3.732700e-15
7.976500e-07 3.817100e-15
7.994890e-07 3.762200e-15
8.013320e-07 3.811900e-15
8.031790e-07 3.809300e-15
8.050310e-07 3.841900e-15
8.068870e-07 3.848100e-15
8.087470e-07 3.766600e-15
8.106110e-07 3.695300e-15
8.124800e-07 3.709700e-15
8.143530e-07 3.732800e-15
8.162300e-07 3.662200e-15
8.181120e-07 3.814500e-15
8.199980e-07 3.759500e-15
8.218880e-07 3.765500e-15
8.237820e-07 3.277300e-15
8.256820e-07 3.830000e-15
8.275850e-07 3.827300e-15
8.294930e-07 3.677800e-15
8.314050e-07 3.542200e-15
8.333210e-07 3.706500e-15
8.352420e-07 3.703800e-15
8.371680e-07 3.633600e-15
8.390980e-07 3.532000e-15
8.410320e-07 3.661900e-15
8.429710e-07 3.676100e-15
8.449140e-07 3.532400e-15
8.468620e-07 3.620400e-15
8.488140e-07 3.659600e-15
8.507710e-07 2.851700e-15
8.527320e-07 3.571000e-15
8.546980e-07 3.107900e-15
8.566680e-07 3.582100e-15
8.586430e-07 3.662800e-15
8.606220e-07 3.353500e-15
8.626060e-07 3.615500e-15
8.645950e-07 3.646200e-15
8.665880e-07 3.315200e-15
8.685850e-07 3.328000e-15
8.705880e-07 3.546900e-15
8.725950e-07 3.626800e-15
8.746060e-07 3.460900e-15
8.766230e-07 3.364000e-15
8.786430e-07 3.601800e-15
8.806690e-07 3.607300e-15
8.826990e-07 3.621100e-15
8.847340e-07 3.439600e-15
8.867730e-07 3.274700e-15
8.888170e-07 3.325300e-15
8.908660e-07 3.479300e-15
8.929200e-07 3.452600e-15
8.949780e-07 3.473800e-15
8.970420e-07 3.360900e-15
8.991090e-07 3.373700e-15
9.011820e-07 3.138800e-15
9.032600e-07 3.050800e-15
9.053420e-07 3.589800e-15
9.074290e-07 3.521400e-15
9.095200e-07 3.329400e-15
9.116170e-07 3.273500e-15
9.137190e-07 3.417200e-15
9.158250e-07 3.375300e-15
9.179360e-07 3.220800e-15
9.200520e-07 3.377500e-15
9.221730e-07 3.171300e-15
9.242990e-07 3.075300e-15
9.264300e-07 3.307700e-15
9.285650e-07 3.397500e-15
9.307060e-07 3.039500e-15
9.328520e-07 3.353100e-15
9.350020e-07 3.342500e-15
9.371570e-07 3.301500e-15
9.393180e-07 3.329200e-15
9.414830e-07 3.258200e-15
9.436530e-07 3.331300e-15
9.458290e-07 3.282800e-15
9.480090e-07 3.325600e-15
9.501940e-07 3.254600e-15
9.523850e-07 3.214600e-15
9.545800e-07 3.025200e-15
9.567810e-07 3.201600e-15
9.589860e-07 3.288500e-15
9.611970e-07 3.255500e-15
9.634130e-07 3.260200e-15
9.656340e-07 3.242300e-15
9.678600e-07 3.224600e-15
9.700910e-07 3.259100e-15
9.723270e-07 3.204100e-15
9.745690e-07 3.186600e-15
9.768150e-07 3.191100e-15
9.790680e-07 3.159000e-15
9.813240e-07 3.207500e-15
9.835870e-07 3.182500e-15
9.858540e-07 3.187000e-15
9.881260e-07 3.169500e-15
9.904040e-07 3.152100e-15
9.926880e-07 3.163700e-15
9.949760e-07 3.160800e-15
9.972700e-07 3.157900e-15
9.995680e-07 3.140500e-15
1.001872e-06 3.080400e-15
1.006497e-06 3.018600e-15
1.013474e-06 3.108700e-15
1.018152e-06 3.088600e-15
1.022851e-06 3.097000e-15
1.027573e-06 3.091100e-15
1.029941e-06 3.081000e-15
1.049089e-06 2.987300e-15
1.071057e-06 2.879200e-15
1.090970e-06 2.730700e-15
1.111252e-06 2.631900e-15
1.129308e-06 2.601800e-15
1.150303e-06 2.607800e-15
1.168994e-06 2.560200e-15
1.190728e-06 2.484700e-15
1.210076e-06 2.456300e-15
1.229738e-06 2.422600e-15
1.249720e-06 2.367400e-15
1.270026e-06 2.318900e-15
1.290662e-06 2.276600e-15
1.308617e-06 2.245300e-15
1.329880e-06 2.189200e-15
1.351489e-06 2.154200e-15
1.370290e-06 2.114800e-15
1.389353e-06 2.057200e-15
1.408681e-06 1.973700e-15
1.431570e-06 1.933200e-15
1.451486e-06 1.937700e-15
1.471678e-06 1.893600e-15
1.488718e-06 1.915500e-15
1.509428e-06 1.915500e-15
1.530427e-06 1.942100e-15
1.551717e-06 1.942100e-15
1.569685e-06 1.897900e-15
1.591522e-06 1.820900e-15
1.609950e-06 1.829300e-15
1.628593e-06 1.829300e-15
1.651249e-06 1.800000e-15
1.670370e-06 1.800000e-15
1.689712e-06 1.779400e-15
1.709276e-06 1.759000e-15
1.729070e-06 1.699300e-15
1.749092e-06 1.664500e-15
1.769346e-06 1.611700e-15
1.789832e-06 1.560500e-15
1.810558e-06 1.497200e-15
1.831524e-06 1.463100e-15
1.848471e-06 1.420000e-15
1.869874e-06 1.362300e-15
1.891527e-06 1.334400e-15
1.909030e-06 1.322100e-15
1.931133e-06 1.289100e-15
1.949003e-06 1.245300e-15
1.971572e-06 1.214200e-15
1.989813e-06 1.183800e-15
2.008226e-06 1.167600e-15
2.031480e-06 1.133100e-15
2.050276e-06 1.122700e-15
2.069248e-06 1.099700e-15
2.088395e-06 1.079600e-15
2.107718e-06 1.064800e-15
2.132124e-06 1.045400e-15
2.151854e-06 1.026300e-15
2.171763e-06 9.983400e-16
2.191859e-06 9.846400e-16
2.212139e-06 9.644500e-16
2.227474e-06 9.424900e-16
2.248083e-06 9.234700e-16
2.268885e-06 9.023300e-16
2.289880e-06 8.190200e-16
2.311066e-06 8.169900e-16
2.332451e-06 7.279800e-16
2.348618e-06 6.859500e-16
2.370350e-06 6.969100e-16
2.392284e-06 6.487000e-16
2.408865e-06 6.297800e-16
2.431155e-06 6.281100e-16
2.448006e-06 5.931400e-16
2.470658e-06 5.888200e-16
2.477603e-06 5.439400e-16
2.486984e-06 4.895400e-16
2.496374e-06 4.813500e-16
2.505765e-06 5.125600e-16
2.515146e-06 5.432400e-16
2.524536e-06 5.451400e-16
2.533917e-06 5.408100e-16
2.543307e-06 5.169900e-16
2.552698e-06 5.365600e-16
2.562078e-06 5.343100e-16
2.571469e-06 5.223500e-16
2.580859e-06 4.841900e-16
2.590240e-06 5.473200e-16
2.599631e-06 5.866100e-16
2.609012e-06 6.216600e-16
2.618402e-06 6.540500e-16
2.627793e-06 5.914100e-16
2.637173e-06 5.327000e-16
2.646564e-06 5.015400e-16
2.655954e-06 4.871900e-16
2.665335e-06 4.601800e-16
2.674726e-06 4.697300e-16
2.684106e-06 4.425000e-16
2.693497e-06 4.301600e-16
2.702887e-06 4.642800e-16
2.712268e-06 4.901100e-16
2.721658e-06 4.509400e-16
2.731049e-06 4.194900e-16
2.740430e-06 4.683100e-16
2.749820e-06 4.787100e-16
2.759201e-06 4.498800e-16
2.768592e-06 4.336900e-16
2.777982e-06 4.457100e-16
2.787363e-06 4.459900e-16
2.796753e-06 4.587900e-16
2.806144e-06 4.321700e-16
2.815524e-06 4.196900e-16
2.824915e-06 4.211300e-16
2.834296e-06 3.981500e-16
2.843686e-06 3.737000e-16
2.853077e-06 4.063600e-16
2.862458e-06 4.201000e-16
2.871848e-06 3.856800e-16
2.881238e-06 3.925000e-16
2.890619e-06 3.926900e-16
2.900010e-06 3.663900e-16
2.909391e-06 3.517700e-16
2.918781e-06 3.687500e-16
2.928172e-06 3.781700e-16
2.937552e-06 3.489600e-16
2.946943e-06 3.613800e-16
2.956333e-06 3.357000e-16
2.965714e-06 3.221400e-16
2.975104e-06 3.098200e-16
2.984485e-06 3.811700e-16
2.993876e-06 3.195300e-16
3.003266e-06 3.167600e-16
3.012647e-06 3.039900e-16
3.022038e-06 3.262400e-16
3.031428e-06 3.426600e-16
3.040809e-06 3.428200e-16
3.050199e-06 3.185000e-16
3.059580e-06 2.869600e-16
3.068971e-06 3.119700e-16
3.078361e-06 3.077900e-16
3.087742e-06 3.011700e-16
3.097132e-06 2.952200e-16
3.106523e-06 2.750300e-16
3.115904e-06 2.895600e-16
3.125294e-06 3.401400e-16
3.134675e-06 3.369000e-16
3.144065e-06 3.201600e-16
3.153456e-06 3.394600e-16
3.162837e-06 3.212800e-16
3.172227e-06 3.113900e-16
3.181618e-06 3.112400e-16
3.190998e-06 3.171500e-16
3.200389e-06 3.447500e-16
3.209770e-06 4.007900e-16
3.219160e-06 3.894600e-16
3.228550e-06 4.603200e-16
3.237931e-06 5.203600e-16
3.247322e-06 6.239600e-16
3.256712e-06 7.756500e-16
3.266093e-06 8.881200e-16
3.275483e-06 9.887500e-16
3.284865e-06 9.928100e-16
3.294255e-06 9.278700e-16
3.303645e-06 7.951800e-16
3.313026e-06 6.457200e-16
3.322417e-06 5.493900e-16
3.331807e-06 4.882200e-16
3.341188e-06 4.732400e-16
3.350578e-06 4.164800e-16
3.359959e-06 4.332600e-16
3.369350e-06 4.249700e-16
3.378740e-06 4.373300e-16
3.388121e-06 4.614000e-16
3.397511e-06 5.034900e-16
3.406902e-06 4.826900e-16
3.416283e-06 4.694500e-16
3.425673e-06 4.529600e-16
3.435054e-06 4.567700e-16
3.444445e-06 4.124100e-16
3.453835e-06 4.265500e-16
3.463215e-06 4.200900e-16
3.472606e-06 4.263500e-16
3.481997e-06 3.620700e-16
3.491377e-06 3.568500e-16
3.500768e-06 3.589100e-16
3.510149e-06 3.926200e-16
3.519539e-06 3.625800e-16
3.528930e-06 3.673600e-16
3.538310e-06 3.394800e-16
3.547701e-06 3.503300e-16
3.557091e-06 3.229500e-16
3.566472e-06 3.076600e-16
3.575863e-06 3.367900e-16
3.585243e-06 3.346500e-16
3.594634e-06 3.188500e-16
3.604025e-06 3.285600e-16
3.613405e-06 3.131400e-16
3.622795e-06 3.068500e-16
3.632186e-06 3.088100e-16
3.641567e-06 3.148800e-16
3.650957e-06 3.237600e-16
3.660338e-06 3.209700e-16
3.669729e-06 3.120300e-16
3.679119e-06 3.173200e-16
3.688500e-06 2.967600e-16
3.697890e-06 3.037600e-16
3.707281e-06 3.136400e-16
3.716662e-06 3.210500e-16
3.726052e-06 3.297100e-16
3.735433e-06 3.554500e-16
3.744823e-06 3.192400e-16
3.754214e-06 3.016200e-16
3.763595e-06 2.843500e-16
3.772985e-06 2.976700e-16
3.782375e-06 2.997100e-16
3.791756e-06 3.134100e-16
3.801147e-06 3.102000e-16
3.810528e-06 3.135500e-16
3.819918e-06 3.150800e-16
3.829309e-06 2.851200e-16
3.838690e-06 2.912900e-16
3.848080e-06 2.833100e-16
3.857470e-06 2.891400e-16
3.866851e-06 2.867000e-16
3.876242e-06 2.754700e-16
3.885623e-06 2.753100e-16
3.895013e-06 2.482900e-16
3.904403e-06 2.972300e-16
3.913784e-06 3.017900e-16
3.923174e-06 3.257500e-16
3.932565e-06 3.124000e-16
3.941946e-06 3.127700e-16
3.951337e-06 2.804400e-16
3.960717e-06 2.943100e-16
3.970108e-06 2.950800e-16
3.979498e-06 2.858900e-16
3.988879e-06 2.938900e-16
3.998270e-06 2.809800e-16
4.007660e-06 3.047600e-16
4.017041e-06 3.108500e-16
4.026431e-06 4.000400e-16
4.035812e-06 5.078500e-16
4.045202e-06 5.196100e-16
4.054592e-06 4.943300e-16
4.063974e-06 4.033800e-16
4.073364e-06 3.246600e-16
4.082755e-06 2.875400e-16
4.092135e-06 2.911300e-16
4.101526e-06 2.612400e-16
4.110907e-06 2.527500e-16
4.120297e-06 2.553200e-16
4.129688e-06 2.776900e-16
4.139068e-06 2.647000e-16
4.148459e-06 2.803200e-16
4.157849e-06 2.702100e-16
4.167230e-06 2.544300e-16
4.176620e-06 2.539800e-16
4.186002e-06 2.684400e-16
4.195392e-06 2.572700e-16
4.204783e-06 2.565500e-16
4.214163e-06 2.471800e-16
4.223554e-06 2.536100e-16
4.232944e-06 2.366700e-16
4.242325e-06 2.152900e-16
4.251715e-06 2.166000e-16
4.261096e-06 2.095900e-16
4.270487e-06 2.209600e-16
4.279877e-06 2.259400e-16
4.289258e-06 2.602200e-16
4.298648e-06 2.591100e-16
4.308039e-06 2.191600e-16
4.317420e-06 2.258700e-16
4.326810e-06 2.393500e-16
4.336191e-06 2.851100e-16
4.345581e-06 2.655200e-16
4.354972e-06 2.203400e-16
4.364352e-06 2.189200e-16
4.373743e-06 2.172300e-16
4.383134e-06 2.300400e-16
4.392514e-06 2.458100e-16
4.401905e-06 2.352900e-16
4.411286e-06 2.223100e-16
4.420676e-06 2.234800e-16
4.430067e-06 2.004800e-16
4.439448e-06 1.923100e-16
4.448838e-06 2.089300e-16
4.458228e-06 1.983800e-16
4.467609e-06 2.031300e-16
4.476999e-06 1.969200e-16
4.486380e-06 1.926100e-16
4.495771e-06 2.249700e-16
4.505162e-06 2.014600e-16
4.514542e-06 1.861600e-16
4.523933e-06 2.008900e-16
4.533323e-06 1.903000e-16
4.542704e-06 1.912700e-16
4.552094e-06 2.010700e-16
4.561475e-06 2.158000e-16
4.570866e-06 1.892700e-16
4.580256e-06 2.217300e-16
4.589637e-06 1.820700e-16
4.599027e-06 2.240000e-16
4.608418e-06 2.045200e-16
4.617799e-06 2.250900e-16
4.627189e-06 2.472100e-16
4.636570e-06 2.832300e-16
4.645960e-06 2.671900e-16
4.655351e-06 2.514800e-16
4.664732e-06 2.855600e-16
4.674122e-06 2.358900e-16
4.683512e-06 2.173400e-16
4.692893e-06 2.296100e-16
4.702284e-06 2.066400e-16
4.711674e-06 1.971500e-16
4.721055e-06 2.275400e-16
4.730445e-06 2.345400e-16
4.739827e-06 1.926100e-16
4.749217e-06 2.059200e-16
4.758608e-06 1.704200e-16
4.767988e-06 2.062200e-16
4.777379e-06 1.999800e-16
4.786759e-06 2.086900e-16
4.796247e-06 1.822900e-16
4.844209e-06 1.995900e-16
4.892651e-06 2.170700e-16
4.941578e-06 2.347100e-16
4.990994e-06 2.525400e-16
5.040904e-06 2.705400e-16
5.091313e-06 2.887300e-16
5.142226e-06 3.070900e-16
5.176186e-06 3.193400e-16
5.206244e-06 3.524300e-16
5.236304e-06 3.849100e-16
5.266362e-06 4.136500e-16
5.296420e-06 3.804000e-16
5.326479e-06 4.050300e-16
5.356538e-06 3.741700e-16
5.386596e-06 2.966400e-16
5.416655e-06 2.746900e-16
5.446713e-06 2.983800e-16
5.476773e-06 3.186000e-16
5.506831e-06 3.720600e-16
5.536890e-06 3.645000e-16
5.566949e-06 3.375100e-16
5.597007e-06 4.162600e-16
5.627065e-06 4.998400e-16
5.657124e-06 5.315000e-16
5.687183e-06 5.390800e-16
5.717241e-06 5.111300e-16
5.747300e-06 5.226700e-16
5.777359e-06 4.732900e-16
5.807418e-06 4.533800e-16
5.837476e-06 4.528300e-16
5.867535e-06 4.874000e-16
5.897593e-06 4.735700e-16
5.927652e-06 4.698200e-16
5.957711e-06 5.058400e-16
5.987769e-06 5.903900e-16
6.017827e-06 6.727800e-16
6.047886e-06 7.011100e-16
6.077945e-06 7.444800e-16
6.108003e-06 8.721900e-16
6.138062e-06 1.219400e-15
6.168121e-06 1.738700e-15
6.198180e-06 2.113900e-15
6.228238e-06 2.168400e-15
6.258296e-06 1.837100e-15
6.288356e-06 1.519300e-15
6.318414e-06 1.214100e-15
6.348472e-06 1.049400e-15
6.378532e-06 9.331900e-16
6.408589e-06 8.455600e-16
6.438648e-06 7.518100e-16
6.468708e-06 7.001800e-16
6.498765e-06 6.326800e-16
6.528824e-06 6.218900e-16
6.558883e-06 6.299900e-16
6.588942e-06 6.499600e-16
6.619001e-06 6.822300e-16
6.649059e-06 6.834400e-16
6.679118e-06 6.618000e-16
6.709177e-06 6.606300e-16
6.739234e-06 6.509700e-16
6.769294e-06 6.518700e-16
6.799352e-06 6.402200e-16
6.829410e-06 6.412500e-16
6.859470e-06 6.566100e-16
6.889528e-06 7.705100e-16
6.919586e-06 8.091800e-16
6.949646e-06 9.123600e-16
6.979703e-06 1.064000e-15
7.009763e-06 1.004500e-15
7.039821e-06 8.568000e-16
7.069879e-06 8.547300e-16
7.099939e-06 8.563300e-16
7.129997e-06 9.070700e-16
7.160055e-06 8.760700e-16
7.190115e-06 8.885300e-16
7.220173e-06 9.311900e-16
7.250231e-06 9.552000e-16
7.280290e-06 1.008500e-15
7.308382e-06 8.743500e-16
7.310349e-06 1.090100e-15
7.340408e-06 1.163600e-15
7.368617e-06 1.047800e-15
7.370466e-06 1.209900e-15
7.428855e-06 1.290600e-15
7.489091e-06 1.442900e-15
7.549329e-06 1.818900e-15
7.609565e-06 2.028800e-15
7.669803e-06 1.900300e-15
7.730040e-06 1.799300e-15
7.790277e-06 1.752000e-15
7.850515e-06 1.681000e-15
7.910751e-06 1.475500e-15
7.970988e-06 1.270800e-15
8.031225e-06 1.094200e-15
8.091462e-06 9.694700e-16
8.151700e-06 8.776100e-16
8.211937e-06 8.495900e-16
8.272174e-06 8.533800e-16
8.332410e-06 8.633700e-16
8.392649e-06 8.662800e-16
8.452884e-06 8.949300e-16
8.513122e-06 9.442700e-16
8.573359e-06 9.735200e-16
8.633596e-06 9.449800e-16
8.693832e-06 8.055500e-16
8.754070e-06 6.772400e-16
8.814306e-06 5.643800e-16
8.874544e-06 4.852000e-16
8.934781e-06 4.435700e-16
8.995018e-06 4.208400e-16
9.055256e-06 3.614100e-16
9.115492e-06 3.287600e-16
9.175729e-06 3.046700e-16
9.235965e-06 2.885700e-16
9.296204e-06 2.744600e-16
9.356440e-06 2.607500e-16
9.416677e-06 2.724900e-16
9.476915e-06 2.542100e-16
9.537152e-06 2.368000e-16
9.597389e-06 2.483500e-16
9.657626e-06 2.557900e-16
9.717859e-06 2.320500e-16
9.778101e-06 2.125700e-16
9.838334e-06 2.090200e-16
9.898577e-06 2.063600e-16
9.958810e-06 2.151900e-16
1.001905e-05 2.110800e-16
1.007929e-05 2.114100e-16
1.013952e-05 2.002000e-16
1.019976e-05 2.114000e-16
1.025999e-05 2.296200e-16
1.032024e-05 2.289400e-16
1.038047e-05 2.326800e-16
1.044070e-05 2.598800e-16
1.050094e-05 3.079700e-16
1.056118e-05 2.693400e-16
1.062142e-05 2.832100e-16
1.068165e-05 2.875300e-16
1.074190e-05 2.879300e-16
1.080213e-05 3.078600e-16
1.086236e-05 3.008900e-16
1.092260e-05 3.249500e-16
1.098284e-05 3.736400e-16
1.104308e-05 4.131400e-16
1.110331e-05 4.407700e-16
1.116356e-05 7.743800e-16
1.122379e-05 9.739000e-16
1.128402e-05 9.515900e-16
1.134427e-05 8.169000e-16
1.140450e-05 6.989200e-16
1.146474e-05 6.142700e-16
1.152497e-05 5.679400e-16
1.158522e-05 5.386800e-16
1.164545e-05 5.197400e-16
1.170568e-05 4.752900e-16
1.176593e-05 5.013000e-16
1.182616e-05 5.371000e-16
1.188640e-05 5.491100e-16
1.194663e-05 5.622500e-16
1.200687e-05 5.876000e-16
1.206711e-05 5.854200e-16
1.212734e-05 5.775000e-16
1.218758e-05 5.821900e-16
1.224782e-05 6.152900e-16
1.230806e-05 6.376700e-16
1.236829e-05 6.436600e-16
1.242853e-05 6.750600e-16
1.248877e-05 7.034600e-16
1.254900e-05 7.378600e-16
1.260924e-05 7.834500e-16
1.266948e-05 8.281400e-16
1.272971e-05 1.027300e-15
1.278995e-05 1.290200e-15
1.285019e-05 1.181200e-15
1.291043e-05 8.756300e-16
1.297066e-05 6.110900e-16
1.303090e-05 5.963500e-16
1.309114e-05 5.847300e-16
1.315137e-05 5.819300e-16
1.321161e-05 5.742800e-16
1.327185e-05 5.739200e-16
1.333209e-05 5.835100e-16
1.339232e-05 5.796400e-16
1.345256e-05 5.829900e-16
1.351280e-05 6.060500e-16
1.357303e-05 5.945700e-16
1.363327e-05 5.799400e-16
1.369351e-05 5.317900e-16
1.375375e-05 5.745600e-16
1.381398e-05 5.300900e-16
1.387422e-05 5.316700e-16
1.393446e-05 5.146100e-16
1.399469e-05 4.979300e-16
1.405493e-05 4.865000e-16
1.410676e-05 5.323500e-16
1.419571e-05 5.952000e-16
1.428467e-05 7.227600e-16
1.437362e-05 5.770600e-16
1.446256e-05 5.716600e-16
1.455151e-05 5.715100e-16
1.464047e-05 5.644800e-16
1.472942e-05 5.631400e-16
1.481836e-05 5.694500e-16
1.490732e-05 4.760900e-16
1.499627e-05 5.429300e-16
1.508522e-05 5.537500e-16
1.517416e-05 4.607600e-16
1.526312e-05 5.412800e-16
1.535207e-05 5.525500e-16
1.544102e-05 6.016800e-16
1.552998e-05 7.593700e-16
1.561892e-05 7.223400e-16
1.570787e-05 6.868100e-16
1.579683e-05 5.659700e-16
1.588578e-05 5.629400e-16
1.597472e-05 5.579000e-16
1.606367e-05 7.479200e-16
1.615263e-05 5.995600e-16
1.624157e-05 5.696400e-16
1.633052e-05 6.073500e-16
1.641947e-05 6.477100e-16
1.650843e-05 7.907700e-16
1.659738e-05 6.224200e-16
1.668633e-05 6.306400e-16
1.677528e-05 6.366100e-16
1.686423e-05 6.716600e-16
1.695318e-05 6.622100e-16
1.704213e-05 6.971800e-16
1.713108e-05 6.673600e-16
1.722003e-05 5.890700e-16
1.730898e-05 6.516300e-16
1.739793e-05 6.524400e-16
1.748688e-05 6.398400e-16
1.757583e-05 6.191300e-16
1.766479e-05 6.119300e-16
1.775374e-05 6.153000e-16
1.784268e-05 6.136500e-16
1.793164e-05 6.124700e-16
1.802059e-05 6.014200e-16
1.810953e-05 5.946800e-16
1.819848e-05 5.928400e-16
1.828744e-05 5.950900e-16
1.837639e-05 6.018400e-16
1.846533e-05 6.250300e-16
1.855429e-05 6.217000e-16
1.864324e-05 7.277100e-16
1.873219e-05 8.242300e-16
1.882114e-05 6.920200e-16
1.891009e-05 5.616700e-16
1.899904e-05 6.289600e-16
1.908799e-05 6.132000e-16
1.917695e-05 6.284400e-16
1.926589e-05 5.620500e-16
1.935484e-05 6.499100e-16
1.944379e-05 7.680300e-16
1.953275e-05 6.532300e-16
1.962169e-05 6.699000e-16
1.971064e-05 6.601300e-16
1.979960e-05 5.894700e-16
1.994046e-05 6.132700e-16
2.011071e-05 6.887200e-16
2.028105e-05 6.709500e-16
2.045150e-05 6.479300e-16
2.062203e-05 7.229900e-16
2.079265e-05 7.118700e-16
2.096337e-05 6.682600e-16
2.113417e-05 7.081600e-16
2.130507e-05 7.477800e-16
2.147607e-05 7.213200e-16
2.164716e-05 7.132700e-16
2.181834e-05 7.374000e-16
2.198961e-05 7.452800e-16
2.216097e-05 7.436400e-16
2.233244e-05 7.133800e-16
2.250399e-05 7.299400e-16
2.267564e-05 6.390000e-16
2.284738e-05 7.761800e-16
2.301921e-05 7.641400e-16
2.319115e-05 8.793700e-16
2.336317e-05 8.640600e-16
2.353529e-05 7.930600e-16
2.370751e-05 7.998900e-16
2.387982e-05 9.188700e-16
2.405223e-05 9.129900e-16
2.422473e-05 8.217100e-16
2.439732e-05 8.477800e-16
2.457001e-05 8.313300e-16
2.474280e-05 8.898900e-16
2.491569e-05 8.430200e-16
2.508866e-05 8.408000e-16
2.526174e-05 8.477800e-16
2.543491e-05 8.328900e-16
2.560817e-05 8.543100e-16
2.578154e-05 8.634000e-16
2.595500e-05 8.831900e-16
2.612856e-05 8.885900e-16
2.630222e-05 8.708200e-16
2.647597e-05 8.832200e-16
2.664982e-05 8.786500e-16
2.682378e-05 7.507000e-16
2.699782e-05 8.850000e-16
2.717196e-05 9.151800e-16
2.734621e-05 9.343400e-16
2.752055e-05 9.209400e-16
2.769499e-05 9.259000e-16
2.786952e-05 9.202800e-16
2.804416e-05 9.281300e-16
2.821890e-05 9.180000e-16
2.839374e-05 9.667200e-16
2.856867e-05 9.415300e-16
2.874371e-05 9.333900e-16
2.891884e-05 9.287900e-16
2.909408e-05 9.505600e-16
2.926941e-05 9.394300e-16
2.944485e-05 9.255800e-16
2.962038e-05 9.516200e-16
2.979602e-05 9.585100e-16
2.997175e-05 9.655200e-16
3.014759e-05 9.623500e-16
3.032354e-05 9.710300e-16
3.049958e-05 9.559500e-16
3.067572e-05 1.045500e-15
3.085195e-05 1.002800e-15
3.102831e-05 9.899000e-16
3.120475e-05 9.918700e-16
3.138130e-05 1.020300e-15
3.155795e-05 9.866500e-16
3.173471e-05 1.004700e-15
3.191157e-05 1.179400e-15
3.208852e-05 1.019900e-15
3.226558e-05 9.996800e-16
3.244275e-05 9.487700e-16
3.262002e-05 1.024600e-15
3.279739e-05 1.037600e-15
3.297487e-05 1.064200e-15
3.315245e-05 1.054000e-15
3.333013e-05 1.100100e-15
3.350793e-05 1.180700e-15
3.368581e-05 1.238500e-15
3.386382e-05 1.036900e-15
