1.001100e-08 3.915700e-21
1.019700e-08 5.161900e-21
1.041000e-08 6.149100e-21
1.060400e-08 7.495700e-21
1.080100e-08 9.371500e-21
1.100200e-08 1.332900e-20
1.138900e-08 1.831500e-20
1.178900e-08 2.370300e-20
1.209100e-08 9.307000e-20
1.248700e-08 1.129300e-19
1.269000e-08 1.201700e-19
1.280800e-08 1.264200e-19
1.310600e-08 1.367100e-19
1.319700e-08 1.613700e-19
1.341100e-08 1.681900e-19
1.369200e-08 2.112600e-19
1.401100e-08 2.263700e-19
1.430400e-08 6.092700e-19
1.470500e-08 1.351500e-18
1.511700e-08 1.438200e-18
1.550500e-08 1.548100e-18
1.590300e-08 1.678100e-18
1.619800e-08 1.765300e-18
1.661400e-08 1.917800e-18
1.700100e-08 2.045600e-18
1.731700e-08 2.142000e-18
1.772000e-08 2.316400e-18
1.800800e-08 2.436700e-18
1.821700e-08 2.522400e-18
1.859800e-08 2.702800e-18
1.911900e-08 2.963500e-18
1.938500e-08 3.160900e-18
1.979100e-08 3.394800e-18
2.020600e-08 3.688200e-18
2.048700e-08 3.924700e-18
2.101200e-08 4.176500e-18
2.160100e-08 4.929600e-18
2.200200e-08 5.417600e-18
2.230900e-08 5.725500e-18
2.272300e-08 6.321400e-18
2.298600e-08 8.929200e-18
2.341400e-08 1.438200e-17
2.401400e-08 1.869900e-17
2.457400e-08 1.967000e-17
2.520400e-08 2.316400e-17
2.567300e-08 2.284600e-17
2.603000e-08 2.635200e-17
2.639200e-08 3.371400e-17
2.688300e-08 3.817800e-17
2.738200e-08 4.283600e-17
2.789100e-08 4.263900e-17
2.841000e-08 5.405200e-17
2.900500e-08 6.249000e-17
2.961200e-08 6.604100e-17
3.009300e-08 6.963200e-17
3.079400e-08 8.566600e-17
3.180300e-08 1.013500e-16
3.277000e-08 1.241100e-16
3.376500e-08 1.389300e-16
3.479100e-08 1.537500e-16
3.568400e-08 2.348600e-16
3.659900e-08 4.062700e-16
3.753800e-08 4.464900e-16
3.850100e-08 4.006900e-16
3.948900e-08 6.742300e-16
4.050100e-08 9.328500e-16
4.144500e-08 1.013500e-15
4.221500e-08 9.881200e-16
4.300000e-08 1.013500e-15
4.410300e-08 1.302600e-15
4.513100e-08 1.431600e-15
4.597000e-08 1.342200e-15
4.704000e-08 1.468300e-15
4.802500e-08 1.769300e-15
4.903100e-08 1.591500e-15
4.994300e-08 2.088400e-15
5.063700e-08 1.852700e-15
5.122400e-08 3.039600e-15
5.205600e-08 3.011700e-15
5.302400e-08 2.916200e-15
5.401000e-08 2.493500e-15
5.501400e-08 2.522400e-15
5.603600e-08 3.457900e-15
5.694700e-08 4.044000e-15
5.800600e-08 4.090800e-15
5.894800e-08 4.303400e-15
6.004400e-08 3.713700e-15
6.102000e-08 3.696700e-15
6.201100e-08 4.828500e-15
6.301900e-08 4.653800e-15
6.404300e-08 5.270000e-15
6.493400e-08 5.185700e-15
6.583700e-08 4.828500e-15
6.644600e-08 5.543800e-15
6.752600e-08 5.940300e-15
6.846500e-08 5.161900e-15
6.957800e-08 6.134900e-15
7.054600e-08 5.009700e-15
7.152700e-08 6.543500e-15
7.252200e-08 6.726800e-15
7.353100e-08 6.820400e-15
7.455400e-08 6.680500e-15
7.541700e-08 6.726800e-15
7.646600e-08 6.092700e-15
7.753000e-08 6.899400e-15
7.842800e-08 6.379900e-15
7.951900e-08 6.947200e-15
8.044000e-08 7.207900e-15
8.155900e-08 7.291400e-15
8.250300e-08 7.478400e-15
8.345900e-08 5.967800e-15
8.442500e-08 7.444100e-15
8.540300e-08 7.358900e-15
8.659100e-08 7.688000e-15
8.759300e-08 7.777000e-15
8.840400e-08 7.830900e-15
8.942700e-08 7.903300e-15
9.046300e-08 7.777000e-15
9.151100e-08 7.582500e-15
9.257000e-08 1.785700e-14
9.342700e-08 2.896100e-14
9.450900e-08 4.062700e-14
9.560300e-08 4.918300e-14
9.648700e-08 5.306500e-14
9.760500e-08 1.857000e-14
9.850800e-08 4.195800e-14
9.941900e-08 4.195800e-14
1.005710e-07 5.505700e-14
1.015010e-07 5.582300e-14
1.024400e-07 3.563000e-14
1.033880e-07 4.621800e-14
1.045850e-07 6.883500e-14
1.055530e-07 6.649800e-14
1.065300e-07 5.455200e-14
1.075150e-07 6.134900e-14
1.085100e-07 5.185700e-14
1.095140e-07 6.335900e-14
1.105280e-07 6.050800e-14
1.115500e-07 5.858800e-14
1.125830e-07 5.161900e-14
1.136240e-07 6.292300e-14
1.144120e-07 5.858800e-14
1.154700e-07 5.981500e-14
1.165390e-07 5.954000e-14
1.176170e-07 4.053300e-14
1.184330e-07 5.686100e-14
1.195280e-07 4.506200e-14
1.206340e-07 3.688200e-14
1.214710e-07 2.949900e-14
1.225940e-07 4.424000e-14
1.234440e-07 5.712300e-14
1.245860e-07 5.995300e-14
1.254500e-07 5.778400e-14
1.266110e-07 5.318800e-14
1.274890e-07 6.277800e-14
1.283720e-07 6.453700e-14
1.295600e-07 5.343300e-14
1.304580e-07 5.306500e-14
1.313620e-07 6.277800e-14
1.325780e-07 5.981500e-14
1.334970e-07 5.455200e-14
1.344220e-07 6.134900e-14
1.353540e-07 5.940300e-14
1.366060e-07 5.392800e-14
1.375530e-07 5.493000e-14
1.385070e-07 5.467800e-14
1.394670e-07 4.353200e-14
1.404340e-07 4.333200e-14
1.414070e-07 5.044400e-14
1.423870e-07 5.009700e-14
1.433740e-07 5.091100e-14
1.440360e-07 5.245800e-14
1.447010e-07 5.282200e-14
1.453690e-07 5.091100e-14
1.463760e-07 4.740400e-14
1.473910e-07 4.762200e-14
1.484130e-07 4.817400e-14
1.494410e-07 4.817400e-14
1.504770e-07 4.547900e-14
1.511720e-07 4.128700e-14
1.518700e-07 4.333200e-14
1.525710e-07 4.224800e-14
1.536280e-07 3.637600e-14
1.543370e-07 3.571200e-14
1.554070e-07 3.473800e-14
1.564840e-07 3.722300e-14
1.575690e-07 3.951900e-14
1.586610e-07 4.081400e-14
1.593940e-07 4.109700e-14
1.604980e-07 4.016200e-14
1.616110e-07 3.979300e-14
1.623570e-07 3.835400e-14
1.634820e-07 4.034700e-14
1.646160e-07 4.044000e-14
1.653750e-07 3.853100e-14
1.665220e-07 4.053300e-14
1.672900e-07 3.671200e-14
1.676760e-07 4.128700e-14
1.684500e-07 4.176500e-14
1.696180e-07 3.951900e-14
1.704010e-07 3.817800e-14
1.715820e-07 3.595900e-14
1.723740e-07 3.546600e-14
1.735680e-07 3.739500e-14
1.743700e-07 3.654400e-14
1.755780e-07 3.791500e-14
1.763890e-07 3.571200e-14
1.776110e-07 3.538400e-14
1.784310e-07 3.604200e-14
1.796680e-07 3.739500e-14
1.804970e-07 3.722300e-14
1.813310e-07 3.434100e-14
1.825870e-07 3.489900e-14
1.834300e-07 3.387000e-14
1.847020e-07 3.131900e-14
1.855540e-07 3.131900e-14
1.864110e-07 3.182800e-14
1.877030e-07 3.363600e-14
1.885690e-07 3.096100e-14
1.894400e-07 2.956700e-14
1.903140e-07 3.131900e-14
1.916330e-07 2.991000e-14
1.925180e-07 2.896100e-14
1.934060e-07 3.032600e-14
1.942990e-07 3.089000e-14
1.956460e-07 2.856300e-14
1.965490e-07 3.081800e-14
1.974560e-07 3.168200e-14
1.983680e-07 2.991000e-14
1.992830e-07 2.909500e-14
2.006650e-07 2.997900e-14
2.015910e-07 2.909500e-14
2.025210e-07 3.011700e-14
2.034560e-07 2.817200e-14
2.043950e-07 2.882800e-14
2.053390e-07 2.629100e-14
2.062870e-07 2.696600e-14
2.072390e-07 2.929600e-14
2.077160e-07 2.746700e-14
2.086750e-07 2.836700e-14
2.096380e-07 2.690400e-14
2.106060e-07 2.721500e-14
2.115780e-07 2.740400e-14
2.125550e-07 2.753000e-14
2.135360e-07 2.623100e-14
2.145220e-07 2.605000e-14
2.155120e-07 2.690400e-14
2.165060e-07 2.617000e-14
2.175060e-07 2.593000e-14
2.185100e-07 2.522400e-14
2.195180e-07 2.605000e-14
2.205320e-07 2.545700e-14
2.215500e-07 2.453600e-14
2.225720e-07 2.381300e-14
2.236000e-07 2.453600e-14
2.246320e-07 2.381300e-14
2.256680e-07 2.300400e-14
2.267100e-07 2.337800e-14
2.277570e-07 2.359500e-14
2.282820e-07 2.364900e-14
2.293350e-07 2.232900e-14
2.303940e-07 2.245200e-14
2.314570e-07 2.166000e-14
2.325260e-07 1.828300e-14
2.335990e-07 2.062800e-14
2.346770e-07 2.041100e-14
2.357600e-07 2.095400e-14
2.363040e-07 2.002000e-14
2.373950e-07 2.003800e-14
2.384900e-07 1.915400e-14
2.395910e-07 1.989200e-14
2.406970e-07 1.927900e-14
2.412520e-07 1.942200e-14
2.423660e-07 1.980200e-14
2.434840e-07 1.910400e-14
2.446080e-07 1.970300e-14
2.457370e-07 1.940700e-14
2.463040e-07 1.923800e-14
2.474410e-07 1.873200e-14
2.485830e-07 1.896700e-14
2.497300e-07 1.684300e-14
2.503060e-07 1.895100e-14
2.514610e-07 1.770300e-14
2.520410e-07 1.837600e-14
2.526220e-07 1.784300e-14
2.537880e-07 1.786100e-14
2.543730e-07 1.742300e-14
2.555470e-07 1.792900e-14
2.567270e-07 1.770000e-14
2.573180e-07 1.816300e-14
2.585060e-07 1.797300e-14
2.596990e-07 1.778500e-14
2.602980e-07 1.738900e-14
2.614990e-07 1.716800e-14
2.627070e-07 1.738400e-14
2.633120e-07 1.739300e-14
2.645280e-07 1.789800e-14
2.657490e-07 1.779300e-14
2.663610e-07 1.692300e-14
2.675910e-07 1.721600e-14
2.682080e-07 1.706700e-14
2.694450e-07 1.661800e-14
2.706890e-07 1.663600e-14
2.713130e-07 1.626500e-14
2.725660e-07 1.628200e-14
2.731940e-07 1.651700e-14
2.744550e-07 1.550200e-14
2.757220e-07 1.548300e-14
2.763570e-07 1.559800e-14
2.776330e-07 1.597900e-14
2.782730e-07 1.565900e-14
2.795570e-07 1.400300e-14
2.802020e-07 1.457000e-14
2.814950e-07 1.562900e-14
2.827950e-07 1.564500e-14
2.834460e-07 1.505300e-14
2.847550e-07 1.493100e-14
2.854110e-07 1.480200e-14
2.867290e-07 1.512800e-14
2.873900e-07 1.489400e-14
2.887160e-07 1.487600e-14
2.893820e-07 1.464600e-14
2.907170e-07 1.493500e-14
2.927320e-07 1.461900e-14
2.947620e-07 1.434300e-14
2.968050e-07 1.426800e-14
2.988620e-07 1.409600e-14
3.009340e-07 1.395800e-14
3.030200e-07 1.382100e-14
3.051200e-07 1.365500e-14
3.072350e-07 1.345900e-14
3.086530e-07 1.332100e-14
3.107930e-07 1.313000e-14
3.129470e-07 1.291300e-14
3.151160e-07 1.281700e-14
3.173010e-07 1.260500e-14
3.187650e-07 1.224700e-14
3.209750e-07 1.226900e-14
3.232000e-07 1.203900e-14
3.246920e-07 1.199800e-14
3.269420e-07 1.190900e-14
3.292080e-07 1.176700e-14
3.307280e-07 1.164600e-14
3.322550e-07 1.190400e-14
3.330200e-07 1.180200e-14
3.337880e-07 1.151400e-14
3.345580e-07 1.141500e-14
3.353290e-07 1.137000e-14
3.361020e-07 1.137700e-14
3.368770e-07 1.125300e-14
3.376530e-07 1.092800e-14
3.384320e-07 1.124100e-14
3.392120e-07 1.137800e-14
3.399940e-07 1.157000e-14
3.407770e-07 1.100500e-14
3.415630e-07 1.108900e-14
3.423500e-07 1.132800e-14
3.431400e-07 1.133500e-14
3.439310e-07 1.131600e-14
3.447240e-07 1.093800e-14
3.455180e-07 1.069600e-14
3.463150e-07 1.058000e-14
3.471130e-07 1.070900e-14
3.479130e-07 1.059300e-14
3.487150e-07 1.057600e-14
3.495190e-07 1.075400e-14
3.503250e-07 1.051600e-14
3.511320e-07 1.040200e-14
3.519420e-07 1.045700e-14
3.527530e-07 1.046300e-14
3.535660e-07 1.064000e-14
3.543820e-07 1.064700e-14
3.551980e-07 1.070300e-14
3.560170e-07 1.061100e-14
3.568380e-07 1.037600e-14
3.576610e-07 9.938600e-15
3.584850e-07 9.853800e-15
3.593110e-07 9.769700e-15
3.601400e-07 1.007300e-14
3.609700e-07 1.003300e-14
3.618020e-07 1.006300e-14
3.626360e-07 1.042300e-14
3.630280e-07 8.760700e-15
3.633020e-07 1.357500e-14
3.635760e-07 1.069300e-14
3.638500e-07 9.615500e-15
3.641240e-07 7.209500e-15
3.643980e-07 1.092900e-14
3.646720e-07 7.933600e-15
3.649460e-07 9.170300e-15
3.652200e-07 1.223800e-14
3.654940e-07 9.960500e-15
3.657680e-07 1.206500e-14
3.660420e-07 8.597500e-15
3.663160e-07 8.006800e-15
3.665900e-07 6.224200e-15
3.668640e-07 7.886900e-15
3.671380e-07 1.173300e-14
3.674120e-07 9.651200e-15
3.676860e-07 1.006700e-14
3.679600e-07 4.913500e-15
3.682340e-07 9.223100e-15
3.685080e-07 8.867900e-15
3.687820e-07 9.064200e-15
3.690560e-07 1.177000e-14
3.693300e-07 1.171400e-14
3.696040e-07 8.328400e-15
3.698780e-07 1.023400e-14
3.701520e-07 1.337400e-14
3.704270e-07 9.443100e-15
3.707010e-07 9.423500e-15
3.709750e-07 9.171000e-15
3.712490e-07 1.206800e-14
3.715230e-07 1.182100e-14
3.717970e-07 1.460000e-14
3.720710e-07 2.202100e-14
3.723450e-07 4.425700e-14
3.726190e-07 7.941200e-14
3.728930e-07 9.622300e-14
3.731670e-07 7.579500e-14
3.734410e-07 3.938200e-14
3.737150e-07 1.744300e-14
3.739890e-07 1.107000e-14
3.742630e-07 1.207800e-14
3.745370e-07 1.093500e-14
3.748110e-07 1.090900e-14
3.750850e-07 1.209200e-14
3.753590e-07 9.880900e-15
3.756330e-07 1.139100e-14
3.759070e-07 1.132900e-14
3.761810e-07 1.146600e-14
3.764550e-07 1.159600e-14
3.767290e-07 8.485600e-15
3.770030e-07 1.185700e-14
3.772770e-07 1.073800e-14
3.775510e-07 9.138600e-15
3.778250e-07 8.833400e-15
3.780990e-07 1.091800e-14
3.783730e-07 1.191700e-14
3.786480e-07 1.042800e-14
3.789220e-07 1.036500e-14
3.791960e-07 9.174100e-15
3.794700e-07 9.664400e-15
3.797440e-07 1.052200e-14
3.800180e-07 1.004800e-14
3.802920e-07 1.053600e-14
3.805660e-07 1.083000e-14
3.808400e-07 9.588700e-15
3.811140e-07 7.998100e-15
3.813880e-07 1.332800e-14
3.816620e-07 9.954100e-15
3.819360e-07 9.734300e-15
3.822100e-07 7.678100e-15
3.824840e-07 1.048800e-14
3.827580e-07 1.114100e-14
3.830320e-07 9.937500e-15
3.833060e-07 9.251800e-15
3.835800e-07 8.383900e-15
3.838540e-07 1.036900e-14
3.841280e-07 1.129900e-14
3.844020e-07 8.617900e-15
3.846760e-07 1.252900e-14
3.849500e-07 8.918500e-15
3.852240e-07 1.098000e-14
3.854980e-07 1.104100e-14
3.857720e-07 9.618200e-15
3.860460e-07 1.052100e-14
3.863200e-07 1.528300e-14
3.865940e-07 2.158100e-14
3.868690e-07 2.520100e-14
3.871430e-07 2.132400e-14
3.874170e-07 1.590200e-14
3.876910e-07 1.189600e-14
3.879650e-07 1.002600e-14
3.882390e-07 1.067200e-14
3.885130e-07 1.450000e-14
3.887870e-07 1.461200e-14
3.890610e-07 1.490700e-14
3.893350e-07 1.363700e-14
3.896090e-07 1.163100e-14
3.898830e-07 9.125900e-15
3.901570e-07 8.698000e-15
3.904310e-07 8.739700e-15
3.907050e-07 9.567300e-15
3.909790e-07 1.124000e-14
3.912530e-07 1.083200e-14
3.915270e-07 1.150500e-14
3.918010e-07 1.032200e-14
3.920750e-07 1.119200e-14
3.923490e-07 1.056800e-14
3.926230e-07 1.073700e-14
3.928970e-07 1.128900e-14
3.931710e-07 8.593200e-15
3.934450e-07 9.438800e-15
3.937190e-07 9.071300e-15
3.939930e-07 1.038400e-14
3.942670e-07 1.068700e-14
3.945410e-07 1.004500e-14
3.948150e-07 1.021300e-14
3.950900e-07 1.137000e-14
3.953640e-07 1.082700e-14
3.956380e-07 8.768100e-15
3.959120e-07 8.692700e-15
3.961860e-07 1.052700e-14
3.964600e-07 1.335500e-14
3.967340e-07 1.682000e-14
3.970080e-07 1.704900e-14
3.972820e-07 1.561800e-14
3.975560e-07 1.046500e-14
3.978300e-07 9.523500e-15
3.981040e-07 1.106200e-14
3.983780e-07 9.271600e-15
3.986520e-07 7.919000e-15
3.989260e-07 8.406200e-15
3.992000e-07 1.083400e-14
3.994740e-07 1.059100e-14
3.997480e-07 1.044000e-14
4.000220e-07 8.219300e-15
4.002960e-07 9.620200e-15
4.005700e-07 1.082700e-14
4.008440e-07 1.000900e-14
4.011180e-07 1.099100e-14
4.013920e-07 1.074900e-14
4.016660e-07 1.011300e-14
4.019400e-07 1.020700e-14
4.022140e-07 8.455400e-15
4.024880e-07 1.033000e-14
4.027620e-07 1.069200e-14
4.030360e-07 8.502600e-15
4.033110e-07 9.338400e-15
4.035850e-07 1.155900e-14
4.038590e-07 1.088300e-14
4.041330e-07 1.094000e-14
4.044070e-07 9.519700e-15
4.046810e-07 8.506800e-15
4.049550e-07 9.806300e-15
4.052290e-07 1.170700e-14
4.055030e-07 1.078800e-14
4.057770e-07 1.045300e-14
4.060510e-07 1.178600e-14
4.063250e-07 1.071100e-14
4.065990e-07 9.806000e-15
4.068730e-07 1.090900e-14
4.071470e-07 1.128500e-14
4.074210e-07 1.095100e-14
4.076950e-07 1.031500e-14
4.079690e-07 9.002500e-15
4.082430e-07 1.017200e-14
4.085170e-07 8.960400e-15
4.087910e-07 1.045500e-14
4.090650e-07 9.403400e-15
4.093390e-07 8.653800e-15
4.096130e-07 1.120800e-14
4.098870e-07 1.561100e-14
4.101610e-07 1.913200e-14
4.104350e-07 1.584900e-14
4.107090e-07 1.164200e-14
4.109830e-07 8.535200e-15
4.112580e-07 7.516600e-15
4.115320e-07 9.095100e-15
4.118060e-07 8.137200e-15
4.120800e-07 9.344500e-15
4.123540e-07 8.637900e-15
4.126280e-07 1.001200e-14
4.129020e-07 1.004600e-14
4.131760e-07 9.059000e-15
4.134500e-07 8.285900e-15
4.137240e-07 8.100400e-15
4.139980e-07 9.447600e-15
4.142720e-07 9.742000e-15
4.145460e-07 1.154500e-14
4.148200e-07 8.203500e-15
4.150940e-07 1.215500e-14
4.153680e-07 1.025600e-14
4.156420e-07 9.139900e-15
4.159160e-07 9.735300e-15
4.161900e-07 9.560700e-15
4.164640e-07 9.702600e-15
4.167380e-07 7.778100e-15
4.170120e-07 9.172800e-15
4.172860e-07 1.027300e-14
4.175600e-07 1.073800e-14
4.178340e-07 9.174300e-15
4.181080e-07 9.038500e-15
4.183820e-07 9.956900e-15
4.186560e-07 1.031600e-14
4.189300e-07 8.572600e-15
4.192040e-07 9.544200e-15
4.194790e-07 8.939900e-15
4.197530e-07 9.211700e-15
4.200270e-07 9.090800e-15
4.203010e-07 1.110300e-14
4.205750e-07 1.020900e-14
4.208490e-07 9.935700e-15
4.211230e-07 8.446600e-15
4.213970e-07 9.087700e-15
4.216710e-07 1.036900e-14
4.219450e-07 9.029000e-15
4.222190e-07 8.821300e-15
4.224930e-07 8.739100e-15
4.227670e-07 9.416600e-15
4.230410e-07 9.375900e-15
4.233150e-07 9.568700e-15
4.235890e-07 8.734200e-15
4.238630e-07 9.037200e-15
4.241370e-07 1.017400e-14
4.244110e-07 1.009500e-14
4.246850e-07 9.425800e-15
4.249590e-07 9.719600e-15
4.252330e-07 9.336500e-15
4.255070e-07 9.214600e-15
4.257810e-07 9.879300e-15
4.260550e-07 9.518400e-15
4.263290e-07 9.122700e-15
4.266030e-07 8.263300e-15
4.268770e-07 9.650200e-15
4.271510e-07 8.591800e-15
4.274250e-07 9.049000e-15
4.277000e-07 8.899700e-15
4.279740e-07 9.690800e-15
4.282480e-07 8.491900e-15
4.285220e-07 8.490200e-15
4.287960e-07 9.178400e-15
4.290700e-07 9.192800e-15
4.293440e-07 7.935300e-15
4.296180e-07 8.718500e-15
4.298920e-07 8.214900e-15
4.301660e-07 7.844000e-15
4.304400e-07 1.029400e-14
4.307140e-07 9.910700e-15
4.309880e-07 9.605400e-15
4.312620e-07 9.018600e-15
4.315360e-07 8.734700e-15
4.318100e-07 8.317200e-15
4.320840e-07 8.510100e-15
4.323580e-07 8.178900e-15
4.326320e-07 6.907800e-15
4.329060e-07 7.832900e-15
4.331800e-07 9.718600e-15
4.334540e-07 1.389300e-14
4.337280e-07 2.317500e-14
4.340020e-07 2.708800e-14
4.342760e-07 2.250400e-14
4.345500e-07 1.425500e-14
4.348240e-07 8.796300e-15
4.350980e-07 8.381600e-15
4.353720e-07 8.132100e-15
4.356460e-07 8.817400e-15
4.359210e-07 1.119700e-14
4.361950e-07 1.169300e-14
4.364690e-07 1.118700e-14
4.367430e-07 1.066900e-14
4.370170e-07 1.022800e-14
4.372910e-07 9.009600e-15
4.375650e-07 8.721200e-15
4.378390e-07 9.248400e-15
4.381130e-07 8.473700e-15
4.383870e-07 8.496100e-15
4.386610e-07 8.143100e-15
4.389350e-07 9.913700e-15
4.392090e-07 9.158000e-15
4.394830e-07 8.822700e-15
4.397570e-07 8.282600e-15
4.400310e-07 8.108200e-15
4.403050e-07 9.332100e-15
4.405790e-07 9.371700e-15
4.408530e-07 8.442400e-15
4.411270e-07 8.809400e-15
4.414010e-07 8.653000e-15
4.416750e-07 8.174100e-15
4.419490e-07 8.662500e-15
4.422230e-07 8.950300e-15
4.424970e-07 8.073100e-15
4.427710e-07 8.191600e-15
4.430450e-07 7.897700e-15
4.433190e-07 8.592600e-15
4.435930e-07 8.687500e-15
4.438670e-07 9.209000e-15
4.441420e-07 8.062200e-15
4.444160e-07 8.193100e-15
4.446900e-07 8.370200e-15
4.449640e-07 8.919600e-15
4.452380e-07 8.771900e-15
4.455120e-07 7.983500e-15
4.457860e-07 7.585900e-15
4.460600e-07 8.203300e-15
4.463340e-07 8.241200e-15
4.466080e-07 8.714600e-15
4.468820e-07 1.026000e-14
4.471560e-07 9.280200e-15
4.474300e-07 8.721600e-15
4.477040e-07 9.137300e-15
4.479780e-07 8.662500e-15
4.482520e-07 7.125500e-15
4.485260e-07 8.360000e-15
4.488000e-07 8.145400e-15
4.490740e-07 8.310900e-15
4.493480e-07 7.791100e-15
4.496220e-07 8.027300e-15
4.498960e-07 8.510800e-15
4.501700e-07 7.967900e-15
4.504440e-07 8.612000e-15
4.507180e-07 8.573700e-15
4.509920e-07 8.110100e-15
4.512660e-07 8.401100e-15
4.515400e-07 9.108100e-15
4.518140e-07 8.669500e-15
4.520880e-07 7.766000e-15
4.523630e-07 8.225300e-15
4.526370e-07 9.155400e-15
4.529110e-07 8.808900e-15
4.531850e-07 8.397700e-15
4.534590e-07 7.732400e-15
4.537330e-07 7.797200e-15
4.540070e-07 7.958600e-15
4.542810e-07 8.087500e-15
4.545550e-07 8.530600e-15
4.548290e-07 8.113800e-15
4.551030e-07 8.482000e-15
4.553770e-07 7.480200e-15
4.556510e-07 7.587100e-15
4.559250e-07 8.221000e-15
4.561990e-07 8.540800e-15
4.564730e-07 7.782200e-15
4.567470e-07 7.396300e-15
4.570210e-07 7.920700e-15
4.572950e-07 8.081400e-15
4.575690e-07 7.815700e-15
4.578430e-07 7.753500e-15
4.581170e-07 7.543700e-15
4.583910e-07 8.020600e-15
4.586650e-07 7.883100e-15
4.589390e-07 8.428100e-15
4.592130e-07 7.740200e-15
4.594870e-07 8.722700e-15
4.597610e-07 8.738200e-15
4.600350e-07 8.403800e-15
4.603090e-07 7.940300e-15
4.605840e-07 7.925700e-15
4.608580e-07 7.913800e-15
4.611320e-07 7.486500e-15
4.614060e-07 7.738100e-15
4.616800e-07 8.967800e-15
4.619540e-07 8.748000e-15
4.622280e-07 7.928600e-15
4.625020e-07 8.056800e-15
4.627760e-07 8.834100e-15
4.630500e-07 8.555700e-15
4.633240e-07 7.631300e-15
4.635980e-07 8.486200e-15
4.638720e-07 8.493100e-15
4.641460e-07 8.396500e-15
4.644200e-07 8.324000e-15
4.646940e-07 8.580500e-15
4.649680e-07 7.449800e-15
4.652420e-07 7.777500e-15
4.655160e-07 7.781200e-15
4.657900e-07 8.158300e-15
4.660640e-07 7.702200e-15
4.663380e-07 8.037300e-15
4.666120e-07 8.026700e-15
4.668860e-07 7.336000e-15
4.671600e-07 7.762100e-15
4.674340e-07 7.714800e-15
4.677080e-07 8.446900e-15
4.679820e-07 7.853600e-15
4.682560e-07 8.344900e-15
4.685310e-07 8.532400e-15
4.688050e-07 8.551900e-15
4.690790e-07 8.603300e-15
4.693530e-07 8.758600e-15
4.696270e-07 8.762500e-15
4.699010e-07 8.530500e-15
4.701750e-07 8.414900e-15
4.704490e-07 7.998500e-15
4.707230e-07 8.663000e-15
4.709970e-07 8.546700e-15
4.712710e-07 8.226000e-15
4.715450e-07 7.796900e-15
4.718190e-07 8.403600e-15
4.720930e-07 8.628900e-15
4.723670e-07 7.430400e-15
4.726410e-07 7.719300e-15
4.729150e-07 7.216400e-15
4.731890e-07 7.004800e-15
4.734630e-07 7.880400e-15
4.737370e-07 7.780800e-15
4.740110e-07 7.207100e-15
4.742850e-07 7.810100e-15
4.745590e-07 7.643400e-15
4.748330e-07 7.241700e-15
4.751070e-07 7.594600e-15
4.753810e-07 7.373100e-15
4.756550e-07 6.954100e-15
4.759290e-07 7.475900e-15
4.762030e-07 7.422900e-15
4.764770e-07 7.705200e-15
4.767520e-07 6.983200e-15
4.770260e-07 6.854000e-15
4.773000e-07 7.655000e-15
4.775740e-07 7.245300e-15
4.778480e-07 8.176100e-15
4.781220e-07 8.165700e-15
4.783960e-07 7.564900e-15
4.786700e-07 7.124200e-15
4.789440e-07 7.478000e-15
4.792180e-07 8.026000e-15
4.794920e-07 7.381000e-15
4.797660e-07 7.695400e-15
4.800400e-07 8.076900e-15
4.803140e-07 8.546700e-15
4.805880e-07 7.020100e-15
4.808620e-07 7.242700e-15
4.811360e-07 8.087800e-15
4.814100e-07 7.918900e-15
4.816840e-07 7.341900e-15
4.819580e-07 7.024000e-15
4.822320e-07 8.247400e-15
4.825060e-07 7.373800e-15
4.827800e-07 7.656200e-15
4.830540e-07 7.984500e-15
4.833280e-07 7.477700e-15
4.836020e-07 7.688500e-15
4.838760e-07 7.769700e-15
4.841500e-07 7.215800e-15
4.844240e-07 7.436600e-15
4.846980e-07 7.255100e-15
4.849730e-07 7.281800e-15
4.852470e-07 9.139800e-15
4.855210e-07 1.678800e-14
4.857950e-07 3.586000e-14
4.860690e-07 5.129800e-14
4.863430e-07 4.728300e-14
4.866170e-07 2.676000e-14
4.868910e-07 1.273800e-14
4.871650e-07 8.604800e-15
4.874390e-07 7.223000e-15
4.877130e-07 7.555200e-15
4.879870e-07 8.537100e-15
4.882610e-07 7.681700e-15
4.885350e-07 7.848600e-15
4.888090e-07 7.706900e-15
4.890830e-07 7.723700e-15
4.893570e-07 7.782300e-15
4.896310e-07 7.178000e-15
4.899050e-07 7.783300e-15
4.901790e-07 7.424600e-15
4.904530e-07 7.073500e-15
4.907270e-07 7.559700e-15
4.910010e-07 7.626700e-15
4.912750e-07 6.925300e-15
4.915490e-07 7.548100e-15
4.918230e-07 7.703600e-15
4.920970e-07 7.107700e-15
4.923710e-07 6.965700e-15
4.926450e-07 6.999600e-15
4.929190e-07 7.523300e-15
4.931940e-07 7.114400e-15
4.934680e-07 7.091900e-15
4.937420e-07 6.840000e-15
4.940160e-07 7.277600e-15
4.942900e-07 7.622200e-15
4.945640e-07 7.683400e-15
4.948380e-07 8.913000e-15
4.951120e-07 1.268300e-14
4.953860e-07 2.823300e-14
4.956600e-07 5.664400e-14
4.959340e-07 6.860600e-14
4.962080e-07 5.257500e-14
4.964820e-07 3.207200e-14
4.967560e-07 1.190500e-14
4.970300e-07 7.951400e-15
4.973040e-07 7.346700e-15
4.975780e-07 8.448500e-15
4.978520e-07 6.921600e-15
4.981260e-07 7.589100e-15
4.984000e-07 7.429700e-15
4.986740e-07 6.725300e-15
4.989480e-07 8.791900e-15
4.992220e-07 8.568400e-15
4.994960e-07 8.758600e-15
4.997700e-07 1.301300e-14
5.000440e-07 3.794100e-14
5.003180e-07 1.135700e-13
5.005920e-07 1.855500e-13
5.008660e-07 1.782900e-13
5.011400e-07 9.844000e-14
5.014150e-07 3.367100e-14
5.016890e-07 1.477800e-14
5.019630e-07 9.804900e-15
5.022370e-07 7.943000e-15
5.025110e-07 7.294600e-15
5.027850e-07 7.618500e-15
5.030590e-07 6.822400e-15
5.033330e-07 6.878700e-15
5.036070e-07 6.775900e-15
5.038810e-07 8.158700e-15
5.041550e-07 7.016800e-15
5.044290e-07 7.293300e-15
5.047030e-07 7.947000e-15
5.049770e-07 7.667300e-15
5.052510e-07 7.583100e-15
5.055250e-07 6.390400e-15
5.057990e-07 7.061300e-15
5.060730e-07 7.127200e-15
5.063470e-07 7.590600e-15
5.066210e-07 7.259900e-15
5.068950e-07 7.104300e-15
5.071690e-07 7.327400e-15
5.074430e-07 6.452500e-15
5.077170e-07 6.687000e-15
5.079910e-07 6.580000e-15
5.082650e-07 6.855900e-15
5.085390e-07 6.908300e-15
5.088130e-07 7.964000e-15
5.090870e-07 6.379000e-15
5.093610e-07 6.378100e-15
5.096360e-07 6.212900e-15
5.099100e-07 7.133100e-15
5.101840e-07 6.773700e-15
5.104580e-07 7.058600e-15
5.107320e-07 6.177700e-15
5.110060e-07 6.770600e-15
5.112800e-07 6.652200e-15
5.115540e-07 6.922700e-15
5.118280e-07 6.902500e-15
5.121020e-07 6.506600e-15
5.123760e-07 7.180800e-15
5.126500e-07 6.470000e-15
5.129240e-07 6.912000e-15
5.131980e-07 6.436900e-15
5.134720e-07 5.864300e-15
5.137460e-07 6.768100e-15
5.140200e-07 6.431800e-15
5.142940e-07 5.991700e-15
5.145680e-07 6.325200e-15
5.148420e-07 6.822600e-15
5.151160e-07 6.467900e-15
5.153900e-07 6.077400e-15
5.156640e-07 7.241200e-15
5.159380e-07 7.044500e-15
5.162120e-07 6.876100e-15
5.164860e-07 6.889900e-15
5.167600e-07 6.003800e-15
5.170340e-07 5.460200e-15
5.173080e-07 6.072800e-15
5.175820e-07 6.037900e-15
5.178570e-07 6.558100e-15
5.181310e-07 6.066100e-15
5.184050e-07 6.208400e-15
5.186790e-07 6.183800e-15
5.189530e-07 6.749900e-15
5.192270e-07 6.775900e-15
5.195010e-07 7.226000e-15
5.197750e-07 6.749400e-15
5.200490e-07 7.358200e-15
5.203230e-07 6.875900e-15
5.205970e-07 6.547800e-15
5.208710e-07 6.162600e-15
5.211450e-07 5.789700e-15
5.214190e-07 6.444000e-15
5.216930e-07 6.483900e-15
5.219670e-07 6.094500e-15
5.222410e-07 5.754600e-15
5.225150e-07 5.927100e-15
5.227890e-07 6.916600e-15
5.230630e-07 7.251800e-15
5.233370e-07 7.099700e-15
5.236110e-07 6.679800e-15
5.238850e-07 6.603900e-15
5.241590e-07 6.410400e-15
5.244330e-07 6.527700e-15
5.247070e-07 5.331700e-15
5.249810e-07 6.442400e-15
5.252550e-07 6.334100e-15
5.255290e-07 6.451500e-15
5.258030e-07 6.622400e-15
5.260780e-07 6.371100e-15
5.263520e-07 6.310900e-15
5.266260e-07 7.037300e-15
5.269000e-07 6.492900e-15
5.271740e-07 6.750400e-15
5.274480e-07 6.766100e-15
5.277220e-07 6.453500e-15
5.279960e-07 6.293400e-15
5.282700e-07 6.499500e-15
5.285440e-07 5.856300e-15
5.288180e-07 6.468800e-15
5.290920e-07 6.325500e-15
5.293660e-07 6.253000e-15
5.296400e-07 5.936600e-15
5.299140e-07 5.700200e-15
5.301880e-07 5.780200e-15
5.304620e-07 5.933000e-15
5.307360e-07 6.492900e-15
5.310100e-07 6.222900e-15
5.312840e-07 6.117200e-15
5.315580e-07 6.504400e-15
5.318320e-07 5.913000e-15
5.321060e-07 6.215800e-15
5.323800e-07 6.592900e-15
5.326540e-07 5.959900e-15
5.329280e-07 5.849500e-15
5.332020e-07 6.208500e-15
5.334760e-07 6.706400e-15
5.337500e-07 6.033100e-15
5.340250e-07 6.334400e-15
5.342990e-07 5.901200e-15
5.345730e-07 6.383400e-15
5.348470e-07 5.814900e-15
5.351210e-07 6.227300e-15
5.353950e-07 6.337000e-15
5.356690e-07 6.452600e-15
5.359430e-07 6.520100e-15
5.362170e-07 6.180100e-15
5.364910e-07 6.025300e-15
5.367650e-07 6.347500e-15
5.370390e-07 6.295700e-15
5.373130e-07 6.933900e-15
5.375870e-07 6.410600e-15
5.378610e-07 6.118200e-15
5.381350e-07 6.280500e-15
5.384090e-07 5.973600e-15
5.386830e-07 6.200700e-15
5.389570e-07 5.752800e-15
5.392310e-07 5.752000e-15
5.395050e-07 6.015000e-15
5.397790e-07 5.691200e-15
5.400530e-07 5.355300e-15
5.403270e-07 5.556800e-15
5.406010e-07 5.357000e-15
5.408750e-07 5.889700e-15
5.411490e-07 6.097500e-15
5.414230e-07 5.847600e-15
5.416970e-07 6.340800e-15
5.419710e-07 6.080200e-15
5.422460e-07 5.833600e-15
5.425200e-07 5.605900e-15
5.427940e-07 6.409100e-15
5.430680e-07 6.655000e-15
5.433420e-07 6.089900e-15
5.436160e-07 5.945700e-15
5.438900e-07 6.194800e-15
5.441640e-07 6.336700e-15
5.444380e-07 6.522900e-15
5.447120e-07 6.505500e-15
5.449860e-07 6.485900e-15
5.452600e-07 6.028200e-15
5.455340e-07 7.027500e-15
5.458080e-07 5.860400e-15
5.460820e-07 6.368100e-15
5.463560e-07 6.417700e-15
5.466300e-07 5.615600e-15
5.469040e-07 6.835600e-15
5.471780e-07 6.071500e-15
5.474520e-07 6.025500e-15
5.477260e-07 5.542600e-15
5.480000e-07 6.073300e-15
5.482740e-07 6.454000e-15
5.485480e-07 6.095700e-15
5.488220e-07 6.528900e-15
5.490960e-07 5.915200e-15
5.493700e-07 6.020200e-15
5.496440e-07 5.528400e-15
5.499180e-07 5.464800e-15
5.501920e-07 5.682300e-15
5.504670e-07 5.442500e-15
5.507410e-07 5.570700e-15
5.510150e-07 5.870900e-15
5.512890e-07 5.947500e-15
5.515630e-07 6.210500e-15
5.518370e-07 6.544200e-15
5.521110e-07 6.053000e-15
5.523850e-07 6.090700e-15
5.526590e-07 6.063900e-15
5.529330e-07 6.050900e-15
5.532070e-07 5.099100e-15
5.534810e-07 5.486100e-15
5.537550e-07 5.807800e-15
5.540290e-07 5.877800e-15
5.543030e-07 6.141200e-15
5.545770e-07 6.397200e-15
5.548510e-07 6.564500e-15
5.551250e-07 5.915400e-15
5.553990e-07 5.930700e-15
5.556730e-07 5.949500e-15
5.559470e-07 5.994600e-15
5.562210e-07 5.609900e-15
5.564950e-07 6.148200e-15
5.567690e-07 5.551300e-15
5.570430e-07 6.058800e-15
5.573170e-07 6.411500e-15
5.575910e-07 6.121500e-15
5.578650e-07 6.186800e-15
5.581390e-07 5.270900e-15
5.584130e-07 6.293800e-15
5.586880e-07 5.462300e-15
5.589620e-07 5.637200e-15
5.592360e-07 5.111600e-15
5.595100e-07 4.980100e-15
5.597840e-07 5.054800e-15
5.600580e-07 5.558300e-15
5.603320e-07 5.387800e-15
5.606060e-07 5.246200e-15
5.608800e-07 6.103100e-15
5.611540e-07 6.053800e-15
5.614280e-07 6.253300e-15
5.617020e-07 5.615000e-15
5.619760e-07 5.525500e-15
5.622500e-07 5.755900e-15
5.625240e-07 5.520000e-15
5.627980e-07 5.453000e-15
5.630720e-07 5.884100e-15
5.633460e-07 6.075800e-15
5.636200e-07 5.634400e-15
5.638940e-07 5.840800e-15
5.641680e-07 5.618100e-15
5.644420e-07 5.558500e-15
5.647160e-07 5.784300e-15
5.649900e-07 5.918600e-15
5.652640e-07 6.019600e-15
5.655380e-07 6.163400e-15
5.658120e-07 6.222300e-15
5.660860e-07 5.670200e-15
5.663600e-07 5.425500e-15
5.666340e-07 5.673200e-15
5.669090e-07 5.703900e-15
5.671830e-07 5.343100e-15
5.674570e-07 5.807000e-15
5.677310e-07 5.712800e-15
5.680050e-07 5.511000e-15
5.682790e-07 5.613700e-15
5.685530e-07 6.002400e-15
5.688270e-07 6.029000e-15
5.691010e-07 5.748600e-15
5.693750e-07 5.433200e-15
5.696490e-07 5.100400e-15
5.699230e-07 5.299200e-15
5.701970e-07 5.676900e-15
5.704710e-07 5.516300e-15
5.707450e-07 5.145100e-15
5.710190e-07 5.232300e-15
5.712930e-07 6.281100e-15
5.715670e-07 6.352000e-15
5.718410e-07 5.790300e-15
5.721150e-07 5.732600e-15
5.723890e-07 5.774100e-15
5.726630e-07 5.423400e-15
5.729370e-07 5.205300e-15
5.732110e-07 6.079600e-15
5.734850e-07 5.704200e-15
5.737590e-07 5.281200e-15
5.740330e-07 6.160100e-15
5.743070e-07 6.221700e-15
5.745810e-07 5.264800e-15
5.748550e-07 5.152200e-15
5.751300e-07 5.318600e-15
5.754040e-07 5.088500e-15
5.756780e-07 6.119100e-15
5.759520e-07 5.549700e-15
5.762260e-07 5.531900e-15
5.765000e-07 5.773400e-15
5.767740e-07 5.906400e-15
5.770480e-07 5.325800e-15
5.773220e-07 5.711900e-15
5.775960e-07 5.226200e-15
5.778700e-07 5.074600e-15
5.781440e-07 5.519300e-15
5.784180e-07 5.765600e-15
5.786920e-07 6.017300e-15
5.789660e-07 5.622400e-15
5.792400e-07 5.168700e-15
5.795140e-07 5.452100e-15
5.797880e-07 5.141600e-15
5.800620e-07 5.436600e-15
5.803360e-07 5.733500e-15
5.806100e-07 5.101300e-15
5.808840e-07 5.617300e-15
5.811580e-07 5.374400e-15
5.814320e-07 6.140100e-15
5.817060e-07 5.609400e-15
5.819800e-07 5.882500e-15
5.822540e-07 5.029000e-15
5.825280e-07 5.611900e-15
5.828020e-07 5.680000e-15
5.830760e-07 6.194200e-15
5.833510e-07 5.627700e-15
5.836250e-07 5.008300e-15
5.838990e-07 5.834200e-15
5.841730e-07 5.297000e-15
5.844470e-07 5.748600e-15
5.847210e-07 5.095500e-15
5.849950e-07 5.695100e-15
5.852690e-07 6.443200e-15
5.855430e-07 5.779200e-15
5.858170e-07 5.544800e-15
5.860910e-07 4.972500e-15
5.863650e-07 6.249100e-15
5.866390e-07 7.156100e-15
5.869130e-07 5.562900e-15
5.871870e-07 9.093300e-15
5.874610e-07 9.641800e-15
5.877350e-07 8.701300e-15
5.880090e-07 6.761200e-15
5.882830e-07 6.442300e-15
5.885570e-07 5.803900e-15
5.888310e-07 4.931500e-15
5.891050e-07 5.721700e-15
5.893790e-07 5.055100e-15
5.896530e-07 5.472200e-15
5.899270e-07 4.887000e-15
5.902010e-07 4.704900e-15
5.904750e-07 5.926500e-15
5.907490e-07 5.409000e-15
5.910230e-07 5.088700e-15
5.912980e-07 4.985500e-15
5.915720e-07 5.030100e-15
5.918460e-07 5.409800e-15
5.921200e-07 5.611600e-15
5.923940e-07 5.248000e-15
5.926680e-07 4.846400e-15
5.929420e-07 5.394200e-15
5.932160e-07 5.074400e-15
5.934900e-07 5.257900e-15
5.937640e-07 4.554700e-15
5.940380e-07 5.305700e-15
5.943120e-07 5.526800e-15
5.945860e-07 5.268800e-15
5.948600e-07 4.527200e-15
5.951340e-07 4.815300e-15
5.954080e-07 5.173400e-15
5.956820e-07 4.771700e-15
5.959560e-07 5.669500e-15
5.962300e-07 4.957300e-15
5.965040e-07 4.950200e-15
5.967780e-07 5.367900e-15
5.970520e-07 5.008500e-15
5.973260e-07 4.977600e-15
5.976000e-07 4.756600e-15
5.978740e-07 5.104000e-15
5.981480e-07 5.276900e-15
5.984220e-07 5.107800e-15
5.986960e-07 4.871300e-15
5.989700e-07 4.900200e-15
5.992440e-07 5.203100e-15
5.995190e-07 5.617500e-15
5.997930e-07 5.766100e-15
6.000670e-07 4.842100e-15
6.003410e-07 5.262500e-15
6.006150e-07 4.973500e-15
6.008890e-07 5.719900e-15
6.011630e-07 5.834600e-15
6.014370e-07 5.381400e-15
6.017110e-07 4.851700e-15
6.019850e-07 4.454200e-15
6.022590e-07 5.089300e-15
6.025330e-07 4.785600e-15
6.028070e-07 5.105700e-15
6.030810e-07 4.820900e-15
6.033550e-07 4.511100e-15
6.036290e-07 5.015300e-15
6.039030e-07 4.788600e-15
6.041770e-07 5.363000e-15
6.044510e-07 4.959900e-15
6.047250e-07 4.531100e-15
6.049990e-07 5.029200e-15
6.052730e-07 5.203500e-15
6.055470e-07 5.061000e-15
6.058210e-07 4.903600e-15
6.060950e-07 4.954700e-15
6.063690e-07 5.517500e-15
6.066430e-07 5.326400e-15
6.069170e-07 4.990200e-15
6.071910e-07 5.461900e-15
6.074650e-07 5.278600e-15
6.077400e-07 5.055400e-15
6.080140e-07 5.316400e-15
6.082880e-07 5.439800e-15
6.085620e-07 5.028900e-15
6.088360e-07 4.665400e-15
6.091100e-07 4.736000e-15
6.093840e-07 4.001300e-15
6.096580e-07 4.493600e-15
6.099320e-07 5.553700e-15
6.102060e-07 4.866900e-15
6.104800e-07 4.627900e-15
6.107540e-07 4.785600e-15
6.110280e-07 4.917300e-15
6.113020e-07 5.259700e-15
6.115760e-07 5.224000e-15
6.118500e-07 4.785800e-15
6.121240e-07 4.843800e-15
6.123980e-07 5.353300e-15
6.126720e-07 5.374100e-15
6.129460e-07 4.929500e-15
6.132200e-07 5.055300e-15
6.134940e-07 4.666100e-15
6.137680e-07 4.642200e-15
6.140420e-07 4.509800e-15
6.143160e-07 4.510400e-15
6.145900e-07 5.252700e-15
6.148640e-07 5.335800e-15
6.151380e-07 4.833500e-15
6.154120e-07 5.626800e-15
6.156860e-07 5.486000e-15
6.159610e-07 5.025600e-15
6.162350e-07 4.962000e-15
6.165090e-07 5.058600e-15
6.167830e-07 4.955500e-15
6.170570e-07 4.890600e-15
6.173310e-07 4.494600e-15
6.176050e-07 5.175400e-15
6.178790e-07 4.429900e-15
6.181530e-07 3.836400e-15
6.184270e-07 5.463200e-15
6.187010e-07 4.219100e-15
6.189750e-07 4.826700e-15
6.192490e-07 4.973300e-15
6.195230e-07 5.311500e-15
6.197970e-07 4.763000e-15
6.200710e-07 4.163700e-15
6.203450e-07 4.364500e-15
6.206190e-07 4.646100e-15
6.208930e-07 4.896600e-15
6.211670e-07 5.308200e-15
6.214410e-07 4.171700e-15
6.217150e-07 4.327200e-15
6.219890e-07 4.699800e-15
6.222630e-07 5.370600e-15
6.225370e-07 4.990600e-15
6.228110e-07 5.465000e-15
6.230850e-07 5.063100e-15
6.233590e-07 5.160700e-15
6.236330e-07 4.129300e-15
6.239070e-07 4.756900e-15
6.241820e-07 5.075100e-15
6.244560e-07 4.293700e-15
6.247300e-07 5.155000e-15
6.250040e-07 4.624800e-15
6.252780e-07 4.385700e-15
6.255520e-07 4.494500e-15
6.258260e-07 4.695800e-15
6.261000e-07 5.471000e-15
6.263740e-07 4.513100e-15
6.266480e-07 4.711800e-15
6.269220e-07 4.901500e-15
6.271960e-07 4.625900e-15
6.274700e-07 4.314700e-15
6.277440e-07 3.913200e-15
6.280180e-07 3.926100e-15
6.282920e-07 4.844600e-15
6.285660e-07 3.376600e-15
6.288400e-07 4.525300e-15
6.291140e-07 4.856100e-15
6.293880e-07 5.536100e-15
6.296620e-07 6.311900e-15
6.299360e-07 7.344300e-15
6.302100e-07 7.205100e-15
6.304840e-07 6.960600e-15
6.307580e-07 6.178900e-15
6.310320e-07 5.427700e-15
6.313060e-07 5.559900e-15
6.315800e-07 4.878400e-15
6.318540e-07 4.592000e-15
6.321280e-07 4.680800e-15
6.324030e-07 5.092600e-15
6.326770e-07 4.428300e-15
6.329510e-07 4.887800e-15
6.332250e-07 4.702900e-15
6.334990e-07 4.427900e-15
6.337730e-07 5.086100e-15
6.340470e-07 5.565500e-15
6.343210e-07 4.740900e-15
6.345950e-07 5.552900e-15
6.348690e-07 4.664700e-15
6.351430e-07 4.993000e-15
6.354170e-07 4.366200e-15
6.356910e-07 4.126900e-15
6.359650e-07 4.628300e-15
6.362390e-07 3.883300e-15
6.365130e-07 5.452600e-15
6.367870e-07 4.209900e-15
6.370610e-07 4.595100e-15
6.373350e-07 4.391200e-15
6.376090e-07 4.579400e-15
6.378830e-07 4.329400e-15
6.381570e-07 4.822200e-15
6.384310e-07 4.992800e-15
6.387050e-07 4.698300e-15
6.389790e-07 4.651300e-15
6.392530e-07 4.333000e-15
6.395270e-07 4.581000e-15
6.398010e-07 4.869800e-15
6.400750e-07 4.127000e-15
6.403490e-07 4.512800e-15
6.406240e-07 4.782700e-15
6.408980e-07 4.581200e-15
6.411720e-07 4.716600e-15
6.414460e-07 4.573600e-15
6.417200e-07 4.085300e-15
6.419940e-07 4.313100e-15
6.422680e-07 4.680000e-15
6.425420e-07 4.799500e-15
6.428160e-07 5.091800e-15
6.430900e-07 5.383600e-15
6.433640e-07 4.870400e-15
6.436380e-07 4.176200e-15
6.439120e-07 3.529000e-15
6.441860e-07 4.590400e-15
6.444600e-07 4.223200e-15
6.447340e-07 4.236200e-15
6.450080e-07 4.707700e-15
6.452820e-07 3.678900e-15
6.455560e-07 4.526500e-15
6.458300e-07 4.617500e-15
6.461040e-07 3.679800e-15
6.463780e-07 3.725300e-15
6.466520e-07 4.513400e-15
6.469260e-07 4.973100e-15
6.472000e-07 4.751000e-15
6.474740e-07 3.935800e-15
6.477480e-07 3.964200e-15
6.480220e-07 3.877100e-15
6.482960e-07 4.501300e-15
6.485700e-07 3.771900e-15
6.488450e-07 4.061600e-15
6.491190e-07 4.484300e-15
6.493930e-07 4.605400e-15
6.496670e-07 4.169800e-15
6.499410e-07 4.640100e-15
6.502150e-07 4.757400e-15
6.504890e-07 5.591200e-15
6.507630e-07 5.204900e-15
6.510370e-07 4.934500e-15
6.513110e-07 4.930300e-15
6.515850e-07 4.273300e-15
6.518590e-07 4.700200e-15
6.521330e-07 4.832500e-15
6.524070e-07 4.966200e-15
6.526810e-07 5.264500e-15
6.529550e-07 5.012500e-15
6.532290e-07 4.507500e-15
6.535030e-07 4.947900e-15
6.537770e-07 4.646800e-15
6.540510e-07 4.844400e-15
6.543250e-07 5.844000e-15
6.545990e-07 6.583900e-15
6.548730e-07 6.377600e-15
6.551470e-07 8.220600e-15
6.554210e-07 1.480800e-14
6.556950e-07 4.323700e-14
6.559690e-07 1.000300e-13
6.562430e-07 1.383000e-13
6.565170e-07 1.124000e-13
6.567920e-07 5.415500e-14
6.570660e-07 1.663800e-14
6.573400e-07 7.192200e-15
6.576140e-07 6.230100e-15
6.578880e-07 6.980700e-15
6.581620e-07 8.189500e-15
6.584360e-07 8.369300e-15
6.587100e-07 7.180500e-15
6.589840e-07 4.558400e-15
6.592580e-07 4.363000e-15
6.595320e-07 5.057000e-15
6.598060e-07 4.971200e-15
6.600800e-07 4.070400e-15
6.603540e-07 4.642200e-15
6.606280e-07 5.072700e-15
6.609020e-07 4.037300e-15
6.611760e-07 4.103900e-15
6.614500e-07 4.057200e-15
6.617240e-07 4.476200e-15
6.619980e-07 4.269400e-15
6.622720e-07 4.184200e-15
6.625460e-07 4.880800e-15
6.628200e-07 3.851300e-15
6.630940e-07 3.866100e-15
6.633680e-07 4.263700e-15
6.636420e-07 4.439500e-15
6.639160e-07 4.516900e-15
6.641900e-07 3.855800e-15
6.644640e-07 5.279400e-15
6.647380e-07 4.078100e-15
6.650130e-07 4.782200e-15
6.652870e-07 4.878500e-15
6.655610e-07 4.189100e-15
6.658350e-07 4.492200e-15
6.661090e-07 3.766000e-15
6.663830e-07 3.605000e-15
6.666570e-07 4.895900e-15
6.669310e-07 4.218200e-15
6.672050e-07 5.488700e-15
6.674790e-07 6.038800e-15
6.677530e-07 5.310200e-15
6.680270e-07 5.269800e-15
6.683010e-07 4.716900e-15
6.685750e-07 4.076500e-15
6.688490e-07 4.011900e-15
6.691230e-07 4.310200e-15
6.693970e-07 3.940000e-15
6.696710e-07 4.088100e-15
6.699450e-07 4.119000e-15
6.702190e-07 4.326000e-15
6.704930e-07 4.295900e-15
6.707670e-07 5.070100e-15
6.710410e-07 7.611800e-15
6.713150e-07 1.140000e-14
6.715890e-07 1.530200e-14
6.718630e-07 1.411800e-14
6.721370e-07 9.307600e-15
6.724110e-07 6.798600e-15
6.726850e-07 9.154700e-15
6.729590e-07 1.214700e-14
6.732340e-07 1.175800e-14
6.735080e-07 8.833500e-15
6.737820e-07 5.661500e-15
6.740560e-07 4.638300e-15
6.743300e-07 4.267200e-15
6.746040e-07 4.162600e-15
6.748780e-07 4.688400e-15
6.751520e-07 4.483400e-15
6.754260e-07 4.242700e-15
6.757000e-07 4.210400e-15
6.759740e-07 3.727000e-15
6.762480e-07 3.972200e-15
6.765220e-07 4.105300e-15
6.767960e-07 4.263300e-15
6.770700e-07 3.889700e-15
6.773440e-07 4.071500e-15
6.776180e-07 4.525100e-15
6.778920e-07 4.265200e-15
6.781660e-07 4.520100e-15
6.784400e-07 4.214600e-15
6.787140e-07 3.979100e-15
6.789880e-07 3.524900e-15
6.792620e-07 3.162600e-15
6.795360e-07 4.390800e-15
6.798100e-07 3.816200e-15
6.800840e-07 4.491000e-15
6.803580e-07 3.975800e-15
6.815080e-07 4.201700e-15
6.830790e-07 4.239500e-15
6.846530e-07 4.113500e-15
6.862320e-07 4.093600e-15
6.878140e-07 4.036500e-15
6.893990e-07 4.035500e-15
6.909890e-07 4.025200e-15
6.925820e-07 4.024200e-15
6.941780e-07 4.098000e-15
6.957790e-07 4.125400e-15
6.973820e-07 4.114900e-15
6.989900e-07 4.095000e-15
7.006010e-07 3.991500e-15
7.022160e-07 3.890700e-15
7.038350e-07 4.045000e-15
7.054570e-07 4.128700e-15
7.070840e-07 3.843300e-15
7.087140e-07 3.986500e-15
7.103480e-07 3.814900e-15
7.119850e-07 3.770300e-15
7.136260e-07 3.666600e-15
7.152710e-07 3.751100e-15
7.169210e-07 3.741500e-15
7.185730e-07 3.638600e-15
7.202290e-07 3.620900e-15
7.218900e-07 3.764500e-15
7.235540e-07 3.746200e-15
7.252220e-07 3.634800e-15
7.268940e-07 3.642200e-15
7.285700e-07 3.666500e-15
7.302490e-07 3.785700e-15
7.319320e-07 3.681500e-15
7.336200e-07 3.766300e-15
7.353110e-07 3.730800e-15
7.370060e-07 3.653300e-15
7.387050e-07 3.815700e-15
7.404080e-07 3.779700e-15
7.421140e-07 3.667200e-15
7.438250e-07 3.700200e-15
7.455400e-07 3.707700e-15
7.472590e-07 3.715300e-15
7.489810e-07 3.663300e-15
7.507080e-07 3.704700e-15
7.524380e-07 3.746600e-15
7.541730e-07 3.737000e-15
7.559120e-07 3.667800e-15
7.576540e-07 3.633200e-15
7.594010e-07 3.598900e-15
7.611510e-07 3.540400e-15
7.629060e-07 3.547500e-15
7.646650e-07 3.497900e-15
7.664270e-07 3.449000e-15
7.681940e-07 3.385100e-15
7.699650e-07 3.407600e-15
7.717400e-07 3.398800e-15
7.735190e-07 3.351200e-15
7.753020e-07 3.304300e-15
7.770890e-07 3.364800e-15
7.788800e-07 3.264700e-15
7.806760e-07 3.286400e-15
7.824760e-07 3.393100e-15
7.842790e-07 3.269400e-15
7.860880e-07 3.337000e-15
7.879000e-07 3.336000e-15
7.897160e-07 3.358200e-15
7.915370e-07 3.250700e-15
7.933610e-07 3.212600e-15
7.951900e-07 3.102600e-15
7.970230e-07 3.181300e-15
7.988610e-07 3.195100e-15
8.007020e-07 3.150300e-15
8.025480e-07 3.245100e-15
8.043980e-07 3.251600e-15
8.062520e-07 3.220900e-15
8.081110e-07 3.117800e-15
8.099740e-07 3.004100e-15
8.118410e-07 3.159300e-15
8.137120e-07 3.158400e-15
8.155880e-07 3.057300e-15
8.174680e-07 3.063400e-15
8.193530e-07 3.020500e-15
8.212410e-07 3.089900e-15
8.231350e-07 2.997900e-15
8.250320e-07 3.088100e-15
8.269340e-07 3.144500e-15
8.288410e-07 3.036900e-15
8.307510e-07 3.022000e-15
8.326660e-07 3.014100e-15
8.345860e-07 2.965000e-15
8.365100e-07 3.005400e-15
8.384380e-07 2.949600e-15
8.403710e-07 2.982900e-15
8.423080e-07 2.941000e-15
8.442500e-07 2.893100e-15
8.461960e-07 2.959600e-15
8.481470e-07 2.911400e-15
8.501020e-07 2.937400e-15
8.520610e-07 2.902900e-15
8.540260e-07 2.902000e-15
8.559940e-07 2.789700e-15
8.579680e-07 2.927000e-15
8.599460e-07 2.813700e-15
8.619280e-07 2.787100e-15
8.639150e-07 2.904100e-15
8.659060e-07 2.759800e-15
8.679030e-07 2.616600e-15
8.699030e-07 2.689000e-15
8.719080e-07 2.834400e-15
8.739190e-07 2.814000e-15
8.759330e-07 2.524500e-15
8.779520e-07 2.792800e-15
8.799760e-07 2.804800e-15
8.820050e-07 2.816800e-15
8.840380e-07 2.815900e-15
8.860760e-07 2.694500e-15
8.881190e-07 2.584300e-15
8.901660e-07 2.686500e-15
8.922180e-07 2.698100e-15
8.942750e-07 2.703400e-15
8.963360e-07 2.610800e-15
8.984020e-07 2.580000e-15
9.004740e-07 2.706900e-15
9.025490e-07 2.164400e-15
9.046300e-07 2.749100e-15
9.067150e-07 2.799300e-15
9.088060e-07 2.552100e-15
9.109000e-07 2.527900e-15
9.130000e-07 2.585900e-15
9.151050e-07 2.555400e-15
9.172140e-07 2.590100e-15
9.193290e-07 2.524400e-15
9.214480e-07 2.546900e-15
9.235720e-07 2.300800e-15
9.257010e-07 2.441900e-15
9.278360e-07 2.633700e-15
9.299740e-07 2.497000e-15
9.321180e-07 2.530900e-15
9.342670e-07 2.524200e-15
9.364210e-07 2.488700e-15
9.385790e-07 2.505100e-15
9.407430e-07 2.452900e-15
9.429120e-07 2.503300e-15
9.450850e-07 2.468100e-15
9.472640e-07 2.495800e-15
9.494480e-07 2.489200e-15
9.516360e-07 2.431700e-15
9.538300e-07 2.392000e-15
9.560290e-07 2.241800e-15
9.582330e-07 2.446000e-15
9.604410e-07 2.422700e-15
9.626550e-07 2.421800e-15
9.648750e-07 2.404300e-15
9.670990e-07 2.386900e-15
9.693280e-07 2.408100e-15
9.715630e-07 2.379600e-15
9.738030e-07 2.357000e-15
9.760470e-07 2.339900e-15
9.782980e-07 2.317600e-15
9.805530e-07 2.349000e-15
9.828130e-07 2.326600e-15
9.850780e-07 2.331100e-15
9.873500e-07 2.314200e-15
9.896260e-07 2.302700e-15
9.919070e-07 2.291300e-15
9.941940e-07 2.295700e-15
9.964850e-07 2.289600e-15
9.987820e-07 2.273000e-15
1.003392e-06 2.224700e-15
1.008024e-06 2.172400e-15
1.012677e-06 2.241900e-15
1.017351e-06 2.219600e-15
1.022048e-06 2.218000e-15
1.026765e-06 2.211100e-15
1.029131e-06 2.200100e-15
1.050681e-06 2.098500e-15
1.070215e-06 1.989800e-15
1.090112e-06 1.861300e-15
1.110378e-06 1.777500e-15
1.131021e-06 1.733000e-15
1.149399e-06 1.713200e-15
1.170769e-06 1.658900e-15
1.189792e-06 1.587900e-15
1.209125e-06 1.548100e-15
1.228771e-06 1.512900e-15
1.248737e-06 1.458200e-15
1.269027e-06 1.415200e-15
1.289647e-06 1.370300e-15
1.310602e-06 1.339100e-15
1.328835e-06 1.290700e-15
1.350426e-06 1.255500e-15
1.369213e-06 1.221300e-15
1.391461e-06 1.174400e-15
1.410818e-06 1.116400e-15
1.430444e-06 1.086000e-15
1.450344e-06 1.078500e-15
1.470521e-06 1.041900e-15
1.490978e-06 1.044300e-15
1.511719e-06 1.039500e-15
1.529223e-06 1.044300e-15
1.550497e-06 1.034700e-15
1.568451e-06 1.001900e-15
1.590271e-06 9.545800e-16
1.608685e-06 9.545800e-16
1.631065e-06 9.458300e-16
1.649950e-06 9.264300e-16
1.669056e-06 9.200500e-16
1.688383e-06 9.011800e-16
1.711871e-06 8.847300e-16
1.731692e-06 8.468600e-16
1.751745e-06 8.218800e-16
1.772030e-06 7.867000e-16
1.788427e-06 7.547600e-16
1.809134e-06 7.141900e-16
1.830083e-06 6.931200e-16
1.851275e-06 6.680500e-16
1.868404e-06 6.321400e-16
1.890039e-06 6.163300e-16
1.911925e-06 6.064700e-16
1.929617e-06 5.872300e-16
1.951959e-06 5.621000e-16
1.970021e-06 5.442700e-16
1.988251e-06 5.270000e-16
2.011272e-06 5.161900e-16
2.029883e-06 4.975200e-16
2.048666e-06 4.906900e-16
2.067621e-06 4.773200e-16
2.091563e-06 4.653800e-16
2.110917e-06 4.568900e-16
2.130448e-06 4.454600e-16
2.150161e-06 4.353200e-16
2.170055e-06 4.195800e-16
2.190135e-06 4.119200e-16
2.210401e-06 3.997700e-16
2.230852e-06 3.879800e-16
2.251495e-06 3.774100e-16
2.272327e-06 3.671200e-16
2.288079e-06 3.294700e-16
2.309249e-06 3.272000e-16
2.330617e-06 2.869500e-16
2.352183e-06 2.671800e-16
2.368486e-06 2.715300e-16
2.390403e-06 2.487800e-16
2.412519e-06 2.392300e-16
2.429243e-06 2.370300e-16
2.451719e-06 2.196900e-16
2.468715e-06 2.166800e-16
2.491556e-06 1.887200e-16
2.508829e-06 1.878500e-16
2.532044e-06 1.891500e-16
2.549594e-06 1.874200e-16
2.567265e-06 1.891500e-16
2.591021e-06 1.835700e-16
2.608982e-06 1.823100e-16
2.627066e-06 1.773400e-16
2.651375e-06 1.753100e-16
2.669752e-06 1.709300e-16
2.688259e-06 1.681900e-16
2.706892e-06 1.655000e-16
2.731940e-06 1.613700e-16
2.750875e-06 1.584200e-16
2.769942e-06 1.541000e-16
2.789144e-06 1.523400e-16
2.808476e-06 1.485300e-16
2.827945e-06 1.461500e-16
2.847546e-06 1.428300e-16
2.867286e-06 1.395800e-16
2.887160e-06 1.373400e-16
2.907175e-06 1.348400e-16
2.927325e-06 1.317700e-16
2.947618e-06 1.287700e-16
2.968048e-06 1.267100e-16
2.988623e-06 1.238300e-16
3.009338e-06 1.215700e-16
3.030196e-06 1.185300e-16
3.051202e-06 1.169000e-16
3.072351e-06 1.150300e-16
3.086534e-06 1.129300e-16
3.107928e-06 1.111200e-16
3.129473e-06 1.093500e-16
3.151164e-06 1.073500e-16
3.173005e-06 1.053900e-16
3.187653e-06 1.039500e-16
3.209747e-06 1.022800e-16
3.231998e-06 1.008800e-16
3.246915e-06 9.949700e-17
3.269420e-06 9.904000e-17
3.292085e-06 9.972700e-17
3.307279e-06 9.858500e-17
3.330206e-06 9.414800e-17
3.353288e-06 9.158200e-17
3.368765e-06 8.949700e-17
3.392118e-06 8.766200e-17
3.407775e-06 8.586400e-17
3.431398e-06 8.449100e-17
3.447236e-06 8.294900e-17
3.471129e-06 8.143500e-17
3.487154e-06 7.994900e-17
3.511324e-06 7.848900e-17
3.527530e-06 7.705700e-17
3.551984e-06 7.565000e-17
3.568378e-06 7.427000e-17
3.593115e-06 7.291400e-17
3.609699e-06 7.174800e-17
3.626359e-06 7.043900e-17
3.651498e-06 6.899400e-17
3.668351e-06 6.789100e-17
3.693777e-06 6.634500e-17
3.710830e-06 6.513400e-17
3.727957e-06 6.409300e-17
3.753800e-06 6.249000e-17
3.771126e-06 6.191700e-17
3.788531e-06 6.078700e-17
3.806017e-06 5.967800e-17
3.832401e-06 5.885900e-17
3.850089e-06 5.778400e-17
3.867864e-06 5.673000e-17
3.885716e-06 5.569400e-17
3.912648e-06 5.480400e-17
3.930711e-06 5.392800e-17
3.948853e-06 5.282200e-17
3.967079e-06 5.197700e-17
3.994580e-06 5.091100e-17
4.013017e-06 5.021200e-17
4.031539e-06 4.941000e-17
4.050150e-06 4.839600e-17
4.068844e-06 4.784200e-17
4.087623e-06 4.707700e-17
4.106489e-06 4.643100e-17
4.125447e-06 4.579400e-17
4.154041e-06 4.506200e-17
4.173219e-06 4.424000e-17
4.192480e-06 4.363300e-17
4.211830e-06 4.303400e-17
4.231270e-06 4.254100e-17
4.250804e-06 4.186100e-17
4.270423e-06 4.128700e-17
4.290133e-06 3.979300e-17
4.309939e-06 3.835400e-17
4.329831e-06 3.835400e-17
4.349815e-06 3.705200e-17
4.369896e-06 3.629200e-17
4.390065e-06 3.579400e-17
4.410328e-06 3.457900e-17
4.430683e-06 3.434100e-17
4.451138e-06 3.379200e-17
4.471682e-06 3.294700e-17
4.492320e-06 3.302300e-17
4.513060e-06 3.242000e-17
4.533889e-06 3.175500e-17
4.554816e-06 3.168200e-17
4.565315e-06 3.139100e-17
4.586391e-06 3.067700e-17
4.607559e-06 3.074800e-17
4.628825e-06 3.032600e-17
4.650194e-06 2.997900e-17
4.671657e-06 2.984100e-17
4.693219e-06 2.963500e-17
4.714885e-06 2.929600e-17
4.725753e-06 2.929600e-17
4.747565e-06 2.896100e-17
4.769477e-06 2.876100e-17
4.791496e-06 2.856300e-17
4.813611e-06 2.817200e-17
4.824706e-06 2.830200e-17
4.846975e-06 2.797800e-17
4.869351e-06 2.772100e-17
4.891825e-06 2.759400e-17
4.914403e-06 2.734100e-17
4.925731e-06 2.721500e-17
4.948471e-06 2.702800e-17
4.971311e-06 2.696600e-17
4.994256e-06 2.663400e-17
5.005773e-06 2.643000e-17
5.028877e-06 2.596500e-17
5.052088e-06 2.544500e-17
5.075405e-06 2.510400e-17
5.087110e-06 2.490400e-17
5.098836e-06 2.470600e-17
5.110589e-06 2.445100e-17
5.122369e-06 2.425400e-17
5.134177e-06 2.400100e-17
5.146012e-06 2.386000e-17
5.157879e-06 2.366400e-17
5.169769e-06 2.357700e-17
5.181685e-06 2.338100e-17
5.193629e-06 2.318500e-17
5.205601e-06 2.293700e-17
5.217600e-06 2.279500e-17
5.229627e-06 2.260100e-17
5.241688e-06 2.240700e-17
5.253770e-06 2.226500e-17
5.265880e-06 2.217400e-17
5.278018e-06 2.203000e-17
5.290185e-06 2.173600e-17
5.302379e-06 2.154400e-17
5.314607e-06 2.135200e-17
5.326858e-06 2.120900e-17
5.339136e-06 2.106600e-17
5.351444e-06 2.092200e-17
5.363779e-06 2.073100e-17
5.376143e-06 2.058700e-17
5.388535e-06 2.044300e-17
5.400962e-06 2.029800e-17
5.413412e-06 2.010700e-17
5.425890e-06 1.996200e-17
5.438397e-06 1.977200e-17
5.450933e-06 1.967200e-17
5.463498e-06 1.948100e-17
5.476092e-06 1.933500e-17
5.488721e-06 1.918900e-17
5.501372e-06 1.904300e-17
5.514053e-06 1.885300e-17
5.526764e-06 1.879200e-17
5.539503e-06 1.868700e-17
5.552272e-06 1.845400e-17
5.565077e-06 1.834800e-17
5.577904e-06 1.824100e-17
5.590762e-06 1.805000e-17
5.603649e-06 1.790000e-17
5.616566e-06 1.779100e-17
5.629513e-06 1.764000e-17
5.642489e-06 1.749000e-17
5.655501e-06 1.737800e-17
5.668538e-06 1.726600e-17
5.681604e-06 1.711300e-17
5.694701e-06 1.692100e-17
5.707827e-06 1.684600e-17
5.720984e-06 1.673000e-17
5.734178e-06 1.661300e-17
5.747396e-06 1.645800e-17
5.760644e-06 1.634000e-17
5.773922e-06 1.622000e-17
5.787232e-06 1.610000e-17
5.800572e-06 1.597900e-17
5.813943e-06 1.585700e-17
5.827350e-06 1.573300e-17
5.840783e-06 1.564500e-17
5.854246e-06 1.551900e-17
5.867741e-06 1.539300e-17
5.881266e-06 1.530000e-17
5.894823e-06 1.520600e-17
5.922163e-06 1.281200e-17
5.952306e-06 2.137500e-17
5.982440e-06 1.576300e-17
6.012574e-06 6.543800e-18
6.042708e-06 1.653100e-17
6.072841e-06 1.817300e-17
6.102985e-06 1.274300e-17
6.133118e-06 1.652000e-17
6.163252e-06 2.207100e-17
6.193386e-06 2.300400e-17
6.223520e-06 1.933500e-17
6.253664e-06 2.307900e-17
6.283797e-06 1.755400e-17
6.313931e-06 1.883800e-17
6.344064e-06 2.091300e-17
6.374198e-06 2.155400e-17
6.404342e-06 2.177000e-17
6.434476e-06 1.602100e-17
6.464609e-06 1.035500e-17
6.494743e-06 2.049700e-17
6.524877e-06 2.280000e-17
6.555020e-06 1.198600e-17
6.585154e-06 1.850000e-17
6.615287e-06 2.114800e-17
6.645422e-06 1.869100e-17
6.675555e-06 1.095500e-17
6.705699e-06 1.257300e-17
6.735833e-06 7.545400e-18
6.765967e-06 2.073000e-17
6.796100e-06 1.693800e-17
6.826234e-06 1.997700e-17
6.856378e-06 2.428300e-17
6.886511e-06 1.706200e-17
6.916645e-06 1.312100e-17
6.946779e-06 2.476100e-17
6.976913e-06 1.825700e-17
7.007056e-06 2.296200e-17
7.037190e-06 3.503900e-17
7.067324e-06 2.023100e-17
7.097457e-06 1.617700e-17
7.127591e-06 2.100500e-17
7.157734e-06 1.994600e-17
7.187869e-06 1.852500e-17
7.218002e-06 2.187000e-17
7.248136e-06 1.870600e-17
7.278269e-06 2.222100e-17
7.308413e-06 2.186300e-17
7.338547e-06 2.060400e-17
7.368681e-06 2.345500e-17
7.398815e-06 3.040400e-17
7.428948e-06 2.127400e-17
7.459092e-06 3.155600e-17
7.489225e-06 2.570900e-17
7.519359e-06 3.411700e-17
7.549492e-06 2.160500e-17
7.609760e-06 2.301800e-17
7.670038e-06 2.694500e-17
7.730305e-06 3.214400e-17
7.790573e-06 2.772600e-17
7.850850e-06 2.455900e-17
7.911118e-06 2.474000e-17
7.971395e-06 2.441000e-17
8.031662e-06 2.493300e-17
8.091930e-06 2.524400e-17
8.152207e-06 1.667400e-17
8.212474e-06 2.333800e-17
8.272742e-06 2.438100e-17
8.333019e-06 2.685100e-17
8.393287e-06 2.179500e-17
8.453554e-06 2.363600e-17
8.513832e-06 2.469200e-17
8.574099e-06 2.440700e-17
8.634377e-06 2.402700e-17
8.694644e-06 2.363100e-17
8.754912e-06 2.562700e-17
8.815189e-06 2.317200e-17
8.875456e-06 1.817900e-17
8.935724e-06 2.451000e-17
8.996001e-06 2.859500e-17
9.056269e-06 2.411100e-17
9.116536e-06 2.147700e-17
9.176813e-06 1.845400e-17
9.237081e-06 2.114600e-17
9.297358e-06 1.737200e-17
9.357625e-06 2.081100e-17
9.417893e-06 2.166700e-17
9.478170e-06 1.981200e-17
9.538438e-06 1.748600e-17
9.598706e-06 1.986700e-17
9.658983e-06 2.233000e-17
9.719250e-06 2.107800e-17
9.779517e-06 1.886200e-17
9.839795e-06 2.038100e-17
9.900063e-06 2.101600e-17
9.960340e-06 1.798600e-17
1.002061e-05 2.134200e-17
1.008088e-05 2.049100e-17
1.014115e-05 2.094000e-17
1.020142e-05 2.339500e-17
1.026169e-05 2.339600e-17
1.032196e-05 2.231400e-17
1.038223e-05 2.268500e-17
1.044250e-05 3.318000e-17
1.050278e-05 7.450400e-17
1.056304e-05 8.005700e-17
1.062332e-05 2.799000e-17
1.068359e-05 2.822200e-17
1.074386e-05 2.768700e-17
1.080413e-05 2.456200e-17
1.086440e-05 2.770700e-17
1.092467e-05 2.778000e-17
1.098495e-05 2.788100e-17
1.104521e-05 2.728100e-17
1.110548e-05 2.989400e-17
1.116576e-05 3.094700e-17
1.122603e-05 3.177500e-17
1.128630e-05 3.236400e-17
1.134657e-05 3.470900e-17
1.140684e-05 3.403200e-17
1.146712e-05 3.259200e-17
1.152738e-05 3.107200e-17
1.158765e-05 3.093400e-17
1.164793e-05 3.207400e-17
1.170820e-05 3.313900e-17
1.176846e-05 3.235600e-17
1.182874e-05 3.245800e-17
1.188901e-05 3.142600e-17
1.194928e-05 3.322000e-17
1.200955e-05 3.240100e-17
1.206982e-05 3.031800e-17
1.213010e-05 3.265700e-17
1.219036e-05 3.530000e-17
1.225063e-05 3.345800e-17
1.231091e-05 3.583700e-17
1.237118e-05 3.909000e-17
1.243144e-05 3.874900e-17
1.249172e-05 3.605100e-17
1.255199e-05 3.530200e-17
1.261227e-05 3.961100e-17
1.267253e-05 4.020700e-17
1.273280e-05 4.107100e-17
1.279308e-05 4.485000e-17
1.285335e-05 4.370200e-17
1.291361e-05 3.756300e-17
1.297389e-05 3.723400e-17
1.303416e-05 3.780100e-17
1.309442e-05 3.769400e-17
1.315470e-05 3.847500e-17
1.321497e-05 3.869200e-17
1.327524e-05 3.737700e-17
1.333552e-05 4.103300e-17
1.339578e-05 3.935800e-17
1.345606e-05 3.919400e-17
1.351633e-05 4.058600e-17
1.357660e-05 4.342600e-17
1.363687e-05 4.223700e-17
1.369714e-05 3.869400e-17
1.375741e-05 4.046700e-17
1.381769e-05 4.309600e-17
1.387795e-05 4.075100e-17
1.393822e-05 4.476500e-17
1.399850e-05 4.540000e-17
1.405876e-05 4.327900e-17
1.411904e-05 4.092400e-17
1.417931e-05 4.240600e-17
1.423958e-05 3.872100e-17
1.429985e-05 3.701600e-17
1.436012e-05 3.667500e-17
1.442039e-05 3.559800e-17
1.452618e-05 4.484200e-17
1.461056e-05 4.408000e-17
1.469494e-05 3.910200e-17
1.477932e-05 4.133800e-17
1.486370e-05 4.289900e-17
1.494808e-05 4.223800e-17
1.503246e-05 4.513000e-17
1.511683e-05 4.287300e-17
1.520121e-05 4.401500e-17
1.528560e-05 4.420400e-17
1.536997e-05 4.248200e-17
1.545435e-05 5.561200e-17
1.553874e-05 1.069500e-16
1.562311e-05 9.539200e-17
1.570749e-05 4.704400e-17
1.579187e-05 4.620500e-17
1.587624e-05 4.633100e-17
1.596063e-05 4.668900e-17
1.604501e-05 4.520900e-17
1.612939e-05 4.316400e-17
1.621376e-05 4.612900e-17
1.629815e-05 4.611200e-17
1.638253e-05 4.796000e-17
1.646690e-05 4.749500e-17
1.655128e-05 4.681100e-17
1.663566e-05 4.607200e-17
1.672004e-05 4.717800e-17
1.680442e-05 4.701500e-17
1.688880e-05 4.587300e-17
1.697318e-05 5.126700e-17
1.705756e-05 5.011000e-17
1.714194e-05 4.932600e-17
1.722631e-05 4.846900e-17
1.731069e-05 4.949000e-17
1.739508e-05 4.893200e-17
1.747946e-05 5.121700e-17
1.756383e-05 4.947800e-17
1.764822e-05 4.954200e-17
1.773260e-05 5.047500e-17
1.781697e-05 5.328500e-17
1.790135e-05 5.409500e-17
1.798574e-05 5.230900e-17
1.807011e-05 5.349300e-17
1.815449e-05 5.530000e-17
1.823887e-05 5.460200e-17
1.832324e-05 5.421900e-17
1.840763e-05 5.786700e-17
1.849201e-05 5.788800e-17
1.857638e-05 5.931300e-17
1.866076e-05 8.502100e-17
1.874515e-05 9.758000e-17
1.882953e-05 7.310500e-17
1.891390e-05 5.787300e-17
1.899828e-05 5.962500e-17
1.908266e-05 6.060200e-17
1.916704e-05 5.869400e-17
1.925142e-05 5.781700e-17
1.933580e-05 5.492700e-17
1.942017e-05 5.289000e-17
1.950456e-05 5.406500e-17
1.958894e-05 5.503900e-17
1.967331e-05 5.216800e-17
1.975769e-05 5.484800e-17
1.984208e-05 5.746300e-17
1.992645e-05 5.601100e-17
2.001083e-05 5.752200e-17
2.009521e-05 5.865700e-17
2.017960e-05 5.692300e-17
2.026397e-05 5.753400e-17
2.034835e-05 6.296600e-17
2.051711e-05 5.687000e-17
2.068587e-05 6.338800e-17
2.085463e-05 6.145800e-17
2.102338e-05 6.151700e-17
2.119214e-05 6.152900e-17
2.136090e-05 6.165200e-17
2.152966e-05 6.249000e-17
2.169842e-05 6.221700e-17
2.186717e-05 6.430400e-17
2.203594e-05 6.453800e-17
2.220470e-05 6.554300e-17
2.237345e-05 6.699600e-17
2.254221e-05 6.450700e-17
2.271097e-05 6.328500e-17
2.287973e-05 6.419600e-17
2.304849e-05 6.735100e-17
2.321724e-05 6.525000e-17
2.338601e-05 6.382800e-17
2.355476e-05 6.496400e-17
2.372352e-05 6.585000e-17
2.389228e-05 6.525300e-17
2.406104e-05 6.547200e-17
2.422980e-05 6.583300e-17
2.439856e-05 6.662300e-17
2.456731e-05 6.579500e-17
2.473608e-05 6.738800e-17
2.490483e-05 6.661600e-17
2.507359e-05 6.723800e-17
2.524235e-05 6.501600e-17
2.541111e-05 6.745100e-17
2.557987e-05 6.904700e-17
2.574862e-05 6.823300e-17
2.591738e-05 7.137800e-17
2.608614e-05 6.975900e-17
2.625490e-05 6.828300e-17
2.642365e-05 7.034900e-17
2.659242e-05 6.966100e-17
2.676117e-05 6.977500e-17
2.692994e-05 7.188500e-17
2.709869e-05 7.101800e-17
2.726745e-05 7.038900e-17
2.743621e-05 7.135100e-17
2.760497e-05 6.978000e-17
2.777372e-05 7.157700e-17
2.794249e-05 7.205000e-17
2.811124e-05 7.272600e-17
2.828001e-05 7.207700e-17
2.844876e-05 7.217100e-17
2.861752e-05 7.169200e-17
2.878628e-05 7.116900e-17
2.895503e-05 7.172900e-17
2.912379e-05 7.049000e-17
2.929255e-05 7.203700e-17
2.946131e-05 7.186100e-17
2.963007e-05 7.345600e-17
2.979883e-05 7.417300e-17
2.996759e-05 7.160500e-17
3.013635e-05 7.134600e-17
3.030510e-05 7.148600e-17
3.047386e-05 7.214400e-17
3.064262e-05 7.271400e-17
3.081138e-05 7.212200e-17
3.098014e-05 7.225600e-17
3.114890e-05 7.310800e-17
3.131765e-05 7.278800e-17
3.148642e-05 7.331400e-17
3.165517e-05 7.193100e-17
3.182393e-05 7.165600e-17
3.199269e-05 7.119400e-17
3.216145e-05 7.067600e-17
3.233021e-05 7.233600e-17
3.249897e-05 7.470800e-17
3.266772e-05 7.567800e-17
3.283649e-05 7.647400e-17
3.300524e-05 7.486600e-17
3.317400e-05 7.635000e-17
3.334276e-05 8.793900e-17
3.351152e-05 9.357900e-17
3.368028e-05 8.117600e-17
3.384903e-05 7.936200e-17
3.401779e-05 7.827200e-17
3.418655e-05 8.215100e-17
3.435531e-05 7.886900e-17
3.452406e-05 7.842200e-17
3.469283e-05 9.225900e-17
3.486158e-05 9.481800e-17
