1.020500e-08 2.981000e-26
1.039500e-08 4.358800e-26
1.058800e-08 6.476900e-26
1.081000e-08 9.758100e-26
1.101100e-08 1.668700e-25
1.139700e-08 3.291300e-25
1.179800e-08 5.989200e-25
1.210100e-08 2.626400e-24
1.249700e-08 4.389000e-24
1.270000e-08 5.474800e-24
1.278800e-08 6.213900e-24
1.308600e-08 8.459900e-24
1.320700e-08 1.057700e-23
1.339100e-08 1.280500e-23
1.370300e-08 1.938100e-23
1.399000e-08 2.549000e-23
1.431600e-08 7.733300e-23
1.471700e-08 2.314000e-22
1.509400e-08 3.100000e-22
1.551700e-08 4.153000e-22
1.591500e-08 5.550900e-22
1.621100e-08 6.813400e-22
1.658900e-08 8.981900e-22
1.701400e-08 1.149100e-21
1.729100e-08 1.381500e-21
1.769300e-08 1.739300e-21
1.798100e-08 2.057600e-21
1.818900e-08 2.298100e-21
1.861300e-08 2.840300e-21
1.909000e-08 3.659000e-21
1.940000e-08 4.269400e-21
1.980700e-08 5.144800e-21
2.022100e-08 6.199600e-21
2.050300e-08 7.085400e-21
2.098000e-08 8.401700e-21
2.161800e-08 1.120400e-20
2.202000e-08 1.319400e-20
2.227500e-08 1.463400e-20
2.268900e-08 1.715400e-20
2.300400e-08 2.866600e-20
2.337800e-08 5.192400e-20
2.397800e-08 7.402300e-20
2.459300e-08 8.079200e-20
2.522400e-08 9.825800e-20
2.569300e-08 9.254800e-20
2.599000e-08 1.133400e-19
2.641200e-08 1.289300e-19
2.690300e-08 1.423500e-19
2.740400e-08 1.560900e-19
2.791300e-08 1.707500e-19
2.843200e-08 1.868000e-19
2.902700e-08 1.978600e-19
2.956700e-08 2.215000e-19
3.011700e-08 2.357000e-19
3.081800e-08 2.656800e-19
3.182800e-08 3.107200e-19
3.279500e-08 3.551100e-19
3.379200e-08 3.984400e-19
3.481800e-08 4.429600e-19
3.571100e-08 4.879400e-19
3.662800e-08 5.399700e-19
3.748100e-08 5.852800e-19
3.853100e-08 6.171100e-19
3.951900e-08 6.924100e-19
4.053300e-08 7.557300e-19
4.138200e-08 8.042000e-19
4.224800e-08 8.401700e-19
4.303400e-08 8.797600e-19
4.413800e-08 9.514100e-19
4.506200e-08 1.000800e-18
4.600500e-08 1.043200e-18
4.696900e-08 1.094900e-18
4.795200e-08 1.157100e-18
4.895600e-08 1.192200e-18
4.998100e-08 1.265800e-18
5.056000e-08 1.280500e-18
5.114600e-08 1.375200e-18
5.197700e-08 1.413700e-18
5.294300e-08 1.450000e-18
5.405200e-08 1.460000e-18
5.505600e-08 1.511400e-18
5.595100e-08 1.608300e-18
5.699100e-08 1.688000e-18
5.805100e-08 1.715400e-18
5.899400e-08 1.783900e-18
5.995300e-08 1.792100e-18
6.106700e-08 1.680200e-18
6.205900e-08 1.947000e-18
6.306800e-08 1.974100e-18
6.394500e-08 2.048200e-18
6.498400e-08 2.095900e-18
6.573700e-08 2.115300e-18
6.649800e-08 2.189600e-18
6.742300e-08 2.240600e-18
6.851900e-08 2.220100e-18
6.947200e-08 2.373400e-18
7.043800e-08 2.330100e-18
7.158300e-08 2.502500e-18
7.257800e-08 2.554900e-18
7.341900e-08 2.608400e-18
7.444000e-08 2.687600e-18
7.547600e-08 2.750200e-18
7.652600e-08 2.656800e-18
7.741200e-08 2.906500e-18
7.848900e-08 2.946900e-18
7.958100e-08 3.043400e-18
8.050200e-08 3.135900e-18
8.143400e-08 3.201600e-18
8.256700e-08 3.337100e-18
8.352300e-08 3.064500e-18
8.449100e-08 3.446400e-18
8.546900e-08 3.502400e-18
8.645900e-08 3.642200e-18
8.746000e-08 3.787600e-18
8.847200e-08 3.957000e-18
8.949700e-08 4.086600e-18
9.053300e-08 4.115000e-18
9.158200e-08 5.550900e-18
9.242900e-08 2.491000e-17
9.349900e-08 5.288900e-17
9.458200e-08 1.007800e-16
9.545700e-08 1.440000e-16
9.656200e-08 1.661000e-16
9.745600e-08 3.043400e-17
9.858400e-08 1.480400e-16
9.949700e-08 1.578900e-16
1.004170e-07 2.314000e-16
1.015800e-07 2.240600e-16
1.025200e-07 9.690900e-17
1.034680e-07 1.623200e-16
1.044260e-07 3.135900e-16
1.053920e-07 3.121500e-16
1.066120e-07 2.508200e-16
1.075990e-07 3.022500e-16
1.085950e-07 2.423100e-16
1.095990e-07 3.246100e-16
1.106130e-07 3.164900e-16
1.113800e-07 3.078700e-16
1.124110e-07 2.801300e-16
1.134510e-07 3.592200e-16
1.145010e-07 3.291300e-16
1.155600e-07 3.543000e-16
1.166290e-07 3.701400e-16
1.174380e-07 2.608300e-16
1.185240e-07 3.659000e-16
1.196210e-07 2.531400e-16
1.204500e-07 1.842300e-16
1.215650e-07 1.200500e-16
1.224070e-07 2.543100e-16
1.235400e-07 3.920700e-16
1.243960e-07 4.368800e-16
1.255470e-07 4.220500e-16
1.264180e-07 3.650600e-16
1.275870e-07 4.779300e-16
1.284720e-07 5.062500e-16
1.293620e-07 4.049200e-16
1.305590e-07 4.021300e-16
1.314640e-07 5.085900e-16
1.323760e-07 4.913200e-16
1.336000e-07 4.378900e-16
1.345270e-07 5.264600e-16
1.354590e-07 5.132900e-16
1.363980e-07 4.627700e-16
1.373430e-07 4.901900e-16
1.386140e-07 5.004600e-16
1.395750e-07 4.409300e-16
1.405430e-07 4.617100e-16
1.415170e-07 4.735500e-16
1.424980e-07 4.901900e-16
1.434850e-07 4.901900e-16
1.441480e-07 5.204300e-16
1.448130e-07 5.313300e-16
1.454820e-07 5.192400e-16
1.464900e-07 4.823500e-16
1.475050e-07 4.845800e-16
1.485280e-07 4.970100e-16
1.495570e-07 5.085900e-16
1.505940e-07 4.857000e-16
1.512890e-07 4.348800e-16
1.516380e-07 4.670500e-16
1.523380e-07 4.553700e-16
1.533940e-07 4.002800e-16
1.544570e-07 4.450100e-16
1.555280e-07 4.220500e-16
1.566060e-07 4.318800e-16
1.573290e-07 4.649100e-16
1.584190e-07 4.913200e-16
1.595170e-07 5.062500e-16
1.606230e-07 4.970100e-16
1.613640e-07 5.016100e-16
1.624830e-07 4.768300e-16
1.636090e-07 5.109400e-16
1.643640e-07 5.240400e-16
1.655040e-07 4.834700e-16
1.666510e-07 5.350100e-16
1.670350e-07 4.757400e-16
1.678060e-07 5.641100e-16
1.685810e-07 5.907000e-16
1.693590e-07 5.525400e-16
1.705330e-07 5.374800e-16
1.713200e-07 5.313300e-16
1.725080e-07 5.374800e-16
1.733040e-07 5.852800e-16
1.745050e-07 5.719600e-16
1.753110e-07 6.285900e-16
1.765260e-07 5.615200e-16
1.773400e-07 5.989200e-16
1.785700e-07 6.114600e-16
1.793940e-07 6.860700e-16
1.806380e-07 6.673700e-16
1.814710e-07 6.373300e-16
1.823090e-07 6.447100e-16
1.835730e-07 6.185400e-16
1.844200e-07 5.615200e-16
1.856980e-07 5.947900e-16
1.865550e-07 6.432300e-16
1.874170e-07 6.751000e-16
1.887160e-07 6.432300e-16
1.895870e-07 6.491800e-16
1.904620e-07 6.704500e-16
1.913410e-07 6.673700e-16
1.926670e-07 6.402700e-16
1.935570e-07 5.920600e-16
1.944500e-07 7.233800e-16
1.953480e-07 7.020500e-16
1.967020e-07 7.877100e-16
1.976100e-07 7.877100e-16
1.985220e-07 7.786900e-16
1.994380e-07 7.680100e-16
2.003590e-07 7.627200e-16
2.012830e-07 7.505300e-16
2.026790e-07 7.488000e-16
2.036140e-07 7.804900e-16
2.045540e-07 8.343800e-16
2.054980e-07 7.950000e-16
2.064470e-07 7.859000e-16
2.074000e-07 8.838200e-16
2.078780e-07 9.646400e-16
2.083570e-07 1.014800e-15
2.093190e-07 9.558000e-16
2.102850e-07 9.233500e-16
2.117420e-07 9.624200e-16
2.127200e-07 9.558000e-16
2.137020e-07 8.637100e-16
2.146880e-07 9.668700e-16
2.156790e-07 9.985400e-16
2.166750e-07 9.340400e-16
2.176750e-07 9.448600e-16
2.186790e-07 9.985400e-16
2.196890e-07 1.055300e-15
2.207030e-07 1.017100e-15
2.217220e-07 9.085900e-16
2.227450e-07 9.127800e-16
2.232590e-07 1.067500e-15
2.242890e-07 1.012400e-15
2.253240e-07 9.022300e-16
2.263640e-07 9.161400e-16
2.274090e-07 9.808500e-16
2.284590e-07 1.079600e-15
2.295130e-07 9.814800e-16
2.305730e-07 1.050800e-15
2.316370e-07 9.820900e-16
2.327060e-07 7.460800e-16
2.332430e-07 8.158300e-16
2.343190e-07 7.066900e-16
2.354010e-07 9.372500e-16
2.364870e-07 7.285900e-16
2.375790e-07 8.300500e-16
2.386760e-07 6.542200e-16
2.392260e-07 7.439400e-16
2.403300e-07 7.263600e-16
2.414390e-07 7.848200e-16
2.425540e-07 9.940000e-16
2.436730e-07 9.727400e-16
2.442350e-07 1.076000e-15
2.453620e-07 1.090000e-15
2.464950e-07 1.054400e-15
2.476330e-07 9.808900e-16
2.487760e-07 9.209200e-16
2.493490e-07 8.954100e-16
2.505000e-07 1.152400e-15
2.510780e-07 8.061500e-16
2.516560e-07 7.537300e-16
2.522370e-07 7.603500e-16
2.534010e-07 8.523300e-16
2.545700e-07 8.774000e-16
2.557460e-07 1.085900e-15
2.563350e-07 9.740500e-16
2.575180e-07 1.102000e-15
2.587070e-07 1.061100e-15
2.593030e-07 1.012800e-15
2.605000e-07 9.443100e-16
2.617030e-07 8.947300e-16
2.623060e-07 1.067800e-15
2.635170e-07 1.285400e-15
2.647330e-07 1.587200e-15
2.653430e-07 1.796400e-15
2.665680e-07 1.406000e-15
2.677980e-07 1.557900e-15
2.684160e-07 1.623000e-15
2.696550e-07 1.415400e-15
2.702760e-07 1.572800e-15
2.715240e-07 1.349600e-15
2.727770e-07 1.317600e-15
2.734060e-07 1.460700e-15
2.746680e-07 1.018800e-15
2.753010e-07 1.163800e-15
2.765720e-07 1.322600e-15
2.772090e-07 1.442800e-15
2.784890e-07 1.123900e-15
2.797740e-07 6.891000e-16
2.804190e-07 7.799200e-16
2.817140e-07 1.391800e-15
2.823630e-07 1.735200e-15
2.836660e-07 1.690000e-15
2.843200e-07 1.572700e-15
2.856330e-07 1.297700e-15
2.862910e-07 1.802800e-15
2.876130e-07 1.925200e-15
2.882760e-07 1.854500e-15
2.896060e-07 1.922000e-15
2.909430e-07 2.334900e-15
2.929600e-07 2.160500e-15
2.949910e-07 2.102900e-15
2.970350e-07 2.233900e-15
2.990940e-07 2.266300e-15
3.011670e-07 2.352700e-15
3.032550e-07 2.386800e-15
3.046550e-07 2.450800e-15
3.067670e-07 2.549900e-15
3.088930e-07 2.610700e-15
3.110340e-07 2.703700e-15
3.131900e-07 2.637400e-15
3.153610e-07 2.675300e-15
3.168170e-07 2.778700e-15
3.190130e-07 2.535300e-15
3.212240e-07 2.742900e-15
3.227070e-07 2.475500e-15
3.249440e-07 2.936500e-15
3.271960e-07 3.221000e-15
3.287060e-07 3.194700e-15
3.309850e-07 3.188500e-15
3.325120e-07 3.140600e-15
3.332790e-07 3.233900e-15
3.340470e-07 3.016100e-15
3.348170e-07 3.533100e-15
3.355890e-07 3.379600e-15
3.363630e-07 2.682700e-15
3.371380e-07 2.846300e-15
3.379150e-07 3.411900e-15
3.386940e-07 3.316700e-15
3.394750e-07 3.246400e-15
3.402580e-07 3.742100e-15
3.410420e-07 3.153700e-15
3.418280e-07 3.137000e-15
3.426160e-07 3.305400e-15
3.434060e-07 3.680700e-15
3.441980e-07 3.145100e-15
3.449910e-07 3.201300e-15
3.457870e-07 3.342200e-15
3.465840e-07 3.116900e-15
3.473820e-07 3.568000e-15
3.481830e-07 3.222000e-15
3.489860e-07 3.498000e-15
3.497900e-07 3.195300e-15
3.505970e-07 3.615800e-15
3.514050e-07 3.280200e-15
3.522150e-07 3.619000e-15
3.530270e-07 3.215800e-15
3.538410e-07 3.664200e-15
3.546570e-07 3.781500e-15
3.554740e-07 3.787500e-15
3.562940e-07 3.606100e-15
3.571150e-07 3.167600e-15
3.579380e-07 3.284100e-15
3.587630e-07 2.838500e-15
3.593310e-07 4.076400e-15
3.596000e-07 3.471800e-15
3.598690e-07 2.933600e-15
3.601380e-07 3.038300e-15
3.604080e-07 3.641400e-15
3.606770e-07 3.575800e-15
3.609460e-07 3.649200e-15
3.612150e-07 3.778300e-15
3.614840e-07 3.780000e-15
3.617540e-07 3.460000e-15
3.620230e-07 4.065200e-15
3.622920e-07 4.290800e-15
3.625610e-07 4.503800e-15
3.628310e-07 3.946400e-15
3.631000e-07 2.983700e-15
3.633690e-07 3.075500e-15
3.636380e-07 3.623700e-15
3.639080e-07 3.947500e-15
3.641770e-07 3.980800e-15
3.644460e-07 3.840600e-15
3.647150e-07 3.872300e-15
3.649850e-07 4.279300e-15
3.652540e-07 4.368700e-15
3.655230e-07 2.893600e-15
3.657920e-07 2.515600e-15
3.660620e-07 4.235700e-15
3.663310e-07 4.185700e-15
3.666000e-07 5.016800e-15
3.668690e-07 4.037400e-15
3.671390e-07 3.961500e-15
3.674080e-07 4.549600e-15
3.676770e-07 3.726200e-15
3.679460e-07 3.904800e-15
3.682150e-07 4.683400e-15
3.684850e-07 3.832400e-15
3.687540e-07 3.980000e-15
3.690230e-07 3.801900e-15
3.692920e-07 3.504400e-15
3.695620e-07 4.618200e-15
3.698310e-07 4.876900e-15
3.701000e-07 3.460600e-15
3.703690e-07 3.121600e-15
3.706390e-07 3.253100e-15
3.709080e-07 4.322000e-15
3.711770e-07 4.388600e-15
3.714460e-07 4.410600e-15
3.717160e-07 4.981200e-15
3.719850e-07 5.387600e-15
3.722540e-07 6.115100e-15
3.725230e-07 7.604500e-15
3.727930e-07 7.070600e-15
3.730620e-07 6.242300e-15
3.733310e-07 4.602100e-15
3.736000e-07 4.086400e-15
3.738700e-07 4.412300e-15
3.741390e-07 3.689000e-15
3.744080e-07 3.697100e-15
3.746770e-07 3.970700e-15
3.749470e-07 3.621900e-15
3.752160e-07 4.061900e-15
3.754850e-07 4.775600e-15
3.757540e-07 4.951400e-15
3.760230e-07 5.064500e-15
3.762930e-07 4.624200e-15
3.765620e-07 3.935700e-15
3.768310e-07 3.770200e-15
3.771000e-07 4.015400e-15
3.773700e-07 4.763200e-15
3.776390e-07 5.122700e-15
3.779080e-07 5.191900e-15
3.781770e-07 5.060700e-15
3.784470e-07 6.427900e-15
3.787160e-07 6.480200e-15
3.789850e-07 5.411700e-15
3.792540e-07 5.197500e-15
3.795240e-07 4.739900e-15
3.797930e-07 4.557600e-15
3.800620e-07 4.838800e-15
3.803310e-07 5.369100e-15
3.806010e-07 5.775800e-15
3.808700e-07 5.003200e-15
3.811390e-07 4.913100e-15
3.814080e-07 5.548200e-15
3.816780e-07 4.750500e-15
3.819470e-07 4.691200e-15
3.822160e-07 4.815200e-15
3.824850e-07 4.244400e-15
3.827540e-07 5.181900e-15
3.830240e-07 3.108100e-15
3.832930e-07 3.860200e-15
3.835620e-07 3.300000e-15
3.838310e-07 3.410800e-15
3.841010e-07 4.314900e-15
3.843700e-07 5.770100e-15
3.846390e-07 5.588000e-15
3.849080e-07 5.247000e-15
3.851780e-07 5.662200e-15
3.854470e-07 4.516100e-15
3.857160e-07 5.430200e-15
3.859850e-07 5.514300e-15
3.862550e-07 5.711900e-15
3.865240e-07 5.364700e-15
3.867930e-07 6.089300e-15
3.870620e-07 5.267800e-15
3.873320e-07 5.602400e-15
3.876010e-07 5.629900e-15
3.878700e-07 5.028000e-15
3.881390e-07 4.876700e-15
3.884090e-07 4.906300e-15
3.886780e-07 4.648600e-15
3.889470e-07 4.981100e-15
3.892160e-07 4.805900e-15
3.894860e-07 5.428800e-15
3.897550e-07 6.211500e-15
3.900240e-07 5.773800e-15
3.902930e-07 5.921000e-15
3.905620e-07 6.693900e-15
3.908320e-07 6.519100e-15
3.911010e-07 6.289100e-15
3.913700e-07 6.342400e-15
3.916390e-07 6.943700e-15
3.919090e-07 6.599100e-15
3.921780e-07 6.689200e-15
3.924470e-07 5.641400e-15
3.927160e-07 4.269000e-15
3.929860e-07 3.429100e-15
3.932550e-07 3.224300e-15
3.935240e-07 4.176100e-15
3.937930e-07 4.402200e-15
3.940630e-07 4.936000e-15
3.943320e-07 5.561600e-15
3.946010e-07 5.463600e-15
3.948700e-07 6.053500e-15
3.951400e-07 5.757100e-15
3.954090e-07 5.945700e-15
3.956780e-07 5.025200e-15
3.959470e-07 5.277400e-15
3.962170e-07 5.202900e-15
3.964860e-07 4.228700e-15
3.967550e-07 3.850100e-15
3.970240e-07 3.419100e-15
3.972930e-07 3.588500e-15
3.975630e-07 5.096200e-15
3.978320e-07 5.460500e-15
3.981010e-07 6.160100e-15
3.983700e-07 6.990100e-15
3.986400e-07 6.845800e-15
3.989090e-07 6.668200e-15
3.991780e-07 6.971700e-15
3.994470e-07 7.130900e-15
3.997170e-07 7.726800e-15
3.999860e-07 8.149400e-15
4.002550e-07 7.444900e-15
4.005240e-07 7.504700e-15
4.007940e-07 7.211700e-15
4.010630e-07 7.997200e-15
4.013320e-07 7.669200e-15
4.016010e-07 7.266400e-15
4.018710e-07 8.027700e-15
4.021400e-07 8.316800e-15
4.024090e-07 7.591800e-15
4.026780e-07 7.930300e-15
4.029480e-07 8.272900e-15
4.032170e-07 7.820000e-15
4.034860e-07 7.807500e-15
4.037550e-07 7.878400e-15
4.040250e-07 8.662800e-15
4.042940e-07 7.518300e-15
4.045630e-07 7.993800e-15
4.048320e-07 7.280400e-15
4.051010e-07 7.844800e-15
4.053710e-07 7.451600e-15
4.056400e-07 8.044200e-15
4.059090e-07 7.672000e-15
4.061780e-07 7.456400e-15
4.064480e-07 7.682400e-15
4.067170e-07 7.494400e-15
4.069860e-07 7.282400e-15
4.072550e-07 7.830700e-15
4.075250e-07 7.260000e-15
4.077940e-07 7.242200e-15
4.080630e-07 7.006800e-15
4.083320e-07 6.909300e-15
4.086020e-07 6.593500e-15
4.088710e-07 7.198700e-15
4.091400e-07 7.370500e-15
4.094090e-07 6.391800e-15
4.096790e-07 5.948000e-15
4.099480e-07 5.723500e-15
4.102170e-07 6.155400e-15
4.104860e-07 6.082300e-15
4.107560e-07 6.374600e-15
4.110250e-07 6.502500e-15
4.112940e-07 7.230300e-15
4.115630e-07 7.291900e-15
4.118320e-07 7.753200e-15
4.121020e-07 7.120100e-15
4.123710e-07 6.804500e-15
4.126400e-07 7.293600e-15
4.129090e-07 7.397900e-15
4.131790e-07 7.812600e-15
4.134480e-07 8.053300e-15
4.137170e-07 7.874800e-15
4.139860e-07 7.982200e-15
4.142560e-07 7.577700e-15
4.145250e-07 8.063400e-15
4.147940e-07 8.036200e-15
4.150630e-07 7.747100e-15
4.153330e-07 7.444700e-15
4.156020e-07 7.401800e-15
4.158710e-07 7.349500e-15
4.161400e-07 8.031700e-15
4.164100e-07 8.235200e-15
4.166790e-07 7.478800e-15
4.169480e-07 7.323100e-15
4.172170e-07 7.272000e-15
4.174870e-07 7.439200e-15
4.177560e-07 7.622800e-15
4.180250e-07 7.340800e-15
4.182940e-07 7.412300e-15
4.185640e-07 7.493100e-15
4.188330e-07 7.823800e-15
4.191020e-07 7.934700e-15
4.193710e-07 7.609500e-15
4.196400e-07 7.637500e-15
4.199100e-07 7.939600e-15
4.201790e-07 7.796500e-15
4.204480e-07 8.022400e-15
4.207170e-07 8.147000e-15
4.209870e-07 8.104300e-15
4.212560e-07 7.985500e-15
4.215250e-07 7.943200e-15
4.217940e-07 8.491400e-15
4.220640e-07 8.132400e-15
4.223330e-07 7.557200e-15
4.226020e-07 8.009300e-15
4.228710e-07 8.356100e-15
4.231410e-07 8.585900e-15
4.234100e-07 8.521400e-15
4.236790e-07 8.301800e-15
4.239480e-07 7.812700e-15
4.242180e-07 8.238100e-15
4.244870e-07 8.799700e-15
4.247560e-07 9.021000e-15
4.250250e-07 8.162400e-15
4.252950e-07 8.176200e-15
4.255640e-07 7.977100e-15
4.258330e-07 8.453100e-15
4.261020e-07 8.284700e-15
4.263710e-07 7.591600e-15
4.266410e-07 7.875200e-15
4.269100e-07 8.331500e-15
4.271790e-07 8.306400e-15
4.274480e-07 7.970700e-15
4.277180e-07 7.859600e-15
4.279870e-07 7.447400e-15
4.282560e-07 8.031400e-15
4.285250e-07 8.152900e-15
4.287950e-07 7.778400e-15
4.290640e-07 7.726500e-15
4.293330e-07 7.877400e-15
4.296020e-07 7.988800e-15
4.298720e-07 7.684400e-15
4.301410e-07 7.349600e-15
4.304100e-07 7.028500e-15
4.306790e-07 7.302600e-15
4.309490e-07 7.359200e-15
4.312180e-07 7.593700e-15
4.314870e-07 7.813300e-15
4.317560e-07 8.090000e-15
4.320260e-07 8.163300e-15
4.322950e-07 7.524300e-15
4.325640e-07 7.901100e-15
4.328330e-07 8.212400e-15
4.331020e-07 7.951700e-15
4.333720e-07 7.818800e-15
4.336410e-07 7.312500e-15
4.339100e-07 7.078600e-15
4.341790e-07 6.995400e-15
4.344490e-07 7.561400e-15
4.347180e-07 7.743300e-15
4.349870e-07 7.811100e-15
4.352560e-07 7.972600e-15
4.355260e-07 8.383800e-15
4.357950e-07 8.408400e-15
4.360640e-07 8.538900e-15
4.363330e-07 8.699300e-15
4.366030e-07 8.934600e-15
4.368720e-07 8.887600e-15
4.371410e-07 8.587200e-15
4.374100e-07 8.919900e-15
4.376800e-07 8.898100e-15
4.379490e-07 8.849700e-15
4.382180e-07 8.033700e-15
4.384870e-07 7.830100e-15
4.387570e-07 8.448000e-15
4.390260e-07 7.948700e-15
4.392950e-07 8.261200e-15
4.395640e-07 8.477900e-15
4.398340e-07 8.494400e-15
4.401030e-07 8.815600e-15
4.403720e-07 8.890700e-15
4.406410e-07 8.620700e-15
4.409100e-07 8.819200e-15
4.411800e-07 8.409000e-15
4.414490e-07 8.359500e-15
4.417180e-07 9.021900e-15
4.419870e-07 8.866900e-15
4.422570e-07 9.630900e-15
4.425260e-07 9.521700e-15
4.427950e-07 8.720700e-15
4.430640e-07 8.655900e-15
4.433340e-07 1.018000e-14
4.436030e-07 9.689100e-15
4.438720e-07 8.557000e-15
4.441410e-07 9.278300e-15
4.444110e-07 8.980700e-15
4.446800e-07 9.184800e-15
4.449490e-07 9.513200e-15
4.452180e-07 9.359300e-15
4.454880e-07 9.482400e-15
4.457570e-07 8.801500e-15
4.460260e-07 9.000900e-15
4.462950e-07 9.032400e-15
4.465650e-07 8.913000e-15
4.468340e-07 9.050300e-15
4.471030e-07 9.272700e-15
4.473720e-07 9.594300e-15
4.476410e-07 9.710800e-15
4.479110e-07 9.503400e-15
4.481800e-07 9.529700e-15
4.484490e-07 9.380400e-15
4.487180e-07 9.186700e-15
4.489880e-07 9.980900e-15
4.492570e-07 9.091100e-15
4.495260e-07 9.471300e-15
4.497950e-07 9.530800e-15
4.500650e-07 1.044300e-14
4.503340e-07 9.734700e-15
4.506030e-07 9.739700e-15
4.508720e-07 9.958500e-15
4.511420e-07 1.022600e-14
4.514110e-07 1.009800e-14
4.516800e-07 9.632600e-15
4.519490e-07 9.856400e-15
4.522190e-07 9.616700e-15
4.524880e-07 9.338900e-15
4.527570e-07 9.195200e-15
4.530260e-07 9.015400e-15
4.532960e-07 9.250100e-15
4.535650e-07 9.740200e-15
4.538340e-07 9.651900e-15
4.541030e-07 1.015200e-14
4.543730e-07 9.629300e-15
4.546420e-07 9.658500e-15
4.549110e-07 9.614800e-15
4.551800e-07 9.820200e-15
4.554490e-07 9.921100e-15
4.557190e-07 9.692700e-15
4.559880e-07 1.011900e-14
4.562570e-07 1.037600e-14
4.565260e-07 9.976000e-15
4.567960e-07 9.995800e-15
4.570650e-07 1.012600e-14
4.573340e-07 1.023300e-14
4.576030e-07 1.012600e-14
4.578730e-07 1.003500e-14
4.581420e-07 1.007100e-14
4.584110e-07 9.757600e-15
4.586800e-07 9.729900e-15
4.589500e-07 9.912900e-15
4.592190e-07 9.714500e-15
4.594880e-07 1.011900e-14
4.597570e-07 1.004000e-14
4.600270e-07 9.994900e-15
4.602960e-07 9.739200e-15
4.605650e-07 9.673500e-15
4.608340e-07 9.987800e-15
4.611040e-07 1.002900e-14
4.613730e-07 1.020000e-14
4.616420e-07 1.048300e-14
4.619110e-07 1.040000e-14
4.621800e-07 1.051300e-14
4.624500e-07 1.014600e-14
4.627190e-07 1.027900e-14
4.629880e-07 1.055300e-14
4.632570e-07 9.900800e-15
4.635270e-07 1.020300e-14
4.637960e-07 1.033200e-14
4.640650e-07 1.031400e-14
4.643340e-07 1.033000e-14
4.646040e-07 9.324600e-15
4.648730e-07 9.583600e-15
4.651420e-07 9.874700e-15
4.654110e-07 9.751000e-15
4.656810e-07 1.033300e-14
4.659500e-07 1.034300e-14
4.662190e-07 1.003800e-14
4.664880e-07 9.816800e-15
4.667580e-07 9.622900e-15
4.670270e-07 9.666800e-15
4.672960e-07 1.002700e-14
4.675650e-07 9.849400e-15
4.678350e-07 9.980300e-15
4.681040e-07 1.001800e-14
4.683730e-07 9.874900e-15
4.686420e-07 1.017100e-14
4.689120e-07 1.015400e-14
4.691810e-07 1.025000e-14
4.694500e-07 1.015000e-14
4.697190e-07 1.014700e-14
4.699880e-07 1.028600e-14
4.702580e-07 9.955600e-15
4.705270e-07 9.875600e-15
4.707960e-07 9.897100e-15
4.710650e-07 1.008300e-14
4.713350e-07 1.038400e-14
4.716040e-07 1.034800e-14
4.718730e-07 1.017600e-14
4.721420e-07 1.040000e-14
4.724120e-07 1.042400e-14
4.726810e-07 9.855900e-15
4.729500e-07 1.007800e-14
4.732190e-07 1.008200e-14
4.734890e-07 1.070000e-14
4.737580e-07 1.079100e-14
4.740270e-07 1.069300e-14
4.742960e-07 1.072800e-14
4.745660e-07 1.053600e-14
4.748350e-07 1.057300e-14
4.751040e-07 1.046700e-14
4.753730e-07 1.064200e-14
4.756430e-07 1.020100e-14
4.759120e-07 9.930200e-15
4.761810e-07 9.908400e-15
4.764500e-07 9.910100e-15
4.767190e-07 1.002500e-14
4.769890e-07 1.026600e-14
4.772580e-07 1.028900e-14
4.775270e-07 1.045100e-14
4.777960e-07 1.064500e-14
4.780660e-07 1.061100e-14
4.783350e-07 1.030300e-14
4.786040e-07 9.985900e-15
4.788730e-07 9.865900e-15
4.791430e-07 1.002300e-14
4.794120e-07 9.987000e-15
4.796810e-07 1.071700e-14
4.799500e-07 1.064700e-14
4.802200e-07 1.012500e-14
4.804890e-07 1.006600e-14
4.807580e-07 1.046400e-14
4.810270e-07 1.054400e-14
4.812970e-07 1.070300e-14
4.815660e-07 1.074300e-14
4.818350e-07 1.053000e-14
4.821040e-07 1.047900e-14
4.823740e-07 1.026100e-14
4.826430e-07 1.041600e-14
4.829120e-07 1.048500e-14
4.831810e-07 9.951800e-15
4.834510e-07 1.002800e-14
4.837200e-07 1.016300e-14
4.839890e-07 1.019900e-14
4.842580e-07 9.483300e-15
4.845270e-07 9.648800e-15
4.847970e-07 9.907900e-15
4.850660e-07 9.420800e-15
4.853350e-07 9.266700e-15
4.856040e-07 9.420500e-15
4.858740e-07 1.000500e-14
4.861430e-07 9.624500e-15
4.864120e-07 9.423900e-15
4.866810e-07 9.143100e-15
4.869510e-07 9.445100e-15
4.872200e-07 9.114800e-15
4.874890e-07 8.755100e-15
4.877580e-07 9.479100e-15
4.880280e-07 9.617800e-15
4.882970e-07 9.953700e-15
4.885660e-07 9.979000e-15
4.888350e-07 9.644100e-15
4.891050e-07 9.859600e-15
4.893740e-07 1.023600e-14
4.896430e-07 1.046600e-14
4.899120e-07 1.027600e-14
4.901820e-07 1.042600e-14
4.904510e-07 1.010800e-14
4.907200e-07 1.028200e-14
4.909890e-07 1.009600e-14
4.912580e-07 9.978200e-15
4.915280e-07 9.710700e-15
4.917970e-07 9.623300e-15
4.920660e-07 9.676100e-15
4.923350e-07 9.850000e-15
4.926050e-07 1.006100e-14
4.928740e-07 1.034200e-14
4.931430e-07 1.022500e-14
4.934120e-07 1.017000e-14
4.936820e-07 1.029000e-14
4.939510e-07 1.017800e-14
4.942200e-07 1.022100e-14
4.944890e-07 1.067600e-14
4.947590e-07 1.079300e-14
4.950280e-07 1.109300e-14
4.952970e-07 1.065200e-14
4.955660e-07 1.028500e-14
4.958360e-07 1.037000e-14
4.961050e-07 1.070600e-14
4.963740e-07 1.077200e-14
4.966430e-07 1.064500e-14
4.969130e-07 1.074000e-14
4.971820e-07 1.040500e-14
4.974510e-07 1.034500e-14
4.977200e-07 1.044700e-14
4.979890e-07 1.002700e-14
4.982590e-07 9.642000e-15
4.985280e-07 9.798800e-15
4.987970e-07 1.019500e-14
4.990660e-07 1.014200e-14
4.993360e-07 1.034900e-14
4.996050e-07 1.021700e-14
4.998740e-07 1.041600e-14
5.001430e-07 1.054100e-14
5.004130e-07 1.083200e-14
5.006820e-07 1.070700e-14
5.009510e-07 1.049700e-14
5.012200e-07 1.015200e-14
5.014900e-07 9.900000e-15
5.017590e-07 1.000900e-14
5.020280e-07 9.888200e-15
5.022970e-07 9.991500e-15
5.025670e-07 1.008800e-14
5.028360e-07 1.042600e-14
5.031050e-07 1.023500e-14
5.033740e-07 1.031200e-14
5.036440e-07 1.023700e-14
5.039130e-07 1.009800e-14
5.041820e-07 1.026100e-14
5.044510e-07 1.005200e-14
5.047210e-07 1.020000e-14
5.049900e-07 1.028700e-14
5.052590e-07 1.010800e-14
5.055280e-07 1.019100e-14
5.057970e-07 1.041400e-14
5.060670e-07 1.081300e-14
5.063360e-07 1.043000e-14
5.066050e-07 1.014000e-14
5.068740e-07 1.050100e-14
5.071440e-07 1.088900e-14
5.074130e-07 1.044500e-14
5.076820e-07 1.032100e-14
5.079510e-07 1.026300e-14
5.082210e-07 1.039500e-14
5.084900e-07 1.031600e-14
5.087590e-07 1.061400e-14
5.090280e-07 1.057000e-14
5.092980e-07 1.049100e-14
5.095670e-07 1.025500e-14
5.098360e-07 9.952400e-15
5.101050e-07 1.006900e-14
5.103750e-07 1.022800e-14
5.106440e-07 1.017200e-14
5.109130e-07 1.040800e-14
5.111820e-07 1.024100e-14
5.114520e-07 1.032500e-14
5.117210e-07 1.075000e-14
5.119900e-07 1.054700e-14
5.122590e-07 1.013000e-14
5.125280e-07 9.796900e-15
5.127980e-07 1.021700e-14
5.130670e-07 1.019500e-14
5.133360e-07 1.007700e-14
5.136050e-07 1.033600e-14
5.138750e-07 1.038200e-14
5.141440e-07 9.858600e-15
5.144130e-07 1.027900e-14
5.146820e-07 1.039500e-14
5.149520e-07 1.009500e-14
5.152210e-07 9.931300e-15
5.154900e-07 1.014800e-14
5.157590e-07 1.025700e-14
5.160290e-07 1.011200e-14
5.162980e-07 1.006400e-14
5.165670e-07 9.517500e-15
5.168360e-07 9.001000e-15
5.171060e-07 8.961400e-15
5.173750e-07 9.027200e-15
5.176440e-07 9.428800e-15
5.179130e-07 9.636200e-15
5.181830e-07 9.415400e-15
5.184520e-07 9.461800e-15
5.187210e-07 9.796900e-15
5.189900e-07 9.889600e-15
5.192600e-07 9.915300e-15
5.195290e-07 1.019200e-14
5.197980e-07 1.048500e-14
5.200670e-07 1.051400e-14
5.203360e-07 1.036000e-14
5.206060e-07 1.021200e-14
5.208750e-07 1.009700e-14
5.211440e-07 1.030500e-14
5.214130e-07 1.027000e-14
5.216830e-07 1.025100e-14
5.219520e-07 1.067500e-14
5.222210e-07 1.103700e-14
5.224900e-07 1.092500e-14
5.227600e-07 1.048000e-14
5.230290e-07 1.038400e-14
5.232980e-07 1.087200e-14
5.235670e-07 1.123000e-14
5.238370e-07 1.093200e-14
5.241060e-07 1.076800e-14
5.243750e-07 1.098200e-14
5.246440e-07 1.085900e-14
5.249140e-07 1.062100e-14
5.251830e-07 1.073200e-14
5.254520e-07 1.069300e-14
5.257210e-07 1.063000e-14
5.259910e-07 1.057700e-14
5.262600e-07 1.023100e-14
5.265290e-07 9.913200e-15
5.267980e-07 9.940800e-15
5.270670e-07 1.013300e-14
5.273370e-07 1.029500e-14
5.276060e-07 1.041400e-14
5.278750e-07 1.072300e-14
5.281440e-07 1.089900e-14
5.284140e-07 1.102200e-14
5.286830e-07 1.133500e-14
5.289520e-07 1.143500e-14
5.292210e-07 1.105100e-14
5.294910e-07 1.111600e-14
5.297600e-07 1.105300e-14
5.300290e-07 1.071300e-14
5.302980e-07 1.089700e-14
5.305680e-07 1.162000e-14
5.308370e-07 1.184700e-14
5.311060e-07 1.153700e-14
5.313750e-07 1.152800e-14
5.316450e-07 1.151200e-14
5.319140e-07 1.127200e-14
5.321830e-07 1.128200e-14
5.324520e-07 1.113400e-14
5.327220e-07 1.055500e-14
5.329910e-07 1.055800e-14
5.332600e-07 1.094000e-14
5.335290e-07 1.115000e-14
5.337990e-07 1.131800e-14
5.340680e-07 1.111000e-14
5.343370e-07 1.108700e-14
5.346060e-07 1.106700e-14
5.348750e-07 1.106800e-14
5.351450e-07 1.130600e-14
5.354140e-07 1.125200e-14
5.356830e-07 1.132200e-14
5.359520e-07 1.119500e-14
5.362220e-07 1.122400e-14
5.364910e-07 1.118500e-14
5.367600e-07 1.093300e-14
5.370290e-07 1.087400e-14
5.372990e-07 1.070600e-14
5.375680e-07 1.098900e-14
5.378370e-07 1.133300e-14
5.381060e-07 1.135900e-14
5.383760e-07 1.148300e-14
5.386450e-07 1.156000e-14
5.389140e-07 1.151000e-14
5.391830e-07 1.105200e-14
5.394530e-07 1.099500e-14
5.397220e-07 1.084800e-14
5.399910e-07 1.089900e-14
5.402600e-07 1.084600e-14
5.405300e-07 1.052300e-14
5.407990e-07 1.066900e-14
5.410680e-07 1.067600e-14
5.413370e-07 1.105700e-14
5.416060e-07 1.130500e-14
5.418760e-07 1.118600e-14
5.421450e-07 1.129200e-14
5.424140e-07 1.133900e-14
5.426830e-07 1.105400e-14
5.429530e-07 1.095100e-14
5.432220e-07 1.101300e-14
5.434910e-07 1.159700e-14
5.437600e-07 1.137700e-14
5.440300e-07 1.134500e-14
5.442990e-07 1.095900e-14
5.445680e-07 1.149700e-14
5.448370e-07 1.093500e-14
5.451070e-07 1.085900e-14
5.453760e-07 1.118600e-14
5.456450e-07 1.096600e-14
5.459140e-07 1.145800e-14
5.461840e-07 1.151400e-14
5.464530e-07 1.111100e-14
5.467220e-07 1.088500e-14
5.469910e-07 1.117600e-14
5.472610e-07 1.101800e-14
5.475300e-07 1.072900e-14
5.477990e-07 1.114300e-14
5.480680e-07 1.096800e-14
5.483380e-07 1.127400e-14
5.486070e-07 1.085000e-14
5.488760e-07 1.134300e-14
5.491450e-07 1.160600e-14
5.494140e-07 1.121700e-14
5.496840e-07 1.138100e-14
5.499530e-07 1.128300e-14
5.502220e-07 1.124200e-14
5.504910e-07 1.135800e-14
5.507610e-07 1.122600e-14
5.510300e-07 1.129200e-14
5.512990e-07 1.136500e-14
5.515680e-07 1.157800e-14
5.518380e-07 1.190900e-14
5.521070e-07 1.170600e-14
5.523760e-07 1.131500e-14
5.526450e-07 1.126400e-14
5.529150e-07 1.139500e-14
5.531840e-07 1.118700e-14
5.534530e-07 1.162400e-14
5.537220e-07 1.156400e-14
5.539920e-07 1.156700e-14
5.542610e-07 1.177400e-14
5.545300e-07 1.181600e-14
5.547990e-07 1.193300e-14
5.550690e-07 1.156200e-14
5.553380e-07 1.136500e-14
5.556070e-07 1.177600e-14
5.558760e-07 1.188500e-14
5.561450e-07 1.167500e-14
5.564150e-07 1.223900e-14
5.566840e-07 1.167400e-14
5.569530e-07 1.120200e-14
5.572220e-07 1.115200e-14
5.574920e-07 1.132000e-14
5.577610e-07 1.119400e-14
5.580300e-07 1.112600e-14
5.582990e-07 1.168900e-14
5.585690e-07 1.173600e-14
5.588380e-07 1.123500e-14
5.591070e-07 1.140900e-14
5.593760e-07 1.061200e-14
5.596460e-07 1.084500e-14
5.599150e-07 1.079900e-14
5.601840e-07 1.124300e-14
5.604530e-07 1.110800e-14
5.607230e-07 1.172700e-14
5.609920e-07 1.188300e-14
5.612610e-07 1.104000e-14
5.615300e-07 1.184900e-14
5.618000e-07 1.127500e-14
5.620690e-07 1.128100e-14
5.623380e-07 1.106100e-14
5.626070e-07 1.141600e-14
5.628770e-07 1.145100e-14
5.631460e-07 1.122500e-14
5.634150e-07 1.142900e-14
5.636840e-07 1.084700e-14
5.639530e-07 1.166400e-14
5.642230e-07 1.205500e-14
5.644920e-07 1.189100e-14
5.647610e-07 1.176800e-14
5.650300e-07 1.152900e-14
5.653000e-07 1.122700e-14
5.655690e-07 1.130200e-14
5.658380e-07 1.093100e-14
5.661070e-07 1.106700e-14
5.663770e-07 1.093300e-14
5.666460e-07 1.080300e-14
5.669150e-07 1.072800e-14
5.671840e-07 1.135000e-14
5.674540e-07 1.115200e-14
5.677230e-07 1.224600e-14
5.679920e-07 1.153700e-14
5.682610e-07 1.147700e-14
5.685310e-07 1.222000e-14
5.688000e-07 1.192100e-14
5.690690e-07 1.178800e-14
5.693380e-07 1.182300e-14
5.696080e-07 1.143700e-14
5.698770e-07 1.107600e-14
5.701460e-07 1.164500e-14
5.704150e-07 1.119700e-14
5.706840e-07 1.132400e-14
5.709540e-07 1.123300e-14
5.712230e-07 1.154900e-14
5.714920e-07 1.146500e-14
5.717610e-07 1.206800e-14
5.720310e-07 1.214700e-14
5.723000e-07 1.191700e-14
5.725690e-07 1.217000e-14
5.728380e-07 1.193900e-14
5.731080e-07 1.158500e-14
5.733770e-07 1.202200e-14
5.736460e-07 1.231000e-14
5.739150e-07 1.213800e-14
5.741850e-07 1.184100e-14
5.744540e-07 1.164900e-14
5.747230e-07 1.195400e-14
5.749920e-07 1.177400e-14
5.752620e-07 1.219100e-14
5.755310e-07 1.145100e-14
5.758000e-07 1.180800e-14
5.760690e-07 1.082100e-14
5.763390e-07 1.196100e-14
5.766080e-07 1.232600e-14
5.768770e-07 1.169700e-14
5.771460e-07 1.140900e-14
5.774150e-07 1.160100e-14
5.776850e-07 1.191300e-14
5.779540e-07 1.159300e-14
5.782230e-07 1.146600e-14
5.784920e-07 1.142400e-14
5.787620e-07 1.139400e-14
5.790310e-07 1.208000e-14
5.793000e-07 1.068500e-14
5.795690e-07 1.159400e-14
5.798390e-07 1.166700e-14
5.801080e-07 1.223600e-14
5.803770e-07 1.243000e-14
5.806460e-07 1.204600e-14
5.809160e-07 1.164300e-14
5.811850e-07 1.195500e-14
5.814540e-07 1.157500e-14
5.817230e-07 1.135200e-14
5.819930e-07 1.183000e-14
5.822620e-07 1.226900e-14
5.825310e-07 1.246100e-14
5.828000e-07 1.216600e-14
5.830700e-07 1.179000e-14
5.833390e-07 1.187300e-14
5.836080e-07 1.205200e-14
5.838770e-07 1.193700e-14
5.841470e-07 1.222500e-14
5.844160e-07 1.167000e-14
5.846850e-07 1.167300e-14
5.849540e-07 1.194500e-14
5.852230e-07 1.135800e-14
5.854930e-07 1.129100e-14
5.857620e-07 1.126100e-14
5.860310e-07 1.131600e-14
5.863000e-07 1.149800e-14
5.865700e-07 1.135500e-14
5.868390e-07 1.175000e-14
5.871080e-07 1.180700e-14
5.873770e-07 1.186600e-14
5.876470e-07 1.209900e-14
5.879160e-07 1.199800e-14
5.881850e-07 1.149500e-14
5.884540e-07 1.078000e-14
5.887240e-07 9.360700e-15
5.889930e-07 8.943400e-15
5.892620e-07 8.762400e-15
5.895310e-07 9.286200e-15
5.898010e-07 1.010100e-14
5.900700e-07 1.070300e-14
5.903390e-07 1.099300e-14
5.906080e-07 1.140800e-14
5.908780e-07 1.134100e-14
5.911470e-07 1.180800e-14
5.914160e-07 1.185800e-14
5.916850e-07 1.121000e-14
5.919540e-07 1.171400e-14
5.922240e-07 1.159600e-14
5.924930e-07 1.147000e-14
5.927620e-07 1.141700e-14
5.930310e-07 1.168100e-14
5.933010e-07 1.168000e-14
5.935700e-07 1.200300e-14
5.938390e-07 1.224000e-14
5.941080e-07 1.173400e-14
5.943780e-07 1.133400e-14
5.946470e-07 1.171600e-14
5.949160e-07 1.168800e-14
5.951850e-07 1.156800e-14
5.954550e-07 1.188700e-14
5.957240e-07 1.204400e-14
5.959930e-07 1.157400e-14
5.962620e-07 1.179400e-14
5.965320e-07 1.195500e-14
5.968010e-07 1.166500e-14
5.970700e-07 1.253100e-14
5.973390e-07 1.226500e-14
5.976090e-07 1.176700e-14
5.978780e-07 1.136200e-14
5.981470e-07 1.207300e-14
5.984160e-07 1.209300e-14
5.986860e-07 1.146000e-14
5.989550e-07 1.150700e-14
5.992240e-07 1.166600e-14
5.994930e-07 1.189300e-14
5.997620e-07 1.191500e-14
6.000320e-07 1.193900e-14
6.003010e-07 1.130000e-14
6.005700e-07 1.186500e-14
6.008390e-07 1.151400e-14
6.011090e-07 1.214000e-14
6.013780e-07 1.182300e-14
6.016470e-07 1.159100e-14
6.019160e-07 1.194300e-14
6.021860e-07 1.174800e-14
6.024550e-07 1.155100e-14
6.027240e-07 1.189700e-14
6.029930e-07 1.232000e-14
6.032630e-07 1.183500e-14
6.035320e-07 1.205500e-14
6.038010e-07 1.181400e-14
6.040700e-07 1.199500e-14
6.043400e-07 1.239700e-14
6.046090e-07 1.208000e-14
6.048780e-07 1.218000e-14
6.051470e-07 1.174300e-14
6.054170e-07 1.188200e-14
6.056860e-07 1.216600e-14
6.059550e-07 1.217500e-14
6.062240e-07 1.193000e-14
6.064930e-07 1.243200e-14
6.067630e-07 1.203500e-14
6.070320e-07 1.147000e-14
6.073010e-07 1.217700e-14
6.075700e-07 1.205100e-14
6.078400e-07 1.168400e-14
6.081090e-07 1.180700e-14
6.083780e-07 1.177100e-14
6.086470e-07 1.186800e-14
6.089170e-07 1.199300e-14
6.091860e-07 1.163300e-14
6.094550e-07 1.166400e-14
6.097240e-07 1.208800e-14
6.099940e-07 1.241800e-14
6.102630e-07 1.194700e-14
6.105320e-07 1.166500e-14
6.108010e-07 1.141200e-14
6.110710e-07 1.160600e-14
6.113400e-07 1.149400e-14
6.116090e-07 1.141600e-14
6.118780e-07 1.212500e-14
6.121480e-07 1.279900e-14
6.124170e-07 1.181900e-14
6.126860e-07 1.157000e-14
6.129550e-07 1.149500e-14
6.132250e-07 1.145600e-14
6.134940e-07 1.116200e-14
6.137630e-07 1.109300e-14
6.140320e-07 1.160000e-14
6.143010e-07 1.166000e-14
6.145710e-07 1.141200e-14
6.148400e-07 1.193100e-14
6.151090e-07 1.193000e-14
6.153780e-07 1.185500e-14
6.156480e-07 1.149900e-14
6.159170e-07 1.156800e-14
6.161860e-07 1.082500e-14
6.164550e-07 1.141100e-14
6.167250e-07 1.117700e-14
6.169940e-07 1.176700e-14
6.172630e-07 1.163500e-14
6.175320e-07 1.141200e-14
6.178020e-07 1.159700e-14
6.180710e-07 1.116400e-14
6.183400e-07 1.119800e-14
6.186090e-07 1.194100e-14
6.188790e-07 1.148000e-14
6.191480e-07 1.153700e-14
6.194170e-07 1.149700e-14
6.196860e-07 1.117200e-14
6.199560e-07 1.107900e-14
6.202250e-07 1.134100e-14
6.204940e-07 1.173000e-14
6.207630e-07 1.204700e-14
6.210320e-07 1.184100e-14
6.213020e-07 1.086200e-14
6.215710e-07 1.184200e-14
6.218400e-07 1.144100e-14
6.221090e-07 1.117400e-14
6.223790e-07 1.152400e-14
6.226480e-07 1.140700e-14
6.229170e-07 1.112600e-14
6.231860e-07 1.153000e-14
6.234560e-07 1.147100e-14
6.237250e-07 1.137900e-14
6.239940e-07 1.124100e-14
6.242630e-07 1.127900e-14
6.245330e-07 1.099500e-14
6.248020e-07 1.092100e-14
6.250710e-07 1.099500e-14
6.253400e-07 1.071300e-14
6.256100e-07 1.126500e-14
6.258790e-07 1.112300e-14
6.261480e-07 1.100200e-14
6.264170e-07 1.145100e-14
6.266870e-07 1.159500e-14
6.269560e-07 1.106600e-14
6.272250e-07 1.177900e-14
6.274940e-07 1.169200e-14
6.277640e-07 1.131900e-14
6.280330e-07 1.132600e-14
6.283020e-07 1.058700e-14
6.285710e-07 1.165900e-14
6.288400e-07 1.106700e-14
6.291100e-07 1.216700e-14
6.293790e-07 1.243400e-14
6.296480e-07 1.143400e-14
6.299170e-07 1.218100e-14
6.301870e-07 1.145700e-14
6.304560e-07 1.150800e-14
6.307250e-07 1.196500e-14
6.309940e-07 1.095200e-14
6.312640e-07 1.134600e-14
6.315330e-07 1.153100e-14
6.318020e-07 1.085100e-14
6.320710e-07 1.155300e-14
6.323410e-07 1.102300e-14
6.326100e-07 1.217700e-14
6.328790e-07 1.200800e-14
6.331480e-07 1.212100e-14
6.334180e-07 1.072900e-14
6.336870e-07 1.052200e-14
6.339560e-07 1.118200e-14
6.342250e-07 1.162700e-14
6.344950e-07 1.154100e-14
6.347640e-07 1.129900e-14
6.350330e-07 1.136000e-14
6.353020e-07 1.133100e-14
6.355710e-07 1.139100e-14
6.358410e-07 1.256300e-14
6.361100e-07 1.295700e-14
6.363790e-07 1.210600e-14
6.366480e-07 1.130900e-14
6.369180e-07 1.132300e-14
6.371870e-07 1.159500e-14
6.374560e-07 1.173200e-14
6.377250e-07 1.130900e-14
6.379950e-07 1.146200e-14
6.382640e-07 1.171300e-14
6.385330e-07 1.177600e-14
6.388020e-07 1.174000e-14
6.390720e-07 1.233100e-14
6.393410e-07 1.242200e-14
6.396100e-07 1.184200e-14
6.398790e-07 1.126900e-14
6.401490e-07 1.128400e-14
6.404180e-07 1.172300e-14
6.406870e-07 1.146700e-14
6.409560e-07 1.185300e-14
6.412260e-07 1.213000e-14
6.414950e-07 1.167000e-14
6.417640e-07 1.172200e-14
6.420330e-07 1.129900e-14
6.423020e-07 1.170100e-14
6.425720e-07 1.247200e-14
6.428410e-07 1.253600e-14
6.431100e-07 1.167700e-14
6.433790e-07 1.135200e-14
6.436490e-07 1.189600e-14
6.439180e-07 1.137900e-14
6.441870e-07 1.163800e-14
6.444560e-07 1.222200e-14
6.447260e-07 1.154100e-14
6.449950e-07 1.138400e-14
6.452640e-07 1.107700e-14
6.455330e-07 1.150300e-14
6.458030e-07 1.181700e-14
6.460720e-07 1.166500e-14
6.463410e-07 1.214900e-14
6.466100e-07 1.209000e-14
6.468800e-07 1.189800e-14
6.471490e-07 1.172800e-14
6.474180e-07 1.137000e-14
6.476870e-07 1.203700e-14
6.479570e-07 1.217500e-14
6.482260e-07 1.212900e-14
6.484950e-07 1.231700e-14
6.487640e-07 1.180300e-14
6.490340e-07 1.142000e-14
6.493030e-07 1.178000e-14
6.495720e-07 1.105700e-14
6.498410e-07 1.079200e-14
6.501100e-07 1.176400e-14
6.503800e-07 1.155500e-14
6.506490e-07 1.158600e-14
6.509180e-07 1.190300e-14
6.511870e-07 1.194000e-14
6.514570e-07 1.185900e-14
6.517260e-07 1.269500e-14
6.519950e-07 1.200900e-14
6.522640e-07 1.201800e-14
6.525340e-07 1.168500e-14
6.528030e-07 1.181200e-14
6.530720e-07 1.209900e-14
6.533410e-07 1.208100e-14
6.536110e-07 1.240800e-14
6.538800e-07 1.262600e-14
6.541490e-07 1.331500e-14
6.544180e-07 1.378700e-14
6.546880e-07 1.402900e-14
6.549570e-07 1.456600e-14
6.552260e-07 1.438200e-14
6.554950e-07 1.544100e-14
6.557650e-07 1.741100e-14
6.560340e-07 2.034600e-14
6.563030e-07 2.193200e-14
6.565720e-07 2.122400e-14
6.568410e-07 1.826600e-14
6.571110e-07 1.470300e-14
6.573800e-07 1.290700e-14
6.576490e-07 1.415400e-14
6.579180e-07 1.660900e-14
6.581880e-07 1.830000e-14
6.584570e-07 1.863300e-14
6.587260e-07 1.699500e-14
6.589950e-07 1.494000e-14
6.592650e-07 1.264400e-14
6.595340e-07 1.188000e-14
6.598030e-07 1.201200e-14
6.600720e-07 1.171200e-14
6.603420e-07 1.206700e-14
6.606110e-07 1.168200e-14
6.608800e-07 1.159000e-14
6.611490e-07 1.179200e-14
6.614190e-07 1.193000e-14
6.616880e-07 1.182800e-14
6.619570e-07 1.212100e-14
6.622260e-07 1.232800e-14
6.624960e-07 1.203200e-14
6.627650e-07 1.146300e-14
6.630340e-07 1.149800e-14
6.633030e-07 1.126600e-14
6.635730e-07 1.159600e-14
6.638420e-07 1.142800e-14
6.641110e-07 1.181200e-14
6.643800e-07 1.188000e-14
6.646490e-07 1.189800e-14
6.649190e-07 1.169000e-14
6.651880e-07 1.180700e-14
6.654570e-07 1.153800e-14
6.657260e-07 1.185400e-14
6.659960e-07 1.175600e-14
6.662650e-07 1.108400e-14
6.665340e-07 1.119500e-14
6.668030e-07 1.182700e-14
6.670730e-07 1.183800e-14
6.673420e-07 1.184800e-14
6.676110e-07 1.174100e-14
6.678800e-07 1.204800e-14
6.681500e-07 1.207200e-14
6.684190e-07 1.192900e-14
6.686880e-07 1.281500e-14
6.695890e-07 1.171200e-14
6.711320e-07 1.147300e-14
6.726790e-07 1.147400e-14
6.742300e-07 1.160900e-14
6.757840e-07 1.132000e-14
6.773420e-07 1.140000e-14
6.789040e-07 1.142700e-14
6.804680e-07 1.153400e-14
6.820370e-07 1.153600e-14
6.836090e-07 1.159100e-14
6.851850e-07 1.153900e-14
6.867650e-07 1.117400e-14
6.883480e-07 1.140900e-14
6.899350e-07 1.154300e-14
6.915250e-07 1.151800e-14
6.931190e-07 1.157300e-14
6.947170e-07 1.173500e-14
6.963190e-07 1.168300e-14
6.979240e-07 1.184700e-14
6.995330e-07 1.168500e-14
7.011450e-07 1.142100e-14
7.027610e-07 1.185100e-14
7.043820e-07 1.169000e-14
7.060050e-07 1.161100e-14
7.076330e-07 1.129600e-14
7.092640e-07 1.114200e-14
7.108990e-07 1.119500e-14
7.125380e-07 1.114500e-14
7.141800e-07 1.109500e-14
7.158270e-07 1.114800e-14
7.174770e-07 1.107300e-14
7.191310e-07 1.072300e-14
7.207890e-07 1.072400e-14
7.224500e-07 1.136100e-14
7.241160e-07 1.118100e-14
7.257850e-07 1.118300e-14
7.274580e-07 1.165700e-14
7.291350e-07 1.116000e-14
7.308160e-07 1.142100e-14
7.325010e-07 1.147500e-14
7.341890e-07 1.179900e-14
7.358820e-07 1.169200e-14
7.375780e-07 1.191100e-14
7.392780e-07 1.161500e-14
7.409820e-07 1.213600e-14
7.426910e-07 1.191600e-14
7.444030e-07 1.222300e-14
7.461190e-07 1.230900e-14
7.478390e-07 1.205800e-14
7.495630e-07 1.220000e-14
7.512910e-07 1.209000e-14
7.530220e-07 1.211900e-14
7.547590e-07 1.234600e-14
7.564980e-07 1.206700e-14
7.582420e-07 1.218000e-14
7.599900e-07 1.182200e-14
7.617420e-07 1.182400e-14
7.634980e-07 1.210100e-14
7.652580e-07 1.188200e-14
7.670220e-07 1.101400e-14
7.687900e-07 1.150800e-14
7.705630e-07 1.153600e-14
7.723390e-07 1.127500e-14
7.741190e-07 1.146000e-14
7.759040e-07 1.122700e-14
7.776930e-07 1.143700e-14
7.794850e-07 1.128100e-14
7.812820e-07 1.154600e-14
7.830840e-07 1.170800e-14
7.848890e-07 1.162900e-14
7.866980e-07 1.179300e-14
7.885110e-07 1.152600e-14
7.903290e-07 1.113600e-14
7.921510e-07 1.101000e-14
7.939770e-07 1.106300e-14
7.958080e-07 1.119200e-14
7.976420e-07 1.148100e-14
7.994810e-07 1.127300e-14
8.013240e-07 1.151100e-14
8.031710e-07 1.156600e-14
8.050220e-07 1.181000e-14
8.068780e-07 1.183800e-14
8.087380e-07 1.157100e-14
8.106020e-07 1.128300e-14
8.124710e-07 1.144200e-14
8.143440e-07 1.154900e-14
8.162210e-07 1.139200e-14
8.181030e-07 1.182200e-14
8.199890e-07 1.174200e-14
8.218790e-07 1.179800e-14
8.237740e-07 1.018300e-14
8.256730e-07 1.202100e-14
8.275760e-07 1.207800e-14
8.294840e-07 1.156300e-14
8.313960e-07 1.099300e-14
8.333130e-07 1.159300e-14
8.352340e-07 1.164800e-14
8.371590e-07 1.157000e-14
8.390890e-07 1.107600e-14
8.410230e-07 1.152000e-14
8.429620e-07 1.154800e-14
8.449050e-07 1.115800e-14
8.468530e-07 1.131500e-14
8.488050e-07 1.134300e-14
8.507620e-07 8.429000e-15
8.527230e-07 1.103700e-14
8.546890e-07 9.438600e-15
8.566590e-07 1.116800e-14
8.586340e-07 1.140400e-14
8.606130e-07 1.089200e-14
8.625970e-07 1.132900e-14
8.645860e-07 1.140900e-14
8.665790e-07 1.067400e-14
8.685760e-07 1.070000e-14
8.705780e-07 1.120600e-14
8.725860e-07 1.144200e-14
8.745970e-07 1.108100e-14
8.766130e-07 1.113400e-14
8.786340e-07 1.158000e-14
8.806590e-07 1.152900e-14
8.826890e-07 1.161100e-14
8.847250e-07 1.106400e-14
8.867640e-07 1.111700e-14
8.888080e-07 1.061800e-14
8.908570e-07 1.096800e-14
8.929110e-07 1.091900e-14
8.949690e-07 1.099700e-14
8.970320e-07 1.094800e-14
8.991000e-07 1.082400e-14
9.011730e-07 1.033900e-14
9.032500e-07 1.010500e-14
9.053320e-07 1.165800e-14
9.074190e-07 1.134200e-14
9.095110e-07 1.080800e-14
9.116080e-07 1.061300e-14
9.137090e-07 1.121700e-14
9.158150e-07 1.109100e-14
9.179260e-07 1.054500e-14
9.200430e-07 1.112000e-14
9.221640e-07 1.052400e-14
9.242890e-07 1.057400e-14
9.264200e-07 1.084700e-14
9.285560e-07 1.123000e-14
9.306960e-07 9.964700e-15
9.328420e-07 1.118200e-14
9.349920e-07 1.118400e-14
9.371470e-07 1.100700e-14
9.393080e-07 1.116200e-14
9.414730e-07 1.098600e-14
9.436430e-07 1.126900e-14
9.458190e-07 1.114200e-14
9.479990e-07 1.137700e-14
9.501850e-07 1.112000e-14
9.523750e-07 1.117400e-14
9.545710e-07 1.082100e-14
9.567710e-07 1.115200e-14
9.589760e-07 1.136100e-14
9.611870e-07 1.125900e-14
9.634030e-07 1.131300e-14
9.656240e-07 1.121100e-14
9.678500e-07 1.118700e-14
9.700810e-07 1.131800e-14
9.723170e-07 1.103700e-14
9.745580e-07 1.098800e-14
9.768050e-07 1.104100e-14
9.790570e-07 1.094200e-14
9.813140e-07 1.112100e-14
9.835760e-07 1.104700e-14
9.858430e-07 1.107400e-14
9.881170e-07 1.100000e-14
9.903940e-07 1.095100e-14
9.926770e-07 1.102900e-14
9.949650e-07 1.105600e-14
9.972590e-07 1.105800e-14
9.995580e-07 1.100900e-14
1.001863e-06 1.101100e-14
1.006487e-06 1.086400e-14
1.013463e-06 1.107200e-14
1.018142e-06 1.097500e-14
1.022841e-06 1.105500e-14
1.027562e-06 1.108400e-14
1.029930e-06 1.103500e-14
1.049079e-06 1.074900e-14
1.071046e-06 1.036000e-14
1.090958e-06 1.000800e-14
1.111240e-06 9.624200e-15
1.129296e-06 9.470400e-15
1.150292e-06 9.448600e-15
1.168983e-06 9.233500e-15
1.190716e-06 8.920000e-15
1.210063e-06 8.777400e-15
1.229725e-06 8.657000e-15
1.249706e-06 8.440500e-15
1.270012e-06 8.286400e-15
1.290648e-06 8.116400e-15
1.308603e-06 7.986700e-15
1.329866e-06 7.769000e-15
1.351474e-06 7.627200e-15
1.370275e-06 7.505300e-15
1.389338e-06 7.250500e-15
1.408666e-06 6.940100e-15
1.431555e-06 6.876500e-15
1.451470e-06 6.940100e-15
1.471662e-06 6.704500e-15
1.488703e-06 6.813400e-15
1.509413e-06 6.876500e-15
1.530410e-06 6.988200e-15
1.551700e-06 6.940100e-15
1.569668e-06 6.844900e-15
1.591505e-06 6.627700e-15
1.609934e-06 6.643000e-15
1.628577e-06 6.627700e-15
1.651232e-06 6.551900e-15
1.670351e-06 6.536800e-15
1.689694e-06 6.447100e-15
1.709260e-06 6.344000e-15
1.729053e-06 6.100500e-15
1.749073e-06 5.934300e-15
1.769326e-06 5.706400e-15
1.789815e-06 5.487400e-15
1.810540e-06 5.240400e-15
1.831504e-06 5.121100e-15
1.848451e-06 4.970100e-15
1.869856e-06 4.757400e-15
1.891506e-06 4.649100e-15
1.909009e-06 4.574700e-15
1.931115e-06 4.439800e-15
1.948982e-06 4.269400e-15
1.971550e-06 4.143500e-15
1.989794e-06 4.021300e-15
2.008204e-06 3.966100e-15
2.031458e-06 3.840300e-15
2.050256e-06 3.805100e-15
2.069225e-06 3.718500e-15
2.088373e-06 3.642200e-15
2.107697e-06 3.592200e-15
2.132101e-06 3.518600e-15
2.151830e-06 3.446400e-15
2.171742e-06 3.344800e-15
2.191835e-06 3.291300e-15
2.212117e-06 3.209000e-15
2.227449e-06 3.128700e-15
2.248061e-06 3.057500e-15
2.268860e-06 2.988000e-15
2.289855e-06 2.707800e-15
2.311044e-06 2.697000e-15
2.332426e-06 2.383100e-15
2.348595e-06 2.254700e-15
2.370325e-06 2.292800e-15
2.392258e-06 2.126400e-15
2.408839e-06 2.063500e-15
2.431129e-06 2.036600e-15
2.447979e-06 1.904900e-15
2.470631e-06 1.871500e-15
2.487758e-06 1.592900e-15
2.501824e-06 1.578000e-15
2.511301e-06 1.575700e-15
2.520768e-06 1.649300e-15
2.530245e-06 1.581500e-15
2.539713e-06 1.616600e-15
2.549190e-06 1.549600e-15
2.558668e-06 1.640100e-15
2.568135e-06 1.595000e-15
2.577612e-06 1.683600e-15
2.587090e-06 1.575500e-15
2.596557e-06 1.532700e-15
2.606034e-06 1.553800e-15
2.615502e-06 1.582400e-15
2.624979e-06 1.507600e-15
2.634456e-06 1.556900e-15
2.643924e-06 1.461200e-15
2.653401e-06 1.520400e-15
2.662878e-06 1.425600e-15
2.672346e-06 1.471000e-15
2.681823e-06 1.462400e-15
2.691291e-06 1.455600e-15
2.700768e-06 1.340600e-15
2.710245e-06 1.400300e-15
2.719713e-06 1.370000e-15
2.729190e-06 1.422300e-15
2.738667e-06 1.373000e-15
2.748135e-06 1.312400e-15
2.757612e-06 1.277100e-15
2.767080e-06 1.352200e-15
2.776556e-06 1.309000e-15
2.786034e-06 1.304700e-15
2.795501e-06 1.302100e-15
2.804979e-06 1.255100e-15
2.814456e-06 1.219600e-15
2.823924e-06 1.213500e-15
2.833401e-06 1.159900e-15
2.842868e-06 1.190300e-15
2.852346e-06 1.149900e-15
2.861823e-06 1.123000e-15
2.871290e-06 1.105500e-15
2.880768e-06 1.114600e-15
2.890245e-06 1.111900e-15
2.899712e-06 1.138200e-15
2.909190e-06 1.090400e-15
2.918657e-06 1.074800e-15
2.928134e-06 1.031900e-15
2.937611e-06 1.098400e-15
2.947079e-06 1.014200e-15
2.956556e-06 1.064200e-15
2.966034e-06 1.044000e-15
2.975501e-06 1.075200e-15
2.984978e-06 1.017900e-15
2.994446e-06 9.964600e-16
3.003923e-06 9.309200e-16
3.013401e-06 9.818100e-16
3.022868e-06 9.430900e-16
3.032345e-06 9.608200e-16
3.041822e-06 9.475900e-16
3.051290e-06 9.486800e-16
3.060767e-06 9.305700e-16
3.070235e-06 9.385200e-16
3.079712e-06 9.037500e-16
3.089189e-06 9.428200e-16
3.098657e-06 9.003400e-16
3.108134e-06 9.380400e-16
3.117611e-06 8.878400e-16
3.127079e-06 8.472200e-16
3.136556e-06 8.092300e-16
3.146023e-06 8.833200e-16
3.155501e-06 8.391800e-16
3.164978e-06 8.493600e-16
3.174446e-06 8.837800e-16
3.183923e-06 9.111400e-16
3.193400e-06 9.066400e-16
3.202867e-06 8.742900e-16
3.212345e-06 9.823800e-16
3.221812e-06 1.073700e-15
3.231290e-06 1.131300e-15
3.240767e-06 1.176400e-15
3.250234e-06 1.279700e-15
3.259712e-06 1.432600e-15
3.269189e-06 1.511200e-15
3.278656e-06 1.463300e-15
3.288133e-06 1.386400e-15
3.297601e-06 1.289000e-15
3.307078e-06 1.135400e-15
3.316556e-06 1.125300e-15
3.326023e-06 1.005000e-15
3.335500e-06 9.436800e-16
3.344978e-06 9.551200e-16
3.354445e-06 9.445900e-16
3.363922e-06 9.103100e-16
3.373390e-06 9.800000e-16
3.382867e-06 9.546700e-16
3.392345e-06 9.822000e-16
3.401812e-06 9.584900e-16
3.411289e-06 9.431500e-16
3.420767e-06 9.232700e-16
3.430234e-06 9.343000e-16
3.439711e-06 8.909900e-16
3.449178e-06 8.952700e-16
3.458656e-06 8.516800e-16
3.468133e-06 8.343300e-16
3.477600e-06 8.110000e-16
3.487078e-06 7.806700e-16
3.496555e-06 7.705700e-16
3.506023e-06 8.165000e-16
3.515500e-06 7.536700e-16
3.524967e-06 7.875200e-16
3.534445e-06 7.877900e-16
3.543922e-06 7.943600e-16
3.553389e-06 7.814400e-16
3.562867e-06 7.605000e-16
3.572344e-06 7.623300e-16
3.581812e-06 7.964600e-16
3.591289e-06 7.569400e-16
3.600756e-06 7.818200e-16
3.610233e-06 7.582000e-16
3.619711e-06 7.560500e-16
3.629178e-06 7.405400e-16
3.638655e-06 7.582600e-16
3.648133e-06 7.082500e-16
3.657601e-06 7.015400e-16
3.667077e-06 6.871300e-16
3.676545e-06 6.873700e-16
3.686022e-06 6.988100e-16
3.695500e-06 6.878700e-16
3.704967e-06 6.651000e-16
3.714444e-06 6.501400e-16
3.723922e-06 6.369200e-16
3.733389e-06 6.723600e-16
3.742866e-06 6.757700e-16
3.752334e-06 6.738100e-16
3.761811e-06 6.582700e-16
3.771288e-06 6.740400e-16
3.780756e-06 6.663400e-16
3.790233e-06 6.237700e-16
3.799710e-06 6.501100e-16
3.809178e-06 6.661100e-16
3.818655e-06 6.461500e-16
3.828123e-06 6.236000e-16
3.837600e-06 6.313900e-16
3.847077e-06 6.151700e-16
3.856545e-06 5.943300e-16
3.866022e-06 6.256200e-16
3.875499e-06 5.978100e-16
3.884967e-06 6.050100e-16
3.894444e-06 5.988400e-16
3.903911e-06 5.963300e-16
3.913389e-06 5.763000e-16
3.922866e-06 6.005400e-16
3.932333e-06 5.959700e-16
3.941811e-06 6.126100e-16
3.951288e-06 5.646800e-16
3.960755e-06 5.799700e-16
3.970233e-06 5.644400e-16
3.979700e-06 5.594900e-16
3.989178e-06 5.945600e-16
3.998655e-06 6.101100e-16
4.008122e-06 6.163300e-16
4.017599e-06 6.190000e-16
4.027067e-06 6.269600e-16
4.036544e-06 6.317200e-16
4.046021e-06 6.210700e-16
4.055489e-06 6.217500e-16
4.064966e-06 5.842200e-16
4.074444e-06 5.377800e-16
4.083911e-06 5.270900e-16
4.093388e-06 5.309500e-16
4.102866e-06 5.474000e-16
4.112333e-06 5.292700e-16
4.121810e-06 4.916900e-16
4.131277e-06 5.194700e-16
4.140755e-06 4.855800e-16
4.150232e-06 5.046400e-16
4.159700e-06 5.125300e-16
4.169177e-06 5.095100e-16
4.178655e-06 4.602600e-16
4.188122e-06 4.802000e-16
4.197599e-06 4.587200e-16
4.207067e-06 4.459100e-16
4.216544e-06 4.189400e-16
4.226021e-06 4.297100e-16
4.235489e-06 4.170100e-16
4.244966e-06 4.032000e-16
4.254443e-06 3.968300e-16
4.263911e-06 4.131100e-16
4.273388e-06 4.604500e-16
4.282856e-06 4.575700e-16
4.292333e-06 4.326600e-16
4.301810e-06 4.515300e-16
4.311277e-06 4.662100e-16
4.320754e-06 4.246100e-16
4.330222e-06 4.294400e-16
4.339700e-06 4.459300e-16
4.349177e-06 4.234700e-16
4.358644e-06 4.137700e-16
4.368121e-06 4.236900e-16
4.377599e-06 4.373200e-16
4.387066e-06 4.170800e-16
4.396544e-06 3.962500e-16
4.406021e-06 3.583800e-16
4.415489e-06 3.719500e-16
4.424965e-06 3.400100e-16
4.434433e-06 3.651100e-16
4.443910e-06 3.492200e-16
4.453387e-06 3.574900e-16
4.462855e-06 3.576400e-16
4.472332e-06 3.581700e-16
4.481810e-06 3.724500e-16
4.491277e-06 3.660000e-16
4.500754e-06 3.741200e-16
4.510222e-06 3.797000e-16
4.519699e-06 3.784300e-16
4.529177e-06 3.176100e-16
4.538644e-06 3.425300e-16
4.548121e-06 3.266400e-16
4.557598e-06 3.438400e-16
4.567066e-06 3.332100e-16
4.576543e-06 3.337000e-16
4.586011e-06 3.236300e-16
4.595488e-06 3.106000e-16
4.604965e-06 3.048700e-16
4.614433e-06 3.397300e-16
4.623910e-06 3.652300e-16
4.633378e-06 3.727600e-16
4.642855e-06 3.442200e-16
4.652332e-06 3.666300e-16
4.661799e-06 3.696800e-16
4.671277e-06 3.393100e-16
4.680754e-06 3.719100e-16
4.690222e-06 4.114000e-16
4.699699e-06 3.776500e-16
4.709176e-06 3.818500e-16
4.718644e-06 3.863700e-16
4.728121e-06 3.652000e-16
4.737588e-06 3.382800e-16
4.747065e-06 3.490700e-16
4.756543e-06 3.526900e-16
4.766010e-06 3.208300e-16
4.775487e-06 3.033000e-16
4.784965e-06 2.940900e-16
4.794432e-06 3.086000e-16
4.803909e-06 2.841300e-16
4.813377e-06 2.934600e-16
4.822855e-06 2.710300e-16
4.832332e-06 2.841900e-16
4.841897e-06 3.159000e-16
4.890316e-06 3.112600e-16
4.939219e-06 3.065800e-16
4.988612e-06 3.018500e-16
5.038498e-06 2.970700e-16
5.088883e-06 2.922400e-16
5.107985e-06 2.904200e-16
5.137592e-06 2.962700e-16
5.167199e-06 3.247400e-16
5.196805e-06 3.567900e-16
5.226412e-06 4.582400e-16
5.256028e-06 4.363900e-16
5.285635e-06 4.032300e-16
5.315242e-06 4.097500e-16
5.344848e-06 4.014500e-16
5.374455e-06 3.266700e-16
5.404071e-06 2.988000e-16
5.433678e-06 2.988100e-16
5.463285e-06 3.117700e-16
5.492892e-06 3.415100e-16
5.522498e-06 3.462900e-16
5.552114e-06 3.580200e-16
5.581721e-06 3.645000e-16
5.611328e-06 4.441200e-16
5.640935e-06 5.107900e-16
5.670542e-06 5.424000e-16
5.700158e-06 5.530200e-16
5.729765e-06 5.355700e-16
5.759371e-06 4.937100e-16
5.788978e-06 4.629800e-16
5.818585e-06 4.521100e-16
5.848201e-06 4.861000e-16
5.877808e-06 5.028600e-16
5.907415e-06 4.816300e-16
5.937021e-06 4.845300e-16
5.966628e-06 5.395500e-16
5.996244e-06 6.396500e-16
6.025851e-06 6.971700e-16
6.055458e-06 7.164200e-16
6.085064e-06 7.637700e-16
6.114671e-06 9.235200e-16
6.144288e-06 1.237200e-15
6.173894e-06 1.711600e-15
6.203501e-06 2.023000e-15
6.233107e-06 1.933100e-15
6.262714e-06 1.673500e-15
6.292331e-06 1.401800e-15
6.321937e-06 1.177600e-15
6.351544e-06 1.017500e-15
6.381151e-06 9.090800e-16
6.410758e-06 8.399200e-16
6.440374e-06 7.824700e-16
6.469980e-06 7.239500e-16
6.499587e-06 6.920200e-16
6.529194e-06 6.594500e-16
6.558801e-06 6.497800e-16
6.588417e-06 6.625800e-16
6.618024e-06 6.856400e-16
6.647631e-06 7.013500e-16
6.677237e-06 6.936300e-16
6.706844e-06 6.845100e-16
6.736461e-06 6.827900e-16
6.766067e-06 6.850100e-16
6.795674e-06 6.797400e-16
6.825281e-06 6.811300e-16
6.854887e-06 7.026400e-16
6.884504e-06 7.446500e-16
6.914110e-06 7.827800e-16
6.943717e-06 8.803600e-16
6.973323e-06 1.136000e-15
7.002930e-06 1.125100e-15
7.032546e-06 9.322000e-16
7.062154e-06 8.978900e-16
7.091760e-06 9.007700e-16
7.121367e-06 9.283800e-16
7.150973e-06 9.397800e-16
7.180590e-06 9.468400e-16
7.210196e-06 9.899000e-16
7.239804e-06 1.000400e-15
7.269410e-06 1.038900e-15
7.299017e-06 1.090300e-15
7.328633e-06 1.162500e-15
7.358240e-06 1.251300e-15
7.387846e-06 1.361500e-15
7.417453e-06 1.419500e-15
7.476667e-06 1.696700e-15
7.535890e-06 1.981700e-15
7.595103e-06 2.161500e-15
7.654317e-06 2.120600e-15
7.713540e-06 2.047900e-15
7.772753e-06 2.003600e-15
7.831976e-06 1.934700e-15
7.891189e-06 1.765700e-15
7.950403e-06 1.545600e-15
8.009625e-06 1.349000e-15
8.068839e-06 1.172600e-15
8.128053e-06 1.050500e-15
8.187275e-06 9.894100e-16
8.246489e-06 9.582500e-16
8.305702e-06 9.789700e-16
8.364926e-06 9.343200e-16
8.424139e-06 9.407400e-16
8.483363e-06 9.771800e-16
8.542576e-06 1.011600e-15
8.601790e-06 9.782100e-16
8.661013e-06 8.712700e-16
8.720226e-06 7.333900e-16
8.779440e-06 5.943000e-16
8.838662e-06 4.811000e-16
8.897876e-06 4.088000e-16
8.957089e-06 3.604300e-16
9.016312e-06 3.171300e-16
9.075526e-06 2.859100e-16
9.134749e-06 2.605500e-16
9.193962e-06 2.470100e-16
9.253175e-06 2.386300e-16
9.312398e-06 2.259400e-16
9.371612e-06 2.150100e-16
9.430825e-06 2.095500e-16
9.490048e-06 2.005100e-16
9.549261e-06 2.023200e-16
9.608474e-06 2.035900e-16
9.667698e-06 2.163100e-16
9.726912e-06 1.936500e-16
9.786135e-06 1.774800e-16
9.845348e-06 1.715500e-16
9.904562e-06 1.665800e-16
9.963785e-06 1.670500e-16
1.002300e-05 1.693800e-16
1.008221e-05 1.708300e-16
1.014143e-05 1.679800e-16
1.020065e-05 1.666400e-16
1.025986e-05 1.704300e-16
1.031908e-05 1.736800e-16
1.037830e-05 1.811300e-16
1.043752e-05 1.927500e-16
1.049673e-05 2.073200e-16
1.055595e-05 2.252900e-16
1.061517e-05 2.384700e-16
1.067439e-05 2.381000e-16
1.073360e-05 2.413300e-16
1.079282e-05 2.436400e-16
1.085203e-05 2.489500e-16
1.091125e-05 2.778100e-16
1.097047e-05 3.258700e-16
1.102968e-05 3.711100e-16
1.108891e-05 4.331400e-16
1.114812e-05 6.589500e-16
1.120733e-05 9.708000e-16
1.126656e-05 1.036300e-15
1.132577e-05 8.848500e-16
1.138498e-05 7.219000e-16
1.144421e-05 6.128100e-16
1.150342e-05 5.280200e-16
1.156263e-05 4.747900e-16
1.162186e-05 4.401800e-16
1.168107e-05 4.186300e-16
1.174029e-05 4.072500e-16
1.179951e-05 4.108900e-16
1.185872e-05 4.344900e-16
1.191794e-05 4.574100e-16
1.197716e-05 4.705300e-16
1.203637e-05 4.656700e-16
1.209559e-05 4.511100e-16
1.215481e-05 4.423600e-16
1.221402e-05 4.546300e-16
1.227324e-05 4.833300e-16
1.233246e-05 4.998600e-16
1.239168e-05 5.094700e-16
1.245089e-05 5.307500e-16
1.251011e-05 5.560200e-16
1.256933e-05 5.869600e-16
1.262854e-05 6.126200e-16
1.268776e-05 6.348100e-16
1.274698e-05 7.754200e-16
1.280619e-05 9.893300e-16
1.286541e-05 7.765100e-16
1.292463e-05 4.574300e-16
1.298384e-05 3.897500e-16
1.304306e-05 3.699700e-16
1.310228e-05 3.595100e-16
1.316149e-05 3.641800e-16
1.322072e-05 3.595600e-16
1.327993e-05 3.534200e-16
1.333914e-05 3.499800e-16
1.339837e-05 3.457600e-16
1.345758e-05 3.428500e-16
1.351679e-05 3.460800e-16
1.357602e-05 3.452600e-16
1.363523e-05 3.335100e-16
1.369444e-05 3.242100e-16
1.375367e-05 3.162200e-16
1.381288e-05 3.093600e-16
1.387210e-05 3.068000e-16
1.393132e-05 3.023800e-16
1.399053e-05 3.006000e-16
1.404975e-05 2.963500e-16
1.410896e-05 2.922200e-16
1.416818e-05 2.889000e-16
1.427211e-05 3.165900e-16
1.435502e-05 3.063300e-16
1.443793e-05 2.883400e-16
1.452084e-05 2.708800e-16
1.460373e-05 2.682400e-16
1.468664e-05 2.615000e-16
1.476954e-05 2.594800e-16
1.485244e-05 2.626900e-16
1.493535e-05 2.614600e-16
1.501825e-05 2.567200e-16
1.510115e-05 2.553100e-16
1.518406e-05 2.590600e-16
1.526696e-05 2.607500e-16
1.534986e-05 2.545400e-16
1.543277e-05 2.605900e-16
1.551567e-05 2.777900e-16
1.559857e-05 3.013300e-16
1.568148e-05 2.728100e-16
1.576438e-05 2.693600e-16
1.584729e-05 2.745800e-16
1.593019e-05 2.770900e-16
1.601310e-05 2.737100e-16
1.609600e-05 2.725900e-16
1.617890e-05 2.780400e-16
1.626180e-05 2.955400e-16
1.634471e-05 3.322700e-16
1.642761e-05 3.675300e-16
1.651051e-05 3.707900e-16
1.659342e-05 3.431600e-16
1.667632e-05 3.368500e-16
1.675922e-05 3.454100e-16
1.684213e-05 3.413600e-16
1.692503e-05 3.555800e-16
1.700793e-05 4.056700e-16
1.709084e-05 3.995700e-16
1.717375e-05 3.599700e-16
1.725664e-05 3.505300e-16
1.733955e-05 3.490000e-16
1.742245e-05 3.397800e-16
1.750535e-05 3.190400e-16
1.758826e-05 3.032700e-16
1.767117e-05 2.967500e-16
1.775406e-05 2.938300e-16
1.783697e-05 2.914700e-16
1.791988e-05 2.883300e-16
1.800277e-05 2.826100e-16
1.808568e-05 2.775400e-16
1.816858e-05 2.751400e-16
1.825148e-05 2.734000e-16
1.833439e-05 2.734100e-16
1.841730e-05 2.764400e-16
1.850020e-05 2.830500e-16
1.858310e-05 2.925300e-16
1.866601e-05 3.128500e-16
1.874891e-05 3.596400e-16
1.883181e-05 3.057500e-16
1.891472e-05 2.905200e-16
1.899762e-05 2.877600e-16
1.908052e-05 2.880300e-16
1.916343e-05 2.939100e-16
1.924633e-05 2.941800e-16
1.932923e-05 2.904500e-16
1.941213e-05 2.880200e-16
1.949504e-05 2.901600e-16
1.957794e-05 2.944000e-16
1.966084e-05 2.972400e-16
1.974375e-05 2.993400e-16
1.982666e-05 3.037800e-16
1.990955e-05 3.055200e-16
1.999246e-05 3.051100e-16
2.015827e-05 3.130700e-16
2.032408e-05 3.202100e-16
2.048988e-05 3.163400e-16
2.065568e-05 3.239000e-16
2.082150e-05 3.310100e-16
2.098730e-05 3.351000e-16
2.115311e-05 3.391700e-16
2.131892e-05 3.425100e-16
2.148472e-05 3.452500e-16
2.165053e-05 3.453700e-16
2.181634e-05 3.506400e-16
2.198214e-05 3.563100e-16
2.214795e-05 3.597800e-16
2.231376e-05 3.605300e-16
2.247957e-05 3.679800e-16
2.264537e-05 3.706900e-16
2.281118e-05 3.730100e-16
2.297699e-05 3.825000e-16
2.314279e-05 3.892100e-16
2.330860e-05 3.867000e-16
2.347441e-05 3.887900e-16
2.364021e-05 3.993600e-16
2.380603e-05 4.035200e-16
2.397183e-05 4.026000e-16
2.413763e-05 4.069000e-16
2.430345e-05 4.100800e-16
2.446925e-05 4.123800e-16
2.463505e-05 4.123800e-16
2.480087e-05 4.169700e-16
2.496667e-05 4.230100e-16
2.513248e-05 4.278900e-16
2.529828e-05 4.306000e-16
2.546409e-05 4.354800e-16
2.562990e-05 4.350900e-16
2.579570e-05 4.401900e-16
2.596151e-05 4.520000e-16
2.612732e-05 4.513700e-16
2.629312e-05 4.506900e-16
2.645894e-05 4.520400e-16
2.662474e-05 4.537400e-16
2.679055e-05 4.600300e-16
2.695636e-05 4.660200e-16
2.712216e-05 4.651400e-16
2.728796e-05 4.681000e-16
2.745378e-05 4.679000e-16
2.761958e-05 4.738800e-16
2.778539e-05 4.785100e-16
2.795120e-05 4.828800e-16
2.811700e-05 4.910900e-16
2.828281e-05 4.932500e-16
2.844862e-05 4.947600e-16
2.861442e-05 4.950000e-16
2.878023e-05 5.003800e-16
2.894603e-05 5.006400e-16
2.911185e-05 5.022300e-16
2.927765e-05 5.032000e-16
2.944346e-05 5.064700e-16
2.960927e-05 5.125300e-16
2.977507e-05 5.148500e-16
2.994088e-05 5.139200e-16
3.010669e-05 5.231700e-16
3.027249e-05 5.288700e-16
3.043830e-05 5.269800e-16
3.060411e-05 5.275900e-16
3.076991e-05 5.294700e-16
3.093572e-05 5.435900e-16
3.110153e-05 5.371000e-16
3.126733e-05 5.347600e-16
3.143314e-05 5.385200e-16
3.159895e-05 5.491000e-16
3.176476e-05 5.586000e-16
3.193056e-05 5.580300e-16
3.209637e-05 5.581900e-16
3.226218e-05 5.642100e-16
3.242798e-05 5.783800e-16
3.259379e-05 5.973800e-16
3.275960e-05 6.157400e-16
3.292541e-05 5.856000e-16
3.309122e-05 6.048800e-16
3.325702e-05 6.389100e-16
3.342282e-05 6.500200e-16
3.358863e-05 6.185500e-16
3.375444e-05 5.947400e-16
3.392024e-05 6.045800e-16
3.408606e-05 6.231500e-16
3.425186e-05 6.149200e-16
