1.000600e-08 1.902300e-27
1.019200e-08 3.179000e-27
1.040500e-08 4.789500e-27
1.059900e-08 7.316300e-27
1.079600e-08 1.135800e-26
1.099700e-08 1.982800e-26
1.140900e-08 4.095300e-26
1.181000e-08 7.785600e-26
1.211300e-08 3.666800e-25
1.251000e-08 6.328300e-25
1.271300e-08 7.985300e-25
1.280100e-08 9.126200e-25
1.310000e-08 1.265600e-24
1.319000e-08 1.604300e-24
1.340500e-08 1.964700e-24
1.368500e-08 3.049900e-24
1.400400e-08 4.067100e-24
1.429700e-08 1.301000e-23
1.469800e-08 4.123700e-23
1.511000e-08 5.627200e-23
1.549700e-08 7.678700e-23
1.589500e-08 1.047800e-22
1.619000e-08 1.304000e-22
1.660600e-08 1.751000e-22
1.699300e-08 2.271400e-22
1.730800e-08 2.768800e-22
1.771200e-08 3.534200e-22
1.799900e-08 4.219800e-22
1.820800e-08 4.734700e-22
1.858900e-08 5.933200e-22
1.911000e-08 7.767600e-22
1.942000e-08 9.147200e-22
1.978100e-08 1.112500e-21
2.019600e-08 1.356100e-21
2.047700e-08 1.564200e-21
2.100200e-08 1.876200e-21
2.159000e-08 2.542700e-21
2.199200e-08 3.015000e-21
2.229800e-08 3.367400e-21
2.271200e-08 3.974600e-21
2.297500e-08 6.703300e-21
2.340200e-08 1.192000e-20
2.400300e-08 1.739000e-20
2.461800e-08 1.911100e-20
2.519200e-08 2.362100e-20
2.571900e-08 2.245400e-20
2.601700e-08 2.775200e-20
2.637900e-08 3.193700e-20
2.686900e-08 3.558700e-20
2.736900e-08 3.938100e-20
2.787800e-08 4.338000e-20
2.839600e-08 4.789500e-20
2.899100e-08 5.120200e-20
2.959800e-08 5.784800e-20
3.007900e-08 6.198500e-20
3.077900e-08 7.051600e-20
3.178800e-08 8.400200e-20
3.282900e-08 9.711600e-20
3.382700e-08 1.102300e-19
3.477400e-08 1.239600e-19
3.566600e-08 1.384500e-19
3.658100e-08 1.557000e-19
3.752000e-08 1.703300e-19
3.848200e-08 1.808400e-19
3.946900e-08 2.062000e-19
4.048200e-08 2.281900e-19
4.142500e-08 2.445100e-19
4.219500e-08 2.572100e-19
4.297900e-08 2.712000e-19
4.408200e-08 2.960000e-19
4.510900e-08 3.142600e-19
4.594700e-08 3.290700e-19
4.701700e-08 3.485700e-19
4.800200e-08 3.726400e-19
4.900700e-08 3.857400e-19
5.003300e-08 4.142800e-19
5.061300e-08 4.258800e-19
5.119900e-08 5.132000e-19
5.203100e-08 5.361500e-19
5.299800e-08 5.614200e-19
5.398300e-08 5.653100e-19
5.498700e-08 6.416400e-19
5.600900e-08 7.215900e-19
5.705000e-08 7.948600e-19
5.797700e-08 8.040600e-19
5.905500e-08 9.147200e-19
6.001500e-08 9.512400e-19
6.099000e-08 1.007600e-18
6.198100e-08 1.197500e-18
6.298800e-08 1.286100e-18
6.401200e-08 1.346800e-18
6.505200e-08 1.500700e-18
6.580500e-08 1.600600e-18
6.656700e-08 1.711200e-18
6.749300e-08 1.771300e-18
6.843200e-08 1.795900e-18
6.954400e-08 2.240200e-18
7.051100e-08 2.204400e-18
7.165700e-08 2.632000e-18
7.265400e-08 2.788000e-18
7.349500e-08 2.946400e-18
7.451800e-08 3.344200e-18
7.555400e-08 3.616500e-18
7.642900e-08 3.848500e-18
7.749200e-08 4.308100e-18
7.857000e-08 4.702100e-18
7.948000e-08 5.003700e-18
8.058600e-08 5.324600e-18
8.151900e-08 5.614200e-18
8.246300e-08 6.255900e-18
8.341800e-08 5.336900e-18
8.457800e-08 6.843700e-18
8.555800e-08 7.182700e-18
8.654800e-08 7.857600e-18
8.755100e-08 8.576100e-18
8.856400e-08 9.490500e-18
8.959000e-08 1.019300e-17
9.041900e-08 1.038200e-17
9.146600e-08 1.649300e-17
9.252500e-08 1.186600e-16
9.359600e-08 2.712000e-16
9.446200e-08 5.373900e-16
9.555600e-08 7.821500e-16
9.644000e-08 9.001000e-16
9.755700e-08 1.403700e-16
9.846000e-08 7.875700e-16
9.960000e-08 8.536700e-16
1.005220e-07 1.283200e-15
1.014520e-07 1.251100e-15
1.023900e-07 5.312400e-16
1.035760e-07 8.877500e-16
1.045340e-07 1.767200e-15
1.055020e-07 1.763200e-15
1.064780e-07 1.400500e-15
1.074630e-07 1.707200e-15
1.084570e-07 1.353000e-15
1.094610e-07 1.842000e-15
1.104740e-07 1.791800e-15
1.114960e-07 1.739000e-15
1.125280e-07 1.582300e-15
1.135690e-07 2.057300e-15
1.146200e-07 1.880600e-15
1.154140e-07 2.033700e-15
1.164820e-07 2.129600e-15
1.175600e-07 1.480100e-15
1.183750e-07 2.110000e-15
1.194700e-07 1.439800e-15
1.205760e-07 1.028700e-15
1.214110e-07 6.827900e-16
1.225350e-07 1.466500e-15
1.233840e-07 2.292400e-15
1.245260e-07 2.566200e-15
1.253890e-07 2.473400e-15
1.265490e-07 2.124700e-15
1.274260e-07 2.813800e-15
1.286050e-07 2.987400e-15
1.294970e-07 2.362100e-15
1.303940e-07 2.351200e-15
1.316010e-07 3.001200e-15
1.325130e-07 2.892600e-15
1.334320e-07 2.572100e-15
1.343570e-07 3.121000e-15
1.356000e-07 3.042900e-15
1.365400e-07 2.724500e-15
1.374860e-07 2.906000e-15
1.384390e-07 2.966800e-15
1.393990e-07 2.607900e-15
1.403650e-07 2.737100e-15
1.413380e-07 2.800800e-15
1.426460e-07 2.912700e-15
1.436350e-07 2.912700e-15
1.442980e-07 3.099500e-15
1.446300e-07 3.164400e-15
1.456330e-07 3.092400e-15
1.466420e-07 2.866100e-15
1.476590e-07 2.879300e-15
1.483400e-07 2.953200e-15
1.493690e-07 3.035900e-15
1.504040e-07 2.886000e-15
1.510980e-07 2.572100e-15
1.517960e-07 2.775200e-15
1.524960e-07 2.699500e-15
1.535530e-07 2.356600e-15
1.546180e-07 2.638100e-15
1.553310e-07 2.502000e-15
1.564080e-07 2.554400e-15
1.574920e-07 2.749700e-15
1.585840e-07 2.906000e-15
1.596830e-07 2.994300e-15
1.604200e-07 2.946400e-15
1.615320e-07 2.980500e-15
1.626520e-07 2.826800e-15
1.634030e-07 3.035900e-15
1.645350e-07 3.106600e-15
1.656760e-07 2.866100e-15
1.664400e-07 3.171700e-15
1.672090e-07 2.820300e-15
1.675940e-07 3.215800e-15
1.683680e-07 3.375100e-15
1.695350e-07 3.171700e-15
1.703170e-07 3.064000e-15
1.714980e-07 2.926100e-15
1.726870e-07 2.932800e-15
1.734840e-07 3.149800e-15
1.746860e-07 3.092400e-15
1.754930e-07 3.328800e-15
1.763030e-07 3.042900e-15
1.775250e-07 3.157100e-15
1.783440e-07 3.223200e-15
1.795800e-07 3.485700e-15
1.804090e-07 3.461700e-15
1.816600e-07 3.215800e-15
1.824980e-07 3.298300e-15
1.833410e-07 3.171700e-15
1.846120e-07 2.919400e-15
1.854640e-07 2.960000e-15
1.863200e-07 3.078100e-15
1.876110e-07 3.336500e-15
1.884770e-07 3.092400e-15
1.893470e-07 2.994300e-15
1.906600e-07 3.179000e-15
1.915400e-07 3.085200e-15
1.924240e-07 3.035900e-15
1.933120e-07 3.092400e-15
1.946520e-07 3.298300e-15
1.955510e-07 3.113800e-15
1.969060e-07 3.437900e-15
1.978150e-07 3.526100e-15
1.982710e-07 3.351900e-15
1.996450e-07 3.275600e-15
2.005670e-07 3.367400e-15
2.014930e-07 3.260500e-15
2.024230e-07 3.414200e-15
2.033570e-07 3.275600e-15
2.042960e-07 3.430000e-15
2.057120e-07 3.298300e-15
2.066610e-07 3.313500e-15
2.076150e-07 3.566900e-15
2.085730e-07 3.583400e-15
2.095360e-07 3.398500e-15
2.105030e-07 3.414200e-15
2.114750e-07 3.469700e-15
2.124510e-07 3.526100e-15
2.134320e-07 3.260500e-15
2.144170e-07 3.398500e-15
2.154070e-07 3.526100e-15
2.164010e-07 3.414200e-15
2.174000e-07 3.398500e-15
2.184030e-07 3.382900e-15
2.194110e-07 3.558700e-15
2.204240e-07 3.461700e-15
2.214420e-07 3.275800e-15
2.224640e-07 3.188000e-15
2.234900e-07 3.465200e-15
2.245220e-07 3.310800e-15
2.255580e-07 3.163300e-15
2.266000e-07 3.238500e-15
2.276460e-07 3.353900e-15
2.286960e-07 3.481400e-15
2.297520e-07 3.280700e-15
2.302810e-07 3.319500e-15
2.313440e-07 3.171600e-15
2.324120e-07 2.497400e-15
2.334850e-07 2.928900e-15
2.345630e-07 2.804900e-15
2.356450e-07 3.119800e-15
2.367330e-07 2.820600e-15
2.372790e-07 2.947500e-15
2.383740e-07 2.689500e-15
2.394740e-07 2.903300e-15
2.405800e-07 2.793200e-15
2.416900e-07 2.879600e-15
2.422470e-07 3.122000e-15
2.433660e-07 3.010600e-15
2.444890e-07 3.212700e-15
2.456170e-07 3.177600e-15
2.467510e-07 3.157300e-15
2.473200e-07 3.029900e-15
2.484610e-07 3.102100e-15
2.496080e-07 2.943600e-15
2.507600e-07 3.327400e-15
2.513390e-07 2.898800e-15
2.519180e-07 2.946700e-15
2.524990e-07 2.834300e-15
2.536640e-07 2.901900e-15
2.542490e-07 2.876000e-15
2.554220e-07 3.133400e-15
2.566010e-07 3.035700e-15
2.577860e-07 3.239600e-15
2.583800e-07 3.210700e-15
2.595730e-07 3.161100e-15
2.607710e-07 3.048400e-15
2.613720e-07 2.993500e-15
2.625790e-07 3.194600e-15
2.637900e-07 3.339300e-15
2.643980e-07 3.687900e-15
2.656190e-07 3.810800e-15
2.662310e-07 3.413000e-15
2.674600e-07 3.600600e-15
2.686950e-07 3.619200e-15
2.693140e-07 3.425600e-15
2.705570e-07 3.564300e-15
2.718060e-07 3.351300e-15
2.724330e-07 3.352300e-15
2.736900e-07 3.544700e-15
2.743210e-07 3.004100e-15
2.755870e-07 3.118600e-15
2.762220e-07 3.274000e-15
2.774980e-07 3.454000e-15
2.787780e-07 3.195700e-15
2.794210e-07 2.510100e-15
2.807110e-07 2.709900e-15
2.813580e-07 3.444100e-15
2.826570e-07 3.701000e-15
2.833080e-07 3.576400e-15
2.846160e-07 3.481000e-15
2.852720e-07 3.302400e-15
2.865890e-07 3.716100e-15
2.872490e-07 3.734300e-15
2.885750e-07 3.719300e-15
2.892400e-07 3.711900e-15
2.912450e-07 4.101900e-15
2.932640e-07 3.938900e-15
2.952970e-07 3.888300e-15
2.966600e-07 3.990500e-15
2.987160e-07 4.021800e-15
3.007870e-07 4.100300e-15
3.028720e-07 4.113500e-15
3.049710e-07 4.145900e-15
3.070850e-07 4.207500e-15
3.092140e-07 4.260200e-15
3.113570e-07 4.283900e-15
3.127950e-07 4.237500e-15
3.149630e-07 4.290700e-15
3.171460e-07 4.324600e-15
3.193440e-07 4.105500e-15
3.208180e-07 4.282000e-15
3.230420e-07 4.074400e-15
3.252810e-07 4.390300e-15
3.267830e-07 4.589600e-15
3.290480e-07 4.583600e-15
3.313290e-07 4.588100e-15
3.320930e-07 4.589700e-15
3.328580e-07 4.698100e-15
3.336250e-07 4.831400e-15
3.343940e-07 4.510400e-15
3.351650e-07 4.595800e-15
3.359380e-07 4.693600e-15
3.367120e-07 4.609500e-15
3.374890e-07 4.195700e-15
3.382670e-07 4.354600e-15
3.390460e-07 4.732600e-15
3.398280e-07 4.712400e-15
3.406110e-07 4.606700e-15
3.413960e-07 4.694000e-15
3.421840e-07 4.860600e-15
3.429720e-07 4.740600e-15
3.437630e-07 4.819300e-15
3.445550e-07 4.247500e-15
3.453500e-07 4.946300e-15
3.461460e-07 4.491900e-15
3.469440e-07 4.619400e-15
3.477440e-07 4.423200e-15
3.485450e-07 4.601300e-15
3.493490e-07 4.539800e-15
3.501540e-07 4.594000e-15
3.509610e-07 4.627400e-15
3.517700e-07 4.482200e-15
3.525810e-07 4.609400e-15
3.531220e-07 3.072300e-15
3.533870e-07 6.009000e-15
3.536510e-07 5.207000e-15
3.539160e-07 3.976100e-15
3.541810e-07 4.351400e-15
3.544450e-07 6.073600e-15
3.547100e-07 5.622500e-15
3.549750e-07 4.644800e-15
3.552390e-07 5.092500e-15
3.555040e-07 4.694000e-15
3.557680e-07 4.577000e-15
3.560330e-07 3.306700e-15
3.562980e-07 4.935100e-15
3.565620e-07 4.624800e-15
3.568270e-07 4.651500e-15
3.570910e-07 5.361100e-15
3.573560e-07 3.958300e-15
3.576210e-07 4.169400e-15
3.578850e-07 5.022100e-15
3.581500e-07 5.507100e-15
3.584140e-07 5.296700e-15
3.586790e-07 4.201600e-15
3.589440e-07 4.322200e-15
3.592080e-07 4.498300e-15
3.594730e-07 4.545200e-15
3.597370e-07 5.350800e-15
3.600020e-07 4.616900e-15
3.602670e-07 3.788200e-15
3.605310e-07 5.292000e-15
3.607960e-07 4.589300e-15
3.610600e-07 3.522800e-15
3.613250e-07 4.649800e-15
3.615900e-07 4.700100e-15
3.618540e-07 4.740400e-15
3.621190e-07 5.408000e-15
3.623830e-07 4.873900e-15
3.626480e-07 5.113400e-15
3.629130e-07 5.057500e-15
3.631770e-07 5.454200e-15
3.634420e-07 5.389000e-15
3.637060e-07 4.137200e-15
3.639710e-07 4.863300e-15
3.642360e-07 4.307000e-15
3.645000e-07 5.025600e-15
3.647650e-07 4.075700e-15
3.650290e-07 4.651300e-15
3.652940e-07 4.740400e-15
3.655590e-07 4.783100e-15
3.658230e-07 4.368300e-15
3.660880e-07 5.548500e-15
3.663520e-07 4.591800e-15
3.666170e-07 5.582400e-15
3.668820e-07 4.992000e-15
3.671460e-07 4.626500e-15
3.674110e-07 4.866000e-15
3.676750e-07 4.883500e-15
3.679400e-07 4.634900e-15
3.682050e-07 5.566800e-15
3.684690e-07 4.828400e-15
3.687340e-07 5.062400e-15
3.689980e-07 5.674200e-15
3.692630e-07 5.481100e-15
3.695280e-07 4.542300e-15
3.697920e-07 4.755400e-15
3.700570e-07 5.660900e-15
3.703210e-07 5.131500e-15
3.705860e-07 4.636100e-15
3.708510e-07 4.667100e-15
3.711150e-07 4.682500e-15
3.713800e-07 4.501600e-15
3.716440e-07 6.192400e-15
3.719090e-07 6.133300e-15
3.721740e-07 6.658600e-15
3.724380e-07 7.578700e-15
3.727030e-07 9.102600e-15
3.729670e-07 9.869900e-15
3.732320e-07 8.524500e-15
3.734970e-07 6.795800e-15
3.737610e-07 5.554200e-15
3.740260e-07 5.912400e-15
3.742900e-07 6.177100e-15
3.745550e-07 5.626800e-15
3.748200e-07 5.618000e-15
3.750840e-07 5.733400e-15
3.753490e-07 5.524800e-15
3.756130e-07 5.926900e-15
3.758780e-07 5.819700e-15
3.761430e-07 5.932200e-15
3.764070e-07 5.985600e-15
3.766720e-07 5.621500e-15
3.769360e-07 5.363200e-15
3.772010e-07 5.081600e-15
3.774660e-07 5.708900e-15
3.777300e-07 6.001400e-15
3.779950e-07 6.569500e-15
3.782590e-07 7.282400e-15
3.785240e-07 6.810800e-15
3.787890e-07 6.664300e-15
3.790530e-07 6.968700e-15
3.793180e-07 6.648900e-15
3.795820e-07 5.799900e-15
3.798470e-07 5.450500e-15
3.801120e-07 5.052500e-15
3.803760e-07 5.504200e-15
3.806410e-07 6.583100e-15
3.809050e-07 6.878700e-15
3.811700e-07 7.104600e-15
3.814350e-07 6.716300e-15
3.816990e-07 6.948300e-15
3.819640e-07 6.974700e-15
3.822280e-07 6.946400e-15
3.824930e-07 6.585000e-15
3.827580e-07 6.248700e-15
3.830220e-07 5.855100e-15
3.832870e-07 5.077600e-15
3.835510e-07 4.838600e-15
3.838160e-07 4.669600e-15
3.840810e-07 5.203600e-15
3.843450e-07 6.189700e-15
3.846100e-07 6.706700e-15
3.848740e-07 7.215800e-15
3.851390e-07 7.141500e-15
3.854040e-07 6.988600e-15
3.856680e-07 7.743900e-15
3.859330e-07 8.123300e-15
3.861970e-07 8.110300e-15
3.864620e-07 8.704500e-15
3.867270e-07 8.352400e-15
3.869910e-07 8.769000e-15
3.872560e-07 8.099300e-15
3.875200e-07 7.318500e-15
3.877850e-07 7.012500e-15
3.880500e-07 6.779600e-15
3.883140e-07 6.530300e-15
3.885790e-07 6.195100e-15
3.888430e-07 5.537700e-15
3.891080e-07 6.001000e-15
3.893730e-07 6.443400e-15
3.896370e-07 6.146000e-15
3.899020e-07 6.872500e-15
3.901660e-07 7.071600e-15
3.904310e-07 7.606800e-15
3.906960e-07 7.647000e-15
3.909600e-07 7.709100e-15
3.912250e-07 8.568100e-15
3.914890e-07 8.943700e-15
3.917540e-07 8.005700e-15
3.920190e-07 7.887200e-15
3.922830e-07 7.437900e-15
3.925480e-07 8.177200e-15
3.928120e-07 6.590900e-15
3.930770e-07 6.077800e-15
3.933420e-07 5.721900e-15
3.936060e-07 5.896500e-15
3.938710e-07 6.650900e-15
3.941350e-07 6.653200e-15
3.944000e-07 7.080900e-15
3.946650e-07 7.531500e-15
3.949290e-07 7.591300e-15
3.951940e-07 8.168100e-15
3.954580e-07 7.635400e-15
3.957230e-07 7.183300e-15
3.959880e-07 7.295000e-15
3.962520e-07 6.722300e-15
3.965170e-07 5.524100e-15
3.967810e-07 5.232900e-15
3.970460e-07 5.096300e-15
3.973110e-07 5.160100e-15
3.975750e-07 5.869700e-15
3.978400e-07 6.809500e-15
3.981040e-07 6.937600e-15
3.983690e-07 7.744300e-15
3.986340e-07 7.816000e-15
3.988980e-07 7.575300e-15
3.991630e-07 8.608200e-15
3.994270e-07 8.326900e-15
3.996920e-07 8.769900e-15
3.999570e-07 8.776200e-15
4.002210e-07 9.020700e-15
4.004860e-07 9.359500e-15
4.007510e-07 8.918300e-15
4.010150e-07 8.026500e-15
4.012800e-07 9.035300e-15
4.015440e-07 9.978100e-15
4.018090e-07 9.423400e-15
4.020740e-07 8.983000e-15
4.023380e-07 9.781500e-15
4.026030e-07 9.395700e-15
4.028670e-07 9.527200e-15
4.031320e-07 9.247400e-15
4.033970e-07 9.250700e-15
4.036610e-07 8.735900e-15
4.039260e-07 9.171500e-15
4.041900e-07 9.552800e-15
4.044550e-07 8.717600e-15
4.047200e-07 9.181300e-15
4.049840e-07 8.653500e-15
4.052490e-07 8.788200e-15
4.055130e-07 8.729900e-15
4.057780e-07 9.080800e-15
4.060430e-07 9.653600e-15
4.063070e-07 9.507200e-15
4.065720e-07 8.927700e-15
4.068360e-07 8.488200e-15
4.071010e-07 8.618800e-15
4.073660e-07 8.771300e-15
4.076300e-07 8.816400e-15
4.078950e-07 8.426400e-15
4.081590e-07 8.565600e-15
4.084240e-07 8.585300e-15
4.086890e-07 8.378200e-15
4.089530e-07 8.875300e-15
4.092180e-07 8.139500e-15
4.094820e-07 8.186800e-15
4.097470e-07 7.222800e-15
4.100120e-07 7.155700e-15
4.102760e-07 6.940200e-15
4.105410e-07 6.320600e-15
4.108050e-07 6.919700e-15
4.110700e-07 7.223200e-15
4.113350e-07 8.136500e-15
4.115990e-07 8.463100e-15
4.118640e-07 8.938400e-15
4.121280e-07 9.026700e-15
4.123930e-07 9.076300e-15
4.126580e-07 8.864800e-15
4.129220e-07 9.030900e-15
4.131870e-07 9.078700e-15
4.134510e-07 8.498600e-15
4.137160e-07 8.535800e-15
4.139810e-07 9.380500e-15
4.142450e-07 9.134200e-15
4.145100e-07 9.365900e-15
4.147740e-07 8.948000e-15
4.150390e-07 8.971600e-15
4.153040e-07 9.138400e-15
4.155680e-07 9.238000e-15
4.158330e-07 9.537200e-15
4.160970e-07 9.448900e-15
4.163620e-07 9.430300e-15
4.166270e-07 9.920000e-15
4.168910e-07 9.760600e-15
4.171560e-07 9.009100e-15
4.174200e-07 9.127300e-15
4.176850e-07 8.904000e-15
4.179500e-07 9.178900e-15
4.182140e-07 8.699300e-15
4.184790e-07 8.629100e-15
4.187430e-07 8.944700e-15
4.190080e-07 9.454300e-15
4.192730e-07 9.428300e-15
4.195370e-07 8.789200e-15
4.198020e-07 8.655900e-15
4.200660e-07 8.388600e-15
4.203310e-07 8.634900e-15
4.205960e-07 9.150100e-15
4.208600e-07 9.252100e-15
4.211250e-07 9.115200e-15
4.213890e-07 9.342900e-15
4.216540e-07 9.317700e-15
4.219190e-07 9.207100e-15
4.221830e-07 9.321300e-15
4.224480e-07 9.027000e-15
4.227120e-07 8.900700e-15
4.229770e-07 8.547500e-15
4.232420e-07 8.796300e-15
4.235060e-07 9.480400e-15
4.237710e-07 9.393300e-15
4.240350e-07 9.228500e-15
4.243000e-07 9.209000e-15
4.245650e-07 9.255200e-15
4.248290e-07 9.300300e-15
4.250940e-07 9.086000e-15
4.253580e-07 9.191800e-15
4.256230e-07 9.484700e-15
4.258880e-07 9.541400e-15
4.261520e-07 9.449500e-15
4.264170e-07 9.408500e-15
4.266810e-07 8.955900e-15
4.269460e-07 9.021300e-15
4.272110e-07 9.208000e-15
4.274750e-07 8.912000e-15
4.277400e-07 8.860200e-15
4.280040e-07 9.199100e-15
4.282690e-07 9.015300e-15
4.285340e-07 8.744200e-15
4.287980e-07 8.870100e-15
4.290630e-07 8.985900e-15
4.293270e-07 8.615800e-15
4.295920e-07 8.446200e-15
4.298570e-07 8.356200e-15
4.301210e-07 7.983400e-15
4.303860e-07 7.754500e-15
4.306500e-07 8.156800e-15
4.309150e-07 8.294000e-15
4.311800e-07 8.256100e-15
4.314440e-07 8.575200e-15
4.317090e-07 8.944600e-15
4.319730e-07 9.175600e-15
4.322380e-07 9.082800e-15
4.325030e-07 8.948500e-15
4.327670e-07 8.421900e-15
4.330320e-07 8.220300e-15
4.332960e-07 8.374000e-15
4.335610e-07 8.428300e-15
4.338260e-07 8.390800e-15
4.340900e-07 7.769000e-15
4.343550e-07 7.956000e-15
4.346190e-07 8.045300e-15
4.348840e-07 8.290300e-15
4.351490e-07 8.142500e-15
4.354130e-07 8.448500e-15
4.356780e-07 8.774200e-15
4.359420e-07 9.371600e-15
4.362070e-07 9.529900e-15
4.364720e-07 9.516900e-15
4.367360e-07 9.519100e-15
4.370010e-07 9.688000e-15
4.372650e-07 9.483100e-15
4.375300e-07 9.275100e-15
4.377950e-07 9.306000e-15
4.380590e-07 9.532600e-15
4.383240e-07 8.940300e-15
4.385880e-07 8.649200e-15
4.388530e-07 8.769400e-15
4.391180e-07 9.629800e-15
4.393820e-07 9.452200e-15
4.396470e-07 9.372200e-15
4.399110e-07 9.344100e-15
4.401760e-07 9.423200e-15
4.404410e-07 8.986200e-15
4.407050e-07 9.220500e-15
4.409700e-07 9.599500e-15
4.412340e-07 9.458900e-15
4.414990e-07 9.428900e-15
4.417640e-07 9.254200e-15
4.420280e-07 9.511200e-15
4.422930e-07 9.509600e-15
4.425570e-07 9.540400e-15
4.428220e-07 9.756300e-15
4.430870e-07 9.616700e-15
4.433510e-07 9.441600e-15
4.436160e-07 9.663700e-15
4.438800e-07 9.661700e-15
4.441450e-07 9.976900e-15
4.444100e-07 9.602100e-15
4.446740e-07 9.750000e-15
4.449390e-07 1.003600e-14
4.452040e-07 1.014500e-14
4.454680e-07 9.349500e-15
4.457330e-07 9.754600e-15
4.459970e-07 9.430500e-15
4.462620e-07 9.787800e-15
4.465270e-07 8.898300e-15
4.467910e-07 9.024100e-15
4.470560e-07 9.440400e-15
4.473200e-07 9.836000e-15
4.475850e-07 1.004900e-14
4.478500e-07 1.049300e-14
4.481140e-07 1.009900e-14
4.483790e-07 9.649300e-15
4.486430e-07 9.990700e-15
4.489080e-07 1.011400e-14
4.491730e-07 1.021700e-14
4.494370e-07 9.937700e-15
4.497020e-07 9.810600e-15
4.499660e-07 1.027900e-14
4.502310e-07 1.027300e-14
4.504960e-07 1.032200e-14
4.507600e-07 1.038200e-14
4.510250e-07 1.085100e-14
4.512890e-07 1.025000e-14
4.515540e-07 1.035300e-14
4.518190e-07 1.023400e-14
4.520830e-07 1.033300e-14
4.523480e-07 9.922300e-15
4.526120e-07 9.110100e-15
4.528770e-07 9.684700e-15
4.531420e-07 9.071900e-15
4.534060e-07 9.318300e-15
4.536710e-07 9.093500e-15
4.539350e-07 9.399400e-15
4.542000e-07 9.646600e-15
4.544650e-07 1.002300e-14
4.547290e-07 9.566900e-15
4.549940e-07 9.967700e-15
4.552580e-07 9.953600e-15
4.555230e-07 9.957500e-15
4.557880e-07 1.044800e-14
4.560520e-07 9.778100e-15
4.563170e-07 1.033700e-14
4.565810e-07 1.021400e-14
4.568460e-07 1.021300e-14
4.571110e-07 1.003800e-14
4.573750e-07 1.010800e-14
4.576400e-07 1.045400e-14
4.579040e-07 9.959400e-15
4.581690e-07 9.896000e-15
4.584340e-07 9.850900e-15
4.586980e-07 9.789100e-15
4.589630e-07 9.759500e-15
4.592270e-07 1.015900e-14
4.594920e-07 9.665600e-15
4.597570e-07 1.026200e-14
4.600210e-07 9.836000e-15
4.602860e-07 1.029000e-14
4.605500e-07 1.031800e-14
4.608150e-07 1.032600e-14
4.610800e-07 9.935400e-15
4.613440e-07 9.737100e-15
4.616090e-07 1.052000e-14
4.618730e-07 1.061300e-14
4.621380e-07 9.997400e-15
4.624030e-07 1.076200e-14
4.626670e-07 1.073200e-14
4.629320e-07 1.043600e-14
4.631960e-07 1.023900e-14
4.634610e-07 1.029800e-14
4.637260e-07 9.698300e-15
4.639900e-07 1.045300e-14
4.642550e-07 1.017200e-14
4.645190e-07 9.868000e-15
4.647840e-07 9.946200e-15
4.650490e-07 9.959300e-15
4.653130e-07 1.009000e-14
4.655780e-07 9.901000e-15
4.658420e-07 1.035900e-14
4.661070e-07 1.063200e-14
4.663720e-07 1.003400e-14
4.666360e-07 1.015200e-14
4.669010e-07 9.233900e-15
4.671650e-07 9.705000e-15
4.674300e-07 9.993700e-15
4.676950e-07 1.012900e-14
4.679590e-07 1.049200e-14
4.682240e-07 9.591800e-15
4.684880e-07 1.056800e-14
4.687530e-07 1.030400e-14
4.690180e-07 1.031300e-14
4.692820e-07 1.004100e-14
4.695470e-07 1.069800e-14
4.698110e-07 9.730500e-15
4.700760e-07 1.015900e-14
4.703410e-07 9.844700e-15
4.706050e-07 1.022000e-14
4.708700e-07 9.618500e-15
4.711340e-07 1.015700e-14
4.713990e-07 9.647100e-15
4.716640e-07 9.837900e-15
4.719280e-07 1.029100e-14
4.721930e-07 1.037700e-14
4.724570e-07 1.023200e-14
4.727220e-07 1.013100e-14
4.729870e-07 1.032600e-14
4.732510e-07 9.762600e-15
4.735160e-07 9.478100e-15
4.737800e-07 1.032700e-14
4.740450e-07 1.036600e-14
4.743100e-07 1.037400e-14
4.745740e-07 1.010700e-14
4.748390e-07 1.026200e-14
4.751030e-07 1.005900e-14
4.753680e-07 1.001100e-14
4.756330e-07 9.937400e-15
4.758970e-07 9.808500e-15
4.761620e-07 9.976700e-15
4.764260e-07 9.562100e-15
4.766910e-07 9.521500e-15
4.769560e-07 9.767100e-15
4.772200e-07 1.010600e-14
4.774850e-07 1.025500e-14
4.777490e-07 1.026000e-14
4.780140e-07 1.016100e-14
4.782790e-07 9.923700e-15
4.785430e-07 9.996900e-15
4.788080e-07 1.012800e-14
4.790720e-07 9.229800e-15
4.793370e-07 9.998500e-15
4.796020e-07 9.909100e-15
4.798660e-07 1.026400e-14
4.801310e-07 1.043700e-14
4.803950e-07 1.040300e-14
4.806600e-07 9.981500e-15
4.809250e-07 1.008200e-14
4.811890e-07 1.015700e-14
4.814540e-07 1.002200e-14
4.817180e-07 1.010700e-14
4.819830e-07 1.005900e-14
4.822480e-07 1.000700e-14
4.825120e-07 9.837500e-15
4.827770e-07 9.706500e-15
4.830410e-07 9.743000e-15
4.833060e-07 9.807000e-15
4.835710e-07 9.778600e-15
4.838350e-07 9.624000e-15
4.841000e-07 9.181600e-15
4.843640e-07 9.701700e-15
4.846290e-07 9.054000e-15
4.848940e-07 9.085600e-15
4.851580e-07 9.114000e-15
4.854230e-07 8.993700e-15
4.856870e-07 9.324900e-15
4.859520e-07 9.520700e-15
4.862170e-07 9.622700e-15
4.864810e-07 9.959200e-15
4.867460e-07 9.003600e-15
4.870100e-07 8.408800e-15
4.872750e-07 8.661400e-15
4.875400e-07 9.068400e-15
4.878040e-07 8.884600e-15
4.880690e-07 9.372000e-15
4.883330e-07 9.771800e-15
4.885980e-07 9.418900e-15
4.888630e-07 9.109900e-15
4.891270e-07 9.560600e-15
4.893920e-07 9.717700e-15
4.896560e-07 9.646600e-15
4.899210e-07 9.676100e-15
4.901860e-07 9.886500e-15
4.904500e-07 9.662000e-15
4.907150e-07 1.012400e-14
4.909800e-07 9.935900e-15
4.912440e-07 9.971400e-15
4.915090e-07 9.775900e-15
4.917730e-07 9.733200e-15
4.920380e-07 9.864100e-15
4.923030e-07 9.788500e-15
4.925670e-07 9.798900e-15
4.928320e-07 1.010100e-14
4.930960e-07 9.914100e-15
4.933610e-07 9.919100e-15
4.936260e-07 9.816000e-15
4.938900e-07 9.770400e-15
4.941550e-07 9.802400e-15
4.944190e-07 1.016600e-14
4.946840e-07 1.024100e-14
4.949490e-07 1.005200e-14
4.952130e-07 1.018400e-14
4.954780e-07 1.017900e-14
4.957420e-07 1.036600e-14
4.960070e-07 1.041100e-14
4.962720e-07 1.054700e-14
4.965360e-07 9.860900e-15
4.968010e-07 9.797100e-15
4.970650e-07 9.787700e-15
4.973300e-07 1.006800e-14
4.975950e-07 1.003400e-14
4.978590e-07 9.396400e-15
4.981240e-07 9.728100e-15
4.983880e-07 9.468400e-15
4.986530e-07 9.534800e-15
4.989180e-07 9.946600e-15
4.991820e-07 9.692100e-15
4.994470e-07 9.900800e-15
4.997110e-07 9.666700e-15
4.999760e-07 9.676400e-15
5.002410e-07 9.967600e-15
5.005050e-07 1.021600e-14
5.007700e-07 1.039800e-14
5.010340e-07 1.011000e-14
5.012990e-07 9.810800e-15
5.015640e-07 9.233900e-15
5.018280e-07 9.642300e-15
5.020930e-07 9.506500e-15
5.023570e-07 9.572100e-15
5.026220e-07 9.610200e-15
5.028870e-07 9.825600e-15
5.031510e-07 9.783500e-15
5.034160e-07 9.566500e-15
5.036800e-07 9.379200e-15
5.039450e-07 9.386100e-15
5.042100e-07 9.521700e-15
5.044740e-07 9.707600e-15
5.047390e-07 9.540800e-15
5.050030e-07 9.773500e-15
5.052680e-07 9.520700e-15
5.055330e-07 9.848200e-15
5.057970e-07 9.868800e-15
5.060620e-07 9.751600e-15
5.063260e-07 9.997200e-15
5.065910e-07 1.001700e-14
5.068560e-07 1.014200e-14
5.071200e-07 9.757800e-15
5.073850e-07 1.002800e-14
5.076490e-07 9.816300e-15
5.079140e-07 9.670200e-15
5.081790e-07 9.667300e-15
5.084430e-07 9.809800e-15
5.087080e-07 9.605700e-15
5.089720e-07 9.576800e-15
5.092370e-07 9.990400e-15
5.095020e-07 9.335700e-15
5.097660e-07 9.531500e-15
5.100310e-07 9.306700e-15
5.102950e-07 9.392600e-15
5.105600e-07 9.454400e-15
5.108250e-07 9.780000e-15
5.110890e-07 9.750100e-15
5.113540e-07 9.544200e-15
5.116180e-07 9.810100e-15
5.118830e-07 9.592100e-15
5.121480e-07 9.790800e-15
5.124120e-07 9.523400e-15
5.126770e-07 9.603500e-15
5.129410e-07 9.559500e-15
5.132060e-07 9.231200e-15
5.134710e-07 9.696400e-15
5.137350e-07 9.892200e-15
5.140000e-07 9.666900e-15
5.142640e-07 9.312600e-15
5.145290e-07 9.327100e-15
5.147940e-07 9.140200e-15
5.150580e-07 9.566200e-15
5.153230e-07 9.411100e-15
5.155870e-07 9.875300e-15
5.158520e-07 1.056500e-14
5.161170e-07 1.034400e-14
5.163810e-07 1.057600e-14
5.166460e-07 1.138400e-14
5.169100e-07 1.075200e-14
5.171750e-07 9.475000e-15
5.174400e-07 8.941400e-15
5.177040e-07 8.770800e-15
5.179690e-07 9.315700e-15
5.182330e-07 8.822800e-15
5.184980e-07 8.755900e-15
5.187630e-07 8.623400e-15
5.190270e-07 8.927300e-15
5.192920e-07 9.491600e-15
5.195560e-07 9.787500e-15
5.198210e-07 1.002600e-14
5.200860e-07 9.986700e-15
5.203500e-07 9.836600e-15
5.206150e-07 9.694700e-15
5.208790e-07 9.196100e-15
5.211440e-07 9.287000e-15
5.214090e-07 9.856500e-15
5.216730e-07 9.467600e-15
5.219380e-07 9.477800e-15
5.222020e-07 9.839100e-15
5.224670e-07 1.017700e-14
5.227320e-07 9.652900e-15
5.229960e-07 9.697500e-15
5.232610e-07 9.884100e-15
5.235250e-07 9.585700e-15
5.237900e-07 9.519300e-15
5.240550e-07 9.730800e-15
5.243190e-07 9.737900e-15
5.245840e-07 9.825100e-15
5.248480e-07 1.007400e-14
5.251130e-07 1.014600e-14
5.253780e-07 9.643400e-15
5.256420e-07 9.515100e-15
5.259070e-07 9.246600e-15
5.261710e-07 9.382400e-15
5.264360e-07 8.883500e-15
5.267010e-07 9.139400e-15
5.269650e-07 8.840400e-15
5.272300e-07 8.672100e-15
5.274940e-07 9.521200e-15
5.277590e-07 9.638500e-15
5.280240e-07 9.699500e-15
5.282880e-07 9.481700e-15
5.285530e-07 9.725900e-15
5.288170e-07 1.005000e-14
5.290820e-07 1.030100e-14
5.293470e-07 1.017400e-14
5.296110e-07 1.045400e-14
5.298760e-07 1.074900e-14
5.301400e-07 1.022100e-14
5.304050e-07 9.864900e-15
5.306700e-07 9.655100e-15
5.309340e-07 9.721600e-15
5.311990e-07 1.004800e-14
5.314630e-07 1.018900e-14
5.317280e-07 9.813000e-15
5.319930e-07 1.003200e-14
5.322570e-07 1.025600e-14
5.325220e-07 9.612700e-15
5.327860e-07 9.644600e-15
5.330510e-07 1.016500e-14
5.333160e-07 9.797800e-15
5.335800e-07 9.342800e-15
5.338450e-07 9.847100e-15
5.341090e-07 1.018100e-14
5.343740e-07 9.514900e-15
5.346390e-07 9.611500e-15
5.349030e-07 9.861300e-15
5.351680e-07 9.374200e-15
5.354330e-07 1.011300e-14
5.356970e-07 1.004400e-14
5.359620e-07 9.896500e-15
5.362260e-07 9.883800e-15
5.364910e-07 9.886300e-15
5.367560e-07 9.965500e-15
5.370200e-07 9.499200e-15
5.372850e-07 9.736800e-15
5.375490e-07 9.384000e-15
5.378140e-07 9.733300e-15
5.380790e-07 9.921600e-15
5.383430e-07 9.829200e-15
5.386080e-07 9.572900e-15
5.388720e-07 9.655500e-15
5.391370e-07 9.879500e-15
5.394020e-07 9.113600e-15
5.396660e-07 9.502100e-15
5.399310e-07 9.695500e-15
5.401950e-07 9.807700e-15
5.404600e-07 9.813700e-15
5.407250e-07 1.017200e-14
5.409890e-07 9.528500e-15
5.412540e-07 9.840300e-15
5.415180e-07 9.640900e-15
5.417830e-07 9.446400e-15
5.420480e-07 1.023500e-14
5.423120e-07 1.011400e-14
5.425770e-07 1.041200e-14
5.428410e-07 9.867200e-15
5.431060e-07 9.713000e-15
5.433710e-07 1.036700e-14
5.436350e-07 9.494300e-15
5.439000e-07 9.939500e-15
5.441640e-07 1.006500e-14
5.444290e-07 1.000600e-14
5.446940e-07 1.006100e-14
5.449580e-07 9.934400e-15
5.452230e-07 9.972300e-15
5.454870e-07 9.847700e-15
5.457520e-07 1.032900e-14
5.460170e-07 9.648500e-15
5.462810e-07 9.804900e-15
5.465460e-07 1.022100e-14
5.468100e-07 9.967900e-15
5.470750e-07 1.027700e-14
5.473400e-07 9.921400e-15
5.476040e-07 9.312800e-15
5.478690e-07 9.052100e-15
5.481330e-07 8.844500e-15
5.483980e-07 9.769900e-15
5.486630e-07 9.686800e-15
5.489270e-07 9.918000e-15
5.491920e-07 9.518000e-15
5.494560e-07 9.560800e-15
5.497210e-07 1.021400e-14
5.499860e-07 1.021200e-14
5.502500e-07 1.008200e-14
5.505150e-07 9.707300e-15
5.507790e-07 9.848000e-15
5.510440e-07 9.947900e-15
5.513090e-07 9.913900e-15
5.515730e-07 9.735500e-15
5.518380e-07 9.967000e-15
5.521020e-07 9.825700e-15
5.523670e-07 9.807000e-15
5.526320e-07 9.675700e-15
5.528960e-07 9.813800e-15
5.531610e-07 1.016500e-14
5.534250e-07 9.505000e-15
5.536900e-07 9.962700e-15
5.539550e-07 1.009100e-14
5.542190e-07 1.041500e-14
5.544840e-07 1.014600e-14
5.547480e-07 1.010200e-14
5.550130e-07 9.960000e-15
5.552780e-07 1.019700e-14
5.555420e-07 1.002600e-14
5.558070e-07 9.877900e-15
5.560710e-07 9.854600e-15
5.563360e-07 9.777300e-15
5.566010e-07 9.990100e-15
5.568650e-07 1.026500e-14
5.571300e-07 1.000500e-14
5.573940e-07 9.877000e-15
5.576590e-07 1.017800e-14
5.579240e-07 9.854200e-15
5.581880e-07 9.272000e-15
5.584530e-07 1.010000e-14
5.587170e-07 9.922800e-15
5.589820e-07 9.590400e-15
5.592470e-07 9.942200e-15
5.595110e-07 9.587600e-15
5.597760e-07 1.011700e-14
5.600400e-07 9.560000e-15
5.603050e-07 9.822900e-15
5.605700e-07 9.621700e-15
5.608340e-07 1.038100e-14
5.610990e-07 9.998300e-15
5.613630e-07 9.515200e-15
5.616280e-07 9.928200e-15
5.618930e-07 9.976000e-15
5.621570e-07 9.489800e-15
5.624220e-07 9.472400e-15
5.626860e-07 9.729200e-15
5.629510e-07 9.898700e-15
5.632160e-07 9.868500e-15
5.634800e-07 9.865300e-15
5.637450e-07 9.914900e-15
5.640090e-07 9.562300e-15
5.642740e-07 9.504100e-15
5.645390e-07 9.993900e-15
5.648030e-07 9.763700e-15
5.650680e-07 9.736600e-15
5.653320e-07 9.775300e-15
5.655970e-07 9.483100e-15
5.658620e-07 9.735500e-15
5.661260e-07 9.172400e-15
5.663910e-07 9.061000e-15
5.666550e-07 9.154500e-15
5.669200e-07 9.923500e-15
5.671850e-07 1.009800e-14
5.674490e-07 9.590900e-15
5.677140e-07 9.707400e-15
5.679780e-07 9.863100e-15
5.682430e-07 9.879900e-15
5.685080e-07 9.446300e-15
5.687720e-07 9.949900e-15
5.690370e-07 9.425200e-15
5.693010e-07 9.749900e-15
5.695660e-07 9.511600e-15
5.698310e-07 9.734900e-15
5.700950e-07 9.933700e-15
5.703600e-07 9.803700e-15
5.706240e-07 9.433800e-15
5.708890e-07 9.197500e-15
5.711540e-07 8.941300e-15
5.714180e-07 8.600600e-15
5.716830e-07 9.794800e-15
5.719470e-07 1.021700e-14
5.722120e-07 1.022000e-14
5.724770e-07 1.011900e-14
5.727410e-07 1.002100e-14
5.730060e-07 1.015700e-14
5.732700e-07 1.020100e-14
5.735350e-07 1.049700e-14
5.738000e-07 1.034400e-14
5.740640e-07 1.076500e-14
5.743290e-07 1.051200e-14
5.745930e-07 1.010700e-14
5.748580e-07 9.788900e-15
5.751230e-07 1.026700e-14
5.753870e-07 9.944000e-15
5.756520e-07 1.002100e-14
5.759160e-07 1.029400e-14
5.761810e-07 9.857400e-15
5.764460e-07 1.009900e-14
5.767100e-07 9.510100e-15
5.769750e-07 9.663400e-15
5.772390e-07 1.008300e-14
5.775040e-07 9.850000e-15
5.777690e-07 9.637700e-15
5.780330e-07 9.610100e-15
5.782980e-07 9.197200e-15
5.785620e-07 8.915600e-15
5.788270e-07 9.420500e-15
5.790920e-07 9.298200e-15
5.793560e-07 1.038900e-14
5.796210e-07 9.848400e-15
5.798850e-07 1.014600e-14
5.801500e-07 1.031100e-14
5.804150e-07 9.654400e-15
5.806790e-07 9.917800e-15
5.809440e-07 9.664600e-15
5.812090e-07 9.386200e-15
5.814730e-07 1.006400e-14
5.817380e-07 9.957500e-15
5.820020e-07 1.010500e-14
5.822670e-07 9.972900e-15
5.825320e-07 1.000200e-14
5.827960e-07 1.003300e-14
5.830610e-07 9.606300e-15
5.833250e-07 9.740900e-15
5.835900e-07 1.000700e-14
5.838550e-07 1.029500e-14
5.841190e-07 9.700400e-15
5.843840e-07 9.955700e-15
5.846480e-07 9.965100e-15
5.849130e-07 9.468000e-15
5.851780e-07 1.006900e-14
5.854420e-07 9.720600e-15
5.857070e-07 9.507800e-15
5.859710e-07 9.821900e-15
5.862360e-07 9.509600e-15
5.865010e-07 9.857800e-15
5.867650e-07 1.035500e-14
5.870300e-07 1.026800e-14
5.872940e-07 9.841400e-15
5.875590e-07 9.999900e-15
5.878240e-07 1.007700e-14
5.880880e-07 9.253900e-15
5.883530e-07 9.182300e-15
5.886170e-07 8.971200e-15
5.888820e-07 8.700000e-15
5.891470e-07 8.812500e-15
5.894110e-07 8.336300e-15
5.896760e-07 8.831300e-15
5.899400e-07 9.030800e-15
5.902050e-07 9.355400e-15
5.904700e-07 9.404300e-15
5.907340e-07 9.629400e-15
5.909990e-07 9.512200e-15
5.912630e-07 9.926600e-15
5.915280e-07 9.774700e-15
5.917930e-07 9.287800e-15
5.920570e-07 9.710800e-15
5.923220e-07 1.000800e-14
5.925860e-07 9.685100e-15
5.928510e-07 9.624000e-15
5.931160e-07 9.736500e-15
5.933800e-07 9.785700e-15
5.936450e-07 9.700500e-15
5.939090e-07 9.655000e-15
5.941740e-07 9.666800e-15
5.944390e-07 9.610800e-15
5.947030e-07 9.573300e-15
5.949680e-07 9.576800e-15
5.952320e-07 9.526800e-15
5.954970e-07 9.393100e-15
5.957620e-07 9.415800e-15
5.960260e-07 9.686000e-15
5.962910e-07 9.734700e-15
5.965550e-07 9.849300e-15
5.968200e-07 9.929300e-15
5.970850e-07 9.965500e-15
5.973490e-07 9.867900e-15
5.976140e-07 9.658000e-15
5.978780e-07 9.616100e-15
5.981430e-07 9.634500e-15
5.984080e-07 9.593200e-15
5.986720e-07 9.411400e-15
5.989370e-07 9.576300e-15
5.992010e-07 9.944300e-15
5.994660e-07 1.006400e-14
5.997310e-07 1.010600e-14
5.999950e-07 9.655000e-15
6.002600e-07 9.176500e-15
6.005240e-07 9.195400e-15
6.007890e-07 9.121600e-15
6.010540e-07 9.669800e-15
6.013180e-07 1.019700e-14
6.015830e-07 1.010700e-14
6.018470e-07 1.022000e-14
6.021120e-07 9.790800e-15
6.023770e-07 9.441400e-15
6.026410e-07 9.628000e-15
6.029060e-07 1.027800e-14
6.031700e-07 9.929800e-15
6.034350e-07 9.889700e-15
6.037000e-07 9.860000e-15
6.039640e-07 9.953200e-15
6.042290e-07 1.006100e-14
6.044930e-07 1.003500e-14
6.047580e-07 9.564000e-15
6.050230e-07 1.033500e-14
6.052870e-07 1.009400e-14
6.055520e-07 1.015200e-14
6.058160e-07 9.713100e-15
6.060810e-07 1.001000e-14
6.063460e-07 9.443400e-15
6.066100e-07 9.892200e-15
6.068750e-07 9.833800e-15
6.071390e-07 9.616800e-15
6.074040e-07 9.884500e-15
6.076690e-07 1.014300e-14
6.079330e-07 9.816400e-15
6.081980e-07 9.857000e-15
6.084620e-07 9.667200e-15
6.087270e-07 9.971000e-15
6.089920e-07 9.509700e-15
6.092560e-07 9.282000e-15
6.095210e-07 9.277700e-15
6.097850e-07 9.634000e-15
6.100500e-07 9.691800e-15
6.103150e-07 9.559800e-15
6.105790e-07 9.987700e-15
6.108440e-07 9.588500e-15
6.111080e-07 1.004900e-14
6.113730e-07 9.981600e-15
6.116380e-07 9.914300e-15
6.119020e-07 1.001200e-14
6.121670e-07 9.585900e-15
6.124310e-07 9.637100e-15
6.126960e-07 9.492100e-15
6.129610e-07 9.662200e-15
6.132250e-07 9.726900e-15
6.134900e-07 9.223600e-15
6.137540e-07 9.380300e-15
6.140190e-07 9.761500e-15
6.142840e-07 9.516400e-15
6.145480e-07 9.635100e-15
6.148130e-07 9.614100e-15
6.150770e-07 9.842300e-15
6.153420e-07 9.582100e-15
6.156070e-07 9.490100e-15
6.158710e-07 9.471100e-15
6.161360e-07 9.335100e-15
6.164000e-07 9.014700e-15
6.166650e-07 8.997800e-15
6.169300e-07 9.070200e-15
6.171940e-07 9.052500e-15
6.174590e-07 9.405900e-15
6.177230e-07 9.373600e-15
6.179880e-07 9.015300e-15
6.182530e-07 9.374100e-15
6.185170e-07 9.776900e-15
6.187820e-07 9.524800e-15
6.190460e-07 9.452100e-15
6.193110e-07 9.013500e-15
6.195760e-07 9.592900e-15
6.198400e-07 9.682700e-15
6.201050e-07 8.968700e-15
6.203690e-07 9.200200e-15
6.206340e-07 9.516500e-15
6.208990e-07 9.613600e-15
6.211630e-07 9.034900e-15
6.214280e-07 9.473200e-15
6.216920e-07 9.454100e-15
6.219570e-07 9.379200e-15
6.222220e-07 9.487300e-15
6.224860e-07 8.747200e-15
6.227510e-07 8.561200e-15
6.230150e-07 9.163100e-15
6.232800e-07 9.052100e-15
6.235450e-07 9.504700e-15
6.238090e-07 1.009600e-14
6.240740e-07 9.702300e-15
6.243380e-07 9.268400e-15
6.246030e-07 9.062300e-15
6.248680e-07 9.798700e-15
6.251320e-07 9.516000e-15
6.253970e-07 8.633000e-15
6.256620e-07 8.219800e-15
6.259260e-07 8.353200e-15
6.261910e-07 9.025800e-15
6.264550e-07 9.270900e-15
6.267200e-07 9.441800e-15
6.269850e-07 9.356300e-15
6.272490e-07 9.468000e-15
6.275140e-07 9.322200e-15
6.277780e-07 8.883800e-15
6.280430e-07 8.840200e-15
6.283080e-07 9.321100e-15
6.285720e-07 8.613400e-15
6.288370e-07 8.951600e-15
6.291010e-07 9.046700e-15
6.293660e-07 9.381200e-15
6.296310e-07 9.754600e-15
6.298950e-07 9.599200e-15
6.301600e-07 1.054200e-14
6.304240e-07 9.815100e-15
6.306890e-07 9.800000e-15
6.309540e-07 8.799500e-15
6.312180e-07 9.725400e-15
6.314830e-07 9.665500e-15
6.317470e-07 9.351500e-15
6.320120e-07 9.113200e-15
6.322770e-07 9.334500e-15
6.325410e-07 8.879300e-15
6.328060e-07 9.395600e-15
6.330700e-07 9.112400e-15
6.333350e-07 9.369600e-15
6.336000e-07 9.784300e-15
6.338640e-07 9.216700e-15
6.341290e-07 9.222600e-15
6.343930e-07 9.408400e-15
6.346580e-07 9.242100e-15
6.349230e-07 8.992600e-15
6.351870e-07 9.605700e-15
6.354520e-07 9.151600e-15
6.357160e-07 8.834200e-15
6.359810e-07 8.869100e-15
6.362460e-07 8.983600e-15
6.365100e-07 9.739200e-15
6.367750e-07 9.250100e-15
6.370390e-07 9.396300e-15
6.373040e-07 9.821200e-15
6.375690e-07 9.745600e-15
6.378330e-07 9.210500e-15
6.380980e-07 9.062100e-15
6.383620e-07 9.298100e-15
6.386270e-07 9.427100e-15
6.388920e-07 9.552700e-15
6.391560e-07 9.741100e-15
6.394210e-07 9.631100e-15
6.396850e-07 9.451800e-15
6.399500e-07 8.728700e-15
6.402150e-07 8.904900e-15
6.404790e-07 9.577900e-15
6.407440e-07 9.203800e-15
6.410080e-07 9.069500e-15
6.412730e-07 9.229800e-15
6.415380e-07 8.827800e-15
6.418020e-07 9.158500e-15
6.420670e-07 9.177800e-15
6.423310e-07 9.647100e-15
6.425960e-07 9.420800e-15
6.428610e-07 9.011700e-15
6.431250e-07 9.094300e-15
6.433900e-07 8.966700e-15
6.436540e-07 9.545900e-15
6.439190e-07 9.863200e-15
6.441840e-07 9.623200e-15
6.444480e-07 9.722000e-15
6.447130e-07 9.574500e-15
6.449770e-07 9.859900e-15
6.452420e-07 9.770100e-15
6.455070e-07 9.371100e-15
6.457710e-07 9.286700e-15
6.460360e-07 9.391000e-15
6.463000e-07 9.394100e-15
6.465650e-07 9.029300e-15
6.468300e-07 8.994200e-15
6.470940e-07 9.494500e-15
6.473590e-07 9.305900e-15
6.476230e-07 9.283400e-15
6.478880e-07 9.050700e-15
6.481530e-07 1.010500e-14
6.484170e-07 9.757000e-15
6.486820e-07 9.825500e-15
6.489460e-07 9.434600e-15
6.492110e-07 9.331900e-15
6.494760e-07 9.233500e-15
6.497400e-07 9.190400e-15
6.500050e-07 8.708600e-15
6.502690e-07 8.577700e-15
6.505340e-07 9.064000e-15
6.507990e-07 9.152700e-15
6.510630e-07 9.540400e-15
6.513280e-07 9.154500e-15
6.515920e-07 9.445000e-15
6.518570e-07 9.203000e-15
6.521220e-07 9.051200e-15
6.523860e-07 9.498500e-15
6.526510e-07 9.243900e-15
6.529150e-07 9.701600e-15
6.531800e-07 9.802300e-15
6.534450e-07 9.224700e-15
6.537090e-07 9.270500e-15
6.539740e-07 9.216200e-15
6.542380e-07 1.002500e-14
6.545030e-07 1.090400e-14
6.547680e-07 1.114000e-14
6.550320e-07 1.135500e-14
6.552970e-07 1.132400e-14
6.555610e-07 1.153100e-14
6.558260e-07 1.342800e-14
6.560910e-07 1.639200e-14
6.563550e-07 1.948900e-14
6.566200e-07 2.039700e-14
6.568840e-07 1.747300e-14
6.571490e-07 1.337700e-14
6.580500e-07 8.586600e-15
6.595670e-07 9.392200e-15
6.610880e-07 9.262100e-15
6.626120e-07 9.498500e-15
6.641390e-07 9.069900e-15
6.656700e-07 9.365800e-15
6.672050e-07 9.109400e-15
6.687430e-07 9.108300e-15
6.702840e-07 9.065300e-15
6.718300e-07 9.169100e-15
6.733780e-07 9.146800e-15
6.749300e-07 9.061800e-15
6.764860e-07 9.229100e-15
6.780460e-07 9.206700e-15
6.796090e-07 9.184300e-15
6.811750e-07 9.140900e-15
6.827460e-07 9.160800e-15
6.843200e-07 9.201900e-15
6.858970e-07 9.053600e-15
6.874790e-07 9.052400e-15
6.890630e-07 8.845200e-15
6.906520e-07 9.008400e-15
6.922440e-07 9.007200e-15
6.938400e-07 9.173500e-15
6.954390e-07 9.088200e-15
6.970420e-07 9.192200e-15
6.986490e-07 8.737000e-15
7.002600e-07 9.168600e-15
7.018740e-07 9.083300e-15
7.034920e-07 9.019600e-15
7.051140e-07 9.249700e-15
7.067390e-07 8.811900e-15
7.083680e-07 9.036700e-15
7.100010e-07 8.668700e-15
7.116380e-07 8.647600e-15
7.132780e-07 8.626500e-15
7.149230e-07 8.705100e-15
7.165710e-07 8.724000e-15
7.182220e-07 8.524200e-15
7.198780e-07 8.233700e-15
7.215380e-07 8.347100e-15
7.232010e-07 8.679100e-15
7.248680e-07 8.658000e-15
7.265390e-07 8.838100e-15
7.282140e-07 8.635700e-15
7.298930e-07 8.245800e-15
7.315750e-07 8.653200e-15
7.332620e-07 8.711900e-15
7.349520e-07 9.016800e-15
7.366470e-07 8.974100e-15
7.383450e-07 9.055900e-15
7.400460e-07 8.971600e-15
7.417530e-07 8.847200e-15
7.434630e-07 9.241600e-15
7.451760e-07 8.906000e-15
7.468940e-07 8.762400e-15
7.486160e-07 9.131900e-15
7.503420e-07 8.840900e-15
7.520710e-07 9.129200e-15
7.538050e-07 9.086000e-15
7.555430e-07 9.168700e-15
7.572840e-07 9.083400e-15
7.590300e-07 9.103000e-15
7.607800e-07 8.976800e-15
7.625340e-07 8.771200e-15
7.642920e-07 8.912400e-15
7.660530e-07 8.688200e-15
7.678190e-07 8.548000e-15
7.695900e-07 8.665700e-15
7.713640e-07 8.604700e-15
7.731420e-07 8.544200e-15
7.749240e-07 8.484100e-15
7.767100e-07 8.482900e-15
7.785010e-07 8.365200e-15
7.802950e-07 8.519500e-15
7.820940e-07 8.616800e-15
7.838970e-07 8.400100e-15
7.857040e-07 8.515600e-15
7.875160e-07 8.672700e-15
7.893310e-07 8.631500e-15
7.911500e-07 8.492200e-15
7.929740e-07 8.335900e-15
7.948020e-07 8.163700e-15
7.966340e-07 8.276000e-15
7.984710e-07 8.467500e-15
8.003120e-07 8.254400e-15
8.021560e-07 8.523600e-15
8.040060e-07 8.601100e-15
8.058590e-07 8.501300e-15
8.077170e-07 8.344900e-15
8.095790e-07 8.459600e-15
8.114450e-07 8.438900e-15
8.133160e-07 8.574600e-15
8.151900e-07 8.358900e-15
8.170690e-07 7.710400e-15
8.189530e-07 8.184800e-15
8.208410e-07 8.034200e-15
8.227330e-07 8.489300e-15
8.246300e-07 8.546800e-15
8.265310e-07 8.236400e-15
8.284360e-07 8.066100e-15
8.303460e-07 8.158200e-15
8.322600e-07 8.385500e-15
8.341790e-07 8.025200e-15
8.361010e-07 8.479800e-15
8.380290e-07 8.323700e-15
8.399610e-07 8.132900e-15
8.418970e-07 8.359400e-15
8.438380e-07 8.474300e-15
8.457830e-07 8.110300e-15
8.477330e-07 7.708400e-15
8.496870e-07 8.277400e-15
8.516460e-07 8.200100e-15
8.536090e-07 8.049100e-15
8.555770e-07 6.993200e-15
8.575490e-07 8.252900e-15
8.595260e-07 8.138300e-15
8.615070e-07 8.006800e-15
8.634940e-07 8.229800e-15
8.654840e-07 8.115500e-15
8.674790e-07 6.565100e-15
8.694790e-07 7.909900e-15
8.714830e-07 8.074200e-15
8.734920e-07 8.260800e-15
8.755060e-07 7.942400e-15
8.775240e-07 7.977700e-15
8.795470e-07 8.294800e-15
8.815740e-07 7.323700e-15
8.836070e-07 8.065900e-15
8.856440e-07 8.046000e-15
8.876850e-07 7.269500e-15
8.897320e-07 7.860200e-15
8.917830e-07 7.949800e-15
8.938380e-07 7.767500e-15
8.958990e-07 7.766100e-15
8.979640e-07 7.588000e-15
9.000340e-07 6.699700e-15
9.021090e-07 7.014200e-15
9.041890e-07 8.089100e-15
9.062730e-07 8.238100e-15
9.083620e-07 8.030600e-15
9.104560e-07 7.900800e-15
9.125550e-07 7.543900e-15
9.146590e-07 7.353900e-15
9.167670e-07 7.752500e-15
9.188810e-07 7.840900e-15
9.209990e-07 7.875600e-15
9.231220e-07 7.695000e-15
9.252500e-07 7.518500e-15
9.273830e-07 7.871400e-15
9.295210e-07 7.429700e-15
9.316640e-07 7.778500e-15
9.338110e-07 7.795000e-15
9.359640e-07 7.793600e-15
9.381220e-07 7.774300e-15
9.402840e-07 7.613400e-15
9.424510e-07 7.807300e-15
9.446240e-07 7.716500e-15
9.468020e-07 7.858500e-15
9.489840e-07 7.839000e-15
9.511720e-07 7.659100e-15
9.533650e-07 7.640100e-15
9.555620e-07 7.294900e-15
9.577650e-07 7.619700e-15
9.599730e-07 7.795700e-15
9.621860e-07 7.740600e-15
9.644040e-07 7.668200e-15
9.666270e-07 7.666700e-15
9.688550e-07 7.736200e-15
9.710900e-07 7.628600e-15
9.733280e-07 7.557300e-15
9.755720e-07 7.521100e-15
9.778200e-07 7.554400e-15
9.800740e-07 7.483700e-15
9.823330e-07 7.534100e-15
9.845990e-07 7.550000e-15
9.868680e-07 7.496600e-15
9.891430e-07 7.495200e-15
9.914230e-07 7.459300e-15
9.937080e-07 7.509500e-15
9.959990e-07 7.508100e-15
9.982950e-07 7.472100e-15
1.002904e-06 7.400700e-15
1.007532e-06 7.279500e-15
1.012183e-06 7.463300e-15
1.016855e-06 7.391900e-15
1.021549e-06 7.423100e-15
1.028629e-06 7.435700e-15
1.031001e-06 7.401000e-15
1.050169e-06 7.182700e-15
1.069693e-06 6.907000e-15
1.089580e-06 6.626600e-15
1.109836e-06 6.416400e-15
1.130471e-06 6.299300e-15
1.148839e-06 6.270300e-15
1.170197e-06 6.127600e-15
1.189211e-06 5.919600e-15
1.211320e-06 5.824900e-15
1.231003e-06 5.731800e-15
1.251005e-06 5.588400e-15
1.271332e-06 5.473800e-15
1.289018e-06 5.349200e-15
1.309963e-06 5.263700e-15
1.331248e-06 5.120200e-15
1.349767e-06 5.015200e-15
1.368545e-06 4.935000e-15
1.390782e-06 4.767500e-15
1.410129e-06 4.563400e-15
1.429746e-06 4.511200e-15
1.449636e-06 4.521600e-15
1.469803e-06 4.378100e-15
1.490250e-06 4.428800e-15
1.510982e-06 4.439000e-15
1.528478e-06 4.500800e-15
1.549740e-06 4.469800e-15
1.571299e-06 4.378100e-15
1.589494e-06 4.219800e-15
1.611607e-06 4.239300e-15
1.630269e-06 4.229500e-15
1.649147e-06 4.161900e-15
1.668241e-06 4.152300e-15
1.691449e-06 4.085900e-15
1.711036e-06 4.020600e-15
1.730849e-06 3.866200e-15
1.750892e-06 3.769500e-15
1.771165e-06 3.624800e-15
1.791674e-06 3.493700e-15
1.808253e-06 3.328800e-15
1.829190e-06 3.253000e-15
1.850372e-06 3.149800e-15
1.871798e-06 3.015000e-15
1.889119e-06 2.946400e-15
1.910992e-06 2.899300e-15
1.928675e-06 2.807300e-15
1.951009e-06 2.699500e-15
1.969060e-06 2.626000e-15
1.991861e-06 2.548500e-15
2.010292e-06 2.507800e-15
2.028892e-06 2.428200e-15
2.047666e-06 2.400400e-15
2.071377e-06 2.345800e-15
2.090542e-06 2.297700e-15
2.109887e-06 2.260900e-15
2.129408e-06 2.214600e-15
2.149112e-06 2.169200e-15
2.168998e-06 2.095500e-15
2.189066e-06 2.066800e-15
2.209323e-06 2.015100e-15
2.229764e-06 1.955100e-15
2.250397e-06 1.899100e-15
2.271220e-06 1.840200e-15
2.292234e-06 1.652600e-15
2.308124e-06 1.633400e-15
2.329480e-06 1.436500e-15
2.351035e-06 1.347300e-15
2.367330e-06 1.356200e-15
2.389236e-06 1.245700e-15
2.411344e-06 1.198000e-15
2.428058e-06 1.175500e-15
2.450525e-06 1.089400e-15
2.455239e-06 9.004100e-16
2.464543e-06 9.505200e-16
2.473857e-06 9.127400e-16
2.483171e-06 9.098000e-16
2.492476e-06 9.392300e-16
2.501790e-06 8.901500e-16
2.511104e-06 8.778900e-16
2.520408e-06 8.348900e-16
2.529722e-06 8.557600e-16
2.539026e-06 9.079200e-16
2.548340e-06 9.288600e-16
2.557654e-06 9.377100e-16
2.566959e-06 9.216000e-16
2.576273e-06 9.370900e-16
2.585586e-06 9.203400e-16
2.594891e-06 9.204000e-16
2.604205e-06 9.192800e-16
2.613519e-06 9.229900e-16
2.622823e-06 8.801700e-16
2.632137e-06 8.700200e-16
2.641441e-06 8.625500e-16
2.650755e-06 8.584100e-16
2.660069e-06 7.857100e-16
2.669374e-06 8.210700e-16
2.678688e-06 8.591100e-16
2.688001e-06 8.210600e-16
2.697306e-06 8.148200e-16
2.706620e-06 8.508100e-16
2.715924e-06 8.695800e-16
2.725238e-06 8.166000e-16
2.734552e-06 7.694100e-16
2.743856e-06 7.266200e-16
2.753171e-06 7.876600e-16
2.762484e-06 7.575400e-16
2.771789e-06 7.705500e-16
2.781103e-06 7.693200e-16
2.790407e-06 7.717600e-16
2.799721e-06 7.393500e-16
2.809035e-06 7.174100e-16
2.818339e-06 6.944000e-16
2.827653e-06 6.660800e-16
2.836967e-06 6.435800e-16
2.846271e-06 6.171400e-16
2.855585e-06 6.266600e-16
2.864890e-06 6.308500e-16
2.874204e-06 6.297700e-16
2.883518e-06 6.062500e-16
2.892822e-06 6.149600e-16
2.902136e-06 6.114600e-16
2.911450e-06 6.054000e-16
2.920754e-06 5.813600e-16
2.930068e-06 5.764900e-16
2.939373e-06 5.835100e-16
2.948687e-06 5.559700e-16
2.958001e-06 5.407800e-16
2.967305e-06 5.464300e-16
2.976619e-06 5.415100e-16
2.985933e-06 5.338100e-16
2.995237e-06 5.471900e-16
3.004551e-06 5.220400e-16
3.013855e-06 5.605700e-16
3.023169e-06 5.445900e-16
3.032483e-06 5.474700e-16
3.041788e-06 5.583100e-16
3.051102e-06 5.638100e-16
3.060416e-06 5.260100e-16
3.069720e-06 5.127300e-16
3.079034e-06 5.284800e-16
3.088338e-06 5.381900e-16
3.097652e-06 5.276300e-16
3.106966e-06 4.935900e-16
3.116271e-06 5.025100e-16
3.125584e-06 5.274500e-16
3.134898e-06 5.443500e-16
3.144203e-06 5.325400e-16
3.153517e-06 5.070500e-16
3.162821e-06 5.120300e-16
3.172135e-06 5.262600e-16
3.181449e-06 5.580800e-16
3.190753e-06 5.763800e-16
3.200067e-06 5.821800e-16
3.209381e-06 6.042900e-16
3.218686e-06 6.119400e-16
3.228000e-06 6.526200e-16
3.237304e-06 7.235700e-16
3.246618e-06 6.814600e-16
3.255932e-06 7.077400e-16
3.265236e-06 7.067200e-16
3.274550e-06 7.259400e-16
3.283864e-06 6.829100e-16
3.293168e-06 6.973500e-16
3.302482e-06 6.662300e-16
3.311787e-06 6.731000e-16
3.321101e-06 6.320900e-16
3.330415e-06 6.358800e-16
3.339719e-06 6.604800e-16
3.349033e-06 6.041000e-16
3.358347e-06 5.961100e-16
3.367651e-06 6.055200e-16
3.376965e-06 5.688700e-16
3.386270e-06 5.774200e-16
3.395584e-06 5.659800e-16
3.404898e-06 5.408600e-16
3.414202e-06 5.578700e-16
3.423516e-06 5.588000e-16
3.432830e-06 5.160200e-16
3.442134e-06 4.909000e-16
3.451448e-06 4.939000e-16
3.460753e-06 4.874300e-16
3.470067e-06 4.459200e-16
3.479380e-06 4.576000e-16
3.488685e-06 4.736300e-16
3.497999e-06 4.793300e-16
3.507313e-06 4.442500e-16
3.516617e-06 4.273700e-16
3.525931e-06 4.264100e-16
3.535235e-06 4.439000e-16
3.544549e-06 4.275300e-16
3.553863e-06 4.356000e-16
3.563168e-06 3.796400e-16
3.572482e-06 3.878900e-16
3.581795e-06 4.026400e-16
3.591100e-06 4.080800e-16
3.600414e-06 3.955100e-16
3.609718e-06 4.121500e-16
3.619032e-06 3.913200e-16
3.628346e-06 3.934300e-16
3.637650e-06 3.815100e-16
3.646965e-06 3.809900e-16
3.656278e-06 4.055300e-16
3.665582e-06 4.135100e-16
3.674896e-06 4.211500e-16
3.684201e-06 4.181000e-16
3.693515e-06 3.889600e-16
3.702829e-06 3.814400e-16
3.712133e-06 3.684500e-16
3.721447e-06 3.691100e-16
3.730761e-06 3.777700e-16
3.740065e-06 3.811600e-16
3.749379e-06 3.841900e-16
3.758684e-06 3.886700e-16
3.767998e-06 3.808200e-16
3.777312e-06 3.616100e-16
3.786616e-06 3.279500e-16
3.795930e-06 3.669600e-16
3.805244e-06 3.489700e-16
3.814548e-06 3.235100e-16
3.823862e-06 3.196100e-16
3.833166e-06 3.334300e-16
3.842480e-06 3.450600e-16
3.851794e-06 3.485200e-16
3.861099e-06 3.419900e-16
3.870413e-06 3.360600e-16
3.879727e-06 3.545500e-16
3.889031e-06 3.299800e-16
3.898345e-06 3.497500e-16
3.907650e-06 3.404800e-16
3.916963e-06 3.362000e-16
3.926277e-06 3.401700e-16
3.935582e-06 3.473500e-16
3.944895e-06 3.496100e-16
3.954210e-06 3.281600e-16
3.963514e-06 3.292900e-16
3.972828e-06 3.162300e-16
3.982132e-06 3.328100e-16
3.991446e-06 3.472800e-16
4.000760e-06 3.369700e-16
4.010065e-06 3.266000e-16
4.019378e-06 3.277800e-16
4.028692e-06 3.003100e-16
4.037997e-06 2.978100e-16
4.047311e-06 2.962800e-16
4.056615e-06 3.256700e-16
4.065929e-06 3.153200e-16
4.075243e-06 3.147300e-16
4.084547e-06 3.168100e-16
4.093861e-06 3.210800e-16
4.103175e-06 3.174800e-16
4.112480e-06 3.122400e-16
4.121794e-06 3.031900e-16
4.131098e-06 3.125600e-16
4.140412e-06 2.956200e-16
4.149726e-06 3.112300e-16
4.159030e-06 2.772100e-16
4.168344e-06 2.585600e-16
4.177658e-06 2.848600e-16
4.186963e-06 2.753700e-16
4.196276e-06 2.821700e-16
4.205581e-06 2.931000e-16
4.214894e-06 2.704800e-16
4.224209e-06 2.591700e-16
4.233513e-06 2.574500e-16
4.242827e-06 2.554000e-16
4.252141e-06 2.461200e-16
4.261445e-06 2.310000e-16
4.270759e-06 2.225500e-16
4.280063e-06 2.452900e-16
4.289377e-06 2.697000e-16
4.298692e-06 2.593300e-16
4.307996e-06 2.197900e-16
4.317310e-06 2.197300e-16
4.326614e-06 2.176900e-16
4.335928e-06 2.282100e-16
4.345242e-06 2.476800e-16
4.354546e-06 2.363100e-16
4.363860e-06 2.175600e-16
4.373174e-06 2.109100e-16
4.382478e-06 2.226200e-16
4.391793e-06 2.326100e-16
4.401106e-06 2.302800e-16
4.410411e-06 2.153400e-16
4.419725e-06 2.059000e-16
4.429029e-06 2.281100e-16
4.438343e-06 2.129700e-16
4.447657e-06 1.861500e-16
4.456962e-06 1.895200e-16
4.466275e-06 2.168900e-16
4.475589e-06 2.351200e-16
4.484894e-06 2.296200e-16
4.494207e-06 1.973900e-16
4.503512e-06 1.913300e-16
4.512826e-06 1.837100e-16
4.522140e-06 1.807800e-16
4.531444e-06 1.689200e-16
4.540758e-06 1.688600e-16
4.550072e-06 1.746300e-16
4.559377e-06 1.760100e-16
4.568690e-06 1.513800e-16
4.577995e-06 1.560800e-16
4.587309e-06 1.841800e-16
4.596623e-06 2.070400e-16
4.605927e-06 2.159100e-16
4.615241e-06 2.094600e-16
4.624546e-06 1.840400e-16
4.633859e-06 1.675400e-16
4.643174e-06 1.611000e-16
4.652478e-06 1.763300e-16
4.661791e-06 1.821500e-16
4.671106e-06 1.852800e-16
4.680410e-06 1.935600e-16
4.689724e-06 2.300000e-16
4.699038e-06 2.313300e-16
4.708342e-06 2.263200e-16
4.717656e-06 2.054900e-16
4.726961e-06 1.987900e-16
4.736275e-06 1.874100e-16
4.745588e-06 1.634300e-16
4.754893e-06 1.294600e-16
4.764207e-06 1.234600e-16
4.773617e-06 1.564000e-16
4.821353e-06 1.563300e-16
4.869567e-06 1.562700e-16
4.918262e-06 1.562000e-16
4.967445e-06 1.561300e-16
5.017119e-06 1.560600e-16
5.019965e-06 1.560600e-16
5.049062e-06 1.616300e-16
5.078158e-06 1.636600e-16
5.107255e-06 1.758100e-16
5.136352e-06 1.720600e-16
5.165458e-06 1.828800e-16
5.194554e-06 2.017400e-16
5.223650e-06 2.403000e-16
5.252747e-06 2.386700e-16
5.281843e-06 1.903100e-16
5.310950e-06 2.234900e-16
5.340046e-06 2.429500e-16
5.369143e-06 2.061100e-16
5.398239e-06 1.716800e-16
5.427335e-06 1.770300e-16
5.456442e-06 1.717200e-16
5.485538e-06 1.761800e-16
5.514635e-06 2.128400e-16
5.543731e-06 2.103200e-16
5.572828e-06 2.068300e-16
5.601934e-06 2.367300e-16
5.631031e-06 2.679400e-16
5.660127e-06 2.961900e-16
5.689223e-06 2.997300e-16
5.718320e-06 3.091100e-16
5.747426e-06 2.888800e-16
5.776523e-06 2.671500e-16
5.805619e-06 2.503800e-16
5.834716e-06 2.491500e-16
5.863812e-06 2.598400e-16
5.892918e-06 2.585900e-16
5.922015e-06 2.512300e-16
5.951111e-06 2.534200e-16
5.980208e-06 2.850300e-16
6.009304e-06 3.341900e-16
6.038411e-06 3.625000e-16
6.067507e-06 3.675500e-16
6.096604e-06 3.943000e-16
6.125700e-06 4.827000e-16
6.154796e-06 6.556400e-16
6.183903e-06 9.424400e-16
6.212999e-06 1.111600e-15
6.242096e-06 1.073000e-15
6.271192e-06 8.993100e-16
6.300289e-06 7.518800e-16
6.329395e-06 6.392400e-16
6.358491e-06 5.526700e-16
6.387587e-06 4.858700e-16
6.416684e-06 4.456400e-16
6.445781e-06 4.101100e-16
6.474887e-06 3.782500e-16
6.503983e-06 3.739400e-16
6.533080e-06 3.621200e-16
6.562176e-06 3.475100e-16
6.591273e-06 3.549300e-16
6.620379e-06 3.673800e-16
6.649476e-06 3.662600e-16
6.678572e-06 3.611100e-16
6.707669e-06 3.602000e-16
6.736765e-06 3.628700e-16
6.765872e-06 3.593000e-16
6.794968e-06 3.561300e-16
6.824064e-06 3.569000e-16
6.853161e-06 3.836500e-16
6.882257e-06 4.217300e-16
6.911363e-06 4.533100e-16
6.940460e-06 4.493800e-16
6.969557e-06 5.306300e-16
6.998653e-06 6.203300e-16
7.027749e-06 5.082300e-16
7.056855e-06 4.700300e-16
7.085952e-06 4.627900e-16
7.115049e-06 4.640500e-16
7.144145e-06 4.715600e-16
7.173242e-06 4.710000e-16
7.202348e-06 4.881200e-16
7.231444e-06 4.596300e-16
7.260540e-06 5.191800e-16
7.289637e-06 5.215500e-16
7.347830e-06 5.975700e-16
7.406033e-06 7.141900e-16
7.464225e-06 8.561100e-16
7.522419e-06 1.013000e-15
7.580621e-06 1.149000e-15
7.638815e-06 1.180700e-15
7.697017e-06 1.116400e-15
7.755210e-06 1.101500e-15
7.813404e-06 1.077400e-15
7.871605e-06 1.025600e-15
7.929799e-06 9.158400e-16
7.987992e-06 8.005600e-16
8.046194e-06 7.094900e-16
8.104387e-06 6.183600e-16
8.162580e-06 5.678000e-16
8.220783e-06 5.471300e-16
8.278976e-06 5.360500e-16
8.337179e-06 5.381600e-16
8.395372e-06 5.291500e-16
8.453566e-06 5.344500e-16
8.511768e-06 5.608800e-16
8.569961e-06 5.791200e-16
8.628154e-06 5.542400e-16
8.686356e-06 4.902000e-16
8.744549e-06 4.053000e-16
8.802742e-06 3.309400e-16
8.860945e-06 2.723700e-16
8.919138e-06 2.260800e-16
8.977341e-06 2.056400e-16
9.035533e-06 1.847900e-16
9.093727e-06 1.668300e-16
9.151928e-06 1.535800e-16
9.210122e-06 1.418400e-16
9.268315e-06 1.346700e-16
9.326518e-06 1.284800e-16
9.384711e-06 1.239700e-16
9.442903e-06 1.166900e-16
9.501107e-06 1.124400e-16
9.559300e-06 1.107600e-16
9.617502e-06 1.169300e-16
9.675695e-06 1.247700e-16
9.733889e-06 1.073200e-16
9.792091e-06 9.625300e-17
9.850284e-06 9.125300e-17
9.908477e-06 9.174800e-17
9.966679e-06 9.198100e-17
1.002487e-05 9.116300e-17
1.008306e-05 9.296100e-17
1.014127e-05 9.277300e-17
1.019946e-05 9.211300e-17
1.025766e-05 9.314800e-17
1.031586e-05 9.318500e-17
1.037405e-05 9.623300e-17
1.043225e-05 1.012900e-16
1.049045e-05 1.130600e-16
1.054864e-05 1.241000e-16
1.060684e-05 1.272100e-16
1.066503e-05 1.278700e-16
1.072323e-05 1.329200e-16
1.078143e-05 1.362600e-16
1.083962e-05 1.350300e-16
1.089783e-05 1.436500e-16
1.095602e-05 1.681900e-16
1.101421e-05 1.973700e-16
1.107241e-05 2.232400e-16
1.113061e-05 2.986900e-16
1.118880e-05 4.701500e-16
1.124700e-05 5.744100e-16
1.130520e-05 5.312200e-16
1.136339e-05 4.373500e-16
1.142159e-05 3.619700e-16
1.147978e-05 3.117600e-16
1.153799e-05 2.818000e-16
1.159618e-05 2.590300e-16
1.165437e-05 2.399900e-16
1.171258e-05 2.322200e-16
1.177077e-05 2.356700e-16
1.182896e-05 2.438500e-16
1.188716e-05 2.569300e-16
1.194536e-05 2.690300e-16
1.200355e-05 2.740400e-16
1.206175e-05 2.690000e-16
1.211995e-05 2.639100e-16
1.217815e-05 2.620800e-16
1.223634e-05 2.769300e-16
1.229454e-05 2.969400e-16
1.235274e-05 2.997000e-16
1.241093e-05 3.020400e-16
1.246912e-05 3.092000e-16
1.252733e-05 3.268500e-16
1.258552e-05 3.461500e-16
1.264371e-05 3.602800e-16
1.270191e-05 3.790600e-16
1.276011e-05 4.717800e-16
1.281830e-05 5.731000e-16
1.287650e-05 4.146300e-16
1.293470e-05 2.609900e-16
1.299290e-05 2.316100e-16
1.305109e-05 2.249300e-16
1.310929e-05 2.217500e-16
1.316749e-05 2.188400e-16
1.322568e-05 2.190900e-16
1.328387e-05 2.178100e-16
1.334208e-05 2.147600e-16
1.340027e-05 2.109800e-16
1.345846e-05 2.056400e-16
1.351666e-05 2.082100e-16
1.357486e-05 2.042000e-16
1.363306e-05 1.991200e-16
1.369125e-05 1.918700e-16
1.374945e-05 1.810800e-16
1.380765e-05 1.722200e-16
1.386584e-05 1.637500e-16
1.392403e-05 1.594900e-16
1.402618e-05 1.782100e-16
1.410766e-05 1.799100e-16
1.418914e-05 1.849700e-16
1.427061e-05 1.798100e-16
1.435208e-05 1.762200e-16
1.443356e-05 1.722100e-16
1.451504e-05 1.690300e-16
1.459651e-05 1.648800e-16
1.467799e-05 1.659600e-16
1.475946e-05 1.634500e-16
1.484093e-05 1.599800e-16
1.492241e-05 1.592500e-16
1.500389e-05 1.599300e-16
1.508536e-05 1.575800e-16
1.516683e-05 1.551600e-16
1.524831e-05 1.558100e-16
1.532978e-05 1.542300e-16
1.541126e-05 1.569300e-16
1.549274e-05 1.650100e-16
1.557421e-05 1.820800e-16
1.565568e-05 1.662400e-16
1.573716e-05 1.635300e-16
1.581864e-05 1.616000e-16
1.590011e-05 1.621000e-16
1.598158e-05 1.610400e-16
1.606306e-05 1.609300e-16
1.614453e-05 1.613600e-16
1.622601e-05 1.650200e-16
1.630749e-05 1.785500e-16
1.638895e-05 2.002400e-16
1.647043e-05 2.024400e-16
1.655191e-05 1.927100e-16
1.663338e-05 1.905000e-16
1.671486e-05 1.927800e-16
1.679633e-05 1.912800e-16
1.687781e-05 1.904600e-16
1.695928e-05 2.141500e-16
1.704076e-05 2.296800e-16
1.712223e-05 2.107900e-16
1.720370e-05 1.878000e-16
1.728518e-05 1.877800e-16
1.736666e-05 1.874300e-16
1.744813e-05 1.808900e-16
1.752960e-05 1.678800e-16
1.761108e-05 1.611800e-16
1.769255e-05 1.603600e-16
1.777403e-05 1.601200e-16
1.785551e-05 1.573700e-16
1.793697e-05 1.524500e-16
1.801845e-05 1.494800e-16
1.809993e-05 1.477800e-16
1.818141e-05 1.464800e-16
1.826288e-05 1.457400e-16
1.834436e-05 1.452600e-16
1.842583e-05 1.483000e-16
1.850730e-05 1.508800e-16
1.858878e-05 1.537600e-16
1.867026e-05 1.792800e-16
1.875173e-05 1.977500e-16
1.883321e-05 1.633600e-16
1.891468e-05 1.594200e-16
1.899615e-05 1.559900e-16
1.907763e-05 1.578700e-16
1.915911e-05 1.587700e-16
1.924058e-05 1.565400e-16
1.932205e-05 1.566500e-16
1.940353e-05 1.623400e-16
1.948501e-05 1.585800e-16
1.956648e-05 1.608500e-16
1.964796e-05 1.624300e-16
1.981090e-05 1.610700e-16
1.997386e-05 1.670400e-16
2.013681e-05 1.714400e-16
2.029975e-05 1.744600e-16
2.046271e-05 1.786100e-16
2.062565e-05 1.858900e-16
2.078861e-05 1.857500e-16
2.095155e-05 1.858500e-16
2.111450e-05 1.904900e-16
2.127746e-05 1.963200e-16
2.144040e-05 1.934700e-16
2.160335e-05 1.955400e-16
2.176630e-05 2.034800e-16
2.192925e-05 2.054700e-16
2.209221e-05 2.071100e-16
2.225515e-05 2.080600e-16
2.241810e-05 2.136900e-16
2.258105e-05 2.177800e-16
2.274400e-05 2.227400e-16
2.290695e-05 2.237100e-16
2.306990e-05 2.244000e-16
2.323285e-05 2.292500e-16
2.339580e-05 2.342800e-16
2.355875e-05 2.353900e-16
2.372170e-05 2.423600e-16
2.388465e-05 2.443000e-16
2.404760e-05 2.459200e-16
2.421055e-05 2.487500e-16
2.437350e-05 2.532700e-16
2.453645e-05 2.570700e-16
2.469940e-05 2.586000e-16
2.486235e-05 2.609200e-16
2.502530e-05 2.674100e-16
2.518825e-05 2.700300e-16
2.535120e-05 2.735100e-16
2.551414e-05 2.748500e-16
2.567710e-05 2.796400e-16
2.584005e-05 2.888500e-16
2.600300e-05 2.964000e-16
2.616595e-05 2.946100e-16
2.632890e-05 2.955200e-16
2.649185e-05 2.981900e-16
2.665480e-05 3.012400e-16
2.681774e-05 3.055200e-16
2.698070e-05 3.065000e-16
2.714365e-05 3.103200e-16
2.730660e-05 3.101900e-16
2.746955e-05 3.183800e-16
2.763249e-05 3.256600e-16
2.779545e-05 3.269600e-16
2.795839e-05 3.307400e-16
2.812134e-05 3.360100e-16
2.828430e-05 3.396800e-16
2.844724e-05 3.404200e-16
2.861020e-05 3.460800e-16
2.877315e-05 3.511600e-16
2.893609e-05 3.509200e-16
2.909905e-05 3.522800e-16
2.926199e-05 3.531700e-16
2.942494e-05 3.562800e-16
2.958790e-05 3.657100e-16
2.975084e-05 3.715200e-16
2.991380e-05 3.672000e-16
3.007674e-05 3.721600e-16
3.023969e-05 3.744400e-16
3.040265e-05 3.853000e-16
3.056559e-05 3.848900e-16
3.072854e-05 3.838000e-16
3.089150e-05 3.846600e-16
3.105444e-05 3.917200e-16
3.121740e-05 3.979600e-16
3.138034e-05 4.035500e-16
3.154329e-05 4.018500e-16
3.170625e-05 4.036400e-16
3.186919e-05 4.116700e-16
3.203214e-05 4.229000e-16
3.219509e-05 4.226800e-16
3.235804e-05 4.139300e-16
3.252099e-05 4.281500e-16
3.268394e-05 4.562900e-16
3.284689e-05 4.347900e-16
3.300984e-05 4.332400e-16
3.317279e-05 4.431800e-16
3.333573e-05 4.723700e-16
3.349869e-05 4.904300e-16
3.366163e-05 4.694800e-16
