 0.000000294   0.000000143786 
 0.00000029401               0.000000143496 
 0.00000029402               0.000000140734 
 0.00000029403               0.000000132804 
 0.00000029404               0.000000118022 
 0.00000029405               0.0000000999593 
 0.00000029406               0.00000008566 
 0.00000029407               0.0000000808624 
 0.00000029408               0.0000000880903 
 0.00000029409               0.000000104662 
 0.0000002941                0.000000121631 
 0.00000029411               0.00000013229 
 0.00000029412               0.00000013796 
 0.00000029413               0.00000014124 
 0.00000029414               0.000000142836 
 0.00000029415               0.000000143275 
 0.00000029416               0.000000143215 
 0.00000029417               0.000000143008 
 0.00000029418               0.000000142724 
 0.00000029419               0.000000142323 
 0.0000002942                0.000000141798 
 0.00000029421               0.000000141194 
 0.00000029422               0.000000140381 
 0.00000029423               0.000000139118 
 0.00000029424               0.000000137578 
 0.00000029425               0.00000013628 
 0.00000029426               0.000000135278 
 0.00000029427               0.000000133252 
 0.00000029428               0.000000126169 
 0.00000029429               0.000000113145 
 0.0000002943                0.000000105362 
 0.00000029431               0.000000109442 
 0.00000029432               0.000000114389 
 0.00000029433               0.000000109358 
 0.00000029434               0.0000000966342 
 0.00000029435               0.0000000827844 
 0.00000029436               0.0000000725011 
 0.00000029437               0.0000000666035 
 0.00000029438               0.0000000636985 
 0.00000029439               0.000000063198 
 0.0000002944                0.0000000659165 
 0.00000029441               0.0000000728841 
 0.00000029442               0.0000000842259 
 0.00000029443               0.0000000983378 
 0.00000029444               0.000000112091 
 0.00000029445               0.00000012271 
 0.00000029446               0.000000129411 
 0.00000029447               0.000000132981 
 0.00000029448               0.000000134566 
 0.00000029449               0.000000134987 
 0.0000002945                0.000000134624 
 0.00000029451               0.00000013344 
 0.00000029452               0.000000131569 
 0.00000029453               0.000000129949 
 0.00000029454               0.000000129356 
 0.00000029455               0.000000128788 
 0.00000029456               0.000000126536 
 0.00000029457               0.000000122945 
 0.00000029458               0.000000120589 
 0.00000029459               0.000000121546 
 0.0000002946                0.000000125199 
 0.00000029461               0.000000128984 
 0.00000029462               0.000000131096 
 0.00000029463               0.000000131592 
 0.00000029464               0.000000131232 
 0.00000029465               0.000000130512 
 0.00000029466               0.000000129689 
 0.00000029467               0.00000012898 
 0.00000029468               0.000000128492 
 0.00000029469               0.000000128206 
 0.0000002947                0.000000128071 
 0.00000029471               0.000000127816 
 0.00000029472               0.000000127182 
 0.00000029473               0.000000126796 
 0.00000029474               0.000000127265 
 0.00000029475               0.000000128057 
 0.00000029476               0.000000128434 
 0.00000029477               0.000000128308 
 0.00000029478               0.000000127714 
 0.00000029479               0.000000126512 
 0.0000002948                0.000000124446 
 0.00000029481               0.000000121101 
 0.00000029482               0.00000011627 
 0.00000029483               0.000000110588 
 0.00000029484               0.000000105188 
 0.00000029485               0.000000100427 
 0.00000029486               0.0000000960824 
 0.00000029487               0.0000000924407 
 0.00000029488               0.000000090248 
 0.00000029489               0.0000000900273 
 0.0000002949                0.0000000918517 
 0.00000029491               0.0000000954489 
 0.00000029492               0.000000100298 
 0.00000029493               0.000000105634 
 0.00000029494               0.000000109901 
 0.00000029495               0.000000109809 
 0.00000029496               0.000000104421 
 0.00000029497               0.000000102043 
 0.00000029498               0.000000107378 
 0.00000029499               0.000000110641 
 0.000000295   0.00000010555 
 0.00000029501               0.0000000993 
 0.00000029502               0.0000000987713 
 0.00000029503               0.0000001034 
 0.00000029504               0.000000108843 
 0.00000029505               0.00000011274 
 0.00000029506               0.000000115034 
 0.00000029507               0.000000115754 
 0.00000029508               0.000000115473 
 0.00000029509               0.000000115685 
 0.0000002951                0.000000117199 
 0.00000029511               0.000000119278 
 0.00000029512               0.000000120853 
 0.00000029513               0.000000121631 
 0.00000029514               0.000000121784 
 0.00000029515               0.000000121506 
 0.00000029516               0.000000121151 
 0.00000029517               0.000000121068 
 0.00000029518               0.000000121153 
 0.00000029519               0.000000121165 
 0.0000002952                0.000000121038 
 0.00000029521               0.000000120771 
 0.00000029522               0.000000120372 
 0.00000029523               0.000000119638 
 0.00000029524               0.00000011766 
 0.00000029525               0.000000113422 
 0.00000029526               0.000000108395 
 0.00000029527               0.000000106485 
 0.00000029528               0.000000109115 
 0.00000029529               0.000000113288 
 0.0000002953                0.000000116112 
 0.00000029531               0.000000117478 
 0.00000029532               0.000000118024 
 0.00000029533               0.000000118027 
 0.00000029534               0.000000117705 
 0.00000029535               0.000000117243 
 0.00000029536               0.000000116626 
 0.00000029537               0.000000115656 
 0.00000029538               0.000000114055 
 0.00000029539               0.000000111756 
 0.0000002954                0.000000109415 
 0.00000029541               0.000000108204 
 0.00000029542               0.000000108838 
 0.00000029543               0.000000110849 
 0.00000029544               0.00000011295 
 0.00000029545               0.00000011396 
 0.00000029546               0.000000112843 
 0.00000029547               0.000000108341 
 0.00000029548               0.0000000991742 
 0.00000029549               0.0000000850857 
 0.0000002955                0.0000000700129 
 0.00000029551               0.0000000622586 
 0.00000029552               0.0000000672091 
 0.00000029553               0.0000000831949 
 0.00000029554               0.000000100318 
 0.00000029555               0.000000109381 
 0.00000029556               0.000000111322 
 0.00000029557               0.000000110242 
 0.00000029558               0.000000107778 
 0.00000029559               0.000000103906 
 0.0000002956                0.0000000979999 
 0.00000029561               0.0000000894135 
 0.00000029562               0.0000000777773 
 0.00000029563               0.0000000633871 
 0.00000029564               0.000000047391 
 0.00000029565               0.0000000317488 
 0.00000029566               0.0000000186005 
 0.00000029567               0.00000000928445 
 0.00000029568               0.00000000386559 
 0.00000029569               0.00000000133003 
 0.0000002957                0.000000000380327 
 0.00000029571               9.16994E-11 
 0.00000029572               1.80787E-11 
 0.00000029573               2.57493E-12 
 0.00000029574               2.59855E-13 
 0.00000029575               3.03037E-14 
 0.00000029576               9.18191E-15 
 0.00000029577               8.79237E-15 
 0.00000029578               1.46122E-14 
 0.00000029579               2.54829E-14 
 0.0000002958                4.67752E-14 
 0.00000029581               1.0523E-13 
 0.00000029582               3.00245E-13 
 0.00000029583               1.02739E-12 
 0.00000029584               4.00216E-12 
 0.00000029585               1.72119E-11 
 0.00000029586               0.000000000077161 
 0.00000029587               0.000000000330307 
 0.00000029588               0.0000000012346 
 0.00000029589               0.00000000378048 
 0.0000002959                0.00000000926821 
 0.00000029591               0.0000000183054 
 0.00000029592               0.0000000301341 
 0.00000029593               0.0000000441453 
 0.00000029594               0.0000000598192 
 0.00000029595               0.0000000742375 
 0.00000029596               0.0000000848146 
 0.00000029597               0.0000000919667 
 0.00000029598               0.0000000971083 
 0.00000029599               0.000000100727 
 0.000000296   0.000000102847 
 0.00000029601               0.000000103784 
 0.00000029602               0.00000010381 
 0.00000029603               0.000000103253 
 0.00000029604               0.00000010276 
 0.00000029605               0.000000102859 
 0.00000029606               0.000000103356 
 0.00000029607               0.00000010357 
 0.00000029608               0.000000103265 
 0.00000029609               0.00000010282 
 0.0000002961                0.000000102222 
 0.00000029611               0.00000010017 
 0.00000029612               0.0000000960267 
 0.00000029613               0.0000000938897 
 0.00000029614               0.0000000963714 
 0.00000029615               0.000000098626 
 0.00000029616               0.0000000981289 
 0.00000029617               0.000000097764 
 0.00000029618               0.000000099057 
 0.00000029619               0.000000100653 
 0.0000002962                0.000000101477 
 0.00000029621               0.000000101769 
 0.00000029622               0.000000101908 
 0.00000029623               0.00000010201 
 0.00000029624               0.000000102077 
 0.00000029625               0.000000102072 
 0.00000029626               0.000000101955 
 0.00000029627               0.000000101673 
 0.00000029628               0.000000101144 
 0.00000029629               0.000000100255 
 0.0000002963                0.0000000988972 
 0.00000029631               0.0000000970032 
 0.00000029632               0.000000094608 
 0.00000029633               0.000000091974 
 0.00000029634               0.0000000896031 
 0.00000029635               0.0000000880626 
 0.00000029636               0.0000000877364 
 0.00000029637               0.0000000886658 
 0.00000029638               0.000000090543 
 0.00000029639               0.0000000928356 
 0.0000002964                0.0000000949895 
 0.00000029641               0.0000000966062 
 0.00000029642               0.0000000974971 
 0.00000029643               0.0000000976632 
 0.00000029644               0.0000000972614 
 0.00000029645               0.0000000965017 
 0.00000029646               0.0000000956329 
 0.00000029647               0.0000000950025 
 0.00000029648               0.0000000947896 
 0.00000029649               0.0000000945072 
 0.0000002965                0.0000000928679 
 0.00000029651               0.0000000888702 
 0.00000029652               0.0000000838007 
 0.00000029653               0.0000000809561 
 0.00000029654               0.0000000823606 
 0.00000029655               0.0000000867524 
 0.00000029656               0.0000000910899 
 0.00000029657               0.0000000935943 
 0.00000029658               0.0000000945215 
 0.00000029659               0.0000000943978 
 0.0000002966                0.0000000929646 
 0.00000029661               0.0000000911886 
 0.00000029662               0.0000000915422 
 0.00000029663               0.0000000934955 
 0.00000029664               0.0000000946954 
 0.00000029665               0.0000000949526 
 0.00000029666               0.0000000949032 
 0.00000029667               0.0000000948169 
 0.00000029668               0.0000000947999 
 0.00000029669               0.0000000947835 
 0.0000002967                0.0000000945785 
 0.00000029671               0.0000000940111 
 0.00000029672               0.0000000931066 
 0.00000029673               0.0000000923079 
 0.00000029674               0.000000092174 
 0.00000029675               0.0000000926901 
 0.00000029676               0.0000000933004 
 0.00000029677               0.000000093597 
 0.00000029678               0.0000000936115 
 0.00000029679               0.0000000935432 
 0.0000002968                0.0000000934528 
 0.00000029681               0.0000000933097 
 0.00000029682               0.0000000931174 
 0.00000029683               0.0000000928879 
 0.00000029684               0.0000000926835 
 0.00000029685               0.0000000924027 
 0.00000029686               0.0000000921468 
 0.00000029687               0.0000000919732 
 0.00000029688               0.0000000918966 
 0.00000029689               0.0000000918605 
 0.0000002969                0.000000091792 
 0.00000029691               0.0000000916778 
 0.00000029692               0.0000000915539 
 0.00000029693               0.0000000913616 
 0.00000029694               0.0000000908349 
 0.00000029695               0.0000000898219 
 0.00000029696               0.0000000888118 
 0.00000029697               0.0000000880529 
 0.00000029698               0.0000000866679 
 0.00000029699               0.000000084129 
 0.000000297   0.0000000810786 
 0.00000029701               0.0000000785818 
 0.00000029702               0.0000000774312 
 0.00000029703               0.0000000776294 
 0.00000029704               0.000000078211 
 0.00000029705               0.0000000781693 
 0.00000029706               0.0000000780465 
 0.00000029707               0.0000000794448 
 0.00000029708               0.0000000826132 
 0.00000029709               0.0000000857404 
 0.0000002971                0.0000000875703 
 0.00000029711               0.000000089765 
 0.00000029712               0.0000000897398 
 0.00000029713               0.0000000896107 
 0.00000029714               0.0000000895761 
 0.00000029715               0.0000000895676 
 0.00000029716               0.0000000894342 
 0.00000029717               0.000000088836 
 0.00000029718               0.0000000860009 
 0.00000029719               0.0000000779707 
 0.0000002972                0.0000000690448 
 0.00000029721               0.0000000694041 
 0.00000029722               0.0000000784775 
 0.00000029723               0.0000000858833 
 0.00000029724               0.0000000880891 
 0.00000029725               0.0000000882014 
 0.00000029726               0.0000000878475 
 0.00000029727               0.00000008729 
 0.00000029728               0.0000000867114 
 0.00000029729               0.0000000863883 
 0.0000002973                0.0000000864042 
 0.00000029731               0.0000000864576 
 0.00000029732               0.0000000854384 
 0.00000029733               0.000000078204 
 0.00000029734               0.0000000522574 
 0.00000029735               0.0000000157648 
 0.00000029736               0.00000000178105 
 0.00000029737               0.000000000228955 
 0.00000029738               0.000000000202348 
 0.00000029739               0.00000000137922 
 0.0000002974                0.0000000127788 
 0.00000029741               0.000000046451 
 0.00000029742               0.0000000724689 
 0.00000029743               0.0000000783929 
 0.00000029744               0.0000000787511 
 0.00000029745               0.000000081163 
 0.00000029746               0.0000000840338 
 0.00000029747               0.0000000851952 
 0.00000029748               0.0000000852729 
 0.00000029749               0.0000000849843 
 0.0000002975                0.0000000844803 
 0.00000029751               0.0000000840106 
 0.00000029752               0.0000000838333 
 0.00000029753               0.0000000836435 
 0.00000029754               0.0000000830126 
 0.00000029755               0.0000000823041 
 0.00000029756               0.0000000821966 
 0.00000029757               0.0000000824318 
 0.00000029758               0.000000082018 
 0.00000029759               0.0000000806016 
 0.0000002976                0.0000000795135 
 0.00000029761               0.0000000802172 
 0.00000029762               0.0000000817936 
 0.00000029763               0.0000000826825 
 0.00000029764               0.0000000956491 
 0.00000029765               0.0000000956005 
 0.00000029766               0.0000000955185 
 0.00000029767               0.0000000953664 
 0.00000029768               0.0000000950251 
 0.00000029769               0.0000000944007 
 0.0000002977                0.0000000933529 
 0.00000029771               0.0000000905132 
 0.00000029772               0.0000000814644 
 0.00000029773               0.0000000633545 
 0.00000029774               0.0000000437899 
 0.00000029775               0.0000000305364 
 0.00000029776               0.0000000177828 
 0.00000029777               0.00000000447428 
 0.00000029778               0.000000000401486 
 0.00000029779               0.000000000028574 
 0.0000002978                5.76783E-12 
 0.00000029781               1.32345E-11 
 0.00000029782               0.000000000297108 
 0.00000029783               0.00000000704471 
 0.00000029784               0.00000003667 
 0.00000029785               0.0000000528162 
 0.00000029786               0.0000000400682 
 0.00000029787               0.0000000257088 
 0.00000029788               0.0000000217825 
 0.00000029789               0.0000000262218 
 0.0000002979                0.0000000364458 
 0.00000029791               0.0000000504994 
 0.00000029792               0.0000000648123 
 0.00000029793               0.0000000754039 
 0.00000029794               0.0000000809131 
 0.00000029795               0.000000083056 
 0.00000029796               0.0000000843818 
 0.00000029797               0.0000000853904 
 0.00000029798               0.00000008533 
 0.00000029799               0.0000000841891 
 0.000000298   0.0000000825484 
 0.00000029801               0.0000000816772 
 0.00000029802               0.0000000827392 
 0.00000029803               0.0000000848609 
 0.00000029804               0.0000000860952 
 0.00000029805               0.0000000856722 
 0.00000029806               0.0000000844101 
 0.00000029807               0.0000000837429 
 0.00000029808               0.000000084292 
 0.00000029809               0.0000000854814 
 0.0000002981                0.0000000865053 
 0.00000029811               0.0000000870311 
 0.00000029812               0.0000000871402 
 0.00000029813               0.0000000870804 
 0.00000029814               0.0000000869809 
 0.00000029815               0.0000000866531 
 0.00000029816               0.000000085929 
 0.00000029817               0.0000000854393 
 0.00000029818               0.0000000856582 
 0.00000029819               0.0000000860754 
 0.0000002982                0.0000000864177 
 0.00000029821               0.0000000866932 
 0.00000029822               0.0000000868319 
 0.00000029823               0.0000000866562 
 0.00000029824               0.0000000856237 
 0.00000029825               0.0000000831122 
 0.00000029826               0.0000000800992 
 0.00000029827               0.0000000792243 
 0.00000029828               0.0000000812158 
 0.00000029829               0.0000000835886 
 0.0000002983                0.0000000838633 
 0.00000029831               0.0000000814289 
 0.00000029832               0.0000000771341 
 0.00000029833               0.0000000734367 
 0.00000029834               0.0000000729306 
 0.00000029835               0.0000000758157 
 0.00000029836               0.0000000797499 
 0.00000029837               0.0000000824104 
 0.00000029838               0.0000000832306 
 0.00000029839               0.0000000824795 
 0.0000002984                0.0000000806542 
 0.00000029841               0.0000000791704 
 0.00000029842               0.000000079079 
 0.00000029843               0.0000000796138 
 0.00000029844               0.0000000799292 
 0.00000029845               0.0000000801266 
 0.00000029846               0.0000000804442 
 0.00000029847               0.0000000809063 
 0.00000029848               0.0000000814246 
 0.00000029849               0.0000000818893 
 0.0000002985                0.0000000822071 
 0.00000029851               0.0000000822943 
 0.00000029852               0.0000000820417 
 0.00000029853               0.0000000813046 
 0.00000029854               0.0000000799465 
 0.00000029855               0.0000000779195 
 0.00000029856               0.0000000754748 
 0.00000029857               0.0000000734617 
 0.00000029858               0.000000073068 
 0.00000029859               0.0000000746443 
 0.0000002986                0.000000077217 
 0.00000029861               0.0000000793419 
 0.00000029862               0.0000000803719 
 0.00000029863               0.0000000805489 
 0.00000029864               0.0000000806201 
 0.00000029865               0.0000000808806 
 0.00000029866               0.0000000810185 
 0.00000029867               0.0000000809803 
 0.00000029868               0.0000000808593 
 0.00000029869               0.0000000806361 
 0.0000002987                0.0000000802827 
 0.00000029871               0.0000000798007 
 0.00000029872               0.0000000792237 
 0.00000029873               0.0000000785647 
 0.00000029874               0.0000000776779 
 0.00000029875               0.0000000760899 
 0.00000029876               0.0000000728918 
 0.00000029877               0.0000000662575 
 0.00000029878               0.0000000535536 
 0.00000029879               0.0000000365656 
 0.0000002988                0.0000000236825 
 0.00000029881               0.0000000196431 
 0.00000029882               0.000000024792 
 0.00000029883               0.000000039504 
 0.00000029884               0.0000000577658 
 0.00000029885               0.0000000678732 
 0.00000029886               0.0000000699366 
 0.00000029887               0.0000000719313 
 0.00000029888               0.0000000744803 
 0.00000029889               0.0000000751362 
 0.0000002989                0.0000000753981 
 0.00000029891               0.0000000757318 
 0.00000029892               0.0000000751929 
 0.00000029893               0.0000000741911 
 0.00000029894               0.0000000731975 
 0.00000029895               0.0000000719346 
 0.00000029896               0.0000000700096 
 0.00000029897               0.0000000676878 
 0.00000029898               0.0000000659315 
 0.00000029899               0.0000000654657 
 0.000000299   0.0000000659048 
 0.00000029901               0.0000000661823 
 0.00000029902               0.0000000658084 
 0.00000029903               0.0000000653007 
 0.00000029904               0.0000000654661 
 0.00000029905               0.0000000665571 
 0.00000029906               0.0000000683998 
 0.00000029907               0.0000000706087 
 0.00000029908               0.0000000726821 
 0.00000029909               0.0000000741647 
 0.0000002991                0.0000000748971 
 0.00000029911               0.0000000749307 
 0.00000029912               0.0000000744329 
 0.00000029913               0.0000000737995 
 0.00000029914               0.0000000734327 
 0.00000029915               0.0000000733234 
 0.00000029916               0.0000000732085 
 0.00000029917               0.0000000728864 
 0.00000029918               0.0000000723469 
 0.00000029919               0.0000000716784 
 0.0000002992                0.0000000708843 
 0.00000029921               0.0000000699548 
 0.00000029922               0.0000000692397 
 0.00000029923               0.0000000693703 
 0.00000029924               0.0000000704006 
 0.00000029925               0.000000071474 
 0.00000029926               0.000000071603 
 0.00000029927               0.000000070385 
 0.00000029928               0.0000000685701 
 0.00000029929               0.0000000674428 
 0.0000002993                0.0000000658916 
 0.00000029931               0.0000000622673 
 0.00000029932               0.0000000591942 
 0.00000029933               0.0000000597647 
 0.00000029934               0.0000000630707 
 0.00000029935               0.0000000665533 
 0.00000029936               0.0000000691234 
 0.00000029937               0.0000000707092 
 0.00000029938               0.000000071296 
 0.00000029939               0.0000000708228 
 0.0000002994                0.000000067837 
 0.00000029941               0.000000057117 
 0.00000029942               0.0000000395227 
 0.00000029943               0.0000000295536 
 0.00000029944               0.0000000343566 
 0.00000029945               0.0000000510564 
 0.00000029946               0.0000000655078 
 0.00000029947               0.0000000699103 
 0.00000029948               0.0000000697117 
 0.00000029949               0.0000000684754 
 0.0000002995                0.0000000674059 
 0.00000029951               0.0000000673775 
 0.00000029952               0.0000000683768 
 0.00000029953               0.0000000694165 
 0.00000029954               0.0000000691162 
 0.00000029955               0.0000000623719 
 0.00000029956               0.0000000364664 
 0.00000029957               0.00000000727682 
 0.00000029958               0.000000000532395 
 0.00000029959               0.000000000101214 
 0.0000002996                0.00000000029593 
 0.00000029961               0.00000000384071 
 0.00000029962               0.0000000230406 
 0.00000029963               0.0000000410002 
 0.00000029964               0.0000000435558 
 0.00000029965               0.0000000452173 
 0.00000029966               0.0000000503472 
 0.00000029967               0.0000000564966 
 0.00000029968               0.0000000609717 
 0.00000029969               0.000000063325 
 0.0000002997                0.0000000642858 
 0.00000029971               0.0000000644101 
 0.00000029972               0.0000000638735 
 0.00000029973               0.0000000625955 
 0.00000029974               0.0000000603105 
 0.00000029975               0.0000000568764 
 0.00000029976               0.0000000527885 
 0.00000029977               0.0000000483665 
 0.00000029978               0.0000000431725 
 0.00000029979               0.0000000372148 
 0.0000002998                0.0000000310208 
 0.00000029981               0.0000000250585 
 0.00000029982               0.000000019656 
 0.00000029983               0.0000000150714 
 0.00000029984               0.0000000114605 
 0.00000029985               0.00000000876968 
 0.00000029986               0.00000000682185 
 0.00000029987               0.00000000545901 
 0.00000029988               0.00000000455318 
 0.00000029989               0.00000000399218 
 0.0000002999                0.00000000367682 
 0.00000029991               0.00000000353481 
 0.00000029992               0.00000000357964 
 0.00000029993               0.00000000395466 
 0.00000029994               0.00000000489256 
 0.00000029995               0.00000000661243 
 0.00000029996               0.00000000919656 
 0.00000029997               0.0000000125637 
 0.00000029998               0.0000000166191 
 0.00000029999               0.0000000213386 
 0.0000003     0.0000000266582 
