 0.000000294   1.22282E-60 
 0.00000029401               6.67318E-60 
 0.00000029402               7.25916E-59 
 0.00000029403               3.76518E-58 
 0.00000029404               7.34971E-58 
 0.00000029405               8.44122E-58 
 0.00000029406               8.40668E-58 
 0.00000029407               8.48369E-58 
 0.00000029408               8.82587E-58 
 0.00000029409               9.20174E-58 
 0.0000002941                9.41413E-58 
 0.00000029411               9.44829E-58 
 0.00000029412               9.38819E-58 
 0.00000029413               9.30123E-58 
 0.00000029414               9.21056E-58 
 0.00000029415               9.11665E-58 
 0.00000029416               9.01766E-58 
 0.00000029417               8.91352E-58 
 0.00000029418               8.79887E-58 
 0.00000029419               8.65189E-58 
 0.0000002942                8.42331E-58 
 0.00000029421               8.3608E-58 
 0.00000029422               7.84681E-58 
 0.00000029423               7.36659E-58 
 0.00000029424               7.15236E-58 
 0.00000029425               7.2894E-58 
 0.00000029426               7.60657E-58 
 0.00000029427               7.84179E-58 
 0.00000029428               7.89501E-58 
 0.00000029429               7.8217E-58 
 0.0000002943                7.68217E-58 
 0.00000029431               7.48691E-58 
 0.00000029432               7.21601E-58 
 0.00000029433               6.84535E-58 
 0.00000029434               6.38691E-58 
 0.00000029435               5.91612E-58 
 0.00000029436               5.51714E-58 
 0.00000029437               5.24191E-58 
 0.00000029438               5.12703E-58 
 0.00000029439               5.17198E-58 
 0.0000002944                5.27205E-58 
 0.00000029441               5.13848E-58 
 0.00000029442               4.47713E-58 
 0.00000029443               3.58895E-58 
 0.00000029444               3.1724E-58 
 0.00000029445               3.50797E-58 
 0.00000029446               4.3861E-58 
 0.00000029447               5.2805E-58 
 0.00000029448               5.79429E-58 
 0.00000029449               5.94287E-58 
 0.0000002945                5.92282E-58 
 0.00000029451               5.85691E-58 
 0.00000029452               5.78219E-58 
 0.00000029453               5.70644E-58 
 0.00000029454               5.63022E-58 
 0.00000029455               5.55134E-58 
 0.00000029456               5.47249E-58 
 0.00000029457               5.39817E-58 
 0.00000029458               5.32731E-58 
 0.00000029459               5.25391E-58 
 0.0000002946                5.17035E-58 
 0.00000029461               5.06318E-58 
 0.00000029462               4.91641E-58 
 0.00000029463               4.73227E-58 
 0.00000029464               4.54733E-58 
 0.00000029465               4.41816E-58 
 0.00000029466               4.38281E-58 
 0.00000029467               4.42895E-58 
 0.00000029468               4.49931E-58 
 0.00000029469               4.53632E-58 
 0.0000002947                4.52136E-58 
 0.00000029471               4.46641E-58 
 0.00000029472               4.37811E-58 
 0.00000029473               4.23705E-58 
 0.00000029474               4.02365E-58 
 0.00000029475               3.78356E-58 
 0.00000029476               3.61529E-58 
 0.00000029477               3.55026E-58 
 0.00000029478               3.51957E-58 
 0.00000029479               3.46817E-58 
 0.0000002948                3.41563E-58 
 0.00000029481               3.3883E-58 
 0.00000029482               3.37936E-58 
 0.00000029483               3.37367E-58 
 0.00000029484               3.36343E-58 
 0.00000029485               3.34884E-58 
 0.00000029486               3.32654E-58 
 0.00000029487               3.2797E-58 
 0.00000029488               3.19989E-58 
 0.00000029489               3.1336E-58 
 0.0000002949                3.14968E-58 
 0.00000029491               3.23613E-58 
 0.00000029492               3.30762E-58 
 0.00000029493               3.31814E-58 
 0.00000029494               3.28571E-58 
 0.00000029495               3.23486E-58 
 0.00000029496               3.17232E-58 
 0.00000029497               3.09597E-58 
 0.00000029498               3.00119E-58 
 0.00000029499               2.87006E-58 
 0.000000295   2.64999E-58 
 0.00000029501               2.27944E-58 
 0.00000029502               1.79861E-58 
 0.00000029503               1.38404E-58 
 0.00000029504               1.19939E-58 
 0.00000029505               1.30455E-58 
 0.00000029506               1.67524E-58 
 0.00000029507               2.1457E-58 
 0.00000029508               2.47457E-58 
 0.00000029509               2.59641E-58 
 0.0000002951                2.60476E-58 
 0.00000029511               2.58196E-58 
 0.00000029512               2.55757E-58 
 0.00000029513               2.53499E-58 
 0.00000029514               2.51244E-58 
 0.00000029515               2.4856E-58 
 0.00000029516               2.45315E-58 
 0.00000029517               2.40782E-58 
 0.00000029518               2.33225E-58 
 0.00000029519               2.20695E-58 
 0.0000002952                2.04383E-58 
 0.00000029521               1.90498E-58 
 0.00000029522               1.85659E-58 
 0.00000029523               1.90841E-58 
 0.00000029524               2.00689E-58 
 0.00000029525               2.08345E-58 
 0.00000029526               2.11022E-58 
 0.00000029527               2.10101E-58 
 0.00000029528               2.07683E-58 
 0.00000029529               2.04728E-58 
 0.0000002953                2.01196E-58 
 0.00000029531               1.97006E-58 
 0.00000029532               1.9292E-58 
 0.00000029533               1.90206E-58 
 0.00000029534               1.88933E-58 
 0.00000029535               1.87727E-58 
 0.00000029536               1.85892E-58 
 0.00000029537               1.83504E-58 
 0.00000029538               1.80286E-58 
 0.00000029539               1.76306E-58 
 0.0000002954                1.72485E-58 
 0.00000029541               1.69105E-58 
 0.00000029542               1.64878E-58 
 0.00000029543               1.58814E-58 
 0.00000029544               1.51698E-58 
 0.00000029545               1.45466E-58 
 0.00000029546               1.42306E-58 
 0.00000029547               1.42248E-58 
 0.00000029548               1.44297E-58 
 0.00000029549               1.4666E-58 
 0.0000002955                1.48296E-58 
 0.00000029551               1.49083E-58 
 0.00000029552               1.49001E-58 
 0.00000029553               1.47564E-58 
 0.00000029554               1.43957E-58 
 0.00000029555               1.38084E-58 
 0.00000029556               1.3215E-58 
 0.00000029557               1.2901E-58 
 0.00000029558               1.28113E-58 
 0.00000029559               1.26342E-58 
 0.0000002956                1.2273E-58 
 0.00000029561               1.18977E-58 
 0.00000029562               1.16507E-58 
 0.00000029563               1.15286E-58 
 0.00000029564               1.14377E-58 
 0.00000029565               1.12818E-58 
 0.00000029566               1.10328E-58 
 0.00000029567               1.07376E-58 
 0.00000029568               1.04631E-58 
 0.00000029569               1.0255E-58 
 0.0000002957                1.0133E-58 
 0.00000029571               1.00803E-58 
 0.00000029572               1.00459E-58 
 0.00000029573               9.99346E-59 
 0.00000029574               9.92461E-59 
 0.00000029575               9.85251E-59 
 0.00000029576               9.78203E-59 
 0.00000029577               9.7074E-59 
 0.00000029578               9.61703E-59 
 0.00000029579               9.52792E-59 
 0.0000002958                9.48527E-59 
 0.00000029581               9.46327E-59 
 0.00000029582               9.28219E-59 
 0.00000029583               8.52587E-59 
 0.00000029584               7.07856E-59 
 0.00000029585               6.08689E-59 
 0.00000029586               6.43754E-59 
 0.00000029587               7.26548E-59 
 0.00000029588               7.42619E-59 
 0.00000029589               7.47076E-59 
 0.0000002959                7.8151E-59 
 0.00000029591               8.11148E-59 
 0.00000029592               8.22042E-59 
 0.00000029593               8.20594E-59 
 0.00000029594               8.06317E-59 
 0.00000029595               7.78187E-59 
 0.00000029596               7.39833E-59 
 0.00000029597               6.98006E-59 
 0.00000029598               6.59625E-59 
 0.00000029599               6.29816E-59 
 0.000000296   6.1191E-59 
 0.00000029601               6.07255E-59 
 0.00000029602               6.14232E-59 
 0.00000029603               6.28326E-59 
 0.00000029604               6.43229E-59 
 0.00000029605               6.53573E-59 
 0.00000029606               6.59555E-59 
 0.00000029607               6.66205E-59 
 0.00000029608               6.75152E-59 
 0.00000029609               6.81782E-59 
 0.0000002961                6.81875E-59 
 0.00000029611               6.75465E-59 
 0.00000029612               6.64914E-59 
 0.00000029613               6.54041E-59 
 0.00000029614               6.4557E-59 
 0.00000029615               6.38034E-59 
 0.00000029616               6.29925E-59 
 0.00000029617               6.21745E-59 
 0.00000029618               6.13919E-59 
 0.00000029619               6.06064E-59 
 0.0000002962                5.97801E-59 
 0.00000029621               5.89603E-59 
 0.00000029622               5.82114E-59 
 0.00000029623               5.73477E-59 
 0.00000029624               5.57943E-59 
 0.00000029625               5.31299E-59 
 0.00000029626               5.0199E-59 
 0.00000029627               4.8734E-59 
 0.00000029628               4.92145E-59 
 0.00000029629               5.03686E-59 
 0.0000002963                5.10071E-59 
 0.00000029631               5.10125E-59 
 0.00000029632               5.06406E-59 
 0.00000029633               4.99907E-59 
 0.00000029634               4.90532E-59 
 0.00000029635               4.78195E-59 
 0.00000029636               4.63181E-59 
 0.00000029637               4.46629E-59 
 0.00000029638               4.30927E-59 
 0.00000029639               4.19096E-59 
 0.0000002964                4.13175E-59 
 0.00000029641               4.12952E-59 
 0.00000029642               4.16151E-59 
 0.00000029643               4.19676E-59 
 0.00000029644               4.20842E-59 
 0.00000029645               4.1809E-59 
 0.00000029646               4.11714E-59 
 0.00000029647               4.0315E-59 
 0.00000029648               3.89071E-59 
 0.00000029649               3.63084E-59 
 0.0000002965                3.40736E-59 
 0.00000029651               3.41924E-59 
 0.00000029652               3.51372E-59 
 0.00000029653               3.53889E-59 
 0.00000029654               3.53905E-59 
 0.00000029655               3.53107E-59 
 0.00000029656               3.49253E-59 
 0.00000029657               3.41164E-59 
 0.00000029658               3.28974E-59 
 0.00000029659               3.14586E-59 
 0.0000002966                2.96496E-59 
 0.00000029661               2.5457E-59 
 0.00000029662               1.53188E-59 
 0.00000029663               3.8368E-60 
 0.00000029664               2.52566E-61 
 0.00000029665               7.14354E-63 
 0.00000029666               5.52699E-64 
 0.00000029667               7.09671E-64 
 0.00000029668               1.22264E-62 
 0.00000029669               3.97676E-61 
 0.0000002967                4.79315E-60 
 0.00000029671               1.61829E-59 
 0.00000029672               2.46803E-59 
 0.00000029673               2.73749E-59 
 0.00000029674               2.78305E-59 
 0.00000029675               2.76803E-59 
 0.00000029676               2.71618E-59 
 0.00000029677               2.6309E-59 
 0.00000029678               2.52861E-59 
 0.00000029679               2.43762E-59 
 0.0000002968                2.38954E-59 
 0.00000029681               2.40094E-59 
 0.00000029682               2.4513E-59 
 0.00000029683               2.49515E-59 
 0.00000029684               2.50532E-59 
 0.00000029685               2.48743E-59 
 0.00000029686               2.457E-59 
 0.00000029687               2.42296E-59 
 0.00000029688               2.38826E-59 
 0.00000029689               2.35391E-59 
 0.0000002969                2.32062E-59 
 0.00000029691               2.28872E-59 
 0.00000029692               2.25706E-59 
 0.00000029693               2.23701E-59 
 0.00000029694               2.20244E-59 
 0.00000029695               2.16737E-59 
 0.00000029696               2.13244E-59 
 0.00000029697               2.09573E-59 
 0.00000029698               2.05819E-59 
 0.00000029699               2.02919E-59 
 0.000000297   2.01285E-59 
 0.00000029701               1.99867E-59 
 0.00000029702               1.97905E-59 
 0.00000029703               1.95436E-59 
 0.00000029704               1.94441E-59 
 0.00000029705               1.91649E-59 
 0.00000029706               1.8908E-59 
 0.00000029707               1.86685E-59 
 0.00000029708               1.82812E-59 
 0.00000029709               1.44504E-59 
 0.0000002971                9.09992E-61 
 0.00000029711               3.26734E-67 
 0.00000029712               1.06779E-80 
 0.00000029713               3.33767E-86 
 0.00000029714               5.91802E-75 
 0.00000029715               1.15466E-63 
 0.00000029716               3.98256E-60 
 0.00000029717               1.05556E-59 
 0.00000029718               1.06777E-59 
 0.00000029719               1.09179E-59 
 0.0000002972                1.16968E-59 
 0.00000029721               1.25673E-59 
 0.00000029722               1.29988E-59 
 0.00000029723               1.26826E-59 
 0.00000029724               1.18057E-59 
 0.00000029725               1.10562E-59 
 0.00000029726               1.10486E-59 
 0.00000029727               1.17608E-59 
 0.00000029728               1.2649E-59 
 0.00000029729               1.324E-59 
 0.0000002973                1.34545E-59 
 0.00000029731               1.34259E-59 
 0.00000029732               1.3271E-59 
 0.00000029733               1.29836E-59 
 0.00000029734               1.24364E-59 
 0.00000029735               1.16503E-59 
 0.00000029736               1.10566E-59 
 0.00000029737               1.09694E-59 
 0.00000029738               1.10038E-59 
 0.00000029739               1.07501E-59 
 0.0000002974                1.05681E-59 
 0.00000029741               1.08041E-59 
 0.00000029742               1.11599E-59 
 0.00000029743               1.12792E-59 
 0.00000029744               1.11854E-59 
 0.00000029745               1.10236E-59 
 0.00000029746               1.08494E-59 
 0.00000029747               1.06524E-59 
 0.00000029748               1.04335E-59 
 0.00000029749               1.02173E-59 
 0.0000002975                9.99596E-60 
 0.00000029751               9.7264E-60 
 0.00000029752               9.43576E-60 
 0.00000029753               9.24565E-60 
 0.00000029754               9.21894E-60 
 0.00000029755               9.27739E-60 
 0.00000029756               9.27694E-60 
 0.00000029757               9.12302E-60 
 0.00000029758               8.8349E-60 
 0.00000029759               8.49752E-60 
 0.0000002976                8.21488E-60 
 0.00000029761               8.06222E-60 
 0.00000029762               8.01929E-60 
 0.00000029763               8.01404E-60 
 0.00000029764               8.04423E-60 
 0.00000029765               8.12433E-60 
 0.00000029766               8.19275E-60 
 0.00000029767               8.18707E-60 
 0.00000029768               8.10319E-60 
 0.00000029769               7.95496E-60 
 0.0000002977                7.71322E-60 
 0.00000029771               7.25447E-60 
 0.00000029772               6.3523E-60 
 0.00000029773               5.01056E-60 
 0.00000029774               3.68584E-60 
 0.00000029775               2.65107E-60 
 0.00000029776               1.88757E-60 
 0.00000029777               1.38314E-60 
 0.00000029778               1.11741E-60 
 0.00000029779               1.08311E-60 
 0.0000002978                1.31374E-60 
 0.00000029781               1.85847E-60 
 0.00000029782               2.69823E-60 
 0.00000029783               3.64508E-60 
 0.00000029784               4.3487E-60 
 0.00000029785               4.53192E-60 
 0.00000029786               4.2473E-60 
 0.00000029787               3.7931E-60 
 0.00000029788               3.46489E-60 
 0.00000029789               3.43174E-60 
 0.0000002979                3.72651E-60 
 0.00000029791               4.25648E-60 
 0.00000029792               4.82876E-60 
 0.00000029793               5.25758E-60 
 0.00000029794               5.47943E-60 
 0.00000029795               5.54197E-60 
 0.00000029796               5.51943E-60 
 0.00000029797               5.46119E-60 
 0.00000029798               5.39148E-60 
 0.00000029799               5.31914E-60 
 0.000000298   5.24676E-60 
 0.00000029801               5.17477E-60 
 0.00000029802               5.10263E-60 
 0.00000029803               5.02914E-60 
 0.00000029804               4.95304E-60 
 0.00000029805               4.87438E-60 
 0.00000029806               4.79399E-60 
 0.00000029807               4.69751E-60 
 0.00000029808               4.44802E-60 
 0.00000029809               3.45985E-60 
 0.0000002981                1.38017E-60 
 0.00000029811               1.72814E-61 
 0.00000029812               1.41401E-62 
 0.00000029813               6.35279E-63 
 0.00000029814               3.59844E-62 
 0.00000029815               4.42221E-61 
 0.00000029816               2.0903E-60 
 0.00000029817               3.58492E-60 
 0.00000029818               3.99624E-60 
 0.00000029819               4.0206E-60 
 0.0000002982                3.97849E-60 
 0.00000029821               3.9246E-60 
 0.00000029822               3.8644E-60 
 0.00000029823               3.78935E-60 
 0.00000029824               3.68641E-60 
 0.00000029825               3.56321E-60 
 0.00000029826               3.45982E-60 
 0.00000029827               3.4133E-60 
 0.00000029828               3.41477E-60 
 0.00000029829               3.41882E-60 
 0.0000002983                3.39112E-60 
 0.00000029831               3.33724E-60 
 0.00000029832               3.28248E-60 
 0.00000029833               3.23913E-60 
 0.00000029834               3.2052E-60 
 0.00000029835               3.17324E-60 
 0.00000029836               3.11653E-60 
 0.00000029837               2.97131E-60 
 0.00000029838               2.69564E-60 
 0.00000029839               2.40384E-60 
 0.0000002984                2.2972E-60 
 0.00000029841               2.42143E-60 
 0.00000029842               2.61E-60 
 0.00000029843               2.68388E-60 
 0.00000029844               2.65064E-60 
 0.00000029845               2.60646E-60 
 0.00000029846               2.59159E-60 
 0.00000029847               2.58743E-60 
 0.00000029848               2.55659E-60 
 0.00000029849               2.46679E-60 
 0.0000002985                2.33835E-60 
 0.00000029851               2.26025E-60 
 0.00000029852               2.28998E-60 
 0.00000029853               2.37694E-60 
 0.00000029854               2.43205E-60 
 0.00000029855               2.42597E-60 
 0.00000029856               2.3851E-60 
 0.00000029857               2.34879E-60 
 0.00000029858               2.33011E-60 
 0.00000029859               2.3115E-60 
 0.0000002986                2.28278E-60 
 0.00000029861               2.25333E-60 
 0.00000029862               2.21702E-60 
 0.00000029863               2.17466E-60 
 0.00000029864               2.08307E-60 
 0.00000029865               1.81086E-60 
 0.00000029866               1.3098E-60 
 0.00000029867               8.83908E-61 
 0.00000029868               7.7968E-61 
 0.00000029869               9.60606E-61 
 0.0000002987                1.23313E-60 
 0.00000029871               1.42237E-60 
 0.00000029872               1.55798E-60 
 0.00000029873               1.65007E-60 
 0.00000029874               1.66642E-60 
 0.00000029875               1.63083E-60 
 0.00000029876               1.58528E-60 
 0.00000029877               1.5499E-60 
 0.00000029878               1.53047E-60 
 0.00000029879               1.52935E-60 
 0.0000002988                1.544E-60 
 0.00000029881               1.55913E-60 
 0.00000029882               1.54559E-60 
 0.00000029883               1.46952E-60 
 0.00000029884               1.30845E-60 
 0.00000029885               1.08206E-60 
 0.00000029886               8.471E-61 
 0.00000029887               6.64326E-61 
 0.00000029888               5.52379E-61 
 0.00000029889               5.05807E-61 
 0.0000002989                5.25135E-61 
 0.00000029891               6.2569E-61 
 0.00000029892               8.16793E-61 
 0.00000029893               1.05757E-60 
 0.00000029894               1.25569E-60 
 0.00000029895               1.35601E-60 
 0.00000029896               1.38092E-60 
 0.00000029897               1.37316E-60 
 0.00000029898               1.35594E-60 
 0.00000029899               1.3355E-60 
 0.000000299   1.3118E-60 
 0.00000029901               1.28379E-60 
 0.00000029902               1.25141E-60 
 0.00000029903               1.21747E-60 
 0.00000029904               1.18807E-60 
 0.00000029905               1.16811E-60 
 0.00000029906               1.15832E-60 
 0.00000029907               1.15039E-60 
 0.00000029908               1.13817E-60 
 0.00000029909               1.12895E-60 
 0.0000002991                1.12945E-60 
 0.00000029911               1.12926E-60 
 0.00000029912               1.11798E-60 
 0.00000029913               1.09489E-60 
 0.00000029914               1.0642E-60 
 0.00000029915               1.03753E-60 
 0.00000029916               1.02591E-60 
 0.00000029917               1.0247E-60 
 0.00000029918               1.02046E-60 
 0.00000029919               1.00842E-60 
 0.0000002992                9.93183E-61 
 0.00000029921               9.79564E-61 
 0.00000029922               9.68463E-61 
 0.00000029923               9.57386E-61 
 0.00000029924               9.43973E-61 
 0.00000029925               9.23342E-61 
 0.00000029926               8.80325E-61 
 0.00000029927               7.53115E-61 
 0.00000029928               3.93654E-61 
 0.00000029929               4.23789E-62 
 0.0000002993                2.52142E-64 
 0.00000029931               2.21724E-67 
 0.00000029932               3.21634E-69 
 0.00000029933               3.56999E-68 
 0.00000029934               3.18469E-65 
 0.00000029935               1.26631E-62 
 0.00000029936               2.50169E-61 
 0.00000029937               6.33643E-61 
 0.00000029938               7.58275E-61 
 0.00000029939               7.67016E-61 
 0.0000002994                7.57741E-61 
 0.00000029941               7.47506E-61 
 0.00000029942               7.37296E-61 
 0.00000029943               7.26731E-61 
 0.00000029944               7.15826E-61 
 0.00000029945               7.04569E-61 
 0.00000029946               6.92663E-61 
 0.00000029947               6.79724E-61 
 0.00000029948               6.65763E-61 
 0.00000029949               6.501E-61 
 0.0000002995                5.82873E-61 
 0.00000029951               7.07068E-62 
 0.00000029952               1.36097E-74 
 0.00000029953               1.37702E-177 
 0.00000029954               0 
 0.00000029955               0 
 0.00000029956               0 
 0.00000029957               0 
 0.00000029958               0 
 0.00000029959               0 
 0.0000002996                1.84413E-216 
 0.00000029961               9.02099E-81 
 0.00000029962               1.63894E-62 
 0.00000029963               4.31518E-61 
 0.00000029964               5.04431E-61 
 0.00000029965               5.06824E-61 
 0.00000029966               5.05833E-61 
 0.00000029967               5.05024E-61 
 0.00000029968               5.02689E-61 
 0.00000029969               4.95793E-61 
 0.0000002997                4.81166E-61 
 0.00000029971               4.52168E-61 
 0.00000029972               3.97806E-61 
 0.00000029973               3.17337E-61 
 0.00000029974               2.33726E-61 
 0.00000029975               1.7517E-61 
 0.00000029976               1.52733E-61 
 0.00000029977               1.662E-61 
 0.00000029978               2.13442E-61 
 0.00000029979               2.83169E-61 
 0.0000002998                3.47309E-61 
 0.00000029981               3.78071E-61 
 0.00000029982               3.69146E-61 
 0.00000029983               3.36517E-61 
 0.00000029984               3.06464E-61 
 0.00000029985               2.98499E-61 
 0.00000029986               3.15362E-61 
 0.00000029987               3.44287E-61 
 0.00000029988               3.67499E-61 
 0.00000029989               3.75658E-61 
 0.0000002999                3.69745E-61 
 0.00000029991               3.54911E-61 
 0.00000029992               3.40313E-61 
 0.00000029993               3.35024E-61 
 0.00000029994               3.39476E-61 
 0.00000029995               3.45648E-61 
 0.00000029996               3.47301E-61 
 0.00000029997               3.44598E-61 
 0.00000029998               3.39423E-61 
 0.00000029999               3.29785E-61 
 0.0000003     3.04543E-61 
