 0.000000294   3.45945E-88 
 0.00000029401               3.41568E-88 
 0.00000029402               3.39851E-88 
 0.00000029403               3.39498E-88 
 0.00000029404               3.37985E-88 
 0.00000029405               3.3346E-88 
 0.00000029406               3.23687E-88 
 0.00000029407               3.09303E-88 
 0.00000029408               2.98071E-88 
 0.00000029409               2.96397E-88 
 0.0000002941                2.99522E-88 
 0.00000029411               2.99555E-88 
 0.00000029412               2.95365E-88 
 0.00000029413               2.89298E-88 
 0.00000029414               2.8291E-88 
 0.00000029415               2.76958E-88 
 0.00000029416               2.71581E-88 
 0.00000029417               2.66262E-88 
 0.00000029418               2.60202E-88 
 0.00000029419               2.52312E-88 
 0.0000002942                2.41478E-88 
 0.00000029421               2.27363E-88 
 0.00000029422               2.11152E-88 
 0.00000029423               1.95917E-88 
 0.00000029424               1.86165E-88 
 0.00000029425               1.84745E-88 
 0.00000029426               1.89894E-88 
 0.00000029427               1.96558E-88 
 0.00000029428               2.00839E-88 
 0.00000029429               2.01763E-88 
 0.0000002943                1.99524E-88 
 0.00000029431               1.94172E-88 
 0.00000029432               1.85295E-88 
 0.00000029433               1.72511E-88 
 0.00000029434               1.58421E-88 
 0.00000029435               1.48824E-88 
 0.00000029436               1.44448E-88 
 0.00000029437               1.37526E-88 
 0.00000029438               1.22728E-88 
 0.00000029439               1.05974E-88 
 0.0000002944                9.64735E-89 
 0.00000029441               9.84151E-89 
 0.00000029442               1.10449E-88 
 0.00000029443               1.26506E-88 
 0.00000029444               1.38746E-88 
 0.00000029445               1.39498E-88 
 0.00000029446               1.19001E-88 
 0.00000029447               6.94744E-89 
 0.00000029448               2.37169E-89 
 0.00000029449               8.90206E-90 
 0.0000002945                1.1354E-89 
 0.00000029451               3.72106E-89 
 0.00000029452               9.01887E-89 
 0.00000029453               1.19845E-88 
 0.00000029454               1.23707E-88 
 0.00000029455               1.2177E-88 
 0.00000029456               1.19319E-88 
 0.00000029457               1.16886E-88 
 0.00000029458               1.14498E-88 
 0.00000029459               1.12154E-88 
 0.0000002946                1.09855E-88 
 0.00000029461               1.07599E-88 
 0.00000029462               1.05389E-88 
 0.00000029463               1.03221E-88 
 0.00000029464               1.01092E-88 
 0.00000029465               9.89986E-89 
 0.00000029466               9.6956E-89 
 0.00000029467               9.49942E-89 
 0.00000029468               9.31258E-89 
 0.00000029469               9.1308E-89 
 0.0000002947                8.94492E-89 
 0.00000029471               8.74662E-89 
 0.00000029472               8.53861E-89 
 0.00000029473               8.33136E-89 
 0.00000029474               8.11132E-89 
 0.00000029475               7.83518E-89 
 0.00000029476               7.54459E-89 
 0.00000029477               7.33456E-89 
 0.00000029478               7.11593E-89 
 0.00000029479               6.85127E-89 
 0.0000002948                6.74301E-89 
 0.00000029481               6.76875E-89 
 0.00000029482               6.73422E-89 
 0.00000029483               6.6234E-89 
 0.00000029484               6.48819E-89 
 0.00000029485               6.34149E-89 
 0.00000029486               6.20129E-89 
 0.00000029487               6.09471E-89 
 0.00000029488               6.02229E-89 
 0.00000029489               5.95936E-89 
 0.0000002949                5.88499E-89 
 0.00000029491               5.79181E-89 
 0.00000029492               5.68668E-89 
 0.00000029493               5.56728E-89 
 0.00000029494               5.45231E-89 
 0.00000029495               5.34532E-89 
 0.00000029496               5.24029E-89 
 0.00000029497               5.13504E-89 
 0.00000029498               5.03177E-89 
 0.00000029499               4.92985E-89 
 0.000000295   4.82462E-89 
 0.00000029501               4.70839E-89 
 0.00000029502               4.56494E-89 
 0.00000029503               4.34948E-89 
 0.00000029504               3.98732E-89 
 0.00000029505               3.46104E-89 
 0.00000029506               2.91429E-89 
 0.00000029507               2.56827E-89 
 0.00000029508               2.53378E-89 
 0.00000029509               2.75881E-89 
 0.0000002951                3.07737E-89 
 0.00000029511               3.31314E-89 
 0.00000029512               3.39172E-89 
 0.00000029513               3.35773E-89 
 0.00000029514               3.30451E-89 
 0.00000029515               3.2893E-89 
 0.00000029516               3.30175E-89 
 0.00000029517               3.30371E-89 
 0.00000029518               3.27776E-89 
 0.00000029519               3.23071E-89 
 0.0000002952                3.16872E-89 
 0.00000029521               3.08603E-89 
 0.00000029522               2.9691E-89 
 0.00000029523               2.82478E-89 
 0.00000029524               2.68341E-89 
 0.00000029525               2.57824E-89 
 0.00000029526               2.53042E-89 
 0.00000029527               2.54658E-89 
 0.00000029528               2.59345E-89 
 0.00000029529               2.6136E-89 
 0.0000002953                2.58927E-89 
 0.00000029531               2.53994E-89 
 0.00000029532               2.47846E-89 
 0.00000029533               2.39699E-89 
 0.00000029534               2.27363E-89 
 0.00000029535               2.0942E-89 
 0.00000029536               1.88504E-89 
 0.00000029537               1.71143E-89 
 0.00000029538               1.61073E-89 
 0.00000029539               1.52568E-89 
 0.0000002954                1.38787E-89 
 0.00000029541               1.30119E-89 
 0.00000029542               1.39721E-89 
 0.00000029543               1.60445E-89 
 0.00000029544               1.74249E-89 
 0.00000029545               1.75324E-89 
 0.00000029546               1.70437E-89 
 0.00000029547               1.68318E-89 
 0.00000029548               1.69988E-89 
 0.00000029549               1.70955E-89 
 0.0000002955                1.69726E-89 
 0.00000029551               1.67283E-89 
 0.00000029552               1.64085E-89 
 0.00000029553               1.59783E-89 
 0.00000029554               1.5369E-89 
 0.00000029555               1.45865E-89 
 0.00000029556               1.38095E-89 
 0.00000029557               1.32861E-89 
 0.00000029558               1.31094E-89 
 0.00000029559               1.31521E-89 
 0.0000002956                1.31975E-89 
 0.00000029561               1.31031E-89 
 0.00000029562               1.28688E-89 
 0.00000029563               1.25847E-89 
 0.00000029564               1.23268E-89 
 0.00000029565               1.21163E-89 
 0.00000029566               1.19498E-89 
 0.00000029567               1.18115E-89 
 0.00000029568               1.16672E-89 
 0.00000029569               1.14783E-89 
 0.0000002957                1.11593E-89 
 0.00000029571               1.03353E-89 
 0.00000029572               8.28177E-90 
 0.00000029573               5.40404E-90 
 0.00000029574               3.6234E-90 
 0.00000029575               3.73075E-90 
 0.00000029576               5.55346E-90 
 0.00000029577               7.70466E-90 
 0.00000029578               8.52302E-90 
 0.00000029579               8.46618E-90 
 0.0000002958                8.34479E-90 
 0.00000029581               8.29895E-90 
 0.00000029582               8.18605E-90 
 0.00000029583               8.00432E-90 
 0.00000029584               7.88447E-90 
 0.00000029585               7.87251E-90 
 0.00000029586               7.89512E-90 
 0.00000029587               7.86987E-90 
 0.00000029588               7.77714E-90 
 0.00000029589               7.64143E-90 
 0.0000002959                7.48792E-90 
 0.00000029591               7.32305E-90 
 0.00000029592               7.13048E-90 
 0.00000029593               6.87795E-90 
 0.00000029594               6.55966E-90 
 0.00000029595               6.24872E-90 
 0.00000029596               6.0508E-90 
 0.00000029597               5.97485E-90 
 0.00000029598               5.90867E-90 
 0.00000029599               5.76718E-90 
 0.000000296   5.60044E-90 
 0.00000029601               5.49381E-90 
 0.00000029602               5.44521E-90 
 0.00000029603               5.39492E-90 
 0.00000029604               5.30458E-90 
 0.00000029605               5.16023E-90 
 0.00000029606               4.98256E-90 
 0.00000029607               4.8526E-90 
 0.00000029608               4.82921E-90 
 0.00000029609               4.85044E-90 
 0.0000002961                4.82364E-90 
 0.00000029611               4.74987E-90 
 0.00000029612               4.67325E-90 
 0.00000029613               4.60128E-90 
 0.00000029614               4.52016E-90 
 0.00000029615               4.42796E-90 
 0.00000029616               4.33053E-90 
 0.00000029617               4.23029E-90 
 0.00000029618               4.12766E-90 
 0.00000029619               4.02858E-90 
 0.0000002962                3.94477E-90 
 0.00000029621               3.87597E-90 
 0.00000029622               3.80855E-90 
 0.00000029623               3.73505E-90 
 0.00000029624               3.65672E-90 
 0.00000029625               3.57683E-90 
 0.00000029626               3.49965E-90 
 0.00000029627               3.42743E-90 
 0.00000029628               3.35755E-90 
 0.00000029629               3.28354E-90 
 0.0000002963                3.18338E-90 
 0.00000029631               2.95849E-90 
 0.00000029632               2.40902E-90 
 0.00000029633               1.67222E-90 
 0.00000029634               1.26823E-90 
 0.00000029635               1.30652E-90 
 0.00000029636               1.57209E-90 
 0.00000029637               1.89013E-90 
 0.00000029638               2.21968E-90 
 0.00000029639               2.4668E-90 
 0.0000002964                2.56381E-90 
 0.00000029641               2.55529E-90 
 0.00000029642               2.49473E-90 
 0.00000029643               2.3862E-90 
 0.00000029644               2.2451E-90 
 0.00000029645               2.15726E-90 
 0.00000029646               2.15031E-90 
 0.00000029647               2.09752E-90 
 0.00000029648               1.8828E-90 
 0.00000029649               1.57803E-90 
 0.0000002965                1.37651E-90 
 0.00000029651               1.38872E-90 
 0.00000029652               1.56544E-90 
 0.00000029653               1.74138E-90 
 0.00000029654               1.80298E-90 
 0.00000029655               1.78633E-90 
 0.00000029656               1.75235E-90 
 0.00000029657               1.70737E-90 
 0.00000029658               1.63729E-90 
 0.00000029659               1.53308E-90 
 0.0000002966                1.35175E-90 
 0.00000029661               1.071E-90 
 0.00000029662               8.59721E-91 
 0.00000029663               8.86109E-91 
 0.00000029664               1.10666E-90 
 0.00000029665               1.31129E-90 
 0.00000029666               1.39181E-90 
 0.00000029667               1.38412E-90 
 0.00000029668               1.29086E-90 
 0.00000029669               1.14801E-90 
 0.0000002967                1.07719E-90 
 0.00000029671               1.11546E-90 
 0.00000029672               1.17723E-90 
 0.00000029673               1.21601E-90 
 0.00000029674               1.24318E-90 
 0.00000029675               1.24923E-90 
 0.00000029676               1.23249E-90 
 0.00000029677               1.20805E-90 
 0.00000029678               1.18439E-90 
 0.00000029679               1.16157E-90 
 0.0000002968                1.13838E-90 
 0.00000029681               1.11504E-90 
 0.00000029682               1.09209E-90 
 0.00000029683               1.06926E-90 
 0.00000029684               1.04234E-90 
 0.00000029685               9.94156E-91 
 0.00000029686               9.00015E-91 
 0.00000029687               7.83915E-91 
 0.00000029688               7.29579E-91 
 0.00000029689               7.6917E-91 
 0.0000002969                8.42809E-91 
 0.00000029691               8.82143E-91 
 0.00000029692               8.84301E-91 
 0.00000029693               8.71503E-91 
 0.00000029694               8.54722E-91 
 0.00000029695               8.37074E-91 
 0.00000029696               8.19349E-91 
 0.00000029697               8.01602E-91 
 0.00000029698               7.84009E-91 
 0.00000029699               7.66926E-91 
 0.000000297   7.50435E-91 
 0.00000029701               7.33831E-91 
 0.00000029702               7.13165E-91 
 0.00000029703               6.76193E-91 
 0.00000029704               6.0875E-91 
 0.00000029705               5.28671E-91 
 0.00000029706               4.86996E-91 
 0.00000029707               5.07965E-91 
 0.00000029708               5.6163E-91 
 0.00000029709               5.81211E-91 
 0.0000002971                5.12552E-91 
 0.00000029711               3.54682E-91 
 0.00000029712               2.1976E-91 
 0.00000029713               1.86694E-91 
 0.00000029714               2.54254E-91 
 0.00000029715               3.82306E-91 
 0.00000029716               4.67873E-91 
 0.00000029717               4.83723E-91 
 0.00000029718               4.74695E-91 
 0.00000029719               4.64886E-91 
 0.0000002972                4.58419E-91 
 0.00000029721               4.54099E-91 
 0.00000029722               4.49653E-91 
 0.00000029723               4.4328E-91 
 0.00000029724               4.33116E-91 
 0.00000029725               4.13897E-91 
 0.00000029726               3.7964E-91 
 0.00000029727               3.38001E-91 
 0.00000029728               3.10307E-91 
 0.00000029729               2.9589E-91 
 0.0000002973                2.03675E-91 
 0.00000029731               2.44997E-92 
 0.00000029732               3.18946E-95 
 0.00000029733               1.65542E-100 
 0.00000029734               2.08067E-105 
 0.00000029735               1.4763E-105 
 0.00000029736               8.21074E-101 
 0.00000029737               1.82577E-95 
 0.00000029738               1.8473E-92 
 0.00000029739               1.8179E-91 
 0.0000002974                2.79949E-91 
 0.00000029741               2.85695E-91 
 0.00000029742               2.84473E-91 
 0.00000029743               2.86525E-91 
 0.00000029744               2.85633E-91 
 0.00000029745               2.81235E-91 
 0.00000029746               2.75674E-91 
 0.00000029747               2.7018E-91 
 0.00000029748               2.64045E-91 
 0.00000029749               2.53196E-91 
 0.0000002975                2.36052E-91 
 0.00000029751               2.25242E-91 
 0.00000029752               2.29894E-91 
 0.00000029753               2.37939E-91 
 0.00000029754               2.38792E-91 
 0.00000029755               2.34474E-91 
 0.00000029756               2.28043E-91 
 0.00000029757               2.19734E-91 
 0.00000029758               2.07023E-91 
 0.00000029759               1.87985E-91 
 0.0000002976                1.67144E-91 
 0.00000029761               1.52769E-91 
 0.00000029762               1.4838E-91 
 0.00000029763               1.5006E-91 
 0.00000029764               1.51116E-91 
 0.00000029765               1.49413E-91 
 0.00000029766               1.49109E-91 
 0.00000029767               1.52883E-91 
 0.00000029768               1.57407E-91 
 0.00000029769               1.59793E-91 
 0.0000002977                1.60667E-91 
 0.00000029771               1.59947E-91 
 0.00000029772               1.56844E-91 
 0.00000029773               1.52695E-91 
 0.00000029774               1.49573E-91 
 0.00000029775               1.47926E-91 
 0.00000029776               1.46933E-91 
 0.00000029777               1.45998E-91 
 0.00000029778               1.44551E-91 
 0.00000029779               1.41969E-91 
 0.0000002978                1.37862E-91 
 0.00000029781               1.32162E-91 
 0.00000029782               1.2533E-91 
 0.00000029783               1.18564E-91 
 0.00000029784               1.13405E-91 
 0.00000029785               1.10632E-91 
 0.00000029786               1.09604E-91 
 0.00000029787               1.07875E-91 
 0.00000029788               1.02749E-91 
 0.00000029789               9.64748E-92 
 0.0000002979                9.57215E-92 
 0.00000029791               1.00832E-91 
 0.00000029792               1.04875E-91 
 0.00000029793               1.0449E-91 
 0.00000029794               1.01556E-91 
 0.00000029795               9.80918E-92 
 0.00000029796               9.49845E-92 
 0.00000029797               9.20443E-92 
 0.00000029798               8.88053E-92 
 0.00000029799               8.58905E-92 
 0.000000298   8.44755E-92 
 0.00000029801               8.43651E-92 
 0.00000029802               8.40899E-92 
 0.00000029803               8.28622E-92 
 0.00000029804               8.12301E-92 
 0.00000029805               7.94826E-92 
 0.00000029806               7.714E-92 
 0.00000029807               7.41179E-92 
 0.00000029808               7.1036E-92 
 0.00000029809               6.85248E-92 
 0.0000002981                6.69198E-92 
 0.00000029811               6.61761E-92 
 0.00000029812               6.64005E-92 
 0.00000029813               6.70754E-92 
 0.00000029814               6.72231E-92 
 0.00000029815               6.63233E-92 
 0.00000029816               6.46438E-92 
 0.00000029817               6.27431E-92 
 0.00000029818               6.1075E-92 
 0.00000029819               5.99247E-92 
 0.0000002982                5.92455E-92 
 0.00000029821               5.85863E-92 
 0.00000029822               5.74973E-92 
 0.00000029823               5.57435E-92 
 0.00000029824               5.32719E-92 
 0.00000029825               5.0682E-92 
 0.00000029826               4.85945E-92 
 0.00000029827               4.7873E-92 
 0.00000029828               4.82257E-92 
 0.00000029829               4.87119E-92 
 0.0000002983                4.86668E-92 
 0.00000029831               4.8056E-92 
 0.00000029832               4.70874E-92 
 0.00000029833               4.58505E-92 
 0.00000029834               4.43589E-92 
 0.00000029835               4.28114E-92 
 0.00000029836               4.15889E-92 
 0.00000029837               4.07432E-92 
 0.00000029838               3.96698E-92 
 0.00000029839               3.79597E-92 
 0.0000002984                3.6507E-92 
 0.00000029841               3.63067E-92 
 0.00000029842               3.67656E-92 
 0.00000029843               3.67588E-92 
 0.00000029844               3.61261E-92 
 0.00000029845               3.52141E-92 
 0.00000029846               3.42262E-92 
 0.00000029847               3.32392E-92 
 0.00000029848               3.23318E-92 
 0.00000029849               3.15815E-92 
 0.0000002985                3.10059E-92 
 0.00000029851               3.05533E-92 
 0.00000029852               3.01175E-92 
 0.00000029853               2.95904E-92 
 0.00000029854               2.88839E-92 
 0.00000029855               2.7936E-92 
 0.00000029856               2.68244E-92 
 0.00000029857               2.58119E-92 
 0.00000029858               2.51194E-92 
 0.00000029859               2.47758E-92 
 0.0000002986                2.47328E-92 
 0.00000029861               2.48214E-92 
 0.00000029862               2.47555E-92 
 0.00000029863               2.4432E-92 
 0.00000029864               2.39617E-92 
 0.00000029865               2.34584E-92 
 0.00000029866               2.29562E-92 
 0.00000029867               2.24475E-92 
 0.00000029868               2.19386E-92 
 0.00000029869               2.14547E-92 
 0.0000002987                2.10004E-92 
 0.00000029871               2.04838E-92 
 0.00000029872               1.95844E-92 
 0.00000029873               1.77821E-92 
 0.00000029874               1.51297E-92 
 0.00000029875               1.28713E-92 
 0.00000029876               1.2256E-92 
 0.00000029877               1.33878E-92 
 0.00000029878               1.52419E-92 
 0.00000029879               1.6514E-92 
 0.0000002988                1.68512E-92 
 0.00000029881               1.6678E-92 
 0.00000029882               1.63529E-92 
 0.00000029883               1.60064E-92 
 0.00000029884               1.56626E-92 
 0.00000029885               1.53137E-92 
 0.00000029886               1.4948E-92 
 0.00000029887               1.45349E-92 
 0.00000029888               1.39813E-92 
 0.00000029889               1.31692E-92 
 0.0000002989                1.21535E-92 
 0.00000029891               1.12662E-92 
 0.00000029892               1.08875E-92 
 0.00000029893               1.11049E-92 
 0.00000029894               1.1605E-92 
 0.00000029895               1.19617E-92 
 0.00000029896               1.2021E-92 
 0.00000029897               1.18817E-92 
 0.00000029898               1.16635E-92 
 0.00000029899               1.14226E-92 
 0.000000299   1.11754E-92 
 0.00000029901               1.09224E-92 
 0.00000029902               1.06607E-92 
 0.00000029903               1.03964E-92 
 0.00000029904               1.01468E-92 
 0.00000029905               9.9245E-93 
 0.00000029906               9.72482E-93 
 0.00000029907               9.51526E-93 
 0.00000029908               9.23701E-93 
 0.00000029909               8.85546E-93 
 0.0000002991                8.44311E-93 
 0.00000029911               8.13243E-93 
 0.00000029912               7.94309E-93 
 0.00000029913               7.80195E-93 
 0.00000029914               7.72868E-93 
 0.00000029915               7.76024E-93 
 0.00000029916               7.79917E-93 
 0.00000029917               7.74345E-93 
 0.00000029918               7.59861E-93 
 0.00000029919               7.40685E-93 
 0.0000002992                7.20728E-93 
 0.00000029921               7.01688E-93 
 0.00000029922               6.86417E-93 
 0.00000029923               6.74333E-93 
 0.00000029924               6.63381E-93 
 0.00000029925               6.52113E-93 
 0.00000029926               6.40193E-93 
 0.00000029927               6.27888E-93 
 0.00000029928               6.1543E-93 
 0.00000029929               6.02759E-93 
 0.0000002993                5.89481E-93 
 0.00000029931               5.75083E-93 
 0.00000029932               5.5932E-93 
 0.00000029933               5.42664E-93 
 0.00000029934               5.26455E-93 
 0.00000029935               5.12349E-93 
 0.00000029936               5.01304E-93 
 0.00000029937               4.9302E-93 
 0.00000029938               4.86334E-93 
 0.00000029939               4.79985E-93 
 0.0000002994                4.73033E-93 
 0.00000029941               4.65001E-93 
 0.00000029942               4.56044E-93 
 0.00000029943               4.46839E-93 
 0.00000029944               4.37916E-93 
 0.00000029945               4.2921E-93 
 0.00000029946               4.20376E-93 
 0.00000029947               4.11198E-93 
 0.00000029948               4.01527E-93 
 0.00000029949               3.9039E-93 
 0.0000002995                3.73692E-93 
 0.00000029951               3.39851E-93 
 0.00000029952               2.68352E-93 
 0.00000029953               1.6232E-93 
 0.00000029954               8.0095E-94 
 0.00000029955               4.99968E-94 
 0.00000029956               5.9982E-94 
 0.00000029957               1.13802E-93 
 0.00000029958               2.01589E-93 
 0.00000029959               2.66317E-93 
 0.0000002996                2.90493E-93 
 0.00000029961               2.96174E-93 
 0.00000029962               2.94273E-93 
 0.00000029963               2.79846E-93 
 0.00000029964               2.24148E-93 
 0.00000029965               1.2443E-93 
 0.00000029966               6.24326E-94 
 0.00000029967               6.13411E-94 
 0.00000029968               1.16851E-93 
 0.00000029969               1.99385E-93 
 0.0000002997                2.37654E-93 
 0.00000029971               2.41904E-93 
 0.00000029972               2.38591E-93 
 0.00000029973               2.33321E-93 
 0.00000029974               2.26544E-93 
 0.00000029975               2.18803E-93 
 0.00000029976               2.10955E-93 
 0.00000029977               2.03951E-93 
 0.00000029978               1.98189E-93 
 0.00000029979               1.92442E-93 
 0.0000002998                1.83679E-93 
 0.00000029981               1.7153E-93 
 0.00000029982               1.62654E-93 
 0.00000029983               1.61216E-93 
 0.00000029984               1.5732E-93 
 0.00000029985               1.39071E-93 
 0.00000029986               1.14419E-93 
 0.00000029987               9.97875E-94 
 0.00000029988               1.02006E-93 
 0.00000029989               1.18239E-93 
 0.0000002999                1.37677E-93 
 0.00000029991               1.49337E-93 
 0.00000029992               1.52116E-93 
 0.00000029993               1.50786E-93 
 0.00000029994               1.48297E-93 
 0.00000029995               1.45117E-93 
 0.00000029996               1.41392E-93 
 0.00000029997               1.37898E-93 
 0.00000029998               1.35194E-93 
 0.00000029999               1.32226E-93 
 0.0000003     1.28584E-93 
