 0.000000294   9.22368E-140 
 0.00000029401               6.1206E-140 
 0.00000029402               3.87168E-140 
 0.00000029403               2.67597E-140 
 0.00000029404               2.22314E-140 
 0.00000029405               2.25527E-140 
 0.00000029406               2.8424E-140 
 0.00000029407               4.35971E-140 
 0.00000029408               6.81267E-140 
 0.00000029409               9.01353E-140 
 0.0000002941                9.98749E-140 
 0.00000029411               1.00814E-139 
 0.00000029412               9.85074E-140 
 0.00000029413               9.53877E-140 
 0.00000029414               9.22054E-140 
 0.00000029415               8.91603E-140 
 0.00000029416               8.61964E-140 
 0.00000029417               8.31017E-140 
 0.00000029418               7.96602E-140 
 0.00000029419               7.58899E-140 
 0.0000002942                7.21411E-140 
 0.00000029421               6.89088E-140 
 0.00000029422               6.6527E-140 
 0.00000029423               6.49782E-140 
 0.00000029424               6.38199E-140 
 0.00000029425               6.23859E-140 
 0.00000029426               6.01653E-140 
 0.00000029427               5.71767E-140 
 0.00000029428               5.39761E-140 
 0.00000029429               5.12519E-140 
 0.0000002943                4.94094E-140 
 0.00000029431               4.84223E-140 
 0.00000029432               4.78824E-140 
 0.00000029433               4.74363E-140 
 0.00000029434               4.64882E-140 
 0.00000029435               4.52286E-140 
 0.00000029436               4.38133E-140 
 0.00000029437               4.23677E-140 
 0.00000029438               4.09505E-140 
 0.00000029439               3.95744E-140 
 0.0000002944                3.82127E-140 
 0.00000029441               3.67695E-140 
 0.00000029442               3.5079E-140 
 0.00000029443               3.31602E-140 
 0.00000029444               3.15209E-140 
 0.00000029445               3.06965E-140 
 0.00000029446               3.04921E-140 
 0.00000029447               3.02554E-140 
 0.00000029448               2.96592E-140 
 0.00000029449               2.87974E-140 
 0.0000002945                2.7861E-140 
 0.00000029451               2.69766E-140 
 0.00000029452               2.61875E-140 
 0.00000029453               2.54558E-140 
 0.00000029454               2.47135E-140 
 0.00000029455               2.38476E-140 
 0.00000029456               2.26122E-140 
 0.00000029457               2.05628E-140 
 0.00000029458               1.74727E-140 
 0.00000029459               1.4078E-140 
 0.0000002946                1.17112E-140 
 0.00000029461               1.11289E-140 
 0.00000029462               1.22552E-140 
 0.00000029463               1.43203E-140 
 0.00000029464               1.61071E-140 
 0.00000029465               1.68819E-140 
 0.00000029466               1.67928E-140 
 0.00000029467               1.62125E-140 
 0.00000029468               1.53649E-140 
 0.00000029469               1.45306E-140 
 0.0000002947                1.40117E-140 
 0.00000029471               1.37844E-140 
 0.00000029472               1.35823E-140 
 0.00000029473               1.32457E-140 
 0.00000029474               1.27645E-140 
 0.00000029475               1.21915E-140 
 0.00000029476               1.16281E-140 
 0.00000029477               1.11839E-140 
 0.00000029478               1.0899E-140 
 0.00000029479               1.07092E-140 
 0.0000002948                1.05068E-140 
 0.00000029481               1.02283E-140 
 0.00000029482               9.91845E-141 
 0.00000029483               9.6417E-141 
 0.00000029484               9.378E-141 
 0.00000029485               9.09534E-141 
 0.00000029486               8.79599E-141 
 0.00000029487               8.48385E-141 
 0.00000029488               8.1696E-141 
 0.00000029489               7.85262E-141 
 0.0000002949                7.49923E-141 
 0.00000029491               7.1287E-141 
 0.00000029492               6.82648E-141 
 0.00000029493               6.63563E-141 
 0.00000029494               6.52433E-141 
 0.00000029495               6.43413E-141 
 0.00000029496               6.31346E-141 
 0.00000029497               6.14342E-141 
 0.00000029498               5.9409E-141 
 0.00000029499               5.73527E-141 
 0.000000295   5.54463E-141 
 0.00000029501               5.3656E-141 
 0.00000029502               5.19156E-141 
 0.00000029503               5.01627E-141 
 0.00000029504               4.80751E-141 
 0.00000029505               4.4722E-141 
 0.00000029506               3.97137E-141 
 0.00000029507               3.55085E-141 
 0.00000029508               3.48152E-141 
 0.00000029509               3.65018E-141 
 0.0000002951                3.75758E-141 
 0.00000029511               3.73953E-141 
 0.00000029512               3.67937E-141 
 0.00000029513               3.60773E-141 
 0.00000029514               3.51854E-141 
 0.00000029515               3.41292E-141 
 0.00000029516               3.2975E-141 
 0.00000029517               3.17904E-141 
 0.00000029518               3.06573E-141 
 0.00000029519               2.96347E-141 
 0.0000002952                2.87121E-141 
 0.00000029521               2.78286E-141 
 0.00000029522               2.69107E-141 
 0.00000029523               2.59446E-141 
 0.00000029524               2.50139E-141 
 0.00000029525               2.42093E-141 
 0.00000029526               2.35195E-141 
 0.00000029527               2.28683E-141 
 0.00000029528               2.22017E-141 
 0.00000029529               2.1504E-141 
 0.0000002953                2.07731E-141 
 0.00000029531               1.99975E-141 
 0.00000029532               1.91701E-141 
 0.00000029533               1.83301E-141 
 0.00000029534               1.75651E-141 
 0.00000029535               1.69439E-141 
 0.00000029536               1.64532E-141 
 0.00000029537               1.60249E-141 
 0.00000029538               1.56092E-141 
 0.00000029539               1.5203E-141 
 0.0000002954                1.48089E-141 
 0.00000029541               1.44111E-141 
 0.00000029542               1.39954E-141 
 0.00000029543               1.35621E-141 
 0.00000029544               1.3118E-141 
 0.00000029545               1.26714E-141 
 0.00000029546               1.22233E-141 
 0.00000029547               1.17519E-141 
 0.00000029548               1.12058E-141 
 0.00000029549               1.05114E-141 
 0.0000002955                9.59975E-142 
 0.00000029551               8.46175E-142 
 0.00000029552               7.199E-142 
 0.00000029553               5.99763E-142 
 0.00000029554               5.03387E-142 
 0.00000029555               4.40588E-142 
 0.00000029556               4.13453E-142 
 0.00000029557               4.19356E-142 
 0.00000029558               4.52738E-142 
 0.00000029559               5.05139E-142 
 0.0000002956                5.64873E-142 
 0.00000029561               6.17126E-142 
 0.00000029562               6.4804E-142 
 0.00000029563               6.53864E-142 
 0.00000029564               6.43871E-142 
 0.00000029565               6.30794E-142 
 0.00000029566               6.19722E-142 
 0.00000029567               6.08041E-142 
 0.00000029568               5.93012E-142 
 0.00000029569               5.74962E-142 
 0.0000002957                5.54491E-142 
 0.00000029571               5.32002E-142 
 0.00000029572               5.08203E-142 
 0.00000029573               4.84919E-142 
 0.00000029574               4.6548E-142 
 0.00000029575               4.51801E-142 
 0.00000029576               4.4063E-142 
 0.00000029577               4.25866E-142 
 0.00000029578               4.01208E-142 
 0.00000029579               3.57273E-142 
 0.0000002958                2.88481E-142 
 0.00000029581               2.14355E-142 
 0.00000029582               1.68199E-142 
 0.00000029583               1.64235E-142 
 0.00000029584               1.98776E-142 
 0.00000029585               2.5183E-142 
 0.00000029586               2.90991E-142 
 0.00000029587               3.03178E-142 
 0.00000029588               2.98419E-142 
 0.00000029589               2.86711E-142 
 0.0000002959                2.71979E-142 
 0.00000029591               2.57324E-142 
 0.00000029592               2.45244E-142 
 0.00000029593               2.34647E-142 
 0.00000029594               2.23519E-142 
 0.00000029595               2.12861E-142 
 0.00000029596               2.05211E-142 
 0.00000029597               2.01572E-142 
 0.00000029598               2.00841E-142 
 0.00000029599               2.00759E-142 
 0.000000296   1.99428E-142 
 0.00000029601               1.96278E-142 
 0.00000029602               1.91722E-142 
 0.00000029603               1.86344E-142 
 0.00000029604               1.80553E-142 
 0.00000029605               1.74604E-142 
 0.00000029606               1.68753E-142 
 0.00000029607               1.63198E-142 
 0.00000029608               1.57903E-142 
 0.00000029609               1.5277E-142 
 0.0000002961                1.47647E-142 
 0.00000029611               1.4196E-142 
 0.00000029612               1.35043E-142 
 0.00000029613               1.27477E-142 
 0.00000029614               1.21388E-142 
 0.00000029615               1.18274E-142 
 0.00000029616               1.17242E-142 
 0.00000029617               1.16109E-142 
 0.00000029618               1.13752E-142 
 0.00000029619               1.10506E-142 
 0.0000002962                1.06982E-142 
 0.00000029621               1.03422E-142 
 0.00000029622               9.97244E-143 
 0.00000029623               9.54759E-143 
 0.00000029624               9.01939E-143 
 0.00000029625               8.40738E-143 
 0.00000029626               7.84078E-143 
 0.00000029627               7.45601E-143 
 0.00000029628               7.24499E-143 
 0.00000029629               7.01309E-143 
 0.0000002963                6.44737E-143 
 0.00000029631               5.26398E-143 
 0.00000029632               3.48455E-143 
 0.00000029633               1.68097E-143 
 0.00000029634               5.49549E-144 
 0.00000029635               1.28003E-144 
 0.00000029636               2.70768E-145 
 0.00000029637               7.76528E-146 
 0.00000029638               4.47468E-146 
 0.00000029639               6.21387E-146 
 0.0000002964                1.825E-145 
 0.00000029641               7.86769E-145 
 0.00000029642               3.31572E-144 
 0.00000029643               1.03448E-143 
 0.00000029644               2.1828E-143 
 0.00000029645               3.28391E-143 
 0.00000029646               3.93705E-143 
 0.00000029647               4.16138E-143 
 0.00000029648               4.11119E-143 
 0.00000029649               3.84208E-143 
 0.0000002965                3.39396E-143 
 0.00000029651               2.99387E-143 
 0.00000029652               2.89494E-143 
 0.00000029653               3.07044E-143 
 0.00000029654               3.25976E-143 
 0.00000029655               3.29713E-143 
 0.00000029656               3.22896E-143 
 0.00000029657               3.12992E-143 
 0.00000029658               3.02474E-143 
 0.00000029659               2.91703E-143 
 0.0000002966                2.80752E-143 
 0.00000029661               2.6944E-143 
 0.00000029662               2.5773E-143 
 0.00000029663               2.4632E-143 
 0.00000029664               2.35816E-143 
 0.00000029665               2.26072E-143 
 0.00000029666               2.17283E-143 
 0.00000029667               2.10493E-143 
 0.00000029668               2.06156E-143 
 0.00000029669               2.02856E-143 
 0.0000002967                1.98914E-143 
 0.00000029671               1.93673E-143 
 0.00000029672               1.87712E-143 
 0.00000029673               1.81862E-143 
 0.00000029674               1.76297E-143 
 0.00000029675               1.70578E-143 
 0.00000029676               1.64273E-143 
 0.00000029677               1.57469E-143 
 0.00000029678               1.50804E-143 
 0.00000029679               1.44823E-143 
 0.0000002968                1.38905E-143 
 0.00000029681               1.31629E-143 
 0.00000029682               1.2383E-143 
 0.00000029683               1.19101E-143 
 0.00000029684               1.18658E-143 
 0.00000029685               1.19136E-143 
 0.00000029686               1.17212E-143 
 0.00000029687               1.13185E-143 
 0.00000029688               1.09043E-143 
 0.00000029689               1.05615E-143 
 0.0000002969                1.02067E-143 
 0.00000029691               9.79468E-144 
 0.00000029692               9.40951E-144 
 0.00000029693               9.13958E-144 
 0.00000029694               8.94546E-144 
 0.00000029695               8.72914E-144 
 0.00000029696               8.45615E-144 
 0.00000029697               8.17254E-144 
 0.00000029698               7.92007E-144 
 0.00000029699               7.68981E-144 
 0.000000297   7.43175E-144 
 0.00000029701               6.91347E-144 
 0.00000029702               5.25102E-144 
 0.00000029703               2.15133E-144 
 0.00000029704               3.74303E-145 
 0.00000029705               7.24334E-146 
 0.00000029706               7.74356E-146 
 0.00000029707               4.09187E-145 
 0.00000029708               2.06603E-144 
 0.00000029709               4.36155E-144 
 0.0000002971                5.19895E-144 
 0.00000029711               5.19844E-144 
 0.00000029712               5.0436E-144 
 0.00000029713               4.87586E-144 
 0.00000029714               4.70593E-144 
 0.00000029715               4.54022E-144 
 0.00000029716               4.39118E-144 
 0.00000029717               4.25224E-144 
 0.00000029718               4.11428E-144 
 0.00000029719               3.97971E-144 
 0.0000002972                3.85281E-144 
 0.00000029721               3.73173E-144 
 0.00000029722               3.61233E-144 
 0.00000029723               3.48918E-144 
 0.00000029724               3.35745E-144 
 0.00000029725               3.21531E-144 
 0.00000029726               3.06567E-144 
 0.00000029727               2.92012E-144 
 0.00000029728               2.79754E-144 
 0.00000029729               2.70937E-144 
 0.0000002973                2.64791E-144 
 0.00000029731               2.59527E-144 
 0.00000029732               2.53912E-144 
 0.00000029733               2.47089E-144 
 0.00000029734               2.33084E-144 
 0.00000029735               1.72345E-144 
 0.00000029736               3.26065E-145 
 0.00000029737               4.8451E-148 
 0.00000029738               3.2742E-155 
 0.00000029739               3.60682E-166 
 0.0000002974                3.32416E-174 
 0.00000029741               3.67198E-172 
 0.00000029742               5.24412E-162 
 0.00000029743               4.98143E-152 
 0.00000029744               1.06189E-146 
 0.00000029745               6.07635E-145 
 0.00000029746               1.4132E-144 
 0.00000029747               1.54685E-144 
 0.00000029748               1.50454E-144 
 0.00000029749               1.43172E-144 
 0.0000002975                1.35451E-144 
 0.00000029751               1.30292E-144 
 0.00000029752               1.28231E-144 
 0.00000029753               1.26465E-144 
 0.00000029754               1.23241E-144 
 0.00000029755               1.18915E-144 
 0.00000029756               1.13971E-144 
 0.00000029757               1.08656E-144 
 0.00000029758               1.0342E-144 
 0.00000029759               9.88061E-145 
 0.0000002976                9.53237E-145 
 0.00000029761               9.28507E-145 
 0.00000029762               9.02302E-145 
 0.00000029763               8.65481E-145 
 0.00000029764               8.18975E-145 
 0.00000029765               7.6655E-145 
 0.00000029766               7.09268E-145 
 0.00000029767               6.54706E-145 
 0.00000029768               6.22613E-145 
 0.00000029769               6.22357E-145 
 0.0000002977                6.36883E-145 
 0.00000029771               6.42357E-145 
 0.00000029772               6.30493E-145 
 0.00000029773               6.05269E-145 
 0.00000029774               5.74275E-145 
 0.00000029775               5.45476E-145 
 0.00000029776               5.23771E-145 
 0.00000029777               5.08549E-145 
 0.00000029778               4.94093E-145 
 0.00000029779               4.74327E-145 
 0.0000002978                4.55343E-145 
 0.00000029781               4.4601E-145 
 0.00000029782               4.3948E-145 
 0.00000029783               4.32506E-145 
 0.00000029784               4.26719E-145 
 0.00000029785               4.21265E-145 
 0.00000029786               4.14584E-145 
 0.00000029787               4.05815E-145 
 0.00000029788               3.94725E-145 
 0.00000029789               3.81025E-145 
 0.0000002979                3.64103E-145 
 0.00000029791               3.44702E-145 
 0.00000029792               3.27313E-145 
 0.00000029793               3.16736E-145 
 0.00000029794               3.11985E-145 
 0.00000029795               3.07222E-145 
 0.00000029796               2.98298E-145 
 0.00000029797               2.85314E-145 
 0.00000029798               2.71039E-145 
 0.00000029799               2.59117E-145 
 0.000000298   2.51208E-145 
 0.00000029801               2.45815E-145 
 0.00000029802               2.4089E-145 
 0.00000029803               2.35639E-145 
 0.00000029804               2.29838E-145 
 0.00000029805               2.23396E-145 
 0.00000029806               2.16467E-145 
 0.00000029807               2.09381E-145 
 0.00000029808               2.02469E-145 
 0.00000029809               1.95908E-145 
 0.0000002981                1.8967E-145 
 0.00000029811               1.83572E-145 
 0.00000029812               1.77341E-145 
 0.00000029813               1.7079E-145 
 0.00000029814               1.64122E-145 
 0.00000029815               1.57784E-145 
 0.00000029816               1.51984E-145 
 0.00000029817               1.46815E-145 
 0.00000029818               1.42397E-145 
 0.00000029819               1.38584E-145 
 0.0000002982                1.34962E-145 
 0.00000029821               1.3113E-145 
 0.00000029822               1.26835E-145 
 0.00000029823               1.22063E-145 
 0.00000029824               1.17171E-145 
 0.00000029825               1.12724E-145 
 0.00000029826               1.08437E-145 
 0.00000029827               9.9425E-146 
 0.00000029828               7.20747E-146 
 0.00000029829               3.01836E-146 
 0.0000002983                8.12153E-147 
 0.00000029831               3.89913E-147 
 0.00000029832               7.12893E-147 
 0.00000029833               2.42439E-146 
 0.00000029834               5.51683E-146 
 0.00000029835               7.3384E-146 
 0.00000029836               7.67686E-146 
 0.00000029837               7.52936E-146 
 0.00000029838               7.27292E-146 
 0.00000029839               7.03407E-146 
 0.0000002984                6.84887E-146 
 0.00000029841               6.68375E-146 
 0.00000029842               6.49994E-146 
 0.00000029843               6.29431E-146 
 0.00000029844               6.08043E-146 
 0.00000029845               5.86732E-146 
 0.00000029846               5.65849E-146 
 0.00000029847               5.45419E-146 
 0.00000029848               5.25313E-146 
 0.00000029849               5.05059E-146 
 0.0000002985                4.8251E-146 
 0.00000029851               4.54827E-146 
 0.00000029852               4.26176E-146 
 0.00000029853               4.08095E-146 
 0.00000029854               4.03272E-146 
 0.00000029855               4.00665E-146 
 0.00000029856               3.92111E-146 
 0.00000029857               3.80029E-146 
 0.00000029858               3.66511E-146 
 0.00000029859               3.44603E-146 
 0.0000002986                3.04609E-146 
 0.00000029861               2.54823E-146 
 0.00000029862               2.2053E-146 
 0.00000029863               2.12634E-146 
 0.00000029864               2.16125E-146 
 0.00000029865               2.08997E-146 
 0.00000029866               1.94493E-146 
 0.00000029867               1.90023E-146 
 0.00000029868               2.01183E-146 
 0.00000029869               2.1815E-146 
 0.0000002987                2.25647E-146 
 0.00000029871               2.18206E-146 
 0.00000029872               2.05726E-146 
 0.00000029873               2.00374E-146 
 0.00000029874               2.03234E-146 
 0.00000029875               2.06694E-146 
 0.00000029876               2.05407E-146 
 0.00000029877               2.00164E-146 
 0.00000029878               1.93457E-146 
 0.00000029879               1.8669E-146 
 0.0000002988                1.80319E-146 
 0.00000029881               1.74289E-146 
 0.00000029882               1.68349E-146 
 0.00000029883               1.62206E-146 
 0.00000029884               1.55702E-146 
 0.00000029885               1.48984E-146 
 0.00000029886               1.42524E-146 
 0.00000029887               1.36823E-146 
 0.00000029888               1.32063E-146 
 0.00000029889               1.27786E-146 
 0.0000002989                1.21828E-146 
 0.00000029891               1.09403E-146 
 0.00000029892               9.07643E-147 
 0.00000029893               7.86655E-147 
 0.00000029894               8.18185E-147 
 0.00000029895               9.30812E-147 
 0.00000029896               9.90417E-147 
 0.00000029897               9.75735E-147 
 0.00000029898               9.35305E-147 
 0.00000029899               8.94818E-147 
 0.000000299   8.60869E-147 
 0.00000029901               8.35031E-147 
 0.00000029902               8.15987E-147 
 0.00000029903               7.99256E-147 
 0.00000029904               7.79539E-147 
 0.00000029905               7.54223E-147 
 0.00000029906               7.23044E-147 
 0.00000029907               6.83293E-147 
 0.00000029908               6.30943E-147 
 0.00000029909               5.71161E-147 
 0.0000002991                5.21064E-147 
 0.00000029911               4.96704E-147 
 0.00000029912               5.00399E-147 
 0.00000029913               5.17993E-147 
 0.00000029914               5.31978E-147 
 0.00000029915               5.34225E-147 
 0.00000029916               5.27382E-147 
 0.00000029917               5.15537E-147 
 0.00000029918               5.00163E-147 
 0.00000029919               4.80948E-147 
 0.0000002992                4.55916E-147 
 0.00000029921               4.24335E-147 
 0.00000029922               3.92106E-147 
 0.00000029923               3.69464E-147 
 0.00000029924               3.61299E-147 
 0.00000029925               3.6242E-147 
 0.00000029926               3.6236E-147 
 0.00000029927               3.55539E-147 
 0.00000029928               3.45622E-147 
 0.00000029929               3.37641E-147 
 0.0000002993                3.30647E-147 
 0.00000029931               3.20744E-147 
 0.00000029932               3.06576E-147 
 0.00000029933               2.90679E-147 
 0.00000029934               2.77542E-147 
 0.00000029935               2.69402E-147 
 0.00000029936               2.64413E-147 
 0.00000029937               2.5939E-147 
 0.00000029938               2.5244E-147 
 0.00000029939               2.40771E-147 
 0.0000002994                2.19998E-147 
 0.00000029941               1.97473E-147 
 0.00000029942               1.8984E-147 
 0.00000029943               1.94114E-147 
 0.00000029944               1.93572E-147 
 0.00000029945               1.85893E-147 
 0.00000029946               1.77207E-147 
 0.00000029947               1.70017E-147 
 0.00000029948               1.65053E-147 
 0.00000029949               1.62463E-147 
 0.0000002995                1.60956E-147 
 0.00000029951               1.5891E-147 
 0.00000029952               1.55398E-147 
 0.00000029953               1.50879E-147 
 0.00000029954               1.4628E-147 
 0.00000029955               1.41773E-147 
 0.00000029956               1.37132E-147 
 0.00000029957               1.32526E-147 
 0.00000029958               1.28304E-147 
 0.00000029959               1.24557E-147 
 0.0000002996                1.21015E-147 
 0.00000029961               1.17424E-147 
 0.00000029962               1.13653E-147 
 0.00000029963               1.09759E-147 
 0.00000029964               1.05918E-147 
 0.00000029965               1.02299E-147 
 0.00000029966               9.89335E-148 
 0.00000029967               9.56317E-148 
 0.00000029968               9.21235E-148 
 0.00000029969               8.85911E-148 
 0.0000002997                8.55649E-148 
 0.00000029971               8.24553E-148 
 0.00000029972               7.69209E-148 
 0.00000029973               6.80342E-148 
 0.00000029974               6.14565E-148 
 0.00000029975               6.11892E-148 
 0.00000029976               6.3198E-148 
 0.00000029977               6.41109E-148 
 0.00000029978               6.38456E-148 
 0.00000029979               6.26673E-148 
 0.0000002998                6.09807E-148 
 0.00000029981               5.91027E-148 
 0.00000029982               5.701E-148 
 0.00000029983               5.48366E-148 
 0.00000029984               5.31654E-148 
 0.00000029985               5.19102E-148 
 0.00000029986               5.04759E-148 
 0.00000029987               4.88296E-148 
 0.00000029988               4.71681E-148 
 0.00000029989               4.5574E-148 
 0.0000002999                4.40568E-148 
 0.00000029991               4.2653E-148 
 0.00000029992               4.12463E-148 
 0.00000029993               3.99252E-148 
 0.00000029994               3.86014E-148 
 0.00000029995               3.72594E-148 
 0.00000029996               3.58874E-148 
 0.00000029997               3.45779E-148 
 0.00000029998               3.34173E-148 
 0.00000029999               3.22143E-148 
 0.0000003     3.04485E-148 
