 0.000000294   0.0457971 
 0.00000029401               0.0203656 
 0.00000029402               0.0203646 
 0.00000029403               0.0433732 
 0.00000029404               0.0962128 
 0.00000029405               0.152129 
 0.00000029406               0.185912 
 0.00000029407               0.201649 
 0.00000029408               0.207017 
 0.00000029409               0.206547 
 0.0000002941                0.202701 
 0.00000029411               0.195778 
 0.00000029412               0.185463 
 0.00000029413               0.175147 
 0.00000029414               0.170473 
 0.00000029415               0.171368 
 0.00000029416               0.172388 
 0.00000029417               0.176782 
 0.00000029418               0.19048 
 0.00000029419               0.204318 
 0.0000002942                0.209872 
 0.00000029421               0.21084 
 0.00000029422               0.211253 
 0.00000029423               0.211748 
 0.00000029424               0.212047 
 0.00000029425               0.212103 
 0.00000029426               0.212008 
 0.00000029427               0.211747 
 0.00000029428               0.211099 
 0.00000029429               0.209638 
 0.0000002943                0.207301 
 0.00000029431               0.204369 
 0.00000029432               0.201254 
 0.00000029433               0.199606 
 0.00000029434               0.200578 
 0.00000029435               0.202762 
 0.00000029436               0.204378 
 0.00000029437               0.205385 
 0.00000029438               0.206609 
 0.00000029439               0.208214 
 0.0000002944                0.209743 
 0.00000029441               0.21077 
 0.00000029442               0.211236 
 0.00000029443               0.211332 
 0.00000029444               0.211267 
 0.00000029445               0.210988 
 0.00000029446               0.209551 
 0.00000029447               0.205265 
 0.00000029448               0.200004 
 0.00000029449               0.197331 
 0.0000002945                0.193548 
 0.00000029451               0.186512 
 0.00000029452               0.18171 
 0.00000029453               0.183389 
 0.00000029454               0.190327 
 0.00000029455               0.198201 
 0.00000029456               0.203628 
 0.00000029457               0.205799 
 0.00000029458               0.205622 
 0.00000029459               0.204748 
 0.0000002946                0.20451 
 0.00000029461               0.204975 
 0.00000029462               0.205737 
 0.00000029463               0.207091 
 0.00000029464               0.208753 
 0.00000029465               0.209916 
 0.00000029466               0.210494 
 0.00000029467               0.210662 
 0.00000029468               0.210475 
 0.00000029469               0.20998 
 0.0000002947                0.209463 
 0.00000029471               0.209334 
 0.00000029472               0.209582 
 0.00000029473               0.209759 
 0.00000029474               0.209225 
 0.00000029475               0.205343 
 0.00000029476               0.191415 
 0.00000029477               0.16822 
 0.00000029478               0.155885 
 0.00000029479               0.167911 
 0.0000002948                0.190605 
 0.00000029481               0.202362 
 0.00000029482               0.200734 
 0.00000029483               0.194425 
 0.00000029484               0.191879 
 0.00000029485               0.196182 
 0.00000029486               0.2032 
 0.00000029487               0.207776 
 0.00000029488               0.209011 
 0.00000029489               0.208133 
 0.0000002949                0.205887 
 0.00000029491               0.202781 
 0.00000029492               0.199604 
 0.00000029493               0.197281 
 0.00000029494               0.196513 
 0.00000029495               0.197102 
 0.00000029496               0.197609 
 0.00000029497               0.196742 
 0.00000029498               0.195035 
 0.00000029499               0.191953 
 0.000000295   0.183989 
 0.00000029501               0.172822 
 0.00000029502               0.167041 
 0.00000029503               0.169338 
 0.00000029504               0.174009 
 0.00000029505               0.177381 
 0.00000029506               0.181176 
 0.00000029507               0.187577 
 0.00000029508               0.195652 
 0.00000029509               0.202394 
 0.0000002951                0.206289 
 0.00000029511               0.208035 
 0.00000029512               0.208704 
 0.00000029513               0.208888 
 0.00000029514               0.210953 
 0.00000029515               0.210456 
 0.00000029516               0.208345 
 0.00000029517               0.202879 
 0.00000029518               0.198255 
 0.00000029519               0.200885 
 0.0000002952                0.206143 
 0.00000029521               0.207694 
 0.00000029522               0.206017 
 0.00000029523               0.202431 
 0.00000029524               0.197137 
 0.00000029525               0.192373 
 0.00000029526               0.19256 
 0.00000029527               0.197529 
 0.00000029528               0.202846 
 0.00000029529               0.206322 
 0.0000002953                0.208266 
 0.00000029531               0.208887 
 0.00000029532               0.207788 
 0.00000029533               0.20451 
 0.00000029534               0.198748 
 0.00000029535               0.189999 
 0.00000029536               0.17833 
 0.00000029537               0.165601 
 0.00000029538               0.155337 
 0.00000029539               0.151399 
 0.0000002954                0.156097 
 0.00000029541               0.168634 
 0.00000029542               0.184576 
 0.00000029543               0.197543 
 0.00000029544               0.204007 
 0.00000029545               0.205277 
 0.00000029546               0.204185 
 0.00000029547               0.202627 
 0.00000029548               0.201489 
 0.00000029549               0.200828 
 0.0000002955                0.201053 
 0.00000029551               0.203324 
 0.00000029552               0.205863 
 0.00000029553               0.205755 
 0.00000029554               0.201683 
 0.00000029555               0.198674 
 0.00000029556               0.202376 
 0.00000029557               0.207179 
 0.00000029558               0.208063 
 0.00000029559               0.206413 
 0.0000002956                0.20387 
 0.00000029561               0.201617 
 0.00000029562               0.200777 
 0.00000029563               0.201773 
 0.00000029564               0.203972 
 0.00000029565               0.206002 
 0.00000029566               0.206403 
 0.00000029567               0.204519 
 0.00000029568               0.201537 
 0.00000029569               0.199846 
 0.0000002957                0.20022 
 0.00000029571               0.201234 
 0.00000029572               0.201959 
 0.00000029573               0.202892 
 0.00000029574               0.204351 
 0.00000029575               0.205915 
 0.00000029576               0.207163 
 0.00000029577               0.208016 
 0.00000029578               0.208462 
 0.00000029579               0.208177 
 0.0000002958                0.206412 
 0.00000029581               0.202755 
 0.00000029582               0.198175 
 0.00000029583               0.193661 
 0.00000029584               0.186264 
 0.00000029585               0.166798 
 0.00000029586               0.12916 
 0.00000029587               0.0862387 
 0.00000029588               0.0570614 
 0.00000029589               0.0467343 
 0.0000002959                0.0537097 
 0.00000029591               0.0793582 
 0.00000029592               0.119164 
 0.00000029593               0.154793 
 0.00000029594               0.169569 
 0.00000029595               0.168643 
 0.00000029596               0.167019 
 0.00000029597               0.172905 
 0.00000029598               0.184926 
 0.00000029599               0.196865 
 0.000000296   0.204311 
 0.00000029601               0.20732 
 0.00000029602               0.207879 
 0.00000029603               0.207443 
 0.00000029604               0.206751 
 0.00000029605               0.206303 
 0.00000029606               0.206412 
 0.00000029607               0.206989 
 0.00000029608               0.207559 
 0.00000029609               0.207357 
 0.0000002961                0.205005 
 0.00000029611               0.198506 
 0.00000029612               0.188256 
 0.00000029613               0.179132 
 0.00000029614               0.174746 
 0.00000029615               0.171016 
 0.00000029616               0.165326 
 0.00000029617               0.165551 
 0.00000029618               0.173045 
 0.00000029619               0.180251 
 0.0000002962                0.185474 
 0.00000029621               0.191727 
 0.00000029622               0.198035 
 0.00000029623               0.201907 
 0.00000029624               0.203885 
 0.00000029625               0.2053 
 0.00000029626               0.206419 
 0.00000029627               0.207045 
 0.00000029628               0.207507 
 0.00000029629               0.208037 
 0.0000002963                0.208453 
 0.00000029631               0.208499 
 0.00000029632               0.207846 
 0.00000029633               0.205617 
 0.00000029634               0.199872 
 0.00000029635               0.188592 
 0.00000029636               0.173707 
 0.00000029637               0.162795 
 0.00000029638               0.162833 
 0.00000029639               0.173599 
 0.0000002964                0.188049 
 0.00000029641               0.198983 
 0.00000029642               0.204599 
 0.00000029643               0.206775 
 0.00000029644               0.207309 
 0.00000029645               0.206553 
 0.00000029646               0.203128 
 0.00000029647               0.194029 
 0.00000029648               0.177255 
 0.00000029649               0.156281 
 0.0000002965                0.139978 
 0.00000029651               0.135332 
 0.00000029652               0.143274 
 0.00000029653               0.159831 
 0.00000029654               0.178959 
 0.00000029655               0.19434 
 0.00000029656               0.202497 
 0.00000029657               0.204622 
 0.00000029658               0.203338 
 0.00000029659               0.200083 
 0.0000002966                0.192784 
 0.00000029661               0.168036 
 0.00000029662               0.0894993 
 0.00000029663               0.00688851 
 0.00000029664               0.0000023339 
 0.00000029665               3.18564E-14 
 0.00000029666               1.14005E-26 
 0.00000029667               3.48851E-39 
 0.00000029668               3.17644E-44 
 0.00000029669               3.49128E-38 
 0.0000002967                2.40919E-25 
 0.00000029671               3.23814E-13 
 0.00000029672               0.00000798168 
 0.00000029673               0.0115963 
 0.00000029674               0.111036 
 0.00000029675               0.185936 
 0.00000029676               0.202603 
 0.00000029677               0.204471 
 0.00000029678               0.204653 
 0.00000029679               0.205268 
 0.0000002968                0.206181 
 0.00000029681               0.206782 
 0.00000029682               0.206792 
 0.00000029683               0.206269 
 0.00000029684               0.205425 
 0.00000029685               0.204654 
 0.00000029686               0.204412 
 0.00000029687               0.204834 
 0.00000029688               0.205615 
 0.00000029689               0.206308 
 0.0000002969                0.206684 
 0.00000029691               0.20678 
 0.00000029692               0.20666 
 0.00000029693               0.205978 
 0.00000029694               0.203808 
 0.00000029695               0.199998 
 0.00000029696               0.1972 
 0.00000029697               0.198331 
 0.00000029698               0.202085 
 0.00000029699               0.204939 
 0.000000297   0.205378 
 0.00000029701               0.20302 
 0.00000029702               0.196366 
 0.00000029703               0.183485 
 0.00000029704               0.164983 
 0.00000029705               0.145899 
 0.00000029706               0.133219 
 0.00000029707               0.131561 
 0.00000029708               0.14125 
 0.00000029709               0.15796 
 0.0000002971                0.17455 
 0.00000029711               0.186758 
 0.00000029712               0.194733 
 0.00000029713               0.199151 
 0.00000029714               0.200632 
 0.00000029715               0.199727 
 0.00000029716               0.196149 
 0.00000029717               0.189193 
 0.00000029718               0.17848 
 0.00000029719               0.166734 
 0.0000002972                0.157717 
 0.00000029721               0.150166 
 0.00000029722               0.143714 
 0.00000029723               0.140092 
 0.00000029724               0.140349 
 0.00000029725               0.144556 
 0.00000029726               0.151839 
 0.00000029727               0.160213 
 0.00000029728               0.167091 
 0.00000029729               0.171653 
 0.0000002973                0.176471 
 0.00000029731               0.18401 
 0.00000029732               0.192669 
 0.00000029733               0.199037 
 0.00000029734               0.202434 
 0.00000029735               0.204092 
 0.00000029736               0.204851 
 0.00000029737               0.205093 
 0.00000029738               0.205021 
 0.00000029739               0.204141 
 0.0000002974                0.199731 
 0.00000029741               0.186653 
 0.00000029742               0.165886 
 0.00000029743               0.151548 
 0.00000029744               0.155944 
 0.00000029745               0.174583 
 0.00000029746               0.191499 
 0.00000029747               0.199579 
 0.00000029748               0.202969 
 0.00000029749               0.204478 
 0.0000002975                0.204804 
 0.00000029751               0.204631 
 0.00000029752               0.204279 
 0.00000029753               0.203596 
 0.00000029754               0.202066 
 0.00000029755               0.199171 
 0.00000029756               0.19512 
 0.00000029757               0.191283 
 0.00000029758               0.189082 
 0.00000029759               0.186213 
 0.0000002976                0.177623 
 0.00000029761               0.170514 
 0.00000029762               0.176622 
 0.00000029763               0.18862 
 0.00000029764               0.195249 
 0.00000029765               0.195019 
 0.00000029766               0.187713 
 0.00000029767               0.176051 
 0.00000029768               0.167853 
 0.00000029769               0.16874 
 0.0000002977                0.177304 
 0.00000029771               0.188146 
 0.00000029772               0.19581 
 0.00000029773               0.197541 
 0.00000029774               0.193202 
 0.00000029775               0.183238 
 0.00000029776               0.170471 
 0.00000029777               0.161004 
 0.00000029778               0.160261 
 0.00000029779               0.168832 
 0.0000002978                0.18208 
 0.00000029781               0.193614 
 0.00000029782               0.200181 
 0.00000029783               0.20252 
 0.00000029784               0.202597 
 0.00000029785               0.201741 
 0.00000029786               0.20063 
 0.00000029787               0.199723 
 0.00000029788               0.199428 
 0.00000029789               0.199785 
 0.0000002979                0.200519 
 0.00000029791               0.201233 
 0.00000029792               0.201727 
 0.00000029793               0.201976 
 0.00000029794               0.202059 
 0.00000029795               0.201916 
 0.00000029796               0.20085 
 0.00000029797               0.19842 
 0.00000029798               0.196352 
 0.00000029799               0.197013 
 0.000000298   0.199701 
 0.00000029801               0.201779 
 0.00000029802               0.202184 
 0.00000029803               0.201192 
 0.00000029804               0.199275 
 0.00000029805               0.19753 
 0.00000029806               0.196448 
 0.00000029807               0.194942 
 0.00000029808               0.192082 
 0.00000029809               0.186851 
 0.0000002981                0.179364 
 0.00000029811               0.173989 
 0.00000029812               0.175695 
 0.00000029813               0.183884 
 0.00000029814               0.192674 
 0.00000029815               0.196415 
 0.00000029816               0.192638 
 0.00000029817               0.180778 
 0.00000029818               0.162945 
 0.00000029819               0.145745 
 0.0000002982                0.137223 
 0.00000029821               0.141791 
 0.00000029822               0.157589 
 0.00000029823               0.176917 
 0.00000029824               0.191276 
 0.00000029825               0.197723 
 0.00000029826               0.19764 
 0.00000029827               0.191297 
 0.00000029828               0.177066 
 0.00000029829               0.157275 
 0.0000002983                0.141531 
 0.00000029831               0.139312 
 0.00000029832               0.15212 
 0.00000029833               0.172381 
 0.00000029834               0.18914 
 0.00000029835               0.197762 
 0.00000029836               0.200384 
 0.00000029837               0.200396 
 0.00000029838               0.200574 
 0.00000029839               0.20143 
 0.0000002984                0.201919 
 0.00000029841               0.201983 
 0.00000029842               0.201951 
 0.00000029843               0.201935 
 0.00000029844               0.201931 
 0.00000029845               0.201882 
 0.00000029846               0.201704 
 0.00000029847               0.201395 
 0.00000029848               0.20117 
 0.00000029849               0.201231 
 0.0000002985                0.201434 
 0.00000029851               0.20151 
 0.00000029852               0.201302 
 0.00000029853               0.200592 
 0.00000029854               0.199218 
 0.00000029855               0.197513 
 0.00000029856               0.195637 
 0.00000029857               0.192134 
 0.00000029858               0.184815 
 0.00000029859               0.174402 
 0.0000002986                0.165352 
 0.00000029861               0.161634 
 0.00000029862               0.158921 
 0.00000029863               0.0837018 
 0.00000029864               0.0000155917 
 0.00000029865               1.79531E-31 
 0.00000029866               4.01832E-124 
 0.00000029867               1.12501E-277 
 0.00000029868               0 
 0.00000029869               2.18848E-235 
 0.0000002987                1.98143E-89 
 0.00000029871               1.14653E-19 
 0.00000029872               0.00159848 
 0.00000029873               0.142578 
 0.00000029874               0.191666 
 0.00000029875               0.194098 
 0.00000029876               0.193835 
 0.00000029877               0.192953 
 0.00000029878               0.191483 
 0.00000029879               0.187597 
 0.0000002988                0.178796 
 0.00000029881               0.167264 
 0.00000029882               0.160501 
 0.00000029883               0.163796 
 0.00000029884               0.174584 
 0.00000029885               0.184991 
 0.00000029886               0.189417 
 0.00000029887               0.188164 
 0.00000029888               0.184481 
 0.00000029889               0.181666 
 0.0000002989                0.181803 
 0.00000029891               0.184975 
 0.00000029892               0.189565 
 0.00000029893               0.193561 
 0.00000029894               0.195837 
 0.00000029895               0.196546 
 0.00000029896               0.196692 
 0.00000029897               0.197321 
 0.00000029898               0.198426 
 0.00000029899               0.199199 
 0.000000299   0.199285 
 0.00000029901               0.199034 
 0.00000029902               0.19879 
 0.00000029903               0.198402 
 0.00000029904               0.197029 
 0.00000029905               0.193772 
 0.00000029906               0.189568 
 0.00000029907               0.186774 
 0.00000029908               0.184049 
 0.00000029909               0.173425 
 0.0000002991                0.152905 
 0.00000029911               0.139771 
 0.00000029912               0.149005 
 0.00000029913               0.172094 
 0.00000029914               0.187582 
 0.00000029915               0.188883 
 0.00000029916               0.184197 
 0.00000029917               0.182096 
 0.00000029918               0.184969 
 0.00000029919               0.188961 
 0.0000002992                0.188858 
 0.00000029921               0.181581 
 0.00000029922               0.167844 
 0.00000029923               0.156179 
 0.00000029924               0.155069 
 0.00000029925               0.161803 
 0.00000029926               0.169301 
 0.00000029927               0.174915 
 0.00000029928               0.177247 
 0.00000029929               0.17625 
 0.0000002993                0.176558 
 0.00000029931               0.182137 
 0.00000029932               0.190399 
 0.00000029933               0.196316 
 0.00000029934               0.198662 
 0.00000029935               0.198913 
 0.00000029936               0.19801 
 0.00000029937               0.196318 
 0.00000029938               0.194822 
 0.00000029939               0.194729 
 0.0000002994                0.196037 
 0.00000029941               0.197918 
 0.00000029942               0.19883 
 0.00000029943               0.198956 
 0.00000029944               0.201715 
 0.00000029945               0.201259 
 0.00000029946               0.200982 
 0.00000029947               0.201068 
 0.00000029948               0.201435 
 0.00000029949               0.201788 
 0.0000002995                0.201853 
 0.00000029951               0.201439 
 0.00000029952               0.200405 
 0.00000029953               0.198852 
 0.00000029954               0.197471 
 0.00000029955               0.19686 
 0.00000029956               0.192631 
 0.00000029957               0.162954 
 0.00000029958               0.0749236 
 0.00000029959               0.00671096 
 0.0000002996                0.0000529618 
 0.00000029961               0.000000180468 
 0.00000029962               0.0000000160535 
 0.00000029963               0.000000332621 
 0.00000029964               0.000109115 
 0.00000029965               0.0105929 
 0.00000029966               0.0904618 
 0.00000029967               0.172871 
 0.00000029968               0.196865 
 0.00000029969               0.200462 
 0.0000002997                0.200967 
 0.00000029971               0.201165 
 0.00000029972               0.201311 
 0.00000029973               0.201412 
 0.00000029974               0.201465 
 0.00000029975               0.201442 
 0.00000029976               0.201155 
 0.00000029977               0.199763 
 0.00000029978               0.194938 
 0.00000029979               0.183488 
 0.0000002998                0.16608 
 0.00000029981               0.150905 
 0.00000029982               0.147448 
 0.00000029983               0.157707 
 0.00000029984               0.172843 
 0.00000029985               0.176141 
 0.00000029986               0.164572 
 0.00000029987               0.161303 
 0.00000029988               0.173539 
 0.00000029989               0.182113 
 0.0000002999                0.183289 
 0.00000029991               0.186752 
 0.00000029992               0.192905 
 0.00000029993               0.197307 
 0.00000029994               0.198834 
 0.00000029995               0.198615 
 0.00000029996               0.197007 
 0.00000029997               0.193793 
 0.00000029998               0.189533 
 0.00000029999               0.186058 
 0.0000003     0.185516 
