 0.000000294   8.75745E-72 
 0.00000029401               8.59698E-72 
 0.00000029402               8.39839E-72 
 0.00000029403               8.11361E-72 
 0.00000029404               7.77253E-72 
 0.00000029405               7.54743E-72 
 0.00000029406               7.54155E-72 
 0.00000029407               7.62019E-72 
 0.00000029408               7.62027E-72 
 0.00000029409               7.53381E-72 
 0.0000002941                7.4149E-72 
 0.00000029411               7.29104E-72 
 0.00000029412               7.16665E-72 
 0.00000029413               7.03901E-72 
 0.00000029414               6.90966E-72 
 0.00000029415               6.78851E-72 
 0.00000029416               6.68099E-72 
 0.00000029417               6.57816E-72 
 0.00000029418               7.05449E-72 
 0.00000029419               6.89184E-72 
 0.0000002942                6.64987E-72 
 0.00000029421               6.29142E-72 
 0.00000029422               5.86086E-72 
 0.00000029423               5.51678E-72 
 0.00000029424               5.4095E-72 
 0.00000029425               5.53256E-72 
 0.00000029426               5.72694E-72 
 0.00000029427               5.83065E-72 
 0.00000029428               5.79111E-72 
 0.00000029429               5.64221E-72 
 0.0000002943                5.46568E-72 
 0.00000029431               5.34265E-72 
 0.00000029432               5.30445E-72 
 0.00000029433               5.32256E-72 
 0.00000029434               5.3236E-72 
 0.00000029435               5.27588E-72 
 0.00000029436               5.20023E-72 
 0.00000029437               5.1151E-72 
 0.00000029438               5.03309E-72 
 0.00000029439               4.94227E-72 
 0.0000002944                4.84847E-72 
 0.00000029441               4.74972E-72 
 0.00000029442               4.64206E-72 
 0.00000029443               4.51756E-72 
 0.00000029444               4.36018E-72 
 0.00000029445               4.14135E-72 
 0.00000029446               3.82941E-72 
 0.00000029447               3.42944E-72 
 0.00000029448               3.01444E-72 
 0.00000029449               2.68846E-72 
 0.0000002945                2.51589E-72 
 0.00000029451               2.47702E-72 
 0.00000029452               2.48116E-72 
 0.00000029453               2.45737E-72 
 0.00000029454               2.40716E-72 
 0.00000029455               2.3651E-72 
 0.00000029456               2.35434E-72 
 0.00000029457               2.37045E-72 
 0.00000029458               2.40606E-72 
 0.00000029459               2.46242E-72 
 0.0000002946                2.54179E-72 
 0.00000029461               2.63837E-72 
 0.00000029462               2.73763E-72 
 0.00000029463               2.82637E-72 
 0.00000029464               2.89851E-72 
 0.00000029465               2.94942E-72 
 0.00000029466               2.97647E-72 
 0.00000029467               2.9758E-72 
 0.00000029468               2.94586E-72 
 0.00000029469               2.88105E-72 
 0.0000002947                2.7786E-72 
 0.00000029471               2.69214E-72 
 0.00000029472               2.68818E-72 
 0.00000029473               2.72847E-72 
 0.00000029474               2.73668E-72 
 0.00000029475               2.69992E-72 
 0.00000029476               2.62312E-72 
 0.00000029477               2.51109E-72 
 0.00000029478               2.39815E-72 
 0.00000029479               2.31004E-72 
 0.0000002948                2.2672E-72 
 0.00000029481               2.28973E-72 
 0.00000029482               2.32939E-72 
 0.00000029483               2.33271E-72 
 0.00000029484               2.30828E-72 
 0.00000029485               2.27784E-72 
 0.00000029486               2.24753E-72 
 0.00000029487               2.21375E-72 
 0.00000029488               2.16525E-72 
 0.00000029489               2.09485E-72 
 0.0000002949                2.03022E-72 
 0.00000029491               2.00835E-72 
 0.00000029492               2.01007E-72 
 0.00000029493               1.99371E-72 
 0.00000029494               1.95143E-72 
 0.00000029495               1.89185E-72 
 0.00000029496               1.82229E-72 
 0.00000029497               1.75281E-72 
 0.00000029498               1.69431E-72 
 0.00000029499               1.65226E-72 
 0.000000295   1.6259E-72 
 0.00000029501               1.60998E-72 
 0.00000029502               1.5964E-72 
 0.00000029503               1.5779E-72 
 0.00000029504               1.5537E-72 
 0.00000029505               1.5304E-72 
 0.00000029506               1.5159E-72 
 0.00000029507               1.51211E-72 
 0.00000029508               1.51354E-72 
 0.00000029509               1.51216E-72 
 0.0000002951                1.50325E-72 
 0.00000029511               1.48692E-72 
 0.00000029512               1.46575E-72 
 0.00000029513               1.4424E-72 
 0.00000029514               1.41853E-72 
 0.00000029515               1.39494E-72 
 0.00000029516               1.37182E-72 
 0.00000029517               1.34913E-72 
 0.00000029518               1.32681E-72 
 0.00000029519               1.30467E-72 
 0.0000002952                1.2825E-72 
 0.00000029521               1.25977E-72 
 0.00000029522               1.23503E-72 
 0.00000029523               1.20141E-72 
 0.00000029524               1.13189E-72 
 0.00000029525               9.60329E-73 
 0.00000029526               6.35979E-73 
 0.00000029527               2.87482E-73 
 0.00000029528               9.63135E-74 
 0.00000029529               3.49537E-74 
 0.0000002953                2.09733E-74 
 0.00000029531               2.30321E-74 
 0.00000029532               3.46857E-74 
 0.00000029533               5.36126E-74 
 0.00000029534               8.80302E-74 
 0.00000029535               1.73264E-73 
 0.00000029536               3.60624E-73 
 0.00000029537               6.21589E-73 
 0.00000029538               8.15788E-73 
 0.00000029539               8.86892E-73 
 0.0000002954                8.93291E-73 
 0.00000029541               8.88025E-73 
 0.00000029542               8.80012E-73 
 0.00000029543               8.67171E-73 
 0.00000029544               8.51619E-73 
 0.00000029545               8.34547E-73 
 0.00000029546               8.17301E-73 
 0.00000029547               8.02184E-73 
 0.00000029548               7.90251E-73 
 0.00000029549               7.80114E-73 
 0.0000002955                7.69793E-73 
 0.00000029551               7.58548E-73 
 0.00000029552               7.46644E-73 
 0.00000029553               7.3448E-73 
 0.00000029554               7.22211E-73 
 0.00000029555               7.09769E-73 
 0.00000029556               6.97094E-73 
 0.00000029557               6.84468E-73 
 0.00000029558               6.72546E-73 
 0.00000029559               6.61744E-73 
 0.0000002956                6.51666E-73 
 0.00000029561               6.41451E-73 
 0.00000029562               6.30451E-73 
 0.00000029563               6.1826E-73 
 0.00000029564               6.04585E-73 
 0.00000029565               5.89447E-73 
 0.00000029566               5.73743E-73 
 0.00000029567               5.59842E-73 
 0.00000029568               5.50724E-73 
 0.00000029569               5.46872E-73 
 0.0000002957                5.44834E-73 
 0.00000029571               5.40617E-73 
 0.00000029572               5.32882E-73 
 0.00000029573               5.21623E-73 
 0.00000029574               5.09417E-73 
 0.00000029575               5.01633E-73 
 0.00000029576               4.96483E-73 
 0.00000029577               4.8821E-73 
 0.00000029578               4.75653E-73 
 0.00000029579               4.6115E-73 
 0.0000002958                4.49096E-73 
 0.00000029581               4.41473E-73 
 0.00000029582               4.36274E-73 
 0.00000029583               4.31903E-73 
 0.00000029584               4.27973E-73 
 0.00000029585               4.23327E-73 
 0.00000029586               4.16738E-73 
 0.00000029587               4.07788E-73 
 0.00000029588               3.96572E-73 
 0.00000029589               3.83701E-73 
 0.0000002959                3.70681E-73 
 0.00000029591               3.59966E-73 
 0.00000029592               3.53723E-73 
 0.00000029593               3.51776E-73 
 0.00000029594               3.50777E-73 
 0.00000029595               3.46137E-73 
 0.00000029596               3.38007E-73 
 0.00000029597               3.32793E-73 
 0.00000029598               3.32437E-73 
 0.00000029599               3.31753E-73 
 0.000000296   3.24728E-73 
 0.00000029601               2.92886E-73 
 0.00000029602               2.03515E-73 
 0.00000029603               9.56156E-74 
 0.00000029604               4.5415E-74 
 0.00000029605               4.54168E-74 
 0.00000029606               9.29148E-74 
 0.00000029607               1.86882E-73 
 0.00000029608               2.57669E-73 
 0.00000029609               2.78389E-73 
 0.0000002961                2.7761E-73 
 0.00000029611               2.69247E-73 
 0.00000029612               2.53876E-73 
 0.00000029613               2.32317E-73 
 0.00000029614               2.11728E-73 
 0.00000029615               2.01537E-73 
 0.00000029616               2.05712E-73 
 0.00000029617               2.18758E-73 
 0.00000029618               2.30968E-73 
 0.00000029619               2.36136E-73 
 0.0000002962                2.35238E-73 
 0.00000029621               2.31403E-73 
 0.00000029622               2.25833E-73 
 0.00000029623               2.17525E-73 
 0.00000029624               2.06353E-73 
 0.00000029625               1.96946E-73 
 0.00000029626               1.94896E-73 
 0.00000029627               1.98929E-73 
 0.00000029628               2.02563E-73 
 0.00000029629               2.02458E-73 
 0.0000002963                1.99875E-73 
 0.00000029631               1.96527E-73 
 0.00000029632               1.91995E-73 
 0.00000029633               1.77426E-73 
 0.00000029634               1.32832E-73 
 0.00000029635               8.26982E-74 
 0.00000029636               7.46957E-74 
 0.00000029637               1.08365E-73 
 0.00000029638               1.41225E-73 
 0.00000029639               1.44262E-73 
 0.0000002964                1.37355E-73 
 0.00000029641               1.32438E-73 
 0.00000029642               1.31373E-73 
 0.00000029643               1.33473E-73 
 0.00000029644               1.37101E-73 
 0.00000029645               1.40393E-73 
 0.00000029646               1.41221E-73 
 0.00000029647               1.36118E-73 
 0.00000029648               1.21998E-73 
 0.00000029649               1.02064E-73 
 0.0000002965                8.28783E-74 
 0.00000029651               6.61122E-74 
 0.00000029652               5.33285E-74 
 0.00000029653               4.96538E-74 
 0.00000029654               5.84822E-74 
 0.00000029655               7.7118E-74 
 0.00000029656               9.08857E-74 
 0.00000029657               8.76728E-74 
 0.00000029658               8.00514E-74 
 0.00000029659               8.30034E-74 
 0.0000002966                9.5276E-74 
 0.00000029661               1.06203E-73 
 0.00000029662               1.10712E-73 
 0.00000029663               1.11145E-73 
 0.00000029664               1.09733E-73 
 0.00000029665               1.0762E-73 
 0.00000029666               1.05748E-73 
 0.00000029667               1.0438E-73 
 0.00000029668               1.02987E-73 
 0.00000029669               1.00946E-73 
 0.0000002967                9.82531E-74 
 0.00000029671               9.55661E-74 
 0.00000029672               9.37156E-74 
 0.00000029673               9.0894E-74 
 0.00000029674               8.66324E-74 
 0.00000029675               8.05518E-74 
 0.00000029676               7.35646E-74 
 0.00000029677               6.79103E-74 
 0.00000029678               6.50265E-74 
 0.00000029679               6.41913E-74 
 0.0000002968                6.39596E-74 
 0.00000029681               6.31121E-74 
 0.00000029682               6.17273E-74 
 0.00000029683               6.06129E-74 
 0.00000029684               6.0116E-74 
 0.00000029685               6.02362E-74 
 0.00000029686               6.08335E-74 
 0.00000029687               6.16949E-74 
 0.00000029688               6.26027E-74 
 0.00000029689               6.33871E-74 
 0.0000002969                6.3952E-74 
 0.00000029691               6.42889E-74 
 0.00000029692               6.44423E-74 
 0.00000029693               6.49561E-74 
 0.00000029694               6.48022E-74 
 0.00000029695               6.45442E-74 
 0.00000029696               6.42024E-74 
 0.00000029697               6.37358E-74 
 0.00000029698               6.31087E-74 
 0.00000029699               6.23106E-74 
 0.000000297   6.13414E-74 
 0.00000029701               6.02175E-74 
 0.00000029702               5.89996E-74 
 0.00000029703               5.77984E-74 
 0.00000029704               5.67268E-74 
 0.00000029705               5.58202E-74 
 0.00000029706               5.49944E-74 
 0.00000029707               5.3994E-74 
 0.00000029708               5.23005E-74 
 0.00000029709               4.9096E-74 
 0.0000002971                4.36242E-74 
 0.00000029711               3.61201E-74 
 0.00000029712               2.83359E-74 
 0.00000029713               2.24411E-74 
 0.00000029714               1.9587E-74 
 0.00000029715               1.9934E-74 
 0.00000029716               2.32373E-74 
 0.00000029717               2.86955E-74 
 0.00000029718               3.44713E-74 
 0.00000029719               3.78939E-74 
 0.0000002972                3.61739E-74 
 0.00000029721               2.85126E-74 
 0.00000029722               1.9326E-74 
 0.00000029723               1.41349E-74 
 0.00000029724               1.43446E-74 
 0.00000029725               1.969E-74 
 0.00000029726               2.80821E-74 
 0.00000029727               3.45864E-74 
 0.00000029728               3.70359E-74 
 0.00000029729               3.71684E-74 
 0.0000002973                3.66284E-74 
 0.00000029731               3.59315E-74 
 0.00000029732               3.50986E-74 
 0.00000029733               3.41321E-74 
 0.00000029734               3.32362E-74 
 0.00000029735               3.26203E-74 
 0.00000029736               3.20763E-74 
 0.00000029737               3.12362E-74 
 0.00000029738               3.0357E-74 
 0.00000029739               2.99718E-74 
 0.0000002974                2.99272E-74 
 0.00000029741               2.9669E-74 
 0.00000029742               2.9159E-74 
 0.00000029743               2.86749E-74 
 0.00000029744               2.82738E-74 
 0.00000029745               2.78899E-74 
 0.00000029746               2.75279E-74 
 0.00000029747               2.71711E-74 
 0.00000029748               2.6764E-74 
 0.00000029749               2.59894E-74 
 0.0000002975                2.32564E-74 
 0.00000029751               1.53162E-74 
 0.00000029752               4.71994E-75 
 0.00000029753               4.6358E-76 
 0.00000029754               2.34963E-77 
 0.00000029755               3.1794E-78 
 0.00000029756               4.95057E-78 
 0.00000029757               6.11465E-77 
 0.00000029758               1.03572E-75 
 0.00000029759               6.66246E-75 
 0.0000002976                1.50743E-74 
 0.00000029761               1.93387E-74 
 0.00000029762               2.04074E-74 
 0.00000029763               2.05612E-74 
 0.00000029764               2.05003E-74 
 0.00000029765               2.03175E-74 
 0.00000029766               2.00383E-74 
 0.00000029767               1.97038E-74 
 0.00000029768               1.93281E-74 
 0.00000029769               1.88767E-74 
 0.0000002977                1.83143E-74 
 0.00000029771               1.77574E-74 
 0.00000029772               1.7445E-74 
 0.00000029773               1.73749E-74 
 0.00000029774               1.7304E-74 
 0.00000029775               1.71213E-74 
 0.00000029776               1.68632E-74 
 0.00000029777               1.65331E-74 
 0.00000029778               1.60334E-74 
 0.00000029779               1.51311E-74 
 0.0000002978                1.3504E-74 
 0.00000029781               1.10432E-74 
 0.00000029782               8.22433E-75 
 0.00000029783               5.87449E-75 
 0.00000029784               4.49018E-75 
 0.00000029785               4.10384E-75 
 0.00000029786               4.64462E-75 
 0.00000029787               6.07981E-75 
 0.00000029788               8.16314E-75 
 0.00000029789               1.02506E-74 
 0.0000002979                1.17105E-74 
 0.00000029791               1.24005E-74 
 0.00000029792               1.25579E-74 
 0.00000029793               1.24606E-74 
 0.00000029794               1.22702E-74 
 0.00000029795               1.20507E-74 
 0.00000029796               1.18304E-74 
 0.00000029797               1.16225E-74 
 0.00000029798               1.14266E-74 
 0.00000029799               1.12437E-74 
 0.000000298   1.10805E-74 
 0.00000029801               1.09315E-74 
 0.00000029802               1.07714E-74 
 0.00000029803               1.05637E-74 
 0.00000029804               1.02898E-74 
 0.00000029805               9.99502E-75 
 0.00000029806               9.76579E-75 
 0.00000029807               9.6186E-75 
 0.00000029808               9.47653E-75 
 0.00000029809               9.28742E-75 
 0.0000002981                9.09404E-75 
 0.00000029811               8.962E-75 
 0.00000029812               8.88752E-75 
 0.00000029813               8.81228E-75 
 0.00000029814               8.70514E-75 
 0.00000029815               8.58027E-75 
 0.00000029816               8.4471E-75 
 0.00000029817               8.253E-75 
 0.00000029818               7.76587E-75 
 0.00000029819               6.48279E-75 
 0.0000002982                4.32083E-75 
 0.00000029821               2.40588E-75 
 0.00000029822               1.54043E-75 
 0.00000029823               1.5904E-75 
 0.00000029824               2.53333E-75 
 0.00000029825               4.28557E-75 
 0.00000029826               5.85753E-75 
 0.00000029827               6.46912E-75 
 0.00000029828               6.44141E-75 
 0.00000029829               6.24312E-75 
 0.0000002983                6.07378E-75 
 0.00000029831               5.98392E-75 
 0.00000029832               5.96384E-75 
 0.00000029833               5.95307E-75 
 0.00000029834               5.862E-75 
 0.00000029835               5.70294E-75 
 0.00000029836               5.625E-75 
 0.00000029837               5.67418E-75 
 0.00000029838               5.7192E-75 
 0.00000029839               5.65743E-75 
 0.0000002984                5.42327E-75 
 0.00000029841               4.94426E-75 
 0.00000029842               4.47257E-75 
 0.00000029843               4.43853E-75 
 0.00000029844               4.75548E-75 
 0.00000029845               4.97347E-75 
 0.00000029846               4.97346E-75 
 0.00000029847               4.89478E-75 
 0.00000029848               4.81327E-75 
 0.00000029849               4.74059E-75 
 0.0000002985                4.67289E-75 
 0.00000029851               4.60525E-75 
 0.00000029852               4.53558E-75 
 0.00000029853               4.4641E-75 
 0.00000029854               4.39116E-75 
 0.00000029855               4.3158E-75 
 0.00000029856               4.23632E-75 
 0.00000029857               4.15153E-75 
 0.00000029858               4.06242E-75 
 0.00000029859               3.97503E-75 
 0.0000002986                3.90134E-75 
 0.00000029861               3.84839E-75 
 0.00000029862               3.80788E-75 
 0.00000029863               3.76573E-75 
 0.00000029864               3.71528E-75 
 0.00000029865               3.65609E-75 
 0.00000029866               3.58924E-75 
 0.00000029867               3.51617E-75 
 0.00000029868               3.43954E-75 
 0.00000029869               3.36331E-75 
 0.0000002987                3.29209E-75 
 0.00000029871               3.22907E-75 
 0.00000029872               3.1734E-75 
 0.00000029873               3.11676E-75 
 0.00000029874               3.04212E-75 
 0.00000029875               2.92935E-75 
 0.00000029876               2.76183E-75 
 0.00000029877               2.5404E-75 
 0.00000029878               2.26494E-75 
 0.00000029879               1.91656E-75 
 0.0000002988                1.48451E-75 
 0.00000029881               1.03162E-75 
 0.00000029882               6.73436E-76 
 0.00000029883               4.68941E-76 
 0.00000029884               4.05124E-76 
 0.00000029885               4.67812E-76 
 0.00000029886               6.78606E-76 
 0.00000029887               1.05748E-75 
 0.00000029888               1.53104E-75 
 0.00000029889               1.93555E-75 
 0.0000002989                2.1693E-75 
 0.00000029891               2.25572E-75 
 0.00000029892               2.26247E-75 
 0.00000029893               2.23699E-75 
 0.00000029894               2.20056E-75 
 0.00000029895               2.16123E-75 
 0.00000029896               2.12272E-75 
 0.00000029897               2.08641E-75 
 0.00000029898               2.04707E-75 
 0.00000029899               1.97704E-75 
 0.000000299   1.78831E-75 
 0.00000029901               1.32861E-75 
 0.00000029902               6.4121E-76 
 0.00000029903               1.61763E-76 
 0.00000029904               2.40901E-77 
 0.00000029905               4.22351E-78 
 0.00000029906               2.20365E-78 
 0.00000029907               5.04468E-78 
 0.00000029908               3.01256E-77 
 0.00000029909               1.84446E-76 
 0.0000002991                6.31067E-76 
 0.00000029911               1.14081E-75 
 0.00000029912               1.37408E-75 
 0.00000029913               1.40261E-75 
 0.00000029914               1.40178E-75 
 0.00000029915               1.42711E-75 
 0.00000029916               1.45618E-75 
 0.00000029917               1.46774E-75 
 0.00000029918               1.46077E-75 
 0.00000029919               1.44153E-75 
 0.0000002992                1.41295E-75 
 0.00000029921               1.3692E-75 
 0.00000029922               1.30777E-75 
 0.00000029923               1.25611E-75 
 0.00000029924               1.24537E-75 
 0.00000029925               1.25817E-75 
 0.00000029926               1.25681E-75 
 0.00000029927               1.23323E-75 
 0.00000029928               1.1978E-75 
 0.00000029929               1.16096E-75 
 0.0000002993                1.13029E-75 
 0.00000029931               1.11023E-75 
 0.00000029932               1.10166E-75 
 0.00000029933               1.10007E-75 
 0.00000029934               1.09741E-75 
 0.00000029935               1.08813E-75 
 0.00000029936               1.07169E-75 
 0.00000029937               1.05102E-75 
 0.00000029938               1.03075E-75 
 0.00000029939               1.01382E-75 
 0.0000002994                9.98455E-76 
 0.00000029941               9.79795E-76 
 0.00000029942               9.51975E-76 
 0.00000029943               9.09485E-76 
 0.00000029944               8.52957E-76 
 0.00000029945               7.95677E-76 
 0.00000029946               7.58254E-76 
 0.00000029947               7.52959E-76 
 0.00000029948               7.73986E-76 
 0.00000029949               8.02096E-76 
 0.0000002995                8.19733E-76 
 0.00000029951               8.22092E-76 
 0.00000029952               8.13734E-76 
 0.00000029953               7.98997E-76 
 0.00000029954               7.76435E-76 
 0.00000029955               7.3521E-76 
 0.00000029956               6.53773E-76 
 0.00000029957               5.32619E-76 
 0.00000029958               4.3794E-76 
 0.00000029959               4.3515E-76 
 0.0000002996                5.20253E-76 
 0.00000029961               6.18915E-76 
 0.00000029962               6.62312E-76 
 0.00000029963               6.49466E-76 
 0.00000029964               5.72232E-76 
 0.00000029965               3.98345E-76 
 0.00000029966               1.94613E-76 
 0.00000029967               8.05221E-77 
 0.00000029968               4.88783E-77 
 0.00000029969               6.2772E-77 
 0.0000002997                1.29764E-76 
 0.00000029971               2.54261E-76 
 0.00000029972               3.77607E-76 
 0.00000029973               4.55518E-76 
 0.00000029974               4.90841E-76 
 0.00000029975               4.61042E-76 
 0.00000029976               2.36134E-76 
 0.00000029977               5.06862E-78 
 0.00000029978               1.03609E-85 
 0.00000029979               1.94055E-114 
 0.0000002998                5.82652E-201 
 0.00000029981               0 
 0.00000029982               0 
 0.00000029983               0 
 0.00000029984               0 
 0.00000029985               0 
 0.00000029986               0 
 0.00000029987               0 
 0.00000029988               0 
 0.00000029989               0 
 0.0000002999                0 
 0.00000029991               5.59204E-190 
 0.00000029992               1.02682E-110 
 0.00000029993               7.24904E-85 
 0.00000029994               5.06438E-78 
 0.00000029995               1.62858E-76 
 0.00000029996               3.16253E-76 
 0.00000029997               3.53479E-76 
 0.00000029998               3.56488E-76 
 0.00000029999               3.51637E-76 
 0.0000003     3.44112E-76 
