 0.000000294   0.0260325 
 0.00000029401               0.0266366 
 0.00000029402               0.0270977 
 0.00000029403               0.0273458 
 0.00000029404               0.0274369 
 0.00000029405               0.0274463 
 0.00000029406               0.0274162 
 0.00000029407               0.027358 
 0.00000029408               0.0272506 
 0.00000029409               0.0270459 
 0.0000002941                0.0267632 
 0.00000029411               0.0266102 
 0.00000029412               0.0266932 
 0.00000029413               0.0268694 
 0.00000029414               0.0269908 
 0.00000029415               0.0269394 
 0.00000029416               0.0266904 
 0.00000029417               0.0263272 
 0.00000029418               0.0259525 
 0.00000029419               0.0256504 
 0.0000002942                0.0255048 
 0.00000029421               0.0255737 
 0.00000029422               0.0258412 
 0.00000029423               0.0262187 
 0.00000029424               0.0265931 
 0.00000029425               0.0268777 
 0.00000029426               0.0270149 
 0.00000029427               0.0269104 
 0.00000029428               0.0264368 
 0.00000029429               0.0257112 
 0.0000002943                0.0252727 
 0.00000029431               0.0255405 
 0.00000029432               0.0262488 
 0.00000029433               0.0268214 
 0.00000029434               0.0270449 
 0.00000029435               0.0270583 
 0.00000029436               0.0270218 
 0.00000029437               0.0270013 
 0.00000029438               0.0269854 
 0.00000029439               0.0269257 
 0.0000002944                0.0267584 
 0.00000029441               0.026399 
 0.00000029442               0.0257853 
 0.00000029443               0.0249397 
 0.00000029444               0.0240099 
 0.00000029445               0.0232415 
 0.00000029446               0.0228799 
 0.00000029447               0.0230341 
 0.00000029448               0.0236138 
 0.00000029449               0.0243872 
 0.0000002945                0.0250922 
 0.00000029451               0.0255505 
 0.00000029452               0.0257292 
 0.00000029453               0.0257169 
 0.00000029454               0.0256456 
 0.00000029455               0.0255529 
 0.00000029456               0.0251274 
 0.00000029457               0.0236437 
 0.00000029458               0.0213014 
 0.00000029459               0.020251 
 0.0000002946                0.0217196 
 0.00000029461               0.0242002 
 0.00000029462               0.0258263 
 0.00000029463               0.0263748 
 0.00000029464               0.0261876 
 0.00000029465               0.0257072 
 0.00000029466               0.0256786 
 0.00000029467               0.0260869 
 0.00000029468               0.0262351 
 0.00000029469               0.0261398 
 0.0000002947                0.0262057 
 0.00000029471               0.0263736 
 0.00000029472               0.026377 
 0.00000029473               0.0262231 
 0.00000029474               0.0261185 
 0.00000029475               0.0261934 
 0.00000029476               0.0263705 
 0.00000029477               0.0265 
 0.00000029478               0.0265532 
 0.00000029479               0.0265745 
 0.0000002948                0.0265793 
 0.00000029481               0.0265584 
 0.00000029482               0.0262779 
 0.00000029483               0.0235293 
 0.00000029484               0.0119861 
 0.00000029485               0.00114171 
 0.00000029486               0.0000140418 
 0.00000029487               0.000000450291 
 0.00000029488               0.00000159746 
 0.00000029489               0.00014198 
 0.0000002949                0.00472465 
 0.00000029491               0.018176 
 0.00000029492               0.0240559 
 0.00000029493               0.0250388 
 0.00000029494               0.0254052 
 0.00000029495               0.0254619 
 0.00000029496               0.0253381 
 0.00000029497               0.0253071 
 0.00000029498               0.0254132 
 0.00000029499               0.0255286 
 0.000000295   0.0255457 
 0.00000029501               0.0254757 
 0.00000029502               0.0254367 
 0.00000029503               0.0255187 
 0.00000029504               0.0255663 
 0.00000029505               0.0251017 
 0.00000029506               0.023925 
 0.00000029507               0.022859 
 0.00000029508               0.0225408 
 0.00000029509               0.0222719 
 0.0000002951                0.0215498 
 0.00000029511               0.020958 
 0.00000029512               0.0210456 
 0.00000029513               0.0217103 
 0.00000029514               0.0223297 
 0.00000029515               0.0222409 
 0.00000029516               0.021564 
 0.00000029517               0.0213289 
 0.00000029518               0.0222754 
 0.00000029519               0.023946 
 0.0000002952                0.0252986 
 0.00000029521               0.0259073 
 0.00000029522               0.0260283 
 0.00000029523               0.0259966 
 0.00000029524               0.0259733 
 0.00000029525               0.0258956 
 0.00000029526               0.0255434 
 0.00000029527               0.0248301 
 0.00000029528               0.023941 
 0.00000029529               0.0231385 
 0.0000002953                0.0225146 
 0.00000029531               0.0220384 
 0.00000029532               0.0216059 
 0.00000029533               0.021015 
 0.00000029534               0.0200961 
 0.00000029535               0.018883 
 0.00000029536               0.0175799 
 0.00000029537               0.01636 
 0.00000029538               0.0153371 
 0.00000029539               0.0145914 
 0.0000002954                0.0141863 
 0.00000029541               0.0141608 
 0.00000029542               0.0145196 
 0.00000029543               0.015241 
 0.00000029544               0.0163058 
 0.00000029545               0.017681 
 0.00000029546               0.0192313 
 0.00000029547               0.0207808 
 0.00000029548               0.0221751 
 0.00000029549               0.0233163 
 0.0000002955                0.0241604 
 0.00000029551               0.0247366 
 0.00000029552               0.0251211 
 0.00000029553               0.0253306 
 0.00000029554               0.0253774 
 0.00000029555               0.0253818 
 0.00000029556               0.0251808 
 0.00000029557               0.0243561 
 0.00000029558               0.02281 
 0.00000029559               0.0212744 
 0.0000002956                0.0207663 
 0.00000029561               0.0214799 
 0.00000029562               0.0225268 
 0.00000029563               0.0230072 
 0.00000029564               0.023175 
 0.00000029565               0.0237138 
 0.00000029566               0.0245896 
 0.00000029567               0.0253238 
 0.00000029568               0.0256844 
 0.00000029569               0.0257693 
 0.0000002957                0.0257394 
 0.00000029571               0.0257018 
 0.00000029572               0.0256709 
 0.00000029573               0.0256289 
 0.00000029574               0.0256119 
 0.00000029575               0.0256634 
 0.00000029576               0.025745 
 0.00000029577               0.025782 
 0.00000029578               0.0257662 
 0.00000029579               0.0257583 
 0.0000002958                0.025786 
 0.00000029581               0.0258121 
 0.00000029582               0.0258122 
 0.00000029583               0.0257939 
 0.00000029584               0.0257695 
 0.00000029585               0.0257477 
 0.00000029586               0.0257229 
 0.00000029587               0.0256479 
 0.00000029588               0.025394 
 0.00000029589               0.0247491 
 0.0000002959                0.0236082 
 0.00000029591               0.0222746 
 0.00000029592               0.0213542 
 0.00000029593               0.0212742 
 0.00000029594               0.0220372 
 0.00000029595               0.023271 
 0.00000029596               0.0244077 
 0.00000029597               0.0250809 
 0.00000029598               0.0253348 
 0.00000029599               0.0253764 
 0.000000296   0.0253782 
 0.00000029601               0.0254216 
 0.00000029602               0.0254616 
 0.00000029603               0.0253542 
 0.00000029604               0.0248632 
 0.00000029605               0.024072 
 0.00000029606               0.0238082 
 0.00000029607               0.024394 
 0.00000029608               0.0249862 
 0.00000029609               0.0250308 
 0.0000002961                0.0246103 
 0.00000029611               0.023772 
 0.00000029612               0.0224516 
 0.00000029613               0.0206333 
 0.00000029614               0.0184608 
 0.00000029615               0.0162432 
 0.00000029616               0.0143168 
 0.00000029617               0.0129043 
 0.00000029618               0.0121032 
 0.00000029619               0.0119193 
 0.0000002962                0.0122674 
 0.00000029621               0.0130175 
 0.00000029622               0.0140895 
 0.00000029623               0.0154754 
 0.00000029624               0.0171677 
 0.00000029625               0.0190453 
 0.00000029626               0.0207876 
 0.00000029627               0.0220231 
 0.00000029628               0.0227825 
 0.00000029629               0.0234969 
 0.0000002963                0.0243041 
 0.00000029631               0.0249196 
 0.00000029632               0.0251987 
 0.00000029633               0.025266 
 0.00000029634               0.0252548 
 0.00000029635               0.0252184 
 0.00000029636               0.0251739 
 0.00000029637               0.0251092 
 0.00000029638               0.0249446 
 0.00000029639               0.0246159 
 0.0000002964                0.0243251 
 0.00000029641               0.0242816 
 0.00000029642               0.0242579 
 0.00000029643               0.0240835 
 0.00000029644               0.02398 
 0.00000029645               0.0241097 
 0.00000029646               0.0243658 
 0.00000029647               0.024585 
 0.00000029648               0.0247139 
 0.00000029649               0.0247843 
 0.0000002965                0.0248458 
 0.00000029651               0.0249215 
 0.00000029652               0.0249967 
 0.00000029653               0.0250428 
 0.00000029654               0.0250462 
 0.00000029655               0.0250116 
 0.00000029656               0.0249473 
 0.00000029657               0.0248601 
 0.00000029658               0.0247748 
 0.00000029659               0.024736 
 0.0000002966                0.0247456 
 0.00000029661               0.0247604 
 0.00000029662               0.0247689 
 0.00000029663               0.0247281 
 0.00000029664               0.0241347 
 0.00000029665               0.0208988 
 0.00000029666               0.0139791 
 0.00000029667               0.00909035 
 0.00000029668               0.00993537 
 0.00000029669               0.0161074 
 0.0000002967                0.022397 
 0.00000029671               0.0245928 
 0.00000029672               0.024825 
 0.00000029673               0.0245654 
 0.00000029674               0.0237486 
 0.00000029675               0.0222992 
 0.00000029676               0.0213685 
 0.00000029677               0.022024 
 0.00000029678               0.0233003 
 0.00000029679               0.0236638 
 0.0000002968                0.0229098 
 0.00000029681               0.0216414 
 0.00000029682               0.0206013 
 0.00000029683               0.0202515 
 0.00000029684               0.0203603 
 0.00000029685               0.0201274 
 0.00000029686               0.019015 
 0.00000029687               0.0172853 
 0.00000029688               0.0152524 
 0.00000029689               0.01335 
 0.0000002969                0.0133908 
 0.00000029691               0.0160728 
 0.00000029692               0.0189463 
 0.00000029693               0.0203405 
 0.00000029694               0.0211088 
 0.00000029695               0.0218381 
 0.00000029696               0.0224117 
 0.00000029697               0.0225075 
 0.00000029698               0.0219831 
 0.00000029699               0.021104 
 0.000000297   0.0204505 
 0.00000029701               0.0205078 
 0.00000029702               0.0213144 
 0.00000029703               0.0224528 
 0.00000029704               0.023387 
 0.00000029705               0.0238547 
 0.00000029706               0.0239301 
 0.00000029707               0.0238439 
 0.00000029708               0.023811 
 0.00000029709               0.0239171 
 0.0000002971                0.0241075 
 0.00000029711               0.0242763 
 0.00000029712               0.0243521 
 0.00000029713               0.0243269 
 0.00000029714               0.02424 
 0.00000029715               0.0241389 
 0.00000029716               0.0240513 
 0.00000029717               0.0239761 
 0.00000029718               0.0238849 
 0.00000029719               0.0237489 
 0.0000002972                0.0235826 
 0.00000029721               0.0234484 
 0.00000029722               0.023388 
 0.00000029723               0.0233829 
 0.00000029724               0.0233894 
 0.00000029725               0.0233665 
 0.00000029726               0.0232806 
 0.00000029727               0.023108 
 0.00000029728               0.0228397 
 0.00000029729               0.0224847 
 0.0000002973                0.0220502 
 0.00000029731               0.0214821 
 0.00000029732               0.020627 
 0.00000029733               0.0194942 
 0.00000029734               0.0185286 
 0.00000029735               0.0179199 
 0.00000029736               0.0172414 
 0.00000029737               0.0162941 
 0.00000029738               0.0152868 
 0.00000029739               0.0143983 
 0.0000002974                0.0136685 
 0.00000029741               0.0130543 
 0.00000029742               0.0124985 
 0.00000029743               0.0119785 
 0.00000029744               0.0114968 
 0.00000029745               0.0110641 
 0.00000029746               0.0107006 
 0.00000029747               0.0103878 
 0.00000029748               0.010105 
 0.00000029749               0.0098591 
 0.0000002975                0.00964998 
 0.00000029751               0.00949242 
 0.00000029752               0.00946023 
 0.00000029753               0.009597 
 0.00000029754               0.00984853 
 0.00000029755               0.010163 
 0.00000029756               0.0105385 
 0.00000029757               0.0109779 
 0.00000029758               0.0114745 
 0.00000029759               0.0120319 
 0.0000002976                0.0126719 
 0.00000029761               0.0133926 
 0.00000029762               0.0141532 
 0.00000029763               0.0149031 
 0.00000029764               0.0156249 
 0.00000029765               0.0164196 
 0.00000029766               0.01729 
 0.00000029767               0.0180187 
 0.00000029768               0.0183507 
 0.00000029769               0.0178899 
 0.0000002977                0.0166082 
 0.00000029771               0.0156623 
 0.00000029772               0.0162775 
 0.00000029773               0.0179021 
 0.00000029774               0.0187893 
 0.00000029775               0.0191705 
 0.00000029776               0.0203371 
 0.00000029777               0.0217259 
 0.00000029778               0.0225425 
 0.00000029779               0.0230975 
 0.0000002978                0.0235011 
 0.00000029781               0.0236803 
 0.00000029782               0.0237409 
 0.00000029783               0.023743 
 0.00000029784               0.0237113 
 0.00000029785               0.0236805 
 0.00000029786               0.0236432 
 0.00000029787               0.0235332 
 0.00000029788               0.0232695 
 0.00000029789               0.0228777 
 0.0000002979                0.022616 
 0.00000029791               0.0227116 
 0.00000029792               0.0230382 
 0.00000029793               0.0233214 
 0.00000029794               0.0234576 
 0.00000029795               0.0235128 
 0.00000029796               0.0235607 
 0.00000029797               0.0236078 
 0.00000029798               0.0236182 
 0.00000029799               0.0235373 
 0.000000298   0.0233143 
 0.00000029801               0.022969 
 0.00000029802               0.0226472 
 0.00000029803               0.0224939 
 0.00000029804               0.0225842 
 0.00000029805               0.022836 
 0.00000029806               0.0231079 
 0.00000029807               0.0233008 
 0.00000029808               0.0233989 
 0.00000029809               0.0234377 
 0.0000002981                0.023451 
 0.00000029811               0.0234558 
 0.00000029812               0.0234603 
 0.00000029813               0.0234666 
 0.00000029814               0.0234752 
 0.00000029815               0.0234932 
 0.00000029816               0.0235271 
 0.00000029817               0.0235666 
 0.00000029818               0.0235595 
 0.00000029819               0.0235078 
 0.0000002982                0.0233203 
 0.00000029821               0.0212845 
 0.00000029822               0.00935837 
 0.00000029823               0.000142509 
 0.00000029824               0.00000000166487 
 0.00000029825               9.93402E-16 
 0.00000029826               7.2375E-17 
 0.00000029827               1.67741E-11 
 0.00000029828               0.00000984444 
 0.00000029829               0.00395179 
 0.0000002983                0.0165222 
 0.00000029831               0.0209638 
 0.00000029832               0.0224346 
 0.00000029833               0.0231283 
 0.00000029834               0.0233664 
 0.00000029835               0.0234238 
 0.00000029836               0.0234444 
 0.00000029837               0.0234561 
 0.00000029838               0.0234329 
 0.00000029839               0.0233715 
 0.0000002984                0.0233162 
 0.00000029841               0.0232288 
 0.00000029842               0.0230705 
 0.00000029843               0.0229736 
 0.00000029844               0.023058 
 0.00000029845               0.0232278 
 0.00000029846               0.0233421 
 0.00000029847               0.0233686 
 0.00000029848               0.0232998 
 0.00000029849               0.0231618 
 0.0000002985                0.0231154 
 0.00000029851               0.0231943 
 0.00000029852               0.023239 
 0.00000029853               0.0231983 
 0.00000029854               0.0230937 
 0.00000029855               0.0229254 
 0.00000029856               0.0226974 
 0.00000029857               0.0223202 
 0.00000029858               0.0202742 
 0.00000029859               0.0104735 
 0.0000002986                0.000636519 
 0.00000029861               0.000000800177 
 0.00000029862               0.000000000313497 
 0.00000029863               6.69319E-11 
 0.00000029864               0.0000000458914 
 0.00000029865               0.000102318 
 0.00000029866               0.00538977 
 0.00000029867               0.0151104 
 0.00000029868               0.0152189 
 0.00000029869               0.0120169 
 0.0000002987                0.0091535 
 0.00000029871               0.00795303 
 0.00000029872               0.0088406 
 0.00000029873               0.011815 
 0.00000029874               0.016035 
 0.00000029875               0.0197182 
 0.00000029876               0.0218177 
 0.00000029877               0.022681 
 0.00000029878               0.0229794 
 0.00000029879               0.02308 
 0.0000002988                0.0231045 
 0.00000029881               0.0230771 
 0.00000029882               0.0230005 
 0.00000029883               0.0229112 
 0.00000029884               0.0228645 
 0.00000029885               0.0228092 
 0.00000029886               0.0225842 
 0.00000029887               0.0221477 
 0.00000029888               0.021704 
 0.00000029889               0.0214542 
 0.0000002989                0.0213394 
 0.00000029891               0.0212509 
 0.00000029892               0.0213067 
 0.00000029893               0.0216303 
 0.00000029894               0.0221059 
 0.00000029895               0.0225134 
 0.00000029896               0.022763 
 0.00000029897               0.0228829 
 0.00000029898               0.0229225 
 0.00000029899               0.0229035 
 0.000000299   0.0228147 
 0.00000029901               0.0226507 
 0.00000029902               0.0224935 
 0.00000029903               0.0224652 
 0.00000029904               0.0226138 
 0.00000029905               0.0227167 
 0.00000029906               0.0227697 
 0.00000029907               0.0227752 
 0.00000029908               0.0227345 
 0.00000029909               0.0226424 
 0.0000002991                0.0225203 
 0.00000029911               0.0224159 
 0.00000029912               0.0223467 
 0.00000029913               0.0222837 
 0.00000029914               0.0222193 
 0.00000029915               0.0221831 
 0.00000029916               0.0221795 
 0.00000029917               0.0220959 
 0.00000029918               0.0214868 
 0.00000029919               0.0198931 
 0.0000002992                0.0184469 
 0.00000029921               0.0189759 
 0.00000029922               0.0209315 
 0.00000029923               0.0223003 
 0.00000029924               0.0226556 
 0.00000029925               0.0225239 
 0.00000029926               0.0220526 
 0.00000029927               0.0213048 
 0.00000029928               0.020674 
 0.00000029929               0.0206381 
 0.0000002993                0.0212155 
 0.00000029931               0.021943 
 0.00000029932               0.0224099 
 0.00000029933               0.0225753 
 0.00000029934               0.0225788 
 0.00000029935               0.022544 
 0.00000029936               0.0225354 
 0.00000029937               0.0225642 
 0.00000029938               0.0225767 
 0.00000029939               0.0225232 
 0.0000002994                0.0224405 
 0.00000029941               0.0224129 
 0.00000029942               0.022455 
 0.00000029943               0.0224983 
 0.00000029944               0.0224953 
 0.00000029945               0.0224636 
 0.00000029946               0.0224371 
 0.00000029947               0.0224305 
 0.00000029948               0.0224396 
 0.00000029949               0.0224639 
 0.0000002995                0.0224891 
 0.00000029951               0.0224642 
 0.00000029952               0.0223275 
 0.00000029953               0.022022 
 0.00000029954               0.0215168 
 0.00000029955               0.0208208 
 0.00000029956               0.0200163 
 0.00000029957               0.0193223 
 0.00000029958               0.0189924 
 0.00000029959               0.019175 
 0.0000002996                0.019801 
 0.00000029961               0.0206075 
 0.00000029962               0.021267 
 0.00000029963               0.0215503 
 0.00000029964               0.0214808 
 0.00000029965               0.0213492 
 0.00000029966               0.0214465 
 0.00000029967               0.021769 
 0.00000029968               0.0220804 
 0.00000029969               0.0222091 
 0.0000002997                0.0221623 
 0.00000029971               0.0220284 
 0.00000029972               0.0218931 
 0.00000029973               0.0218198 
 0.00000029974               0.0218088 
 0.00000029975               0.0215743 
 0.00000029976               0.0196214 
 0.00000029977               0.0123619 
 0.00000029978               0.00266818 
 0.00000029979               0.0000797695 
 0.0000002998                0.000000395419 
 0.00000029981               0.00000000401672 
 0.00000029982               0.00000000226173 
 0.00000029983               0.000000112585 
 0.00000029984               0.0000262209 
 0.00000029985               0.00146111 
 0.00000029986               0.00996344 
 0.00000029987               0.0186727 
 0.00000029988               0.0214808 
 0.00000029989               0.0217418 
 0.0000002999                0.0214107 
 0.00000029991               0.0210179 
 0.00000029992               0.0207688 
 0.00000029993               0.0207091 
 0.00000029994               0.0207784 
 0.00000029995               0.0209066 
 0.00000029996               0.0208787 
 0.00000029997               0.0199999 
 0.00000029998               0.0176003 
 0.00000029999               0.0145939 
 0.0000003     0.0108264 
