 0.000000294   5.89573E-68 
 0.00000029401               5.57205E-68 
 0.00000029402               5.38535E-68 
 0.00000029403               5.29804E-68 
 0.00000029404               5.26887E-68 
 0.00000029405               5.16362E-68 
 0.00000029406               4.88956E-68 
 0.00000029407               4.50126E-68 
 0.00000029408               4.06772E-68 
 0.00000029409               3.62822E-68 
 0.0000002941                3.21763E-68 
 0.00000029411               2.87482E-68 
 0.00000029412               2.63679E-68 
 0.00000029413               2.52631E-68 
 0.00000029414               2.54972E-68 
 0.00000029415               2.70377E-68 
 0.00000029416               2.97419E-68 
 0.00000029417               3.32179E-68 
 0.00000029418               3.681E-68 
 0.00000029419               3.98647E-68 
 0.0000002942                4.19295E-68 
 0.00000029421               4.23967E-68 
 0.00000029422               3.975E-68 
 0.00000029423               3.3035E-68 
 0.00000029424               2.58717E-68 
 0.00000029425               2.34256E-68 
 0.00000029426               2.6972E-68 
 0.00000029427               3.3603E-68 
 0.00000029428               3.82803E-68 
 0.00000029429               3.96372E-68 
 0.0000002943                3.94562E-68 
 0.00000029431               3.8925E-68 
 0.00000029432               3.83474E-68 
 0.00000029433               3.77738E-68 
 0.00000029434               3.72089E-68 
 0.00000029435               3.66424E-68 
 0.00000029436               3.60625E-68 
 0.00000029437               3.54785E-68 
 0.00000029438               3.49215E-68 
 0.00000029439               3.43913E-68 
 0.0000002944                3.38551E-68 
 0.00000029441               3.3299E-68 
 0.00000029442               3.27174E-68 
 0.00000029443               3.21067E-68 
 0.00000029444               3.1481E-68 
 0.00000029445               3.08418E-68 
 0.00000029446               3.01807E-68 
 0.00000029447               2.95406E-68 
 0.00000029448               2.89224E-68 
 0.00000029449               2.82869E-68 
 0.0000002945                2.77518E-68 
 0.00000029451               2.7478E-68 
 0.00000029452               2.73847E-68 
 0.00000029453               2.7226E-68 
 0.00000029454               2.68742E-68 
 0.00000029455               2.6383E-68 
 0.00000029456               2.58523E-68 
 0.00000029457               2.53527E-68 
 0.00000029458               2.4924E-68 
 0.00000029459               2.45749E-68 
 0.0000002946                2.42782E-68 
 0.00000029461               2.39871E-68 
 0.00000029462               2.36589E-68 
 0.00000029463               2.32403E-68 
 0.00000029464               2.26428E-68 
 0.00000029465               2.18143E-68 
 0.00000029466               2.07835E-68 
 0.00000029467               1.96999E-68 
 0.00000029468               1.86876E-68 
 0.00000029469               1.79637E-68 
 0.0000002947                1.78099E-68 
 0.00000029471               1.82063E-68 
 0.00000029472               1.87148E-68 
 0.00000029473               1.88922E-68 
 0.00000029474               1.86702E-68 
 0.00000029475               1.82312E-68 
 0.00000029476               1.77334E-68 
 0.00000029477               1.72473E-68 
 0.00000029478               1.68041E-68 
 0.00000029479               1.64193E-68 
 0.0000002948                1.60974E-68 
 0.00000029481               1.5839E-68 
 0.00000029482               1.56359E-68 
 0.00000029483               1.54534E-68 
 0.00000029484               1.52151E-68 
 0.00000029485               1.48518E-68 
 0.00000029486               1.44211E-68 
 0.00000029487               1.40911E-68 
 0.00000029488               1.39368E-68 
 0.00000029489               1.3872E-68 
 0.0000002949                1.37535E-68 
 0.00000029491               1.35581E-68 
 0.00000029492               1.33994E-68 
 0.00000029493               1.33198E-68 
 0.00000029494               1.32589E-68 
 0.00000029495               1.3152E-68 
 0.00000029496               1.30004E-68 
 0.00000029497               1.2855E-68 
 0.00000029498               1.2742E-68 
 0.00000029499               1.26305E-68 
 0.000000295   1.24491E-68 
 0.00000029501               1.20926E-68 
 0.00000029502               1.14118E-68 
 0.00000029503               1.02523E-68 
 0.00000029504               8.62768E-69 
 0.00000029505               6.84133E-69 
 0.00000029506               5.31174E-69 
 0.00000029507               4.29668E-69 
 0.00000029508               3.86625E-69 
 0.00000029509               4.04846E-69 
 0.0000002951                4.82454E-69 
 0.00000029511               5.86516E-69 
 0.00000029512               6.37071E-69 
 0.00000029513               5.87565E-69 
 0.00000029514               5.18485E-69 
 0.00000029515               5.32467E-69 
 0.00000029516               6.52421E-69 
 0.00000029517               8.11867E-69 
 0.00000029518               9.07298E-69 
 0.00000029519               9.12431E-69 
 0.0000002952                8.64603E-69 
 0.00000029521               8.02392E-69 
 0.00000029522               7.59856E-69 
 0.00000029523               7.60525E-69 
 0.00000029524               7.96622E-69 
 0.00000029525               8.3345E-69 
 0.00000029526               8.46488E-69 
 0.00000029527               8.38815E-69 
 0.00000029528               8.22349E-69 
 0.00000029529               8.04535E-69 
 0.0000002953                7.89163E-69 
 0.00000029531               7.77624E-69 
 0.00000029532               7.68035E-69 
 0.00000029533               7.54867E-69 
 0.00000029534               7.29854E-69 
 0.00000029535               6.85992E-69 
 0.00000029536               6.32193E-69 
 0.00000029537               6.03789E-69 
 0.00000029538               6.22479E-69 
 0.00000029539               6.58981E-69 
 0.0000002954                6.76414E-69 
 0.00000029541               6.74745E-69 
 0.00000029542               6.64038E-69 
 0.00000029543               6.44199E-69 
 0.00000029544               6.18616E-69 
 0.00000029545               6.05513E-69 
 0.00000029546               6.08593E-69 
 0.00000029547               6.09621E-69 
 0.00000029548               6.02626E-69 
 0.00000029549               5.93685E-69 
 0.0000002955                5.85543E-69 
 0.00000029551               5.77385E-69 
 0.00000029552               5.68653E-69 
 0.00000029553               5.59879E-69 
 0.00000029554               5.5152E-69 
 0.00000029555               5.43311E-69 
 0.00000029556               5.34273E-69 
 0.00000029557               5.22164E-69 
 0.00000029558               5.03566E-69 
 0.00000029559               4.78323E-69 
 0.0000002956                4.54149E-69 
 0.00000029561               4.39663E-69 
 0.00000029562               4.34531E-69 
 0.00000029563               4.31825E-69 
 0.00000029564               4.19558E-69 
 0.00000029565               3.73059E-69 
 0.00000029566               2.81215E-69 
 0.00000029567               1.93142E-69 
 0.00000029568               1.59653E-69 
 0.00000029569               1.85698E-69 
 0.0000002957                2.41491E-69 
 0.00000029571               2.66593E-69 
 0.00000029572               2.69875E-69 
 0.00000029573               2.96218E-69 
 0.00000029574               3.27274E-69 
 0.00000029575               3.30724E-69 
 0.00000029576               3.16343E-69 
 0.00000029577               3.037E-69 
 0.00000029578               2.99647E-69 
 0.00000029579               2.99041E-69 
 0.0000002958                2.85383E-69 
 0.00000029581               2.44726E-69 
 0.00000029582               2.04189E-69 
 0.00000029583               2.05906E-69 
 0.00000029584               2.49333E-69 
 0.00000029585               2.92379E-69 
 0.00000029586               3.09542E-69 
 0.00000029587               3.1241E-69 
 0.00000029588               3.11466E-69 
 0.00000029589               3.08824E-69 
 0.0000002959                3.03546E-69 
 0.00000029591               2.93328E-69 
 0.00000029592               2.78388E-69 
 0.00000029593               2.66085E-69 
 0.00000029594               2.63268E-69 
 0.00000029595               2.64723E-69 
 0.00000029596               2.58334E-69 
 0.00000029597               2.39238E-69 
 0.00000029598               2.13971E-69 
 0.00000029599               1.95131E-69 
 0.000000296   1.91799E-69 
 0.00000029601               2.03043E-69 
 0.00000029602               2.19275E-69 
 0.00000029603               2.3076E-69 
 0.00000029604               2.34047E-69 
 0.00000029605               2.29E-69 
 0.00000029606               2.16591E-69 
 0.00000029607               2.01169E-69 
 0.00000029608               1.89672E-69 
 0.00000029609               1.86391E-69 
 0.0000002961                1.8988E-69 
 0.00000029611               1.95621E-69 
 0.00000029612               2.00687E-69 
 0.00000029613               2.04337E-69 
 0.00000029614               2.05896E-69 
 0.00000029615               2.04692E-69 
 0.00000029616               2.00942E-69 
 0.00000029617               1.95568E-69 
 0.00000029618               1.90124E-69 
 0.00000029619               1.86607E-69 
 0.0000002962                1.85607E-69 
 0.00000029621               1.85389E-69 
 0.00000029622               1.84108E-69 
 0.00000029623               1.81569E-69 
 0.00000029624               1.78405E-69 
 0.00000029625               1.75213E-69 
 0.00000029626               1.7258E-69 
 0.00000029627               1.7066E-69 
 0.00000029628               1.68834E-69 
 0.00000029629               1.6662E-69 
 0.0000002963                1.63968E-69 
 0.00000029631               1.60756E-69 
 0.00000029632               1.57177E-69 
 0.00000029633               1.54428E-69 
 0.00000029634               1.52506E-69 
 0.00000029635               1.50148E-69 
 0.00000029636               1.4737E-69 
 0.00000029637               1.44774E-69 
 0.00000029638               1.42576E-69 
 0.00000029639               1.40651E-69 
 0.0000002964                1.38707E-69 
 0.00000029641               1.36391E-69 
 0.00000029642               1.33248E-69 
 0.00000029643               1.2868E-69 
 0.00000029644               1.22164E-69 
 0.00000029645               1.13896E-69 
 0.00000029646               1.0564E-69 
 0.00000029647               1.0082E-69 
 0.00000029648               1.00679E-69 
 0.00000029649               1.0473E-69 
 0.0000002965                1.09773E-69 
 0.00000029651               1.13012E-69 
 0.00000029652               1.13816E-69 
 0.00000029653               1.12974E-69 
 0.00000029654               1.11395E-69 
 0.00000029655               1.09654E-69 
 0.00000029656               1.08008E-69 
 0.00000029657               1.06482E-69 
 0.00000029658               1.0495E-69 
 0.00000029659               1.03255E-69 
 0.0000002966                1.0142E-69 
 0.00000029661               9.97499E-70 
 0.00000029662               9.83697E-70 
 0.00000029663               9.70073E-70 
 0.00000029664               9.54461E-70 
 0.00000029665               9.36277E-70 
 0.00000029666               9.1345E-70 
 0.00000029667               8.82321E-70 
 0.00000029668               8.4342E-70 
 0.00000029669               8.07422E-70 
 0.0000002967                7.88962E-70 
 0.00000029671               7.91581E-70 
 0.00000029672               8.03123E-70 
 0.00000029673               8.07444E-70 
 0.00000029674               7.93662E-70 
 0.00000029675               7.50515E-70 
 0.00000029676               6.635E-70 
 0.00000029677               5.3796E-70 
 0.00000029678               4.16772E-70 
 0.00000029679               3.45985E-70 
 0.0000002968                3.42627E-70 
 0.00000029681               4.02903E-70 
 0.00000029682               5.03296E-70 
 0.00000029683               5.97976E-70 
 0.00000029684               6.52321E-70 
 0.00000029685               6.68019E-70 
 0.00000029686               6.62076E-70 
 0.00000029687               6.45265E-70 
 0.00000029688               6.20443E-70 
 0.00000029689               5.86459E-70 
 0.0000002969                5.42004E-70 
 0.00000029691               4.90999E-70 
 0.00000029692               4.44612E-70 
 0.00000029693               4.15816E-70 
 0.00000029694               4.11786E-70 
 0.00000029695               4.30531E-70 
 0.00000029696               4.62265E-70 
 0.00000029697               4.94072E-70 
 0.00000029698               5.16236E-70 
 0.00000029699               5.2583E-70 
 0.000000297   5.24777E-70 
 0.00000029701               5.16131E-70 
 0.00000029702               5.02679E-70 
 0.00000029703               4.87982E-70 
 0.00000029704               4.7656E-70 
 0.00000029705               4.70647E-70 
 0.00000029706               4.6824E-70 
 0.00000029707               4.65759E-70 
 0.00000029708               4.60882E-70 
 0.00000029709               4.53227E-70 
 0.0000002971                4.43609E-70 
 0.00000029711               4.33384E-70 
 0.00000029712               4.22647E-70 
 0.00000029713               4.04894E-70 
 0.00000029714               3.68504E-70 
 0.00000029715               3.17951E-70 
 0.00000029716               2.83893E-70 
 0.00000029717               2.84357E-70 
 0.00000029718               2.99833E-70 
 0.00000029719               3.00927E-70 
 0.0000002972                2.88842E-70 
 0.00000029721               2.80361E-70 
 0.00000029722               2.79191E-70 
 0.00000029723               2.80291E-70 
 0.00000029724               2.81861E-70 
 0.00000029725               2.82582E-70 
 0.00000029726               2.84431E-70 
 0.00000029727               2.87688E-70 
 0.00000029728               2.91765E-70 
 0.00000029729               2.9586E-70 
 0.0000002973                2.99359E-70 
 0.00000029731               3.01704E-70 
 0.00000029732               3.0176E-70 
 0.00000029733               2.97076E-70 
 0.00000029734               2.85822E-70 
 0.00000029735               2.72352E-70 
 0.00000029736               2.66073E-70 
 0.00000029737               2.69921E-70 
 0.00000029738               2.74572E-70 
 0.00000029739               2.65184E-70 
 0.0000002974                2.33992E-70 
 0.00000029741               1.9477E-70 
 0.00000029742               1.71942E-70 
 0.00000029743               1.71018E-70 
 0.00000029744               1.77999E-70 
 0.00000029745               1.82071E-70 
 0.00000029746               1.8697E-70 
 0.00000029747               1.97933E-70 
 0.00000029748               2.12536E-70 
 0.00000029749               2.24229E-70 
 0.0000002975                2.30075E-70 
 0.00000029751               2.31574E-70 
 0.00000029752               2.30546E-70 
 0.00000029753               2.27974E-70 
 0.00000029754               2.25928E-70 
 0.00000029755               2.2298E-70 
 0.00000029756               2.18067E-70 
 0.00000029757               2.11941E-70 
 0.00000029758               2.0469E-70 
 0.00000029759               1.97E-70 
 0.0000002976                1.89817E-70 
 0.00000029761               1.82425E-70 
 0.00000029762               1.75397E-70 
 0.00000029763               1.70739E-70 
 0.00000029764               1.70516E-70 
 0.00000029765               1.71854E-70 
 0.00000029766               1.64246E-70 
 0.00000029767               1.43039E-70 
 0.00000029768               1.27398E-70 
 0.00000029769               1.32423E-70 
 0.0000002977                1.45964E-70 
 0.00000029771               1.51256E-70 
 0.00000029772               1.50251E-70 
 0.00000029773               1.49333E-70 
 0.00000029774               1.49377E-70 
 0.00000029775               1.48672E-70 
 0.00000029776               1.4619E-70 
 0.00000029777               1.43144E-70 
 0.00000029778               1.41748E-70 
 0.00000029779               1.42632E-70 
 0.0000002978                1.44261E-70 
 0.00000029781               1.44824E-70 
 0.00000029782               1.43868E-70 
 0.00000029783               1.42017E-70 
 0.00000029784               1.39919E-70 
 0.00000029785               1.37799E-70 
 0.00000029786               1.35638E-70 
 0.00000029787               1.33395E-70 
 0.00000029788               1.31036E-70 
 0.00000029789               1.28559E-70 
 0.0000002979                1.26123E-70 
 0.00000029791               1.23886E-70 
 0.00000029792               1.21652E-70 
 0.00000029793               1.19395E-70 
 0.00000029794               1.17378E-70 
 0.00000029795               1.15583E-70 
 0.00000029796               1.13423E-70 
 0.00000029797               1.10269E-70 
 0.00000029798               1.05849E-70 
 0.00000029799               1.00252E-70 
 0.000000298   9.3995E-71 
 0.00000029801               8.80151E-71 
 0.00000029802               8.335E-71 
 0.00000029803               8.07192E-71 
 0.00000029804               8.02444E-71 
 0.00000029805               8.15087E-71 
 0.00000029806               8.37406E-71 
 0.00000029807               8.59042E-71 
 0.00000029808               8.71116E-71 
 0.00000029809               8.71777E-71 
 0.0000002981                8.64772E-71 
 0.00000029811               8.54613E-71 
 0.00000029812               8.44686E-71 
 0.00000029813               8.36663E-71 
 0.00000029814               8.30104E-71 
 0.00000029815               8.2302E-71 
 0.00000029816               8.13195E-71 
 0.00000029817               7.9924E-71 
 0.00000029818               7.80613E-71 
 0.00000029819               7.5706E-71 
 0.0000002982                7.28196E-71 
 0.00000029821               6.91868E-71 
 0.00000029822               6.34911E-71 
 0.00000029823               5.06943E-71 
 0.00000029824               2.39868E-71 
 0.00000029825               2.2345E-72 
 0.00000029826               3.70678E-75 
 0.00000029827               2.76034E-81 
 0.00000029828               4.53344E-92 
 0.00000029829               8.95427E-107 
 0.0000002983                2.47621E-121 
 0.00000029831               1.14683E-129 
 0.00000029832               1.21368E-127 
 0.00000029833               2.69298E-116 
 0.00000029834               5.30208E-101 
 0.00000029835               1.85052E-87 
 0.00000029836               1.77864E-78 
 0.00000029837               8.33211E-74 
 0.00000029838               7.31069E-72 
 0.00000029839               3.25154E-71 
 0.0000002984                4.72949E-71 
 0.00000029841               4.92749E-71 
 0.00000029842               4.85462E-71 
 0.00000029843               4.8994E-71 
 0.00000029844               5.02333E-71 
 0.00000029845               5.09868E-71 
 0.00000029846               5.09089E-71 
 0.00000029847               5.03114E-71 
 0.00000029848               4.95038E-71 
 0.00000029849               4.86192E-71 
 0.0000002985                4.7608E-71 
 0.00000029851               4.6091E-71 
 0.00000029852               4.34699E-71 
 0.00000029853               4.04031E-71 
 0.00000029854               3.90325E-71 
 0.00000029855               3.96285E-71 
 0.00000029856               4.02691E-71 
 0.00000029857               4.03353E-71 
 0.00000029858               4.04756E-71 
 0.00000029859               4.04235E-71 
 0.0000002986                3.97281E-71 
 0.00000029861               3.84872E-71 
 0.00000029862               3.70712E-71 
 0.00000029863               3.62705E-71 
 0.00000029864               3.64129E-71 
 0.00000029865               3.67483E-71 
 0.00000029866               3.66402E-71 
 0.00000029867               3.61893E-71 
 0.00000029868               3.56335E-71 
 0.00000029869               3.50322E-71 
 0.0000002987                3.43381E-71 
 0.00000029871               3.35307E-71 
 0.00000029872               3.27292E-71 
 0.00000029873               3.21219E-71 
 0.00000029874               3.17532E-71 
 0.00000029875               3.14662E-71 
 0.00000029876               3.1105E-71 
 0.00000029877               3.06814E-71 
 0.00000029878               3.02263E-71 
 0.00000029879               2.97477E-71 
 0.0000002988                2.92668E-71 
 0.00000029881               2.87749E-71 
 0.00000029882               2.82315E-71 
 0.00000029883               2.75895E-71 
 0.00000029884               2.68336E-71 
 0.00000029885               2.5995E-71 
 0.00000029886               2.5028E-71 
 0.00000029887               2.35779E-71 
 0.00000029888               2.13413E-71 
 0.00000029889               1.90315E-71 
 0.0000002989                1.77553E-71 
 0.00000029891               1.77013E-71 
 0.00000029892               1.84725E-71 
 0.00000029893               1.95622E-71 
 0.00000029894               2.02217E-71 
 0.00000029895               1.99852E-71 
 0.00000029896               1.916E-71 
 0.00000029897               1.83574E-71 
 0.00000029898               1.79648E-71 
 0.00000029899               1.8059E-71 
 0.000000299   1.84959E-71 
 0.00000029901               1.90192E-71 
 0.00000029902               1.93928E-71 
 0.00000029903               1.9516E-71 
 0.00000029904               1.94236E-71 
 0.00000029905               1.91865E-71 
 0.00000029906               1.88417E-71 
 0.00000029907               1.84091E-71 
 0.00000029908               1.79561E-71 
 0.00000029909               1.75216E-71 
 0.0000002991                1.71408E-71 
 0.00000029911               1.67991E-71 
 0.00000029912               1.64822E-71 
 0.00000029913               1.62175E-71 
 0.00000029914               1.60465E-71 
 0.00000029915               1.59518E-71 
 0.00000029916               1.58803E-71 
 0.00000029917               1.57944E-71 
 0.00000029918               1.56671E-71 
 0.00000029919               1.54843E-71 
 0.0000002992                1.52583E-71 
 0.00000029921               1.50105E-71 
 0.00000029922               1.47486E-71 
 0.00000029923               1.44805E-71 
 0.00000029924               1.42276E-71 
 0.00000029925               1.40008E-71 
 0.00000029926               1.37768E-71 
 0.00000029927               1.35091E-71 
 0.00000029928               1.3184E-71 
 0.00000029929               1.28609E-71 
 0.0000002993                1.25893E-71 
 0.00000029931               1.23586E-71 
 0.00000029932               1.21523E-71 
 0.00000029933               1.19307E-71 
 0.00000029934               1.15918E-71 
 0.00000029935               1.10401E-71 
 0.00000029936               1.0282E-71 
 0.00000029937               9.44706E-72 
 0.00000029938               8.72903E-72 
 0.00000029939               8.28713E-72 
 0.0000002994                8.15036E-72 
 0.00000029941               8.1797E-72 
 0.00000029942               8.14917E-72 
 0.00000029943               7.90919E-72 
 0.00000029944               7.48508E-72 
 0.00000029945               7.0249E-72 
 0.00000029946               6.6643E-72 
 0.00000029947               6.44776E-72 
 0.00000029948               6.35233E-72 
 0.00000029949               6.32931E-72 
 0.0000002995                6.35534E-72 
 0.00000029951               6.43545E-72 
 0.00000029952               6.57156E-72 
 0.00000029953               6.75382E-72 
 0.00000029954               6.96195E-72 
 0.00000029955               7.17158E-72 
 0.00000029956               7.35969E-72 
 0.00000029957               7.49982E-72 
 0.00000029958               7.57087E-72 
 0.00000029959               7.59062E-72 
 0.0000002996                7.60608E-72 
 0.00000029961               7.61706E-72 
 0.00000029962               7.58248E-72 
 0.00000029963               7.48804E-72 
 0.00000029964               7.33584E-72 
 0.00000029965               7.12562E-72 
 0.00000029966               6.87855E-72 
 0.00000029967               6.64971E-72 
 0.00000029968               6.50182E-72 
 0.00000029969               6.45084E-72 
 0.0000002997                6.45699E-72 
 0.00000029971               6.46539E-72 
 0.00000029972               6.44549E-72 
 0.00000029973               6.39441E-72 
 0.00000029974               6.31987E-72 
 0.00000029975               6.22746E-72 
 0.00000029976               6.11697E-72 
 0.00000029977               5.99151E-72 
 0.00000029978               5.87182E-72 
 0.00000029979               5.77787E-72 
 0.0000002998                5.6957E-72 
 0.00000029981               5.59666E-72 
 0.00000029982               5.47511E-72 
 0.00000029983               5.34411E-72 
 0.00000029984               5.21558E-72 
 0.00000029985               5.09148E-72 
 0.00000029986               4.95E-72 
 0.00000029987               4.75101E-72 
 0.00000029988               4.51248E-72 
 0.00000029989               4.34769E-72 
 0.0000002999                4.33263E-72 
 0.00000029991               4.37447E-72 
 0.00000029992               4.26021E-72 
 0.00000029993               3.85614E-72 
 0.00000029994               3.29787E-72 
 0.00000029995               2.90735E-72 
 0.00000029996               2.88545E-72 
 0.00000029997               3.20177E-72 
 0.00000029998               3.64177E-72 
 0.00000029999               3.95203E-72 
 0.0000003     4.04917E-72 
