 0.000000294   0.000000251169 
 0.00000029401               0.000000270238 
 0.00000029402               0.000000314522 
 0.00000029403               0.00000034471 
 0.00000029404               0.000000354196 
 0.00000029405               0.000000355834 
 0.00000029406               0.000000355812 
 0.00000029407               0.00000035518 
 0.00000029408               0.000000353748 
 0.00000029409               0.000000350767 
 0.0000002941                0.000000335628 
 0.00000029411               0.000000233901 
 0.00000029412               0.0000000395525 
 0.00000029413               0.000000000506892 
 0.00000029414               7.23312E-12 
 0.00000029415               1.97123E-11 
 0.00000029416               0.00000000266806 
 0.00000029417               0.0000000922845 
 0.00000029418               0.000000287421 
 0.00000029419               0.00000034531 
 0.0000002942                0.000000349843 
 0.00000029421               0.000000348105 
 0.00000029422               0.000000341673 
 0.00000029423               0.000000318346 
 0.00000029424               0.000000269935 
 0.00000029425               0.000000226975 
 0.00000029426               0.000000225327 
 0.00000029427               0.000000256606 
 0.00000029428               0.00000028462 
 0.00000029429               0.000000291831 
 0.0000002943                0.000000279255 
 0.00000029431               0.000000258081 
 0.00000029432               0.00000024826 
 0.00000029433               0.000000252595 
 0.00000029434               0.000000255315 
 0.00000029435               0.000000255645 
 0.00000029436               0.000000268863 
 0.00000029437               0.000000294665 
 0.00000029438               0.000000318432 
 0.00000029439               0.000000331912 
 0.0000002944                0.000000336364 
 0.00000029441               0.000000335796 
 0.00000029442               0.000000332124 
 0.00000029443               0.000000323473 
 0.00000029444               0.000000309494 
 0.00000029445               0.00000029751 
 0.00000029446               0.000000296816 
 0.00000029447               0.000000307124 
 0.00000029448               0.000000319891 
 0.00000029449               0.000000328914 
 0.0000002945                0.000000333304 
 0.00000029451               0.000000334557 
 0.00000029452               0.000000334472 
 0.00000029453               0.000000334053 
 0.00000029454               0.000000333589 
 0.00000029455               0.000000333129 
 0.00000029456               0.000000332671 
 0.00000029457               0.00000033221 
 0.00000029458               0.00000033174 
 0.00000029459               0.000000331254 
 0.0000002946                0.000000330749 
 0.00000029461               0.00000033022 
 0.00000029462               0.000000329645 
 0.00000029463               0.000000328721 
 0.00000029464               0.000000326304 
 0.00000029465               0.000000320683 
 0.00000029466               0.000000312044 
 0.00000029467               0.000000302561 
 0.00000029468               0.000000292032 
 0.00000029469               0.000000279142 
 0.0000002947                0.000000267238 
 0.00000029471               0.00000026244 
 0.00000029472               0.000000267617 
 0.00000029473               0.000000280441 
 0.00000029474               0.000000294881 
 0.00000029475               0.000000303881 
 0.00000029476               0.00000030079 
 0.00000029477               0.00000028496 
 0.00000029478               0.00000027023 
 0.00000029479               0.00000027275 
 0.0000002948                0.000000289965 
 0.00000029481               0.000000305922 
 0.00000029482               0.000000313406 
 0.00000029483               0.000000315566 
 0.00000029484               0.000000315274 
 0.00000029485               0.000000314199 
 0.00000029486               0.000000313322 
 0.00000029487               0.000000311223 
 0.00000029488               0.000000304599 
 0.00000029489               0.000000290753 
 0.0000002949                0.000000270051 
 0.00000029491               0.00000024703 
 0.00000029492               0.00000022895 
 0.00000029493               0.000000222288 
 0.00000029494               0.00000022958 
 0.00000029495               0.000000248092 
 0.00000029496               0.000000270317 
 0.00000029497               0.000000285354 
 0.00000029498               0.000000273933 
 0.00000029499               0.000000202883 
 0.000000295   0.0000000887664 
 0.00000029501               0.0000000225121 
 0.00000029502               0.00000000660415 
 0.00000029503               0.00000000597426 
 0.00000029504               0.0000000182753 
 0.00000029505               0.0000000750681 
 0.00000029506               0.000000187836 
 0.00000029507               0.00000027027 
 0.00000029508               0.000000280416 
 0.00000029509               0.00000016647 
 0.0000002951                0.0000000121424 
 0.00000029511               2.17744E-11 
 0.00000029512               5.03003E-14 
 0.00000029513               2.27812E-13 
 0.00000029514               0.000000000266971 
 0.00000029515               0.0000000434438 
 0.00000029516               0.000000223131 
 0.00000029517               0.000000288491 
 0.00000029518               0.000000289609 
 0.00000029519               0.000000282113 
 0.0000002952                0.000000269216 
 0.00000029521               0.000000248412 
 0.00000029522               0.000000219319 
 0.00000029523               0.000000183428 
 0.00000029524               0.000000144692 
 0.00000029525               0.000000108572 
 0.00000029526               0.0000000794103 
 0.00000029527               0.0000000589621 
 0.00000029528               0.0000000470645 
 0.00000029529               0.0000000425941 
 0.0000002953                0.0000000437825 
 0.00000029531               0.0000000488171 
 0.00000029532               0.000000057202 
 0.00000029533               0.0000000709992 
 0.00000029534               0.0000000942322 
 0.00000029535               0.000000128945 
 0.00000029536               0.000000167784 
 0.00000029537               0.000000192249 
 0.00000029538               0.000000191574 
 0.00000029539               0.000000177013 
 0.0000002954                0.000000163926 
 0.00000029541               0.000000157991 
 0.00000029542               0.000000159952 
 0.00000029543               0.000000170298 
 0.00000029544               0.000000188821 
 0.00000029545               0.000000213293 
 0.00000029546               0.000000238986 
 0.00000029547               0.000000260417 
 0.00000029548               0.000000274528 
 0.00000029549               0.000000281792 
 0.0000002955                0.000000284555 
 0.00000029551               0.000000285054 
 0.00000029552               0.000000284609 
 0.00000029553               0.000000283638 
 0.00000029554               0.000000281651 
 0.00000029555               0.000000276816 
 0.00000029556               0.000000266984 
 0.00000029557               0.000000255284 
 0.00000029558               0.000000251116 
 0.00000029559               0.00000025834 
 0.0000002956                0.000000269053 
 0.00000029561               0.000000273639 
 0.00000029562               0.000000271455 
 0.00000029563               0.000000269695 
 0.00000029564               0.000000272305 
 0.00000029565               0.000000275377 
 0.00000029566               0.000000276262 
 0.00000029567               0.000000276306 
 0.00000029568               0.000000276624 
 0.00000029569               0.000000277128 
 0.0000002957                0.000000277412 
 0.00000029571               0.000000277359 
 0.00000029572               0.000000277151 
 0.00000029573               0.000000276814 
 0.00000029574               0.000000276094 
 0.00000029575               0.00000027494 
 0.00000029576               0.000000273807 
 0.00000029577               0.000000273145 
 0.00000029578               0.000000272785 
 0.00000029579               0.000000271794 
 0.0000002958                0.000000269291 
 0.00000029581               0.000000266961 
 0.00000029582               0.00000026769 
 0.00000029583               0.000000269884 
 0.00000029584               0.000000270119 
 0.00000029585               0.000000267367 
 0.00000029586               0.000000262008 
 0.00000029587               0.0000002561 
 0.00000029588               0.000000252628 
 0.00000029589               0.000000252171 
 0.0000002959                0.000000253401 
 0.00000029591               0.00000025588 
 0.00000029592               0.000000259433 
 0.00000029593               0.000000262925 
 0.00000029594               0.000000263767 
 0.00000029595               0.00000025571 
 0.00000029596               0.000000232519 
 0.00000029597               0.000000206912 
 0.00000029598               0.000000204184 
 0.00000029599               0.000000227108 
 0.000000296   0.00000025204 
 0.00000029601               0.000000262661 
 0.00000029602               0.000000264427 
 0.00000029603               0.000000264494 
 0.00000029604               0.000000264402 
 0.00000029605               0.000000263995 
 0.00000029606               0.000000263504 
 0.00000029607               0.000000263185 
 0.00000029608               0.000000262932 
 0.00000029609               0.000000262593 
 0.0000002961                0.000000262346 
 0.00000029611               0.00000026224 
 0.00000029612               0.000000262048 
 0.00000029613               0.000000261658 
 0.00000029614               0.000000260745 
 0.00000029615               0.000000258889 
 0.00000029616               0.000000257043 
 0.00000029617               0.000000257051 
 0.00000029618               0.000000258321 
 0.00000029619               0.000000258631 
 0.0000002962                0.000000256503 
 0.00000029621               0.000000250739 
 0.00000029622               0.000000242484 
 0.00000029623               0.000000237272 
 0.00000029624               0.000000239261 
 0.00000029625               0.000000245551 
 0.00000029626               0.000000250391 
 0.00000029627               0.000000251183 
 0.00000029628               0.000000248266 
 0.00000029629               0.000000243615 
 0.0000002963                0.000000240442 
 0.00000029631               0.000000240927 
 0.00000029632               0.000000243372 
 0.00000029633               0.000000241549 
 0.00000029634               0.00000022849 
 0.00000029635               0.000000206207 
 0.00000029636               0.000000186478 
 0.00000029637               0.000000174897 
 0.00000029638               0.000000167302 
 0.00000029639               0.000000162777 
 0.0000002964                0.00000016621 
 0.00000029641               0.000000179833 
 0.00000029642               0.000000199623 
 0.00000029643               0.000000217798 
 0.00000029644               0.000000228603 
 0.00000029645               0.000000232477 
 0.00000029646               0.000000233687 
 0.00000029647               0.000000234894 
 0.00000029648               0.000000235683 
 0.00000029649               0.000000235445 
 0.0000002965                0.000000235021 
 0.00000029651               0.000000234532 
 0.00000029652               0.000000219698 
 0.00000029653               0.000000111151 
 0.00000029654               0.00000000327969 
 0.00000029655               3.72404E-13 
 0.00000029656               2.14816E-17 
 0.00000029657               5.41922E-17 
 0.00000029658               1.73929E-12 
 0.00000029659               0.0000000072513 
 0.0000002966                0.000000135424 
 0.00000029661               0.000000230774 
 0.00000029662               0.000000242481 
 0.00000029663               0.000000242734 
 0.00000029664               0.00000024234 
 0.00000029665               0.000000242139 
 0.00000029666               0.000000242223 
 0.00000029667               0.000000242374 
 0.00000029668               0.00000024237 
 0.00000029669               0.000000242184 
 0.0000002967                0.00000024175 
 0.00000029671               0.000000240773 
 0.00000029672               0.000000238604 
 0.00000029673               0.000000234698 
 0.00000029674               0.000000229226 
 0.00000029675               0.000000221016 
 0.00000029676               0.000000209716 
 0.00000029677               0.00000020615 
 0.00000029678               0.000000213496 
 0.00000029679               0.00000021822 
 0.0000002968                0.000000220648 
 0.00000029681               0.000000226349 
 0.00000029682               0.000000230814 
 0.00000029683               0.000000229308 
 0.00000029684               0.000000222465 
 0.00000029685               0.000000213612 
 0.00000029686               0.000000206582 
 0.00000029687               0.00000020419 
 0.00000029688               0.000000207076 
 0.00000029689               0.000000213764 
 0.0000002969                0.000000221468 
 0.00000029691               0.000000227504 
 0.00000029692               0.000000230625 
 0.00000029693               0.000000231389 
 0.00000029694               0.00000023121 
 0.00000029695               0.000000231103 
 0.00000029696               0.000000231228 
 0.00000029697               0.000000231337 
 0.00000029698               0.000000231254 
 0.00000029699               0.000000230968 
 0.000000297   0.000000230476 
 0.00000029701               0.000000229682 
 0.00000029702               0.000000228364 
 0.00000029703               0.000000225742 
 0.00000029704               0.000000219607 
 0.00000029705               0.000000205333 
 0.00000029706               0.000000176681 
 0.00000029707               0.00000013684 
 0.00000029708               0.00000010491 
 0.00000029709               0.0000000926558 
 0.0000002971                0.000000095418 
 0.00000029711               0.000000105296 
 0.00000029712               0.00000011886 
 0.00000029713               0.000000135027 
 0.00000029714               0.000000153933 
 0.00000029715               0.000000174987 
 0.00000029716               0.00000019266 
 0.00000029717               0.000000201957 
 0.00000029718               0.000000205078 
 0.00000029719               0.000000206589 
 0.0000002972                0.000000208363 
 0.00000029721               0.000000210382 
 0.00000029722               0.000000212467 
 0.00000029723               0.000000214443 
 0.00000029724               0.000000216332 
 0.00000029725               0.000000218321 
 0.00000029726               0.00000021999 
 0.00000029727               0.000000220422 
 0.00000029728               0.000000218386 
 0.00000029729               0.000000213528 
 0.0000002973                0.000000209941 
 0.00000029731               0.000000211292 
 0.00000029732               0.000000213713 
 0.00000029733               0.000000213081 
 0.00000029734               0.000000209877 
 0.00000029735               0.000000205436 
 0.00000029736               0.000000201061 
 0.00000029737               0.000000198852 
 0.00000029738               0.000000200285 
 0.00000029739               0.000000204302 
 0.0000002974                0.000000208161 
 0.00000029741               0.000000210284 
 0.00000029742               0.000000211133 
 0.00000029743               0.000000211285 
 0.00000029744               0.000000210572 
 0.00000029745               0.000000209298 
 0.00000029746               0.000000208623 
 0.00000029747               0.00000020925 
 0.00000029748               0.000000210576 
 0.00000029749               0.000000211655 
 0.0000002975                0.00000021218 
 0.00000029751               0.000000211964 
 0.00000029752               0.000000209034 
 0.00000029753               0.000000195557 
 0.00000029754               0.000000157652 
 0.00000029755               0.0000000981175 
 0.00000029756               0.0000000499611 
 0.00000029757               0.0000000297303 
 0.00000029758               0.0000000303737 
 0.00000029759               0.0000000513659 
 0.0000002976                0.0000000958675 
 0.00000029761               0.000000146347 
 0.00000029762               0.000000180571 
 0.00000029763               0.00000019761 
 0.00000029764               0.000000204599 
 0.00000029765               0.000000206468 
 0.00000029766               0.000000205647 
 0.00000029767               0.000000204082 
 0.00000029768               0.000000203511 
 0.00000029769               0.000000204234 
 0.0000002977                0.000000205244 
 0.00000029771               0.000000205727 
 0.00000029772               0.000000205605 
 0.00000029773               0.000000205035 
 0.00000029774               0.00000020417 
 0.00000029775               0.000000203121 
 0.00000029776               0.000000201833 
 0.00000029777               0.00000020004 
 0.00000029778               0.000000196597 
 0.00000029779               0.00000018839 
 0.0000002978                0.00000017166 
 0.00000029781               0.000000146455 
 0.00000029782               0.000000119531 
 0.00000029783               0.00000010016 
 0.00000029784               0.0000000937282 
 0.00000029785               0.000000101093 
 0.00000029786               0.000000120046 
 0.00000029787               0.000000144666 
 0.00000029788               0.000000166864 
 0.00000029789               0.000000181633 
 0.0000002979                0.000000189498 
 0.00000029791               0.000000193317 
 0.00000029792               0.000000195074 
 0.00000029793               0.000000195584 
 0.00000029794               0.000000194763 
 0.00000029795               0.000000190422 
 0.00000029796               0.000000177432 
 0.00000029797               0.000000152806 
 0.00000029798               0.00000012446 
 0.00000029799               0.000000106772 
 0.000000298   0.000000107785 
 0.00000029801               0.000000126581 
 0.00000029802               0.000000152701 
 0.00000029803               0.000000168333 
 0.00000029804               0.000000161148 
 0.00000029805               0.000000136701 
 0.00000029806               0.00000011586 
 0.00000029807               0.000000113563 
 0.00000029808               0.000000128661 
 0.00000029809               0.000000148535 
 0.0000002981                0.0000001623 
 0.00000029811               0.00000017024 
 0.00000029812               0.000000176307 
 0.00000029813               0.000000181957 
 0.00000029814               0.00000018675 
 0.00000029815               0.000000190052 
 0.00000029816               0.000000191819 
 0.00000029817               0.000000192458 
 0.00000029818               0.000000192443 
 0.00000029819               0.000000192133 
 0.0000002982                0.000000191717 
 0.00000029821               0.000000190985 
 0.00000029822               0.000000189558 
 0.00000029823               0.000000187905 
 0.00000029824               0.000000186858 
 0.00000029825               0.000000187057 
 0.00000029826               0.000000188378 
 0.00000029827               0.000000189372 
 0.00000029828               0.000000189363 
 0.00000029829               0.000000188617 
 0.0000002983                0.000000187331 
 0.00000029831               0.000000185907 
 0.00000029832               0.000000185054 
 0.00000029833               0.00000018507 
 0.00000029834               0.000000185713 
 0.00000029835               0.000000186448 
 0.00000029836               0.000000186353 
 0.00000029837               0.00000018415 
 0.00000029838               0.000000177256 
 0.00000029839               0.00000016188 
 0.0000002984                0.000000138811 
 0.00000029841               0.00000011858 
 0.00000029842               0.000000110559 
 0.00000029843               0.000000104281 
 0.00000029844               0.0000000736269 
 0.00000029845               0.000000037009 
 0.00000029846               0.0000000251282 
 0.00000029847               0.000000039098 
 0.00000029848               0.0000000874296 
 0.00000029849               0.000000144974 
 0.0000002985                0.000000167842 
 0.00000029851               0.000000166719 
 0.00000029852               0.000000160029 
 0.00000029853               0.000000151234 
 0.00000029854               0.000000137561 
 0.00000029855               0.000000119914 
 0.00000029856               0.000000107496 
 0.00000029857               0.000000109074 
 0.00000029858               0.000000125724 
 0.00000029859               0.000000149321 
 0.0000002986                0.000000167694 
 0.00000029861               0.000000176229 
 0.00000029862               0.000000178654 
 0.00000029863               0.000000179158 
 0.00000029864               0.000000179108 
 0.00000029865               0.000000178067 
 0.00000029866               0.000000174653 
 0.00000029867               0.000000167252 
 0.00000029868               0.000000156894 
 0.00000029869               0.000000148991 
 0.0000002987                0.000000148873 
 0.00000029871               0.000000156192 
 0.00000029872               0.000000165311 
 0.00000029873               0.000000171013 
 0.00000029874               0.000000171529 
 0.00000029875               0.000000157696 
 0.00000029876               0.000000087686 
 0.00000029877               0.00000000799082 
 0.00000029878               2.11659E-11 
 0.00000029879               5.94527E-16 
 0.0000002988                3.20377E-22 
 0.00000029881               3.14182E-26 
 0.00000029882               1.46889E-22 
 0.00000029883               1.40475E-14 
 0.00000029884               0.00000000215071 
 0.00000029885               0.0000000861622 
 0.00000029886               0.000000156486 
 0.00000029887               0.000000165276 
 0.00000029888               0.00000016643 
 0.00000029889               0.000000167198 
 0.0000002989                0.000000167725 
 0.00000029891               0.000000178181 
 0.00000029892               0.00000017654 
 0.00000029893               0.000000172676 
 0.00000029894               0.000000167547 
 0.00000029895               0.000000163734 
 0.00000029896               0.000000163354 
 0.00000029897               0.000000164418 
 0.00000029898               0.000000162689 
 0.00000029899               0.000000157505 
 0.000000299   0.000000151892 
 0.00000029901               0.000000148645 
 0.00000029902               0.000000147573 
 0.00000029903               0.000000146345 
 0.00000029904               0.00000014572 
 0.00000029905               0.000000150368 
 0.00000029906               0.000000160495 
 0.00000029907               0.000000169498 
 0.00000029908               0.000000172604 
 0.00000029909               0.000000170216 
 0.0000002991                0.000000163867 
 0.00000029911               0.000000155579 
 0.00000029912               0.00000014831 
 0.00000029913               0.000000143621 
 0.00000029914               0.000000139869 
 0.00000029915               0.000000134295 
 0.00000029916               0.000000127243 
 0.00000029917               0.000000123089 
 0.00000029918               0.000000125968 
 0.00000029919               0.000000136217 
 0.0000002992                0.000000150006 
 0.00000029921               0.000000161955 
 0.00000029922               0.000000168989 
 0.00000029923               0.000000171502 
 0.00000029924               0.000000171665 
 0.00000029925               0.000000171584 
 0.00000029926               0.00000017192 
 0.00000029927               0.000000171775 
 0.00000029928               0.000000169662 
 0.00000029929               0.000000164535 
 0.0000002993                0.000000157812 
 0.00000029931               0.000000153921 
 0.00000029932               0.000000155862 
 0.00000029933               0.000000161448 
 0.00000029934               0.000000166208 
 0.00000029935               0.000000168369 
 0.00000029936               0.000000168853 
 0.00000029937               0.000000168664 
 0.00000029938               0.000000168081 
 0.00000029939               0.000000166851 
 0.0000002994                0.000000160701 
 0.00000029941               0.000000124373 
 0.00000029942               0.0000000375748 
 0.00000029943               0.00000000119822 
 0.00000029944               3.93386E-12 
 0.00000029945               5.10309E-14 
 0.00000029946               1.72186E-13 
 0.00000029947               4.13168E-11 
 0.00000029948               0.00000000582095 
 0.00000029949               0.0000000611901 
 0.0000002995                0.000000126025 
 0.00000029951               0.000000153201 
 0.00000029952               0.000000162168 
 0.00000029953               0.00000016439 
 0.00000029954               0.000000164663 
 0.00000029955               0.000000164154 
 0.00000029956               0.000000160803 
 0.00000029957               0.000000144361 
 0.00000029958               0.0000000991768 
 0.00000029959               0.0000000451825 
 0.0000002996                0.0000000189361 
 0.00000029961               0.0000000153654 
 0.00000029962               0.0000000298072 
 0.00000029963               0.0000000729539 
 0.00000029964               0.000000126265 
 0.00000029965               0.000000152497 
 0.00000029966               0.00000015748 
 0.00000029967               0.000000156912 
 0.00000029968               0.000000156198 
 0.00000029969               0.000000155835 
 0.0000002997                0.000000155321 
 0.00000029971               0.00000015543 
 0.00000029972               0.000000155743 
 0.00000029973               0.000000156901 
 0.00000029974               0.000000158262 
 0.00000029975               0.000000159084 
 0.00000029976               0.000000158637 
 0.00000029977               0.000000156234 
 0.00000029978               0.000000152012 
 0.00000029979               0.000000147601 
 0.0000002998                0.000000144973 
 0.00000029981               0.000000144875 
 0.00000029982               0.00000014689 
 0.00000029983               0.000000149892 
 0.00000029984               0.000000152214 
 0.00000029985               0.000000152284 
 0.00000029986               0.000000150711 
 0.00000029987               0.000000150387 
 0.00000029988               0.000000151795 
 0.00000029989               0.000000152762 
 0.0000002999                0.000000152929 
 0.00000029991               0.000000153374 
 0.00000029992               0.000000154259 
 0.00000029993               0.000000155006 
 0.00000029994               0.000000155301 
 0.00000029995               0.000000155235 
 0.00000029996               0.000000154997 
 0.00000029997               0.000000154667 
 0.00000029998               0.000000154132 
 0.00000029999               0.00000015314 
 0.0000003     0.000000151678 
