 0.000000294   5.1883E-15 
 0.00000029401               4.36062E-15 
 0.00000029402               3.27088E-15 
 0.00000029403               2.41536E-15 
 0.00000029404               2.17301E-15 
 0.00000029405               2.6312E-15 
 0.00000029406               3.73909E-15 
 0.00000029407               5.05051E-15 
 0.00000029408               5.93666E-15 
 0.00000029409               6.2886E-15 
 0.0000002941                6.366E-15 
 0.00000029411               6.35872E-15 
 0.00000029412               6.31588E-15 
 0.00000029413               6.19703E-15 
 0.00000029414               5.92772E-15 
 0.00000029415               5.55674E-15 
 0.00000029416               5.31397E-15 
 0.00000029417               5.37755E-15 
 0.00000029418               5.66165E-15 
 0.00000029419               5.92853E-15 
 0.0000002942                6.04944E-15 
 0.00000029421               6.06578E-15 
 0.00000029422               6.05079E-15 
 0.00000029423               6.02807E-15 
 0.00000029424               5.98756E-15 
 0.00000029425               5.92862E-15 
 0.00000029426               5.88306E-15 
 0.00000029427               5.88236E-15 
 0.00000029428               5.91638E-15 
 0.00000029429               5.94975E-15 
 0.0000002943                5.96396E-15 
 0.00000029431               5.96147E-15 
 0.00000029432               5.948E-15 
 0.00000029433               5.90454E-15 
 0.00000029434               5.75261E-15 
 0.00000029435               5.50039E-15 
 0.00000029436               5.43393E-15 
 0.00000029437               5.61734E-15 
 0.00000029438               5.7381E-15 
 0.00000029439               5.6928E-15 
 0.0000002944                5.5748E-15 
 0.00000029441               5.46486E-15 
 0.00000029442               5.41403E-15 
 0.00000029443               5.42785E-15 
 0.00000029444               5.47736E-15 
 0.00000029445               5.53317E-15 
 0.00000029446               5.57704E-15 
 0.00000029447               5.59946E-15 
 0.00000029448               5.60056E-15 
 0.00000029449               5.58288E-15 
 0.0000002945                5.55398E-15 
 0.00000029451               5.52169E-15 
 0.00000029452               5.49304E-15 
 0.00000029453               5.4698E-15 
 0.00000029454               5.44873E-15 
 0.00000029455               5.41565E-15 
 0.00000029456               5.33253E-15 
 0.00000029457               5.17754E-15 
 0.00000029458               5.04063E-15 
 0.00000029459               5.04542E-15 
 0.0000002946                5.1524E-15 
 0.00000029461               5.22811E-15 
 0.00000029462               5.24332E-15 
 0.00000029463               5.24541E-15 
 0.00000029464               5.24018E-15 
 0.00000029465               5.19628E-15 
 0.00000029466               5.10862E-15 
 0.00000029467               4.99339E-15 
 0.00000029468               4.85423E-15 
 0.00000029469               4.66785E-15 
 0.0000002947                4.41006E-15 
 0.00000029471               4.10859E-15 
 0.00000029472               3.80315E-15 
 0.00000029473               3.50818E-15 
 0.00000029474               3.27175E-15 
 0.00000029475               3.16043E-15 
 0.00000029476               3.2092E-15 
 0.00000029477               3.41523E-15 
 0.00000029478               3.74058E-15 
 0.00000029479               4.11317E-15 
 0.0000002948                4.4474E-15 
 0.00000029481               4.68492E-15 
 0.00000029482               4.81383E-15 
 0.00000029483               4.85348E-15 
 0.00000029484               4.83036E-15 
 0.00000029485               4.77228E-15 
 0.00000029486               4.71069E-15 
 0.00000029487               4.66394E-15 
 0.00000029488               4.62549E-15 
 0.00000029489               4.59837E-15 
 0.0000002949                4.6133E-15 
 0.00000029491               4.67616E-15 
 0.00000029492               4.74741E-15 
 0.00000029493               4.79296E-15 
 0.00000029494               4.80923E-15 
 0.00000029495               4.80155E-15 
 0.00000029496               4.75389E-15 
 0.00000029497               4.57535E-15 
 0.00000029498               4.04469E-15 
 0.00000029499               3.01182E-15 
 0.000000295   1.85654E-15 
 0.00000029501               1.143E-15 
 0.00000029502               9.67551E-16 
 0.00000029503               1.2797E-15 
 0.00000029504               2.12899E-15 
 0.00000029505               3.26897E-15 
 0.00000029506               4.09944E-15 
 0.00000029507               4.43564E-15 
 0.00000029508               4.5149E-15 
 0.00000029509               4.52952E-15 
 0.0000002951                4.535E-15 
 0.00000029511               4.53094E-15 
 0.00000029512               4.52164E-15 
 0.00000029513               4.51366E-15 
 0.00000029514               4.49277E-15 
 0.00000029515               4.44627E-15 
 0.00000029516               4.38569E-15 
 0.00000029517               4.33651E-15 
 0.00000029518               4.31697E-15 
 0.00000029519               4.3291E-15 
 0.0000002952                4.35784E-15 
 0.00000029521               4.38206E-15 
 0.00000029522               4.3906E-15 
 0.00000029523               4.38485E-15 
 0.00000029524               4.3707E-15 
 0.00000029525               4.35269E-15 
 0.00000029526               4.33164E-15 
 0.00000029527               4.30871E-15 
 0.00000029528               4.28358E-15 
 0.00000029529               4.25235E-15 
 0.0000002953                4.2103E-15 
 0.00000029531               4.15363E-15 
 0.00000029532               4.08575E-15 
 0.00000029533               4.02346E-15 
 0.00000029534               3.97884E-15 
 0.00000029535               3.91589E-15 
 0.00000029536               3.77346E-15 
 0.00000029537               3.59296E-15 
 0.00000029538               3.52022E-15 
 0.00000029539               3.61511E-15 
 0.0000002954                3.79091E-15 
 0.00000029541               3.94358E-15 
 0.00000029542               4.03383E-15 
 0.00000029543               4.06718E-15 
 0.00000029544               4.06796E-15 
 0.00000029545               4.05862E-15 
 0.00000029546               4.0496E-15 
 0.00000029547               4.04266E-15 
 0.00000029548               4.03535E-15 
 0.00000029549               4.02465E-15 
 0.0000002955                4.00928E-15 
 0.00000029551               3.98884E-15 
 0.00000029552               3.96344E-15 
 0.00000029553               3.93505E-15 
 0.00000029554               3.90777E-15 
 0.00000029555               3.88603E-15 
 0.00000029556               3.87287E-15 
 0.00000029557               3.86831E-15 
 0.00000029558               3.8685E-15 
 0.00000029559               3.8671E-15 
 0.0000002956                3.85746E-15 
 0.00000029561               3.83108E-15 
 0.00000029562               3.76108E-15 
 0.00000029563               3.5684E-15 
 0.00000029564               3.17164E-15 
 0.00000029565               2.69928E-15 
 0.00000029566               2.46381E-15 
 0.00000029567               2.61482E-15 
 0.00000029568               3.00242E-15 
 0.00000029569               3.33642E-15 
 0.0000002957                3.52025E-15 
 0.00000029571               3.62225E-15 
 0.00000029572               3.66615E-15 
 0.00000029573               3.64996E-15 
 0.00000029574               3.58896E-15 
 0.00000029575               3.50783E-15 
 0.00000029576               3.44603E-15 
 0.00000029577               3.43815E-15 
 0.00000029578               3.47732E-15 
 0.00000029579               3.52586E-15 
 0.0000002958                3.55314E-15 
 0.00000029581               3.55043E-15 
 0.00000029582               3.52108E-15 
 0.00000029583               3.46921E-15 
 0.00000029584               3.40453E-15 
 0.00000029585               3.33867E-15 
 0.00000029586               3.26819E-15 
 0.00000029587               3.18182E-15 
 0.00000029588               5.06743E-15 
 0.00000029589               4.94014E-15 
 0.0000002959                4.88418E-15 
 0.00000029591               4.91302E-15 
 0.00000029592               5.00622E-15 
 0.00000029593               5.1127E-15 
 0.00000029594               5.16709E-15 
 0.00000029595               5.1419E-15 
 0.00000029596               5.09298E-15 
 0.00000029597               5.10484E-15 
 0.00000029598               5.1819E-15 
 0.00000029599               5.23408E-15 
 0.000000296   5.18025E-15 
 0.00000029601               5.04581E-15 
 0.00000029602               4.95135E-15 
 0.00000029603               4.99513E-15 
 0.00000029604               5.14464E-15 
 0.00000029605               5.27936E-15 
 0.00000029606               5.33192E-15 
 0.00000029607               5.32959E-15 
 0.00000029608               5.32321E-15 
 0.00000029609               5.33095E-15 
 0.0000002961                5.34104E-15 
 0.00000029611               5.33995E-15 
 0.00000029612               5.31829E-15 
 0.00000029613               5.25534E-15 
 0.00000029614               5.15667E-15 
 0.00000029615               5.10818E-15 
 0.00000029616               5.15134E-15 
 0.00000029617               5.20318E-15 
 0.00000029618               5.20827E-15 
 0.00000029619               5.17868E-15 
 0.0000002962                5.12474E-15 
 0.00000029621               5.04255E-15 
 0.00000029622               4.87558E-15 
 0.00000029623               4.4006E-15 
 0.00000029624               3.29635E-15 
 0.00000029625               1.74833E-15 
 0.00000029626               6.09003E-16 
 0.00000029627               1.69358E-16 
 0.00000029628               6.22451E-17 
 0.00000029629               5.07069E-17 
 0.0000002963                1.01147E-16 
 0.00000029631               3.27495E-16 
 0.00000029632               9.95566E-16 
 0.00000029633               2.15136E-15 
 0.00000029634               3.35357E-15 
 0.00000029635               4.19121E-15 
 0.00000029636               4.6063E-15 
 0.00000029637               4.76917E-15 
 0.00000029638               4.83049E-15 
 0.00000029639               4.84402E-15 
 0.0000002964                4.79539E-15 
 0.00000029641               4.5553E-15 
 0.00000029642               3.82545E-15 
 0.00000029643               2.4976E-15 
 0.00000029644               1.22491E-15 
 0.00000029645               5.87631E-16 
 0.00000029646               4.42962E-16 
 0.00000029647               6.50653E-16 
 0.00000029648               1.38407E-15 
 0.00000029649               2.67951E-15 
 0.0000002965                3.8425E-15 
 0.00000029651               4.34967E-15 
 0.00000029652               4.40335E-15 
 0.00000029653               4.31322E-15 
 0.00000029654               4.25077E-15 
 0.00000029655               4.27345E-15 
 0.00000029656               4.35316E-15 
 0.00000029657               4.4425E-15 
 0.00000029658               4.50099E-15 
 0.00000029659               4.51673E-15 
 0.0000002966                4.50638E-15 
 0.00000029661               4.47576E-15 
 0.00000029662               4.42072E-15 
 0.00000029663               4.36013E-15 
 0.00000029664               4.33737E-15 
 0.00000029665               4.36723E-15 
 0.00000029666               4.41189E-15 
 0.00000029667               4.43501E-15 
 0.00000029668               4.43459E-15 
 0.00000029669               4.42015E-15 
 0.0000002967                4.39218E-15 
 0.00000029671               4.34912E-15 
 0.00000029672               4.28979E-15 
 0.00000029673               4.21713E-15 
 0.00000029674               4.14291E-15 
 0.00000029675               4.10224E-15 
 0.00000029676               4.11481E-15 
 0.00000029677               4.13541E-15 
 0.00000029678               4.05941E-15 
 0.00000029679               3.85469E-15 
 0.0000002968                3.71428E-15 
 0.00000029681               3.80292E-15 
 0.00000029682               3.98171E-15 
 0.00000029683               4.05611E-15 
 0.00000029684               4.03492E-15 
 0.00000029685               4.00798E-15 
 0.00000029686               4.02216E-15 
 0.00000029687               4.06852E-15 
 0.00000029688               4.11136E-15 
 0.00000029689               4.12896E-15 
 0.0000002969                4.12283E-15 
 0.00000029691               4.09735E-15 
 0.00000029692               4.03778E-15 
 0.00000029693               3.89945E-15 
 0.00000029694               3.62402E-15 
 0.00000029695               3.19934E-15 
 0.00000029696               2.72595E-15 
 0.00000029697               2.38067E-15 
 0.00000029698               2.29431E-15 
 0.00000029699               2.4957E-15 
 0.000000297   2.90859E-15 
 0.00000029701               3.3602E-15 
 0.00000029702               3.68374E-15 
 0.00000029703               3.83804E-15 
 0.00000029704               3.87019E-15 
 0.00000029705               3.79688E-15 
 0.00000029706               3.40462E-15 
 0.00000029707               1.69651E-15 
 0.00000029708               4.76288E-17 
 0.00000029709               7.75115E-22 
 0.0000002971                2.03873E-29 
 0.00000029711               2.82904E-33 
 0.00000029712               7.24932E-29 
 0.00000029713               1.86911E-21 
 0.00000029714               4.76903E-17 
 0.00000029715               1.26973E-15 
 0.00000029716               2.74622E-15 
 0.00000029717               3.38668E-15 
 0.00000029718               3.63478E-15 
 0.00000029719               3.71033E-15 
 0.0000002972                3.71875E-15 
 0.00000029721               3.69998E-15 
 0.00000029722               3.65944E-15 
 0.00000029723               3.58554E-15 
 0.00000029724               3.4215E-15 
 0.00000029725               2.97409E-15 
 0.00000029726               2.06178E-15 
 0.00000029727               1.06898E-15 
 0.00000029728               5.22764E-16 
 0.00000029729               3.98436E-16 
 0.0000002973                6.125E-16 
 0.00000029731               1.3263E-15 
 0.00000029732               2.41248E-15 
 0.00000029733               3.17745E-15 
 0.00000029734               3.44711E-15 
 0.00000029735               3.50406E-15 
 0.00000029736               3.51241E-15 
 0.00000029737               3.51217E-15 
 0.00000029738               3.50972E-15 
 0.00000029739               3.50046E-15 
 0.0000002974                3.47397E-15 
 0.00000029741               3.41245E-15 
 0.00000029742               3.30006E-15 
 0.00000029743               3.16074E-15 
 0.00000029744               3.06849E-15 
 0.00000029745               3.08098E-15 
 0.00000029746               3.17441E-15 
 0.00000029747               3.26068E-15 
 0.00000029748               3.23841E-15 
 0.00000029749               3.04592E-15 
 0.0000002975                2.80439E-15 
 0.00000029751               2.74914E-15 
 0.00000029752               2.88209E-15 
 0.00000029753               2.99261E-15 
 0.00000029754               3.00197E-15 
 0.00000029755               2.98448E-15 
 0.00000029756               2.99145E-15 
 0.00000029757               3.02464E-15 
 0.00000029758               3.06385E-15 
 0.00000029759               3.08631E-15 
 0.0000002976                3.08291E-15 
 0.00000029761               3.06293E-15 
 0.00000029762               3.04449E-15 
 0.00000029763               3.0423E-15 
 0.00000029764               3.05986E-15 
 0.00000029765               3.08908E-15 
 0.00000029766               3.11688E-15 
 0.00000029767               3.13431E-15 
 0.00000029768               3.14082E-15 
 0.00000029769               3.14127E-15 
 0.0000002977                3.14003E-15 
 0.00000029771               3.13762E-15 
 0.00000029772               3.13196E-15 
 0.00000029773               3.12095E-15 
 0.00000029774               3.10547E-15 
 0.00000029775               3.08865E-15 
 0.00000029776               3.07184E-15 
 0.00000029777               3.05499E-15 
 0.00000029778               3.03919E-15 
 0.00000029779               3.0251E-15 
 0.0000002978                3.01246E-15 
 0.00000029781               3.00104E-15 
 0.00000029782               2.99057E-15 
 0.00000029783               2.98046E-15 
 0.00000029784               2.97501E-15 
 0.00000029785               2.97339E-15 
 0.00000029786               2.96736E-15 
 0.00000029787               2.94967E-15 
 0.00000029788               2.9209E-15 
 0.00000029789               2.88393E-15 
 0.0000002979                2.85055E-15 
 0.00000029791               2.84065E-15 
 0.00000029792               2.85526E-15 
 0.00000029793               2.87224E-15 
 0.00000029794               2.87998E-15 
 0.00000029795               2.87904E-15 
 0.00000029796               2.87371E-15 
 0.00000029797               2.87002E-15 
 0.00000029798               2.86495E-15 
 0.00000029799               2.85482E-15 
 0.000000298   2.83908E-15 
 0.00000029801               2.81858E-15 
 0.00000029802               2.79976E-15 
 0.00000029803               2.78964E-15 
 0.00000029804               2.7854E-15 
 0.00000029805               2.78106E-15 
 0.00000029806               2.77496E-15 
 0.00000029807               2.7655E-15 
 0.00000029808               2.74881E-15 
 0.00000029809               2.72017E-15 
 0.0000002981                2.67707E-15 
 0.00000029811               2.6218E-15 
 0.00000029812               2.55822E-15 
 0.00000029813               2.48885E-15 
 0.00000029814               2.42912E-15 
 0.00000029815               2.39971E-15 
 0.00000029816               2.39301E-15 
 0.00000029817               2.3925E-15 
 0.00000029818               2.39521E-15 
 0.00000029819               2.39501E-15 
 0.0000002982                2.37672E-15 
 0.00000029821               2.31814E-15 
 0.00000029822               2.20203E-15 
 0.00000029823               2.0501E-15 
 0.00000029824               1.94399E-15 
 0.00000029825               1.97308E-15 
 0.00000029826               2.13643E-15 
 0.00000029827               2.32781E-15 
 0.00000029828               2.44949E-15 
 0.00000029829               2.4982E-15 
 0.0000002983                2.51392E-15 
 0.00000029831               2.52157E-15 
 0.00000029832               2.52724E-15 
 0.00000029833               2.5304E-15 
 0.00000029834               2.53061E-15 
 0.00000029835               2.52775E-15 
 0.00000029836               2.51844E-15 
 0.00000029837               2.4881E-15 
 0.00000029838               2.42124E-15 
 0.00000029839               2.35491E-15 
 0.0000002984                2.35131E-15 
 0.00000029841               2.38304E-15 
 0.00000029842               2.3794E-15 
 0.00000029843               2.32152E-15 
 0.00000029844               2.20843E-15 
 0.00000029845               2.03002E-15 
 0.00000029846               1.78161E-15 
 0.00000029847               1.45803E-15 
 0.00000029848               1.04416E-15 
 0.00000029849               5.42706E-16 
 0.0000002985                1.04852E-16 
 0.00000029851               1.50069E-18 
 0.00000029852               3.31584E-22 
 0.00000029853               5.17976E-27 
 0.00000029854               2.12613E-30 
 0.00000029855               6.82768E-30 
 0.00000029856               7.80611E-26 
 0.00000029857               5.50564E-21 
 0.00000029858               1.29164E-17 
 0.00000029859               4.82642E-16 
 0.0000002986                1.57611E-15 
 0.00000029861               2.06179E-15 
 0.00000029862               2.12811E-15 
 0.00000029863               2.10179E-15 
 0.00000029864               2.06301E-15 
 0.00000029865               1.99291E-15 
 0.00000029866               1.77133E-15 
 0.00000029867               1.22846E-15 
 0.00000029868               5.43494E-16 
 0.00000029869               1.61639E-16 
 0.0000002987                5.68483E-17 
 0.00000029871               4.90342E-17 
 0.00000029872               1.16926E-16 
 0.00000029873               4.09519E-16 
 0.00000029874               1.0681E-15 
 0.00000029875               1.71879E-15 
 0.00000029876               2.01079E-15 
 0.00000029877               2.04716E-15 
 0.00000029878               1.94566E-15 
 0.00000029879               1.72929E-15 
 0.0000002988                1.40781E-15 
 0.00000029881               1.00285E-15 
 0.00000029882               5.87808E-16 
 0.00000029883               2.79781E-16 
 0.00000029884               1.18887E-16 
 0.00000029885               5.47483E-17 
 0.00000029886               3.41196E-17 
 0.00000029887               3.34648E-17 
 0.00000029888               5.19756E-17 
 0.00000029889               1.11004E-16 
 0.0000002989                2.62446E-16 
 0.00000029891               5.66321E-16 
 0.00000029892               1.00434E-15 
 0.00000029893               1.44497E-15 
 0.00000029894               1.76099E-15 
 0.00000029895               1.93105E-15 
 0.00000029896               2.00292E-15 
 0.00000029897               2.02083E-15 
 0.00000029898               2.01144E-15 
 0.00000029899               1.97641E-15 
 0.000000299   1.8994E-15 
 0.00000029901               1.84378E-15 
 0.00000029902               1.89022E-15 
 0.00000029903               1.96771E-15 
 0.00000029904               1.99884E-15 
 0.00000029905               2.00002E-15 
 0.00000029906               1.99376E-15 
 0.00000029907               1.98634E-15 
 0.00000029908               1.97936E-15 
 0.00000029909               1.97309E-15 
 0.0000002991                1.96714E-15 
 0.00000029911               1.96034E-15 
 0.00000029912               1.94955E-15 
 0.00000029913               1.92734E-15 
 0.00000029914               1.88461E-15 
 0.00000029915               1.83075E-15 
 0.00000029916               1.80141E-15 
 0.00000029917               1.81907E-15 
 0.00000029918               1.86021E-15 
 0.00000029919               1.8892E-15 
 0.0000002992                1.89776E-15 
 0.00000029921               1.89516E-15 
 0.00000029922               1.88893E-15 
 0.00000029923               1.88158E-15 
 0.00000029924               1.87173E-15 
 0.00000029925               1.84113E-15 
 0.00000029926               1.6134E-15 
 0.00000029927               5.91775E-16 
 0.00000029928               3.15754E-18 
 0.00000029929               6.71935E-26 
 0.0000002993                6.20089E-42 
 0.00000029931               1.49497E-60 
 0.00000029932               5.02702E-67 
 0.00000029933               4.79366E-55 
 0.00000029934               7.29354E-36 
 0.00000029935               1.58553E-22 
 0.00000029936               4.10466E-17 
 0.00000029937               9.85268E-16 
 0.00000029938               1.66437E-15 
 0.00000029939               1.76173E-15 
 0.0000002994                1.76818E-15 
 0.00000029941               1.76492E-15 
 0.00000029942               1.75535E-15 
 0.00000029943               1.73805E-15 
 0.00000029944               1.71147E-15 
 0.00000029945               1.64362E-15 
 0.00000029946               1.49998E-15 
 0.00000029947               1.38333E-15 
 0.00000029948               1.40961E-15 
 0.00000029949               1.46542E-15 
 0.0000002995                1.35161E-15 
 0.00000029951               1.03423E-15 
 0.00000029952               6.19527E-16 
 0.00000029953               2.76154E-16 
 0.00000029954               9.42074E-17 
 0.00000029955               2.85691E-17 
 0.00000029956               9.70036E-18 
 0.00000029957               3.90814E-18 
 0.00000029958               1.07733E-18 
 0.00000029959               1.87902E-19 
 0.0000002996                2.23532E-19 
 0.00000029961               4.41988E-18 
 0.00000029962               8.66449E-17 
 0.00000029963               4.10131E-16 
 0.00000029964               7.89164E-16 
 0.00000029965               1.02194E-15 
 0.00000029966               1.11704E-15 
 0.00000029967               1.14817E-15 
 0.00000029968               1.17295E-15 
 0.00000029969               1.21972E-15 
 0.0000002997                1.29254E-15 
 0.00000029971               1.37866E-15 
 0.00000029972               1.45831E-15 
 0.00000029973               1.51626E-15 
 0.00000029974               1.54742E-15 
 0.00000029975               1.55073E-15 
 0.00000029976               1.51776E-15 
 0.00000029977               1.43742E-15 
 0.00000029978               1.32922E-15 
 0.00000029979               1.25408E-15 
 0.0000002998                1.25729E-15 
 0.00000029981               1.31582E-15 
 0.00000029982               1.36195E-15 
 0.00000029983               1.36093E-15 
 0.00000029984               1.33449E-15 
 0.00000029985               1.31523E-15 
 0.00000029986               1.31869E-15 
 0.00000029987               1.3449E-15 
 0.00000029988               1.38535E-15 
 0.00000029989               1.42818E-15 
 0.0000002999                1.45916E-15 
 0.00000029991               1.46876E-15 
 0.00000029992               1.44685E-15 
 0.00000029993               1.3518E-15 
 0.00000029994               1.1575E-15 
 0.00000029995               9.87673E-16 
 0.00000029996               9.82916E-16 
 0.00000029997               1.08961E-15 
 0.00000029998               1.14192E-15 
 0.00000029999               1.13086E-15 
 0.0000003     1.15718E-15 
