 0.000000294   3.18712E-138 
 0.00000029401               3.05935E-138 
 0.00000029402               2.95945E-138 
 0.00000029403               2.8761E-138 
 0.00000029404               2.74987E-138 
 0.00000029405               2.46274E-138 
 0.00000029406               1.94571E-138 
 0.00000029407               1.3865E-138 
 0.00000029408               1.06747E-138 
 0.00000029409               1.07659E-138 
 0.0000002941                1.37203E-138 
 0.00000029411               1.78268E-138 
 0.00000029412               2.05324E-138 
 0.00000029413               2.11393E-138 
 0.00000029414               2.04551E-138 
 0.00000029415               1.90067E-138 
 0.00000029416               1.71206E-138 
 0.00000029417               1.54712E-138 
 0.00000029418               1.47307E-138 
 0.00000029419               1.49041E-138 
 0.0000002942                1.53135E-138 
 0.00000029421               1.5296E-138 
 0.00000029422               1.48243E-138 
 0.00000029423               1.42664E-138 
 0.00000029424               1.38766E-138 
 0.00000029425               1.36636E-138 
 0.00000029426               1.35106E-138 
 0.00000029427               1.32994E-138 
 0.00000029428               1.29462E-138 
 0.00000029429               1.2433E-138 
 0.0000002943                1.18593E-138 
 0.00000029431               1.13928E-138 
 0.00000029432               1.11191E-138 
 0.00000029433               1.09717E-138 
 0.00000029434               1.08173E-138 
 0.00000029435               1.05838E-138 
 0.00000029436               1.02849E-138 
 0.00000029437               9.96209E-139 
 0.00000029438               9.64317E-139 
 0.00000029439               9.33882E-139 
 0.0000002944                9.04837E-139 
 0.00000029441               8.76623E-139 
 0.00000029442               8.48707E-139 
 0.00000029443               8.20567E-139 
 0.00000029444               7.92673E-139 
 0.00000029445               7.6623E-139 
 0.00000029446               7.42166E-139 
 0.00000029447               7.1965E-139 
 0.00000029448               6.96452E-139 
 0.00000029449               6.7131E-139 
 0.0000002945                6.46205E-139 
 0.00000029451               6.21263E-139 
 0.00000029452               5.81031E-139 
 0.00000029453               5.17825E-139 
 0.00000029454               4.81169E-139 
 0.00000029455               4.98979E-139 
 0.00000029456               5.21517E-139 
 0.00000029457               5.17493E-139 
 0.00000029458               5.01348E-139 
 0.00000029459               4.83784E-139 
 0.0000002946                4.66847E-139 
 0.00000029461               4.48969E-139 
 0.00000029462               4.21427E-139 
 0.00000029463               3.76162E-139 
 0.00000029464               3.32429E-139 
 0.00000029465               3.16787E-139 
 0.00000029466               3.21287E-139 
 0.00000029467               3.23761E-139 
 0.00000029468               3.21864E-139 
 0.00000029469               3.21196E-139 
 0.0000002947                3.21244E-139 
 0.00000029471               3.19493E-139 
 0.00000029472               3.1506E-139 
 0.00000029473               3.08347E-139 
 0.00000029474               3.00097E-139 
 0.00000029475               2.90908E-139 
 0.00000029476               2.80996E-139 
 0.00000029477               2.70396E-139 
 0.00000029478               2.59501E-139 
 0.00000029479               2.48565E-139 
 0.0000002948                2.36329E-139 
 0.00000029481               2.21187E-139 
 0.00000029482               2.04839E-139 
 0.00000029483               1.92282E-139 
 0.00000029484               1.87122E-139 
 0.00000029485               1.88193E-139 
 0.00000029486               1.91323E-139 
 0.00000029487               1.91897E-139 
 0.00000029488               1.88858E-139 
 0.00000029489               1.8303E-139 
 0.0000002949                1.76186E-139 
 0.00000029491               1.70172E-139 
 0.00000029492               1.65325E-139 
 0.00000029493               1.60624E-139 
 0.00000029494               1.55443E-139 
 0.00000029495               1.49551E-139 
 0.00000029496               1.42411E-139 
 0.00000029497               1.34485E-139 
 0.00000029498               1.28405E-139 
 0.00000029499               1.25995E-139 
 0.000000295   1.25469E-139 
 0.00000029501               1.24027E-139 
 0.00000029502               1.21085E-139 
 0.00000029503               1.17468E-139 
 0.00000029504               1.13729E-139 
 0.00000029505               1.09912E-139 
 0.00000029506               1.05973E-139 
 0.00000029507               1.01976E-139 
 0.00000029508               9.74078E-140 
 0.00000029509               9.1619E-140 
 0.0000002951                8.54009E-140 
 0.00000029511               8.07384E-140 
 0.00000029512               7.88623E-140 
 0.00000029513               7.89867E-140 
 0.00000029514               7.91974E-140 
 0.00000029515               7.83296E-140 
 0.00000029516               7.64576E-140 
 0.00000029517               7.40098E-140 
 0.00000029518               7.13411E-140 
 0.00000029519               6.88032E-140 
 0.0000002952                6.66276E-140 
 0.00000029521               6.47506E-140 
 0.00000029522               6.29517E-140 
 0.00000029523               6.11056E-140 
 0.00000029524               5.92102E-140 
 0.00000029525               5.72936E-140 
 0.00000029526               5.53938E-140 
 0.00000029527               5.35679E-140 
 0.00000029528               5.18246E-140 
 0.00000029529               5.00858E-140 
 0.0000002953                4.83433E-140 
 0.00000029531               4.67405E-140 
 0.00000029532               4.53363E-140 
 0.00000029533               4.40016E-140 
 0.00000029534               4.26224E-140 
 0.00000029535               4.10735E-140 
 0.00000029536               3.88067E-140 
 0.00000029537               3.44399E-140 
 0.00000029538               2.65755E-140 
 0.00000029539               1.69493E-140 
 0.0000002954                9.99567E-141 
 0.00000029541               7.10392E-141 
 0.00000029542               6.98068E-141 
 0.00000029543               8.24648E-141 
 0.00000029544               9.81444E-141 
 0.00000029545               1.21014E-140 
 0.00000029546               1.63837E-140 
 0.00000029547               2.1613E-140 
 0.00000029548               2.47694E-140 
 0.00000029549               2.53306E-140 
 0.0000002955                2.46913E-140 
 0.00000029551               2.37255E-140 
 0.00000029552               2.27393E-140 
 0.00000029553               2.18726E-140 
 0.00000029554               2.11935E-140 
 0.00000029555               2.06751E-140 
 0.00000029556               2.02275E-140 
 0.00000029557               1.97689E-140 
 0.00000029558               1.92625E-140 
 0.00000029559               1.87071E-140 
 0.0000002956                1.8036E-140 
 0.00000029561               1.69656E-140 
 0.00000029562               1.52168E-140 
 0.00000029563               1.33182E-140 
 0.00000029564               1.24204E-140 
 0.00000029565               1.28326E-140 
 0.00000029566               1.36048E-140 
 0.00000029567               1.3592E-140 
 0.00000029568               1.24233E-140 
 0.00000029569               1.03849E-140 
 0.0000002957                8.3578E-141 
 0.00000029571               7.29226E-141 
 0.00000029572               7.48176E-141 
 0.00000029573               8.52535E-141 
 0.00000029574               9.56704E-141 
 0.00000029575               1.00486E-140 
 0.00000029576               1.00717E-140 
 0.00000029577               9.8695E-141 
 0.00000029578               9.57344E-141 
 0.00000029579               9.25896E-141 
 0.0000002958                8.94725E-141 
 0.00000029581               8.62364E-141 
 0.00000029582               8.26501E-141 
 0.00000029583               7.85426E-141 
 0.00000029584               7.43453E-141 
 0.00000029585               7.10542E-141 
 0.00000029586               6.89966E-141 
 0.00000029587               6.75355E-141 
 0.00000029588               6.60087E-141 
 0.00000029589               6.42302E-141 
 0.0000002959                6.23086E-141 
 0.00000029591               6.03467E-141 
 0.00000029592               5.83743E-141 
 0.00000029593               5.64304E-141 
 0.00000029594               5.46075E-141 
 0.00000029595               5.29716E-141 
 0.00000029596               5.14849E-141 
 0.00000029597               5.00689E-141 
 0.00000029598               4.86895E-141 
 0.00000029599               4.73393E-141 
 0.000000296   4.6011E-141 
 0.00000029601               4.46972E-141 
 0.00000029602               4.33957E-141 
 0.00000029603               4.21063E-141 
 0.00000029604               4.08358E-141 
 0.00000029605               3.95306E-141 
 0.00000029606               3.79896E-141 
 0.00000029607               3.58971E-141 
 0.00000029608               3.31678E-141 
 0.00000029609               3.03513E-141 
 0.0000002961                2.83984E-141 
 0.00000029611               2.78611E-141 
 0.00000029612               2.84356E-141 
 0.00000029613               2.9249E-141 
 0.00000029614               2.96009E-141 
 0.00000029615               2.9383E-141 
 0.00000029616               2.88148E-141 
 0.00000029617               2.80832E-141 
 0.00000029618               2.72716E-141 
 0.00000029619               2.64188E-141 
 0.0000002962                2.55646E-141 
 0.00000029621               2.4754E-141 
 0.00000029622               2.39996E-141 
 0.00000029623               2.32735E-141 
 0.00000029624               2.25528E-141 
 0.00000029625               2.18358E-141 
 0.00000029626               2.11161E-141 
 0.00000029627               2.03673E-141 
 0.00000029628               1.95767E-141 
 0.00000029629               1.87506E-141 
 0.0000002963                1.73212E-141 
 0.00000029631               1.15325E-141 
 0.00000029632               2.03073E-142 
 0.00000029633               5.81893E-144 
 0.00000029634               6.75064E-145 
 0.00000029635               6.11235E-144 
 0.00000029636               1.83352E-142 
 0.00000029637               8.14767E-142 
 0.00000029638               9.62313E-142 
 0.00000029639               8.49908E-142 
 0.0000002964                7.86419E-142 
 0.00000029641               8.07968E-142 
 0.00000029642               8.90524E-142 
 0.00000029643               9.84588E-142 
 0.00000029644               1.04322E-141 
 0.00000029645               1.05274E-141 
 0.00000029646               1.02882E-141 
 0.00000029647               9.9151E-142 
 0.00000029648               9.53401E-142 
 0.00000029649               9.20124E-142 
 0.0000002965                8.92624E-142 
 0.00000029651               8.68663E-142 
 0.00000029652               8.44723E-142 
 0.00000029653               8.19645E-142 
 0.00000029654               7.96968E-142 
 0.00000029655               7.80513E-142 
 0.00000029656               7.67936E-142 
 0.00000029657               7.51583E-142 
 0.00000029658               7.22189E-142 
 0.00000029659               6.71241E-142 
 0.0000002966                6.06841E-142 
 0.00000029661               5.6151E-142 
 0.00000029662               5.55272E-142 
 0.00000029663               5.71314E-142 
 0.00000029664               5.81183E-142 
 0.00000029665               5.76348E-142 
 0.00000029666               5.63415E-142 
 0.00000029667               5.47596E-142 
 0.00000029668               5.30597E-142 
 0.00000029669               5.13311E-142 
 0.0000002967                4.96396E-142 
 0.00000029671               4.80085E-142 
 0.00000029672               4.64415E-142 
 0.00000029673               4.49434E-142 
 0.00000029674               4.35114E-142 
 0.00000029675               4.21331E-142 
 0.00000029676               4.07928E-142 
 0.00000029677               3.95061E-142 
 0.00000029678               3.82048E-142 
 0.00000029679               3.69304E-142 
 0.0000002968                3.57187E-142 
 0.00000029681               3.459E-142 
 0.00000029682               3.35166E-142 
 0.00000029683               3.24622E-142 
 0.00000029684               3.14211E-142 
 0.00000029685               3.04019E-142 
 0.00000029686               2.94037E-142 
 0.00000029687               2.83959E-142 
 0.00000029688               2.72566E-142 
 0.00000029689               2.56423E-142 
 0.0000002969                2.29091E-142 
 0.00000029691               1.85306E-142 
 0.00000029692               1.31203E-142 
 0.00000029693               8.44238E-143 
 0.00000029694               5.67173E-143 
 0.00000029695               4.74179E-143 
 0.00000029696               5.34507E-143 
 0.00000029697               7.46821E-143 
 0.00000029698               1.08484E-142 
 0.00000029699               1.43056E-142 
 0.000000297   1.65081E-142 
 0.00000029701               1.72691E-142 
 0.00000029702               1.71806E-142 
 0.00000029703               1.67684E-142 
 0.00000029704               1.62666E-142 
 0.00000029705               1.57419E-142 
 0.00000029706               1.52074E-142 
 0.00000029707               1.46682E-142 
 0.00000029708               1.4132E-142 
 0.00000029709               1.35854E-142 
 0.0000002971                1.29911E-142 
 0.00000029711               1.22584E-142 
 0.00000029712               1.1261E-142 
 0.00000029713               9.93212E-143 
 0.00000029714               8.37832E-143 
 0.00000029715               6.86906E-143 
 0.00000029716               5.72444E-143 
 0.00000029717               5.20764E-143 
 0.00000029718               5.42795E-143 
 0.00000029719               6.24893E-143 
 0.0000002972                7.25633E-143 
 0.00000029721               8.00833E-143 
 0.00000029722               8.34421E-143 
 0.00000029723               8.34348E-143 
 0.00000029724               8.15302E-143 
 0.00000029725               7.90169E-143 
 0.00000029726               7.66713E-143 
 0.00000029727               7.46838E-143 
 0.00000029728               7.27721E-143 
 0.00000029729               7.05378E-143 
 0.0000002973                6.79489E-143 
 0.00000029731               6.51888E-143 
 0.00000029732               6.19855E-143 
 0.00000029733               5.83329E-143 
 0.00000029734               5.5069E-143 
 0.00000029735               5.30689E-143 
 0.00000029736               5.23496E-143 
 0.00000029737               5.20854E-143 
 0.00000029738               5.13818E-143 
 0.00000029739               4.9416E-143 
 0.0000002974                4.41042E-143 
 0.00000029741               3.37269E-143 
 0.00000029742               2.37417E-143 
 0.00000029743               2.08979E-143 
 0.00000029744               2.5632E-143 
 0.00000029745               3.32378E-143 
 0.00000029746               3.73942E-143 
 0.00000029747               3.79942E-143 
 0.00000029748               3.74148E-143 
 0.00000029749               3.65287E-143 
 0.0000002975                3.54926E-143 
 0.00000029751               3.43921E-143 
 0.00000029752               3.32908E-143 
 0.00000029753               3.22087E-143 
 0.00000029754               3.11347E-143 
 0.00000029755               3.00963E-143 
 0.00000029756               2.90199E-143 
 0.00000029757               2.8008E-143 
 0.00000029758               2.71087E-143 
 0.00000029759               2.62967E-143 
 0.0000002976                2.54943E-143 
 0.00000029761               2.46531E-143 
 0.00000029762               2.37865E-143 
 0.00000029763               2.29275E-143 
 0.00000029764               2.20553E-143 
 0.00000029765               2.10858E-143 
 0.00000029766               1.99533E-143 
 0.00000029767               1.86983E-143 
 0.00000029768               1.75071E-143 
 0.00000029769               1.66341E-143 
 0.0000002977                1.62156E-143 
 0.00000029771               1.61338E-143 
 0.00000029772               1.60861E-143 
 0.00000029773               1.58642E-143 
 0.00000029774               1.55071E-143 
 0.00000029775               1.50991E-143 
 0.00000029776               1.46269E-143 
 0.00000029777               1.41015E-143 
 0.00000029778               1.35678E-143 
 0.00000029779               1.30438E-143 
 0.0000002978                1.25134E-143 
 0.00000029781               1.1912E-143 
 0.00000029782               1.11821E-143 
 0.00000029783               1.04212E-143 
 0.00000029784               9.80046E-144 
 0.00000029785               9.37501E-144 
 0.00000029786               8.87192E-144 
 0.00000029787               7.50378E-144 
 0.00000029788               4.52512E-144 
 0.00000029789               1.30274E-144 
 0.0000002979                1.03761E-145 
 0.00000029791               1.46886E-147 
 0.00000029792               4.24146E-150 
 0.00000029793               7.68944E-153 
 0.00000029794               6.12164E-155 
 0.00000029795               1.35472E-155 
 0.00000029796               1.54653E-154 
 0.00000029797               3.28078E-152 
 0.00000029798               1.76801E-149 
 0.00000029799               4.00972E-147 
 0.000000298   1.62069E-145 
 0.00000029801               1.25212E-144 
 0.00000029802               3.1973E-144 
 0.00000029803               4.68403E-144 
 0.00000029804               5.4024E-144 
 0.00000029805               5.56171E-144 
 0.00000029806               5.26716E-144 
 0.00000029807               4.00394E-144 
 0.00000029808               1.35346E-144 
 0.00000029809               6.15775E-146 
 0.0000002981                2.05527E-148 
 0.00000029811               5.42452E-151 
 0.00000029812               1.1269E-151 
 0.00000029813               7.59336E-150 
 0.00000029814               3.99215E-147 
 0.00000029815               3.17637E-145 
 0.00000029816               2.02441E-144 
 0.00000029817               3.31594E-144 
 0.00000029818               3.51883E-144 
 0.00000029819               3.4286E-144 
 0.0000002982                3.33195E-144 
 0.00000029821               3.24303E-144 
 0.00000029822               3.13804E-144 
 0.00000029823               3.03805E-144 
 0.00000029824               2.96292E-144 
 0.00000029825               2.88265E-144 
 0.00000029826               2.78898E-144 
 0.00000029827               2.72154E-144 
 0.00000029828               2.66642E-144 
 0.00000029829               2.61621E-144 
 0.0000002983                2.52581E-144 
 0.00000029831               2.4348E-144 
 0.00000029832               2.34913E-144 
 0.00000029833               2.27195E-144 
 0.00000029834               2.20219E-144 
 0.00000029835               2.1343E-144 
 0.00000029836               2.05965E-144 
 0.00000029837               1.97272E-144 
 0.00000029838               1.88376E-144 
 0.00000029839               1.81771E-144 
 0.0000002984                1.77756E-144 
 0.00000029841               1.74106E-144 
 0.00000029842               1.69584E-144 
 0.00000029843               1.64149E-144 
 0.00000029844               1.57839E-144 
 0.00000029845               1.50905E-144 
 0.00000029846               1.44597E-144 
 0.00000029847               1.40174E-144 
 0.00000029848               1.37052E-144 
 0.00000029849               1.33685E-144 
 0.0000002985                1.29475E-144 
 0.00000029851               1.24601E-144 
 0.00000029852               1.19381E-144 
 0.00000029853               1.14378E-144 
 0.00000029854               1.10282E-144 
 0.00000029855               1.07295E-144 
 0.00000029856               1.04877E-144 
 0.00000029857               1.02324E-144 
 0.00000029858               9.94111E-145 
 0.00000029859               9.63004E-145 
 0.0000002986                9.31594E-145 
 0.00000029861               9.00532E-145 
 0.00000029862               8.70105E-145 
 0.00000029863               8.40762E-145 
 0.00000029864               8.12697E-145 
 0.00000029865               7.85998E-145 
 0.00000029866               7.59704E-145 
 0.00000029867               7.32524E-145 
 0.00000029868               7.03553E-145 
 0.00000029869               6.72898E-145 
 0.0000002987                6.42661E-145 
 0.00000029871               6.15777E-145 
 0.00000029872               5.93729E-145 
 0.00000029873               5.76445E-145 
 0.00000029874               5.62735E-145 
 0.00000029875               5.50455E-145 
 0.00000029876               5.37625E-145 
 0.00000029877               5.23564E-145 
 0.00000029878               5.08734E-145 
 0.00000029879               4.93525E-145 
 0.0000002988                4.77515E-145 
 0.00000029881               4.60205E-145 
 0.00000029882               4.41653E-145 
 0.00000029883               4.2194E-145 
 0.00000029884               4.00423E-145 
 0.00000029885               3.76086E-145 
 0.00000029886               3.42377E-145 
 0.00000029887               2.65414E-145 
 0.00000029888               1.43242E-145 
 0.00000029889               8.36849E-146 
 0.0000002989                1.13034E-145 
 0.00000029891               2.08378E-145 
 0.00000029892               2.69628E-145 
 0.00000029893               2.78316E-145 
 0.00000029894               2.74866E-145 
 0.00000029895               2.7062E-145 
 0.00000029896               2.66772E-145 
 0.00000029897               2.62859E-145 
 0.00000029898               2.57925E-145 
 0.00000029899               2.5064E-145 
 0.000000299   2.39087E-145 
 0.00000029901               2.23787E-145 
 0.00000029902               2.11523E-145 
 0.00000029903               2.07823E-145 
 0.00000029904               2.08337E-145 
 0.00000029905               2.06308E-145 
 0.00000029906               2.01105E-145 
 0.00000029907               1.94743E-145 
 0.00000029908               1.88197E-145 
 0.00000029909               1.81847E-145 
 0.0000002991                1.75693E-145 
 0.00000029911               1.68451E-145 
 0.00000029912               1.56328E-145 
 0.00000029913               1.32187E-145 
 0.00000029914               9.21871E-146 
 0.00000029915               4.95552E-146 
 0.00000029916               2.28922E-146 
 0.00000029917               1.26982E-146 
 0.00000029918               1.18691E-146 
 0.00000029919               1.91145E-146 
 0.0000002992                3.85884E-146 
 0.00000029921               6.82343E-146 
 0.00000029922               8.9057E-146 
 0.00000029923               8.37891E-146 
 0.00000029924               6.13119E-146 
 0.00000029925               4.58446E-146 
 0.00000029926               4.74194E-146 
 0.00000029927               6.33093E-146 
 0.00000029928               8.03748E-146 
 0.00000029929               8.60571E-146 
 0.0000002993                8.20072E-146 
 0.00000029931               6.99413E-146 
 0.00000029932               4.50192E-146 
 0.00000029933               1.50962E-146 
 0.00000029934               1.85648E-147 
 0.00000029935               1.03273E-148 
 0.00000029936               8.04583E-150 
 0.00000029937               3.7346E-150 
 0.00000029938               1.6655E-149 
 0.00000029939               2.69928E-148 
 0.0000002994                3.67247E-147 
 0.00000029941               1.89994E-146 
 0.00000029942               3.96424E-146 
 0.00000029943               4.71597E-146 
 0.00000029944               3.65472E-146 
 0.00000029945               1.94932E-146 
 0.00000029946               1.28634E-146 
 0.00000029947               1.76563E-146 
 0.00000029948               3.03822E-146 
 0.00000029949               3.91619E-146 
 0.0000002995                4.12772E-146 
 0.00000029951               4.13618E-146 
 0.00000029952               4.07773E-146 
 0.00000029953               3.98716E-146 
 0.00000029954               3.90138E-146 
 0.00000029955               3.82426E-146 
 0.00000029956               3.73623E-146 
 0.00000029957               3.62521E-146 
 0.00000029958               3.48574E-146 
 0.00000029959               3.3078E-146 
 0.0000002996                3.10033E-146 
 0.00000029961               2.9159E-146 
 0.00000029962               2.80701E-146 
 0.00000029963               2.76205E-146 
 0.00000029964               2.71037E-146 
 0.00000029965               2.59434E-146 
 0.00000029966               2.44365E-146 
 0.00000029967               2.3222E-146 
 0.00000029968               2.21493E-146 
 0.00000029969               2.11951E-146 
 0.0000002997                2.10251E-146 
 0.00000029971               2.14406E-146 
 0.00000029972               2.15201E-146 
 0.00000029973               2.10383E-146 
 0.00000029974               2.03174E-146 
 0.00000029975               1.95559E-146 
 0.00000029976               1.87772E-146 
 0.00000029977               1.79313E-146 
 0.00000029978               1.69538E-146 
 0.00000029979               1.59716E-146 
 0.0000002998                1.53979E-146 
 0.00000029981               1.53329E-146 
 0.00000029982               1.53235E-146 
 0.00000029983               1.50658E-146 
 0.00000029984               1.46456E-146 
 0.00000029985               1.41893E-146 
 0.00000029986               1.37323E-146 
 0.00000029987               1.32623E-146 
 0.00000029988               1.27516E-146 
 0.00000029989               1.21681E-146 
 0.0000002999                1.14607E-146 
 0.00000029991               1.05775E-146 
 0.00000029992               9.59044E-147 
 0.00000029993               8.74149E-147 
 0.00000029994               8.26839E-147 
 0.00000029995               8.22145E-147 
 0.00000029996               8.43165E-147 
 0.00000029997               8.61242E-147 
 0.00000029998               8.56433E-147 
 0.00000029999               8.33605E-147 
 0.0000003     8.10761E-147 
