 0.000000294   1.35865E-58 
 0.00000029401               1.33082E-58 
 0.00000029402               1.29779E-58 
 0.00000029403               1.26769E-58 
 0.00000029404               1.24849E-58 
 0.00000029405               1.24033E-58 
 0.00000029406               1.23569E-58 
 0.00000029407               1.22698E-58 
 0.00000029408               1.21226E-58 
 0.00000029409               1.19448E-58 
 0.0000002941                1.17758E-58 
 0.00000029411               1.16225E-58 
 0.00000029412               1.14752E-58 
 0.00000029413               1.13292E-58 
 0.00000029414               1.11848E-58 
 0.00000029415               1.10343E-58 
 0.00000029416               1.0874E-58 
 0.00000029417               1.07104E-58 
 0.00000029418               1.05408E-58 
 0.00000029419               1.03221E-58 
 0.0000002942                9.96489E-59 
 0.00000029421               9.48128E-59 
 0.00000029422               9.12975E-59 
 0.00000029423               9.08889E-59 
 0.00000029424               9.21591E-59 
 0.00000029425               9.34931E-59 
 0.00000029426               9.42512E-59 
 0.00000029427               9.40811E-59 
 0.00000029428               9.32332E-59 
 0.00000029429               9.2096E-59 
 0.0000002943                9.07202E-59 
 0.00000029431               8.8934E-59 
 0.00000029432               8.65058E-59 
 0.00000029433               8.36648E-59 
 0.00000029434               8.13997E-59 
 0.00000029435               8.04608E-59 
 0.00000029436               8.03888E-59 
 0.00000029437               8.02608E-59 
 0.00000029438               7.95551E-59 
 0.00000029439               7.82435E-59 
 0.0000002944                7.66943E-59 
 0.00000029441               7.54598E-59 
 0.00000029442               7.48896E-59 
 0.00000029443               7.47697E-59 
 0.00000029444               7.45159E-59 
 0.00000029445               7.37846E-59 
 0.00000029446               7.25099E-59 
 0.00000029447               7.0529E-59 
 0.00000029448               6.75439E-59 
 0.00000029449               6.34243E-59 
 0.0000002945                5.84772E-59 
 0.00000029451               5.34639E-59 
 0.00000029452               4.93872E-59 
 0.00000029453               4.70715E-59 
 0.00000029454               4.6774E-59 
 0.00000029455               4.81356E-59 
 0.00000029456               4.99415E-59 
 0.00000029457               4.96522E-59 
 0.00000029458               4.53036E-59 
 0.00000029459               3.85759E-59 
 0.0000002946                3.34525E-59 
 0.00000029461               3.25551E-59 
 0.00000029462               3.58972E-59 
 0.00000029463               3.47143E-59 
 0.00000029464               4.84036E-60 
 0.00000029465               8.51551E-65 
 0.00000029466               1.68284E-76 
 0.00000029467               7.78452E-87 
 0.00000029468               1.94379E-82 
 0.00000029469               8.00806E-70 
 0.0000002947                3.32456E-62 
 0.00000029471               7.76994E-60 
 0.00000029472               3.29736E-59 
 0.00000029473               4.44216E-59 
 0.00000029474               4.43993E-59 
 0.00000029475               4.43116E-59 
 0.00000029476               4.56547E-59 
 0.00000029477               4.67988E-59 
 0.00000029478               4.69464E-59 
 0.00000029479               4.64752E-59 
 0.0000002948                4.58099E-59 
 0.00000029481               4.51071E-59 
 0.00000029482               4.44142E-59 
 0.00000029483               4.37591E-59 
 0.00000029484               4.31561E-59 
 0.00000029485               4.2566E-59 
 0.00000029486               4.1844E-59 
 0.00000029487               4.07653E-59 
 0.00000029488               3.91889E-59 
 0.00000029489               3.75246E-59 
 0.0000002949                3.65769E-59 
 0.00000029491               3.6321E-59 
 0.00000029492               3.61997E-59 
 0.00000029493               3.61646E-59 
 0.00000029494               3.63154E-59 
 0.00000029495               3.64799E-59 
 0.00000029496               3.63695E-59 
 0.00000029497               3.56801E-59 
 0.00000029498               3.43137E-59 
 0.00000029499               3.31831E-59 
 0.000000295   3.32589E-59 
 0.00000029501               3.38397E-59 
 0.00000029502               3.39303E-59 
 0.00000029503               3.35955E-59 
 0.00000029504               3.31504E-59 
 0.00000029505               3.26976E-59 
 0.00000029506               3.22407E-59 
 0.00000029507               3.17635E-59 
 0.00000029508               3.12602E-59 
 0.00000029509               3.07172E-59 
 0.0000002951                3.00457E-59 
 0.00000029511               2.90477E-59 
 0.00000029512               2.75871E-59 
 0.00000029513               2.62076E-59 
 0.00000029514               2.58906E-59 
 0.00000029515               2.65447E-59 
 0.00000029516               2.69906E-59 
 0.00000029517               2.64036E-59 
 0.00000029518               2.4521E-59 
 0.00000029519               2.1355E-59 
 0.0000002952                1.77581E-59 
 0.00000029521               1.53086E-59 
 0.00000029522               1.49202E-59 
 0.00000029523               1.6516E-59 
 0.00000029524               1.93222E-59 
 0.00000029525               2.19587E-59 
 0.00000029526               2.34442E-59 
 0.00000029527               2.38704E-59 
 0.00000029528               2.37605E-59 
 0.00000029529               2.34753E-59 
 0.0000002953                2.31608E-59 
 0.00000029531               2.28548E-59 
 0.00000029532               2.2559E-59 
 0.00000029533               2.22468E-59 
 0.00000029534               2.19024E-59 
 0.00000029535               2.15301E-59 
 0.00000029536               2.11703E-59 
 0.00000029537               2.08653E-59 
 0.00000029538               2.06171E-59 
 0.00000029539               2.03946E-59 
 0.0000002954                2.01652E-59 
 0.00000029541               1.9916E-59 
 0.00000029542               1.96536E-59 
 0.00000029543               1.9388E-59 
 0.00000029544               1.91162E-59 
 0.00000029545               1.88208E-59 
 0.00000029546               1.84963E-59 
 0.00000029547               1.81798E-59 
 0.00000029548               1.79231E-59 
 0.00000029549               1.77185E-59 
 0.0000002955                1.74774E-59 
 0.00000029551               1.70867E-59 
 0.00000029552               1.6496E-59 
 0.00000029553               1.58019E-59 
 0.00000029554               1.52384E-59 
 0.00000029555               1.50109E-59 
 0.00000029556               1.50706E-59 
 0.00000029557               1.50478E-59 
 0.00000029558               1.44542E-59 
 0.00000029559               1.30216E-59 
 0.0000002956                1.09459E-59 
 0.00000029561               8.97203E-60 
 0.00000029562               8.12437E-60 
 0.00000029563               8.84581E-60 
 0.00000029564               1.02322E-59 
 0.00000029565               1.05951E-59 
 0.00000029566               9.75098E-60 
 0.00000029567               8.54187E-60 
 0.00000029568               7.14879E-60 
 0.00000029569               5.44035E-60 
 0.0000002957                3.64909E-60 
 0.00000029571               2.15388E-60 
 0.00000029572               1.1243E-60 
 0.00000029573               5.25892E-61 
 0.00000029574               2.30999E-61 
 0.00000029575               1.04936E-61 
 0.00000029576               5.62546E-62 
 0.00000029577               3.99103E-62 
 0.00000029578               3.86458E-62 
 0.00000029579               4.91075E-62 
 0.0000002958                7.79054E-62 
 0.00000029581               1.42843E-61 
 0.00000029582               2.71063E-61 
 0.00000029583               5.03197E-61 
 0.00000029584               9.41473E-61 
 0.00000029585               1.76075E-60 
 0.00000029586               3.0274E-60 
 0.00000029587               4.56263E-60 
 0.00000029588               6.0911E-60 
 0.00000029589               7.39023E-60 
 0.0000002959                8.34531E-60 
 0.00000029591               8.94766E-60 
 0.00000029592               9.25305E-60 
 0.00000029593               9.35161E-60 
 0.00000029594               9.34279E-60 
 0.00000029595               9.29081E-60 
 0.00000029596               9.21328E-60 
 0.00000029597               9.11234E-60 
 0.00000029598               8.98861E-60 
 0.00000029599               8.84091E-60 
 0.000000296   8.64942E-60 
 0.00000029601               8.13556E-60 
 0.00000029602               6.58152E-60 
 0.00000029603               4.60313E-60 
 0.00000029604               4.10285E-60 
 0.00000029605               5.44236E-60 
 0.00000029606               7.19651E-60 
 0.00000029607               7.85897E-60 
 0.00000029608               7.8703E-60 
 0.00000029609               7.77212E-60 
 0.0000002961                7.67661E-60 
 0.00000029611               7.58364E-60 
 0.00000029612               7.4754E-60 
 0.00000029613               7.3342E-60 
 0.00000029614               7.161E-60 
 0.00000029615               6.9854E-60 
 0.00000029616               6.82683E-60 
 0.00000029617               6.66567E-60 
 0.00000029618               6.52317E-60 
 0.00000029619               6.48061E-60 
 0.0000002962                6.52449E-60 
 0.00000029621               6.54231E-60 
 0.00000029622               6.4862E-60 
 0.00000029623               6.38727E-60 
 0.00000029624               6.28111E-60 
 0.00000029625               6.18054E-60 
 0.00000029626               6.08045E-60 
 0.00000029627               5.98177E-60 
 0.00000029628               5.90071E-60 
 0.00000029629               5.84454E-60 
 0.0000002963                5.78724E-60 
 0.00000029631               5.66555E-60 
 0.00000029632               5.4326E-60 
 0.00000029633               5.20417E-60 
 0.00000029634               5.1688E-60 
 0.00000029635               5.27463E-60 
 0.00000029636               5.33321E-60 
 0.00000029637               5.30263E-60 
 0.00000029638               5.22929E-60 
 0.00000029639               5.13989E-60 
 0.0000002964                5.04974E-60 
 0.00000029641               4.97623E-60 
 0.00000029642               4.92327E-60 
 0.00000029643               4.87337E-60 
 0.00000029644               4.79847E-60 
 0.00000029645               4.66705E-60 
 0.00000029646               4.48354E-60 
 0.00000029647               4.33876E-60 
 0.00000029648               4.30659E-60 
 0.00000029649               4.31938E-60 
 0.0000002965                4.27666E-60 
 0.00000029651               4.16816E-60 
 0.00000029652               4.02414E-60 
 0.00000029653               3.86135E-60 
 0.00000029654               3.68379E-60 
 0.00000029655               3.4912E-60 
 0.00000029656               3.28292E-60 
 0.00000029657               3.0767E-60 
 0.00000029658               2.91786E-60 
 0.00000029659               2.83342E-60 
 0.0000002966                2.80189E-60 
 0.00000029661               2.78629E-60 
 0.00000029662               2.7675E-60 
 0.00000029663               2.76015E-60 
 0.00000029664               2.80337E-60 
 0.00000029665               2.91186E-60 
 0.00000029666               3.04856E-60 
 0.00000029667               3.16074E-60 
 0.00000029668               3.22776E-60 
 0.00000029669               3.25989E-60 
 0.0000002967                3.27009E-60 
 0.00000029671               3.26301E-60 
 0.00000029672               3.24107E-60 
 0.00000029673               3.20849E-60 
 0.00000029674               3.16851E-60 
 0.00000029675               3.11736E-60 
 0.00000029676               3.03013E-60 
 0.00000029677               2.85349E-60 
 0.00000029678               2.56915E-60 
 0.00000029679               2.27274E-60 
 0.0000002968                2.07986E-60 
 0.00000029681               1.9986E-60 
 0.00000029682               2.01069E-60 
 0.00000029683               2.12792E-60 
 0.00000029684               2.28624E-60 
 0.00000029685               2.40001E-60 
 0.00000029686               2.47798E-60 
 0.00000029687               2.54095E-60 
 0.00000029688               2.57317E-60 
 0.00000029689               2.56479E-60 
 0.0000002969                2.52478E-60 
 0.00000029691               2.4702E-60 
 0.00000029692               2.42024E-60 
 0.00000029693               2.38718E-60 
 0.00000029694               2.36742E-60 
 0.00000029695               2.34788E-60 
 0.00000029696               2.32092E-60 
 0.00000029697               2.28926E-60 
 0.00000029698               2.25861E-60 
 0.00000029699               2.22852E-60 
 0.000000297   2.19272E-60 
 0.00000029701               2.14734E-60 
 0.00000029702               2.0955E-60 
 0.00000029703               2.04451E-60 
 0.00000029704               2.0013E-60 
 0.00000029705               1.96896E-60 
 0.00000029706               1.94465E-60 
 0.00000029707               1.91899E-60 
 0.00000029708               1.87618E-60 
 0.00000029709               1.79547E-60 
 0.0000002971                1.67617E-60 
 0.00000029711               1.5581E-60 
 0.00000029712               1.47837E-60 
 0.00000029713               1.44338E-60 
 0.00000029714               1.4559E-60 
 0.00000029715               1.51075E-60 
 0.00000029716               1.56578E-60 
 0.00000029717               1.52666E-60 
 0.00000029718               1.27496E-60 
 0.00000029719               8.31517E-61 
 0.0000002972                4.41201E-61 
 0.00000029721               2.53531E-61 
 0.00000029722               2.26982E-61 
 0.00000029723               3.40667E-61 
 0.00000029724               6.35594E-61 
 0.00000029725               1.04455E-60 
 0.00000029726               1.34853E-60 
 0.00000029727               1.46791E-60 
 0.00000029728               1.48337E-60 
 0.00000029729               1.46632E-60 
 0.0000002973                1.44296E-60 
 0.00000029731               1.4149E-60 
 0.00000029732               1.35093E-60 
 0.00000029733               1.14064E-60 
 0.00000029734               7.14853E-61 
 0.00000029735               3.43103E-61 
 0.00000029736               2.16976E-61 
 0.00000029737               2.89493E-61 
 0.00000029738               5.77472E-61 
 0.00000029739               9.47855E-61 
 0.0000002974                1.13801E-60 
 0.00000029741               1.17625E-60 
 0.00000029742               1.1703E-60 
 0.00000029743               1.15962E-60 
 0.00000029744               1.15298E-60 
 0.00000029745               1.15011E-60 
 0.00000029746               1.14744E-60 
 0.00000029747               1.14189E-60 
 0.00000029748               1.13291E-60 
 0.00000029749               1.1214E-60 
 0.0000002975                1.1079E-60 
 0.00000029751               1.0895E-60 
 0.00000029752               1.06035E-60 
 0.00000029753               1.02279E-60 
 0.00000029754               9.96326E-61 
 0.00000029755               9.94346E-61 
 0.00000029756               1.00272E-60 
 0.00000029757               1.00225E-60 
 0.00000029758               9.90897E-61 
 0.00000029759               9.72843E-61 
 0.0000002976                9.40795E-61 
 0.00000029761               8.7808E-61 
 0.00000029762               8.04976E-61 
 0.00000029763               7.82314E-61 
 0.00000029764               8.177E-61 
 0.00000029765               8.40397E-61 
 0.00000029766               7.77949E-61 
 0.00000029767               6.14525E-61 
 0.00000029768               4.29415E-61 
 0.00000029769               3.36684E-61 
 0.0000002977                3.63261E-61 
 0.00000029771               4.82479E-61 
 0.00000029772               4.93897E-61 
 0.00000029773               2.78456E-61 
 0.00000029774               1.9098E-61 
 0.00000029775               3.375E-61 
 0.00000029776               6.16513E-61 
 0.00000029777               7.24737E-61 
 0.00000029778               7.25506E-61 
 0.00000029779               7.14568E-61 
 0.0000002978                7.05941E-61 
 0.00000029781               6.98898E-61 
 0.00000029782               6.90343E-61 
 0.00000029783               6.76252E-61 
 0.00000029784               6.5278E-61 
 0.00000029785               6.2148E-61 
 0.00000029786               5.94362E-61 
 0.00000029787               5.84708E-61 
 0.00000029788               5.9019E-61 
 0.00000029789               5.9604E-61 
 0.0000002979                5.99371E-61 
 0.00000029791               6.06592E-61 
 0.00000029792               6.12445E-61 
 0.00000029793               6.10747E-61 
 0.00000029794               6.04173E-61 
 0.00000029795               5.96355E-61 
 0.00000029796               5.88636E-61 
 0.00000029797               5.81222E-61 
 0.00000029798               5.73787E-61 
 0.00000029799               5.65657E-61 
 0.000000298   5.56367E-61 
 0.00000029801               5.46465E-61 
 0.00000029802               5.36745E-61 
 0.00000029803               5.26648E-61 
 0.00000029804               5.14745E-61 
 0.00000029805               4.99838E-61 
 0.00000029806               4.81348E-61 
 0.00000029807               4.60448E-61 
 0.00000029808               4.42582E-61 
 0.00000029809               4.36043E-61 
 0.0000002981                4.42478E-61 
 0.00000029811               4.53324E-61 
 0.00000029812               4.58454E-61 
 0.00000029813               4.49096E-61 
 0.00000029814               4.06989E-61 
 0.00000029815               3.01529E-61 
 0.00000029816               1.47807E-61 
 0.00000029817               4.09517E-62 
 0.00000029818               7.77599E-63 
 0.00000029819               2.00071E-63 
 0.0000002982                1.50994E-63 
 0.00000029821               3.97258E-63 
 0.00000029822               1.99697E-62 
 0.00000029823               8.55487E-62 
 0.00000029824               2.06016E-61 
 0.00000029825               2.87282E-61 
 0.00000029826               2.89775E-61 
 0.00000029827               2.74581E-61 
 0.00000029828               2.87936E-61 
 0.00000029829               3.18878E-61 
 0.0000002983                3.35673E-61 
 0.00000029831               3.32073E-61 
 0.00000029832               3.18218E-61 
 0.00000029833               2.98934E-61 
 0.00000029834               2.7425E-61 
 0.00000029835               2.46952E-61 
 0.00000029836               2.26014E-61 
 0.00000029837               2.16443E-61 
 0.00000029838               2.13424E-61 
 0.00000029839               2.11845E-61 
 0.0000002984                2.10849E-61 
 0.00000029841               2.10159E-61 
 0.00000029842               2.0934E-61 
 0.00000029843               2.09058E-61 
 0.00000029844               2.10564E-61 
 0.00000029845               2.13939E-61 
 0.00000029846               2.18264E-61 
 0.00000029847               2.23256E-61 
 0.00000029848               2.29678E-61 
 0.00000029849               2.37653E-61 
 0.0000002985                2.45347E-61 
 0.00000029851               2.50774E-61 
 0.00000029852               2.53623E-61 
 0.00000029853               2.54624E-61 
 0.00000029854               2.54156E-61 
 0.00000029855               2.50794E-61 
 0.00000029856               2.4081E-61 
 0.00000029857               2.25007E-61 
 0.00000029858               2.15762E-61 
 0.00000029859               2.20841E-61 
 0.0000002986                2.306E-61 
 0.00000029861               2.3461E-61 
 0.00000029862               2.33724E-61 
 0.00000029863               2.31199E-61 
 0.00000029864               2.27983E-61 
 0.00000029865               2.24135E-61 
 0.00000029866               2.19975E-61 
 0.00000029867               2.16344E-61 
 0.00000029868               2.1378E-61 
 0.00000029869               2.1179E-61 
 0.0000002987                2.0959E-61 
 0.00000029871               2.06855E-61 
 0.00000029872               2.0388E-61 
 0.00000029873               2.00948E-61 
 0.00000029874               1.98147E-61 
 0.00000029875               1.95405E-61 
 0.00000029876               1.92669E-61 
 0.00000029877               1.8996E-61 
 0.00000029878               1.8733E-61 
 0.00000029879               1.84814E-61 
 0.0000002988                1.82377E-61 
 0.00000029881               1.79945E-61 
 0.00000029882               1.77468E-61 
 0.00000029883               1.74961E-61 
 0.00000029884               1.72469E-61 
 0.00000029885               1.69876E-61 
 0.00000029886               1.66055E-61 
 0.00000029887               1.56528E-61 
 0.00000029888               1.33859E-61 
 0.00000029889               1.01487E-61 
 0.0000002989                7.89414E-62 
 0.00000029891               7.83928E-62 
 0.00000029892               9.78437E-62 
 0.00000029893               1.22722E-61 
 0.00000029894               1.36337E-61 
 0.00000029895               1.38866E-61 
 0.00000029896               1.38466E-61 
 0.00000029897               1.37333E-61 
 0.00000029898               1.36122E-61 
 0.00000029899               1.34688E-61 
 0.000000299   1.33159E-61 
 0.00000029901               1.31491E-61 
 0.00000029902               1.2915E-61 
 0.00000029903               1.25355E-61 
 0.00000029904               1.19851E-61 
 0.00000029905               1.13667E-61 
 0.00000029906               1.08848E-61 
 0.00000029907               1.06892E-61 
 0.00000029908               1.07508E-61 
 0.00000029909               1.09232E-61 
 0.0000002991                1.10296E-61 
 0.00000029911               1.09311E-61 
 0.00000029912               1.07942E-61 
 0.00000029913               1.08817E-61 
 0.00000029914               1.10268E-61 
 0.00000029915               1.09637E-61 
 0.00000029916               1.07484E-61 
 0.00000029917               1.05549E-61 
 0.00000029918               1.04449E-61 
 0.00000029919               1.03435E-61 
 0.0000002992                1.01305E-61 
 0.00000029921               9.73781E-62 
 0.00000029922               9.18978E-62 
 0.00000029923               8.60597E-62 
 0.00000029924               8.15534E-62 
 0.00000029925               7.96377E-62 
 0.00000029926               8.04191E-62 
 0.00000029927               8.29618E-62 
 0.00000029928               8.57102E-62 
 0.00000029929               8.64015E-62 
 0.0000002993                8.23905E-62 
 0.00000029931               7.35255E-62 
 0.00000029932               6.60991E-62 
 0.00000029933               6.57576E-62 
 0.00000029934               6.8764E-62 
 0.00000029935               6.85033E-62 
 0.00000029936               6.41143E-62 
 0.00000029937               5.77642E-62 
 0.00000029938               5.22729E-62 
 0.00000029939               5.05664E-62 
 0.0000002994                5.39108E-62 
 0.00000029941               6.07599E-62 
 0.00000029942               6.74685E-62 
 0.00000029943               7.13507E-62 
 0.00000029944               7.24783E-62 
 0.00000029945               7.21342E-62 
 0.00000029946               7.12846E-62 
 0.00000029947               7.04131E-62 
 0.00000029948               6.96513E-62 
 0.00000029949               6.87743E-62 
 0.0000002995                6.68301E-62 
 0.00000029951               6.06086E-62 
 0.00000029952               4.42119E-62 
 0.00000029953               2.01858E-62 
 0.00000029954               5.04928E-63 
 0.00000029955               1.01877E-63 
 0.00000029956               4.10911E-64 
 0.00000029957               6.30525E-64 
 0.00000029958               2.63224E-63 
 0.00000029959               1.17525E-62 
 0.0000002996                3.04779E-62 
 0.00000029961               4.60406E-62 
 0.00000029962               5.24754E-62 
 0.00000029963               5.44047E-62 
 0.00000029964               5.48404E-62 
 0.00000029965               5.44813E-62 
 0.00000029966               5.36997E-62 
 0.00000029967               5.28704E-62 
 0.00000029968               5.2038E-62 
 0.00000029969               5.10659E-62 
 0.0000002997                4.99943E-62 
 0.00000029971               4.90111E-62 
 0.00000029972               4.8252E-62 
 0.00000029973               4.77388E-62 
 0.00000029974               4.73573E-62 
 0.00000029975               4.68829E-62 
 0.00000029976               4.61469E-62 
 0.00000029977               4.53311E-62 
 0.00000029978               4.48107E-62 
 0.00000029979               4.45669E-62 
 0.0000002998                4.43193E-62 
 0.00000029981               4.39521E-62 
 0.00000029982               4.34715E-62 
 0.00000029983               4.28991E-62 
 0.00000029984               4.2254E-62 
 0.00000029985               4.15501E-62 
 0.00000029986               4.08172E-62 
 0.00000029987               4.01201E-62 
 0.00000029988               3.95248E-62 
 0.00000029989               3.90264E-62 
 0.0000002999                3.85278E-62 
 0.00000029991               3.7896E-62 
 0.00000029992               3.70329E-62 
 0.00000029993               3.59482E-62 
 0.00000029994               3.4843E-62 
 0.00000029995               3.39956E-62 
 0.00000029996               3.3517E-62 
 0.00000029997               3.33417E-62 
 0.00000029998               3.33149E-62 
 0.00000029999               3.32747E-62 
 0.0000003     3.31442E-62 
