 0.000000294   1.86166E-121 
 0.00000029401               1.81143E-121 
 0.00000029402               1.75961E-121 
 0.00000029403               1.70647E-121 
 0.00000029404               1.64905E-121 
 0.00000029405               1.57474E-121 
 0.00000029406               1.46575E-121 
 0.00000029407               1.37429E-121 
 0.00000029408               1.36094E-121 
 0.00000029409               1.37333E-121 
 0.0000002941                1.37402E-121 
 0.00000029411               1.35861E-121 
 0.00000029412               1.32814E-121 
 0.00000029413               1.29227E-121 
 0.00000029414               1.25641E-121 
 0.00000029415               1.2215E-121 
 0.00000029416               1.18741E-121 
 0.00000029417               1.15395E-121 
 0.00000029418               1.12091E-121 
 0.00000029419               1.08833E-121 
 0.0000002942                1.05676E-121 
 0.00000029421               1.02689E-121 
 0.00000029422               9.98764E-122 
 0.00000029423               9.71323E-122 
 0.00000029424               9.43795E-122 
 0.00000029425               9.16069E-122 
 0.00000029426               8.88744E-122 
 0.00000029427               8.63058E-122 
 0.00000029428               8.39165E-122 
 0.00000029429               8.15014E-122 
 0.0000002943                7.89341E-122 
 0.00000029431               7.63634E-122 
 0.00000029432               7.3936E-122 
 0.00000029433               7.17045E-122 
 0.00000029434               6.96499E-122 
 0.00000029435               6.76753E-122 
 0.00000029436               6.5792E-122 
 0.00000029437               6.41592E-122 
 0.00000029438               6.27771E-122 
 0.00000029439               6.13989E-122 
 0.0000002944                5.98567E-122 
 0.00000029441               5.81916E-122 
 0.00000029442               5.64904E-122 
 0.00000029443               5.47562E-122 
 0.00000029444               5.28429E-122 
 0.00000029445               5.03623E-122 
 0.00000029446               4.6767E-122 
 0.00000029447               4.19795E-122 
 0.00000029448               3.71661E-122 
 0.00000029449               3.444E-122 
 0.0000002945                3.49964E-122 
 0.00000029451               3.76147E-122 
 0.00000029452               3.98303E-122 
 0.00000029453               4.04553E-122 
 0.00000029454               3.99121E-122 
 0.00000029455               3.88442E-122 
 0.00000029456               3.75573E-122 
 0.00000029457               3.64566E-122 
 0.00000029458               3.55693E-122 
 0.00000029459               3.4415E-122 
 0.0000002946                3.2717E-122 
 0.00000029461               3.04748E-122 
 0.00000029462               2.81609E-122 
 0.00000029463               2.66024E-122 
 0.00000029464               2.62143E-122 
 0.00000029465               2.66462E-122 
 0.00000029466               2.70518E-122 
 0.00000029467               2.69303E-122 
 0.00000029468               2.64793E-122 
 0.00000029469               2.59142E-122 
 0.0000002947                2.50932E-122 
 0.00000029471               2.39588E-122 
 0.00000029472               2.27637E-122 
 0.00000029473               2.18962E-122 
 0.00000029474               2.14999E-122 
 0.00000029475               2.1211E-122 
 0.00000029476               2.02535E-122 
 0.00000029477               1.81717E-122 
 0.00000029478               1.59689E-122 
 0.00000029479               1.52116E-122 
 0.0000002948                1.58804E-122 
 0.00000029481               1.63802E-122 
 0.00000029482               1.59504E-122 
 0.00000029483               1.5295E-122 
 0.00000029484               1.49639E-122 
 0.00000029485               1.49481E-122 
 0.00000029486               1.48623E-122 
 0.00000029487               1.39393E-122 
 0.00000029488               1.16129E-122 
 0.00000029489               9.14526E-123 
 0.0000002949                8.45597E-123 
 0.00000029491               9.75245E-123 
 0.00000029492               1.15864E-122 
 0.00000029493               1.25405E-122 
 0.00000029494               1.26818E-122 
 0.00000029495               1.2483E-122 
 0.00000029496               1.21757E-122 
 0.00000029497               1.18425E-122 
 0.00000029498               1.15082E-122 
 0.00000029499               1.11743E-122 
 0.000000295   1.08366E-122 
 0.00000029501               1.04955E-122 
 0.00000029502               1.0152E-122 
 0.00000029503               9.79087E-123 
 0.00000029504               9.40575E-123 
 0.00000029505               9.05472E-123 
 0.00000029506               8.81226E-123 
 0.00000029507               8.65547E-123 
 0.00000029508               8.50165E-123 
 0.00000029509               8.31968E-123 
 0.0000002951                8.12668E-123 
 0.00000029511               7.92558E-123 
 0.00000029512               7.71356E-123 
 0.00000029513               7.4983E-123 
 0.00000029514               7.28566E-123 
 0.00000029515               7.07699E-123 
 0.00000029516               6.87228E-123 
 0.00000029517               6.67185E-123 
 0.00000029518               6.47709E-123 
 0.00000029519               6.2906E-123 
 0.0000002952                6.11396E-123 
 0.00000029521               5.94443E-123 
 0.00000029522               5.77671E-123 
 0.00000029523               5.60861E-123 
 0.00000029524               5.44001E-123 
 0.00000029525               5.25089E-123 
 0.00000029526               4.92991E-123 
 0.00000029527               4.1683E-123 
 0.00000029528               2.69344E-123 
 0.00000029529               1.11321E-123 
 0.0000002953                3.15254E-124 
 0.00000029531               1.02164E-124 
 0.00000029532               6.91236E-125 
 0.00000029533               9.05906E-125 
 0.00000029534               9.53977E-125 
 0.00000029535               4.2571E-125 
 0.00000029536               1.52831E-125 
 0.00000029537               1.63889E-125 
 0.00000029538               7.09217E-125 
 0.00000029539               4.50901E-124 
 0.0000002954                1.58533E-123 
 0.00000029541               2.70916E-123 
 0.00000029542               3.10776E-123 
 0.00000029543               3.09794E-123 
 0.00000029544               2.9544E-123 
 0.00000029545               2.75084E-123 
 0.00000029546               2.52506E-123 
 0.00000029547               2.33231E-123 
 0.00000029548               2.22289E-123 
 0.00000029549               2.21039E-123 
 0.0000002955                2.26408E-123 
 0.00000029551               2.32832E-123 
 0.00000029552               2.35815E-123 
 0.00000029553               2.34185E-123 
 0.00000029554               2.29114E-123 
 0.00000029555               2.21885E-123 
 0.00000029556               2.12941E-123 
 0.00000029557               2.0217E-123 
 0.00000029558               1.89387E-123 
 0.00000029559               1.74992E-123 
 0.0000002956                1.60701E-123 
 0.00000029561               1.49131E-123 
 0.00000029562               1.42217E-123 
 0.00000029563               1.40262E-123 
 0.00000029564               1.42175E-123 
 0.00000029565               1.46034E-123 
 0.00000029566               1.49627E-123 
 0.00000029567               1.51335E-123 
 0.00000029568               1.50761E-123 
 0.00000029569               1.48374E-123 
 0.0000002957                1.44546E-123 
 0.00000029571               1.38893E-123 
 0.00000029572               1.3106E-123 
 0.00000029573               1.22974E-123 
 0.00000029574               1.18381E-123 
 0.00000029575               1.18238E-123 
 0.00000029576               1.19303E-123 
 0.00000029577               1.18616E-123 
 0.00000029578               1.16106E-123 
 0.00000029579               1.12462E-123 
 0.0000002958                1.07251E-123 
 0.00000029581               9.96128E-124 
 0.00000029582               9.09952E-124 
 0.00000029583               8.54707E-124 
 0.00000029584               8.52725E-124 
 0.00000029585               8.79897E-124 
 0.00000029586               8.96276E-124 
 0.00000029587               8.88977E-124 
 0.00000029588               8.68688E-124 
 0.00000029589               8.44645E-124 
 0.0000002959                8.17076E-124 
 0.00000029591               7.80615E-124 
 0.00000029592               7.33737E-124 
 0.00000029593               6.88971E-124 
 0.00000029594               6.61935E-124 
 0.00000029595               6.46556E-124 
 0.00000029596               6.2464E-124 
 0.00000029597               6.04392E-124 
 0.00000029598               6.03335E-124 
 0.00000029599               6.09078E-124 
 0.000000296   6.03247E-124 
 0.00000029601               5.88993E-124 
 0.00000029602               5.73225E-124 
 0.00000029603               5.57923E-124 
 0.00000029604               5.4355E-124 
 0.00000029605               5.30042E-124 
 0.00000029606               5.16878E-124 
 0.00000029607               5.03669E-124 
 0.00000029608               4.90388E-124 
 0.00000029609               4.77056E-124 
 0.0000002961                4.63699E-124 
 0.00000029611               4.50539E-124 
 0.00000029612               4.37857E-124 
 0.00000029613               4.25684E-124 
 0.00000029614               4.13843E-124 
 0.00000029615               4.02205E-124 
 0.00000029616               3.90753E-124 
 0.00000029617               3.79505E-124 
 0.00000029618               3.68434E-124 
 0.00000029619               3.57579E-124 
 0.0000002962                3.47024E-124 
 0.00000029621               3.3681E-124 
 0.00000029622               3.26894E-124 
 0.00000029623               3.17325E-124 
 0.00000029624               3.0826E-124 
 0.00000029625               2.9976E-124 
 0.00000029626               2.91746E-124 
 0.00000029627               2.8403E-124 
 0.00000029628               2.76338E-124 
 0.00000029629               2.68597E-124 
 0.0000002963                2.60926E-124 
 0.00000029631               2.53387E-124 
 0.00000029632               2.45923E-124 
 0.00000029633               2.38411E-124 
 0.00000029634               2.29989E-124 
 0.00000029635               2.2028E-124 
 0.00000029636               2.10821E-124 
 0.00000029637               2.04525E-124 
 0.00000029638               2.01374E-124 
 0.00000029639               1.98412E-124 
 0.0000002964                1.94111E-124 
 0.00000029641               1.89082E-124 
 0.00000029642               1.84012E-124 
 0.00000029643               1.79034E-124 
 0.00000029644               1.74108E-124 
 0.00000029645               1.69218E-124 
 0.00000029646               1.64393E-124 
 0.00000029647               1.59712E-124 
 0.00000029648               1.55229E-124 
 0.00000029649               1.50919E-124 
 0.0000002965                1.46717E-124 
 0.00000029651               1.42602E-124 
 0.00000029652               1.38567E-124 
 0.00000029653               1.34629E-124 
 0.00000029654               1.3079E-124 
 0.00000029655               1.27052E-124 
 0.00000029656               1.23401E-124 
 0.00000029657               1.19762E-124 
 0.00000029658               1.16051E-124 
 0.00000029659               1.12303E-124 
 0.0000002966                1.08732E-124 
 0.00000029661               1.05576E-124 
 0.00000029662               1.02845E-124 
 0.00000029663               1.00295E-124 
 0.00000029664               9.76883E-125 
 0.00000029665               9.49858E-125 
 0.00000029666               9.22917E-125 
 0.00000029667               8.96943E-125 
 0.00000029668               8.71473E-125 
 0.00000029669               8.42127E-125 
 0.0000002967                7.93894E-125 
 0.00000029671               7.11194E-125 
 0.00000029672               6.25482E-125 
 0.00000029673               5.98102E-125 
 0.00000029674               6.30811E-125 
 0.00000029675               6.64603E-125 
 0.00000029676               6.66394E-125 
 0.00000029677               6.52071E-125 
 0.00000029678               6.36343E-125 
 0.00000029679               6.19051E-125 
 0.0000002968                5.97568E-125 
 0.00000029681               5.71695E-125 
 0.00000029682               5.43968E-125 
 0.00000029683               5.19233E-125 
 0.00000029684               5.02147E-125 
 0.00000029685               4.93739E-125 
 0.00000029686               4.9054E-125 
 0.00000029687               4.87519E-125 
 0.00000029688               4.80829E-125 
 0.00000029689               4.67085E-125 
 0.0000002969                4.43631E-125 
 0.00000029691               4.11724E-125 
 0.00000029692               3.63741E-125 
 0.00000029693               2.88008E-125 
 0.00000029694               2.14531E-125 
 0.00000029695               1.84042E-125 
 0.00000029696               2.03824E-125 
 0.00000029697               2.56806E-125 
 0.00000029698               3.07736E-125 
 0.00000029699               3.3241E-125 
 0.000000297   3.35574E-125 
 0.00000029701               3.29956E-125 
 0.00000029702               3.22427E-125 
 0.00000029703               3.14651E-125 
 0.00000029704               3.06457E-125 
 0.00000029705               2.97642E-125 
 0.00000029706               2.88205E-125 
 0.00000029707               2.78261E-125 
 0.00000029708               2.68237E-125 
 0.00000029709               2.58842E-125 
 0.0000002971                2.50362E-125 
 0.00000029711               2.42163E-125 
 0.00000029712               2.33844E-125 
 0.00000029713               2.26631E-125 
 0.00000029714               2.21612E-125 
 0.00000029715               2.17694E-125 
 0.00000029716               2.13226E-125 
 0.00000029717               2.07868E-125 
 0.00000029718               2.02119E-125 
 0.00000029719               1.96375E-125 
 0.0000002972                1.90706E-125 
 0.00000029721               1.85011E-125 
 0.00000029722               1.79272E-125 
 0.00000029723               1.73703E-125 
 0.00000029724               1.6864E-125 
 0.00000029725               1.64315E-125 
 0.00000029726               1.60566E-125 
 0.00000029727               1.56908E-125 
 0.00000029728               1.53022E-125 
 0.00000029729               1.48897E-125 
 0.0000002973                1.44624E-125 
 0.00000029731               1.40253E-125 
 0.00000029732               1.35104E-125 
 0.00000029733               1.19522E-125 
 0.00000029734               5.13257E-126 
 0.00000029735               6.92475E-128 
 0.00000029736               2.00387E-133 
 0.00000029737               5.9558E-142 
 0.00000029738               2.25618E-146 
 0.00000029739               1.21047E-141 
 0.0000002974                3.62833E-133 
 0.00000029741               7.75886E-128 
 0.00000029742               4.30485E-126 
 0.00000029743               8.97996E-126 
 0.00000029744               9.53255E-126 
 0.00000029745               9.32252E-126 
 0.00000029746               9.05596E-126 
 0.00000029747               8.79314E-126 
 0.00000029748               8.52665E-126 
 0.00000029749               8.17079E-126 
 0.0000002975                7.37413E-126 
 0.00000029751               5.41755E-126 
 0.00000029752               2.44674E-126 
 0.00000029753               5.30277E-127 
 0.00000029754               6.96586E-128 
 0.00000029755               1.43343E-128 
 0.00000029756               1.2821E-128 
 0.00000029757               5.26718E-128 
 0.00000029758               3.76358E-127 
 0.00000029759               1.73139E-126 
 0.0000002976                3.83205E-126 
 0.00000029761               5.12712E-126 
 0.00000029762               5.48759E-126 
 0.00000029763               5.43533E-126 
 0.00000029764               5.24044E-126 
 0.00000029765               5.00613E-126 
 0.00000029766               4.79219E-126 
 0.00000029767               4.63002E-126 
 0.00000029768               4.51478E-126 
 0.00000029769               4.42227E-126 
 0.0000002977                4.33236E-126 
 0.00000029771               4.23575E-126 
 0.00000029772               4.1311E-126 
 0.00000029773               4.01799E-126 
 0.00000029774               3.88948E-126 
 0.00000029775               3.74227E-126 
 0.00000029776               3.6012E-126 
 0.00000029777               3.5072E-126 
 0.00000029778               3.46402E-126 
 0.00000029779               3.42945E-126 
 0.0000002978                3.36973E-126 
 0.00000029781               3.28664E-126 
 0.00000029782               3.19408E-126 
 0.00000029783               3.10012E-126 
 0.00000029784               3.00869E-126 
 0.00000029785               2.92238E-126 
 0.00000029786               2.83971E-126 
 0.00000029787               2.75583E-126 
 0.00000029788               2.67179E-126 
 0.00000029789               2.5931E-126 
 0.0000002979                2.51836E-126 
 0.00000029791               2.44595E-126 
 0.00000029792               2.37796E-126 
 0.00000029793               2.31448E-126 
 0.00000029794               2.253E-126 
 0.00000029795               2.19094E-126 
 0.00000029796               2.12633E-126 
 0.00000029797               2.05911E-126 
 0.00000029798               1.9948E-126 
 0.00000029799               1.93827E-126 
 0.000000298   1.88284E-126 
 0.00000029801               1.82524E-126 
 0.00000029802               1.77257E-126 
 0.00000029803               1.72703E-126 
 0.00000029804               1.682E-126 
 0.00000029805               1.63204E-126 
 0.00000029806               1.57903E-126 
 0.00000029807               1.52845E-126 
 0.00000029808               1.47798E-126 
 0.00000029809               1.41664E-126 
 0.0000002981                1.33917E-126 
 0.00000029811               1.24786E-126 
 0.00000029812               1.13435E-126 
 0.00000029813               9.4303E-127 
 0.00000029814               5.96946E-127 
 0.00000029815               2.17303E-127 
 0.00000029816               4.07285E-128 
 0.00000029817               6.23572E-129 
 0.00000029818               2.09277E-129 
 0.00000029819               3.1308E-129 
 0.0000002982                1.5356E-128 
 0.00000029821               8.99813E-128 
 0.00000029822               2.97371E-127 
 0.00000029823               5.16305E-127 
 0.00000029824               5.51751E-127 
 0.00000029825               3.56768E-127 
 0.00000029826               2.57267E-127 
 0.00000029827               3.81725E-127 
 0.00000029828               5.50072E-127 
 0.00000029829               5.96174E-127 
 0.0000002983                6.26861E-127 
 0.00000029831               6.67904E-127 
 0.00000029832               6.92643E-127 
 0.00000029833               6.9495E-127 
 0.00000029834               6.8933E-127 
 0.00000029835               6.78653E-127 
 0.00000029836               6.62175E-127 
 0.00000029837               6.43831E-127 
 0.00000029838               6.25492E-127 
 0.00000029839               6.07178E-127 
 0.0000002984                5.8891E-127 
 0.00000029841               5.71007E-127 
 0.00000029842               5.5386E-127 
 0.00000029843               5.37653E-127 
 0.00000029844               5.2236E-127 
 0.00000029845               5.07884E-127 
 0.00000029846               4.94021E-127 
 0.00000029847               4.8042E-127 
 0.00000029848               4.66754E-127 
 0.00000029849               4.52888E-127 
 0.0000002985                4.38984E-127 
 0.00000029851               4.25611E-127 
 0.00000029852               4.12824E-127 
 0.00000029853               4.00052E-127 
 0.00000029854               3.87277E-127 
 0.00000029855               3.75396E-127 
 0.00000029856               3.64927E-127 
 0.00000029857               3.55298E-127 
 0.00000029858               3.45835E-127 
 0.00000029859               3.36331E-127 
 0.0000002986                3.26594E-127 
 0.00000029861               3.16446E-127 
 0.00000029862               3.05973E-127 
 0.00000029863               2.95565E-127 
 0.00000029864               2.85968E-127 
 0.00000029865               2.77853E-127 
 0.00000029866               2.70883E-127 
 0.00000029867               2.64176E-127 
 0.00000029868               2.57384E-127 
 0.00000029869               2.50527E-127 
 0.0000002987                2.43599E-127 
 0.00000029871               2.36694E-127 
 0.00000029872               2.29972E-127 
 0.00000029873               2.23572E-127 
 0.00000029874               2.17435E-127 
 0.00000029875               2.11405E-127 
 0.00000029876               2.05409E-127 
 0.00000029877               1.99527E-127 
 0.00000029878               1.93869E-127 
 0.00000029879               1.88389E-127 
 0.0000002988                1.82903E-127 
 0.00000029881               1.77298E-127 
 0.00000029882               1.71625E-127 
 0.00000029883               1.65873E-127 
 0.00000029884               1.60129E-127 
 0.00000029885               1.55277E-127 
 0.00000029886               1.51664E-127 
 0.00000029887               1.48258E-127 
 0.00000029888               1.44414E-127 
 0.00000029889               1.40369E-127 
 0.0000002989                1.36394E-127 
 0.00000029891               1.32506E-127 
 0.00000029892               1.28645E-127 
 0.00000029893               1.24806E-127 
 0.00000029894               1.21049E-127 
 0.00000029895               1.17472E-127 
 0.00000029896               1.14107E-127 
 0.00000029897               1.10809E-127 
 0.00000029898               1.07258E-127 
 0.00000029899               1.03324E-127 
 0.000000299   9.95793E-128 
 0.00000029901               9.68081E-128 
 0.00000029902               9.48408E-128 
 0.00000029903               9.27823E-128 
 0.00000029904               8.98849E-128 
 0.00000029905               8.50135E-128 
 0.00000029906               7.68515E-128 
 0.00000029907               6.75193E-128 
 0.00000029908               6.24344E-128 
 0.00000029909               6.35068E-128 
 0.0000002991                6.72036E-128 
 0.00000029911               6.95581E-128 
 0.00000029912               6.98242E-128 
 0.00000029913               6.87414E-128 
 0.00000029914               6.69018E-128 
 0.00000029915               6.47138E-128 
 0.00000029916               6.24246E-128 
 0.00000029917               6.01509E-128 
 0.00000029918               5.80584E-128 
 0.00000029919               5.63663E-128 
 0.0000002992                5.50934E-128 
 0.00000029921               5.40139E-128 
 0.00000029922               5.28712E-128 
 0.00000029923               5.15653E-128 
 0.00000029924               5.01213E-128 
 0.00000029925               4.85986E-128 
 0.00000029926               4.70264E-128 
 0.00000029927               4.52527E-128 
 0.00000029928               4.28469E-128 
 0.00000029929               3.99021E-128 
 0.0000002993                3.7818E-128 
 0.00000029931               3.74564E-128 
 0.00000029932               3.76743E-128 
 0.00000029933               3.73535E-128 
 0.00000029934               3.66946E-128 
 0.00000029935               3.59527E-128 
 0.00000029936               3.50791E-128 
 0.00000029937               3.41358E-128 
 0.00000029938               3.32103E-128 
 0.00000029939               3.23023E-128 
 0.0000002994                3.13959E-128 
 0.00000029941               3.05071E-128 
 0.00000029942               2.96355E-128 
 0.00000029943               2.87548E-128 
 0.00000029944               2.78749E-128 
 0.00000029945               2.70402E-128 
 0.00000029946               2.62622E-128 
 0.00000029947               2.54959E-128 
 0.00000029948               2.47001E-128 
 0.00000029949               2.38902E-128 
 0.0000002995                2.31188E-128 
 0.00000029951               2.24142E-128 
 0.00000029952               2.17606E-128 
 0.00000029953               2.1143E-128 
 0.00000029954               2.05585E-128 
 0.00000029955               1.99827E-128 
 0.00000029956               1.93711E-128 
 0.00000029957               1.8695E-128 
 0.00000029958               1.7974E-128 
 0.00000029959               1.72792E-128 
 0.0000002996                1.66915E-128 
 0.00000029961               1.6247E-128 
 0.00000029962               1.59207E-128 
 0.00000029963               1.5644E-128 
 0.00000029964               1.53485E-128 
 0.00000029965               1.50029E-128 
 0.00000029966               1.46154E-128 
 0.00000029967               1.42093E-128 
 0.00000029968               1.38024E-128 
 0.00000029969               1.34031E-128 
 0.0000002997                1.3014E-128 
 0.00000029971               1.26357E-128 
 0.00000029972               1.22674E-128 
 0.00000029973               1.19042E-128 
 0.00000029974               1.15248E-128 
 0.00000029975               1.10762E-128 
 0.00000029976               1.05224E-128 
 0.00000029977               9.97053E-129 
 0.00000029978               9.62486E-129 
 0.00000029979               9.51544E-129 
 0.0000002998                9.45108E-129 
 0.00000029981               9.22293E-129 
 0.00000029982               8.0772E-129 
 0.00000029983               3.38398E-129 
 0.00000029984               8.15186E-131 
 0.00000029985               1.45532E-134 
 0.00000029986               2.02849E-138 
 0.00000029987               3.32926E-138 
 0.00000029988               3.33776E-134 
 0.00000029989               1.18236E-130 
 0.0000002999                3.17408E-129 
 0.00000029991               6.33408E-129 
 0.00000029992               6.72835E-129 
 0.00000029993               6.57536E-129 
 0.00000029994               6.37873E-129 
 0.00000029995               6.18927E-129 
 0.00000029996               6.01477E-129 
 0.00000029997               5.85036E-129 
 0.00000029998               5.68708E-129 
 0.00000029999               5.51949E-129 
 0.0000003     5.34591E-129 
