 0.000000294   4.64492E-24 
 0.00000029401               4.68289E-24 
 0.00000029402               4.69075E-24 
 0.00000029403               4.66298E-24 
 0.00000029404               4.576E-24 
 0.00000029405               4.37786E-24 
 0.00000029406               4.04314E-24 
 0.00000029407               3.59629E-24 
 0.00000029408               3.09575E-24 
 0.00000029409               2.6547E-24 
 0.0000002941                2.39844E-24 
 0.00000029411               2.39247E-24 
 0.00000029412               2.63992E-24 
 0.00000029413               3.0841E-24 
 0.00000029414               3.59243E-24 
 0.00000029415               4.00345E-24 
 0.00000029416               4.23683E-24 
 0.00000029417               4.32412E-24 
 0.00000029418               4.33706E-24 
 0.00000029419               4.32542E-24 
 0.0000002942                4.30767E-24 
 0.00000029421               4.28685E-24 
 0.00000029422               4.2635E-24 
 0.00000029423               4.23761E-24 
 0.00000029424               4.207E-24 
 0.00000029425               4.16951E-24 
 0.00000029426               4.13154E-24 
 0.00000029427               4.09676E-24 
 0.00000029428               4.06028E-24 
 0.00000029429               4.02722E-24 
 0.0000002943                3.99534E-24 
 0.00000029431               3.9653E-24 
 0.00000029432               3.95456E-24 
 0.00000029433               3.96302E-24 
 0.00000029434               3.96487E-24 
 0.00000029435               3.93316E-24 
 0.00000029436               3.85599E-24 
 0.00000029437               3.75666E-24 
 0.00000029438               3.64474E-24 
 0.00000029439               3.51782E-24 
 0.0000002944                3.47471E-24 
 0.00000029441               3.52314E-24 
 0.00000029442               3.39551E-24 
 0.00000029443               2.92605E-24 
 0.00000029444               2.48015E-24 
 0.00000029445               2.48647E-24 
 0.00000029446               2.89961E-24 
 0.00000029447               3.22886E-24 
 0.00000029448               3.09078E-24 
 0.00000029449               2.61029E-24 
 0.0000002945                2.20238E-24 
 0.00000029451               2.2015E-24 
 0.00000029452               2.62449E-24 
 0.00000029453               3.14213E-24 
 0.00000029454               3.4083E-24 
 0.00000029455               3.44327E-24 
 0.00000029456               3.39692E-24 
 0.00000029457               3.33697E-24 
 0.00000029458               3.28518E-24 
 0.00000029459               3.26359E-24 
 0.0000002946                3.27221E-24 
 0.00000029461               3.29199E-24 
 0.00000029462               3.30865E-24 
 0.00000029463               3.31994E-24 
 0.00000029464               3.32999E-24 
 0.00000029465               3.33415E-24 
 0.00000029466               3.32575E-24 
 0.00000029467               3.30585E-24 
 0.00000029468               3.27998E-24 
 0.00000029469               3.24726E-24 
 0.0000002947                3.18946E-24 
 0.00000029471               3.09293E-24 
 0.00000029472               2.9858E-24 
 0.00000029473               2.90039E-24 
 0.00000029474               2.79091E-24 
 0.00000029475               2.63763E-24 
 0.00000029476               2.5931E-24 
 0.00000029477               2.7276E-24 
 0.00000029478               2.88941E-24 
 0.00000029479               2.96234E-24 
 0.0000002948                2.94902E-24 
 0.00000029481               2.86456E-24 
 0.00000029482               2.73261E-24 
 0.00000029483               2.55969E-24 
 0.00000029484               2.30174E-24 
 0.00000029485               2.0446E-24 
 0.00000029486               2.0461E-24 
 0.00000029487               2.35503E-24 
 0.00000029488               2.66594E-24 
 0.00000029489               2.74108E-24 
 0.0000002949                2.67503E-24 
 0.00000029491               2.6153E-24 
 0.00000029492               2.62479E-24 
 0.00000029493               2.69058E-24 
 0.00000029494               2.76237E-24 
 0.00000029495               2.80511E-24 
 0.00000029496               2.81664E-24 
 0.00000029497               2.80961E-24 
 0.00000029498               2.79403E-24 
 0.00000029499               2.77378E-24 
 0.000000295   2.75197E-24 
 0.00000029501               2.73365E-24 
 0.00000029502               2.72105E-24 
 0.00000029503               2.71113E-24 
 0.00000029504               2.70021E-24 
 0.00000029505               2.68762E-24 
 0.00000029506               2.67398E-24 
 0.00000029507               2.65916E-24 
 0.00000029508               2.64293E-24 
 0.00000029509               2.62656E-24 
 0.0000002951                2.6122E-24 
 0.00000029511               2.60065E-24 
 0.00000029512               2.59008E-24 
 0.00000029513               2.57764E-24 
 0.00000029514               2.56156E-24 
 0.00000029515               2.54133E-24 
 0.00000029516               2.51707E-24 
 0.00000029517               2.49002E-24 
 0.00000029518               2.46143E-24 
 0.00000029519               2.42689E-24 
 0.0000002952                2.38162E-24 
 0.00000029521               2.34772E-24 
 0.00000029522               2.34981E-24 
 0.00000029523               2.3577E-24 
 0.00000029524               2.34243E-24 
 0.00000029525               2.32658E-24 
 0.00000029526               2.33166E-24 
 0.00000029527               2.34892E-24 
 0.00000029528               2.35774E-24 
 0.00000029529               2.34867E-24 
 0.0000002953                2.31441E-24 
 0.00000029531               2.22863E-24 
 0.00000029532               2.10188E-24 
 0.00000029533               1.83983E-24 
 0.00000029534               1.2681E-24 
 0.00000029535               7.56204E-25 
 0.00000029536               6.27016E-25 
 0.00000029537               8.76449E-25 
 0.00000029538               1.37728E-24 
 0.00000029539               1.73415E-24 
 0.0000002954                1.83912E-24 
 0.00000029541               1.87792E-24 
 0.00000029542               1.93264E-24 
 0.00000029543               1.96183E-24 
 0.00000029544               1.75816E-24 
 0.00000029545               1.01894E-24 
 0.00000029546               2.15515E-25 
 0.00000029547               1.10422E-26 
 0.00000029548               2.88485E-28 
 0.00000029549               3.16616E-29 
 0.0000002955                7.65423E-29 
 0.00000029551               2.03032E-27 
 0.00000029552               6.39434E-26 
 0.00000029553               5.56123E-25 
 0.00000029554               1.36714E-24 
 0.00000029555               1.7745E-24 
 0.00000029556               1.9021E-24 
 0.00000029557               1.9626E-24 
 0.00000029558               1.99139E-24 
 0.00000029559               1.99363E-24 
 0.0000002956                1.98237E-24 
 0.00000029561               1.96609E-24 
 0.00000029562               1.94855E-24 
 0.00000029563               1.93249E-24 
 0.00000029564               1.91944E-24 
 0.00000029565               1.90867E-24 
 0.00000029566               1.89989E-24 
 0.00000029567               1.89462E-24 
 0.00000029568               1.88975E-24 
 0.00000029569               1.87864E-24 
 0.0000002957                1.86125E-24 
 0.00000029571               1.84449E-24 
 0.00000029572               1.83102E-24 
 0.00000029573               1.82055E-24 
 0.00000029574               1.81876E-24 
 0.00000029575               1.8214E-24 
 0.00000029576               1.81652E-24 
 0.00000029577               1.80378E-24 
 0.00000029578               1.78866E-24 
 0.00000029579               1.77217E-24 
 0.0000002958                1.74458E-24 
 0.00000029581               1.71356E-24 
 0.00000029582               1.71297E-24 
 0.00000029583               1.72275E-24 
 0.00000029584               1.70522E-24 
 0.00000029585               1.66679E-24 
 0.00000029586               1.62699E-24 
 0.00000029587               1.60161E-24 
 0.00000029588               1.59528E-24 
 0.00000029589               1.60016E-24 
 0.0000002959                1.60735E-24 
 0.00000029591               1.61456E-24 
 0.00000029592               1.62226E-24 
 0.00000029593               1.62699E-24 
 0.00000029594               1.62443E-24 
 0.00000029595               1.61528E-24 
 0.00000029596               1.60285E-24 
 0.00000029597               1.58604E-24 
 0.00000029598               1.56331E-24 
 0.00000029599               1.54352E-24 
 0.000000296   1.53751E-24 
 0.00000029601               1.54113E-24 
 0.00000029602               1.5433E-24 
 0.00000029603               1.54078E-24 
 0.00000029604               1.53589E-24 
 0.00000029605               1.53047E-24 
 0.00000029606               1.5249E-24 
 0.00000029607               1.51898E-24 
 0.00000029608               1.51303E-24 
 0.00000029609               1.50765E-24 
 0.0000002961                1.50156E-24 
 0.00000029611               1.48853E-24 
 0.00000029612               1.45389E-24 
 0.00000029613               1.37981E-24 
 0.00000029614               1.273E-24 
 0.00000029615               1.18647E-24 
 0.00000029616               1.17859E-24 
 0.00000029617               1.25161E-24 
 0.00000029618               1.42737E-24 
 0.00000029619               1.48849E-24 
 0.0000002962                1.50726E-24 
 0.00000029621               1.50587E-24 
 0.00000029622               1.49841E-24 
 0.00000029623               1.48955E-24 
 0.00000029624               1.48077E-24 
 0.00000029625               1.47269E-24 
 0.00000029626               1.46507E-24 
 0.00000029627               1.45682E-24 
 0.00000029628               1.44634E-24 
 0.00000029629               1.43258E-24 
 0.0000002963                1.41313E-24 
 0.00000029631               1.41926E-24 
 0.00000029632               1.38929E-24 
 0.00000029633               1.37658E-24 
 0.00000029634               1.38107E-24 
 0.00000029635               1.38568E-24 
 0.00000029636               1.38428E-24 
 0.00000029637               1.38001E-24 
 0.00000029638               1.37244E-24 
 0.00000029639               1.3576E-24 
 0.0000002964                1.32864E-24 
 0.00000029641               1.27763E-24 
 0.00000029642               1.20671E-24 
 0.00000029643               1.13361E-24 
 0.00000029644               1.08419E-24 
 0.00000029645               1.07789E-24 
 0.00000029646               2.16306E-24 
 0.00000029647               2.26987E-24 
 0.00000029648               2.35524E-24 
 0.00000029649               2.37574E-24 
 0.0000002965                2.36985E-24 
 0.00000029651               2.36923E-24 
 0.00000029652               2.35865E-24 
 0.00000029653               2.32915E-24 
 0.00000029654               2.31309E-24 
 0.00000029655               2.33686E-24 
 0.00000029656               2.38396E-24 
 0.00000029657               2.42048E-24 
 0.00000029658               2.43294E-24 
 0.00000029659               2.42618E-24 
 0.0000002966                2.40794E-24 
 0.00000029661               2.3908E-24 
 0.00000029662               2.37457E-24 
 0.00000029663               2.34124E-24 
 0.00000029664               2.30875E-24 
 0.00000029665               2.31427E-24 
 0.00000029666               2.33295E-24 
 0.00000029667               2.33354E-24 
 0.00000029668               2.32095E-24 
 0.00000029669               2.30047E-24 
 0.0000002967                2.27615E-24 
 0.00000029671               2.25997E-24 
 0.00000029672               2.25231E-24 
 0.00000029673               2.242E-24 
 0.00000029674               2.22858E-24 
 0.00000029675               2.21775E-24 
 0.00000029676               2.21182E-24 
 0.00000029677               2.20398E-24 
 0.00000029678               2.19194E-24 
 0.00000029679               2.17584E-24 
 0.0000002968                2.15807E-24 
 0.00000029681               2.14121E-24 
 0.00000029682               2.12675E-24 
 0.00000029683               2.11655E-24 
 0.00000029684               2.10755E-24 
 0.00000029685               2.09938E-24 
 0.00000029686               2.09049E-24 
 0.00000029687               2.08063E-24 
 0.00000029688               2.07041E-24 
 0.00000029689               2.06035E-24 
 0.0000002969                2.04992E-24 
 0.00000029691               2.03705E-24 
 0.00000029692               2.01933E-24 
 0.00000029693               1.99627E-24 
 0.00000029694               1.97018E-24 
 0.00000029695               1.9446E-24 
 0.00000029696               1.91923E-24 
 0.00000029697               1.88832E-24 
 0.00000029698               1.8514E-24 
 0.00000029699               1.81492E-24 
 0.000000297   1.76647E-24 
 0.00000029701               1.66069E-24 
 0.00000029702               1.48704E-24 
 0.00000029703               1.35962E-24 
 0.00000029704               1.39913E-24 
 0.00000029705               1.56016E-24 
 0.00000029706               1.65495E-24 
 0.00000029707               1.58307E-24 
 0.00000029708               1.39561E-24 
 0.00000029709               1.17902E-24 
 0.0000002971                1.00353E-24 
 0.00000029711               9.13147E-25 
 0.00000029712               9.22832E-25 
 0.00000029713               1.02561E-24 
 0.00000029714               1.1907E-24 
 0.00000029715               1.36085E-24 
 0.00000029716               1.47344E-24 
 0.00000029717               1.51259E-24 
 0.00000029718               1.51949E-24 
 0.00000029719               1.53858E-24 
 0.0000002972                1.57223E-24 
 0.00000029721               1.59046E-24 
 0.00000029722               1.57047E-24 
 0.00000029723               1.51826E-24 
 0.00000029724               1.45682E-24 
 0.00000029725               1.40861E-24 
 0.00000029726               1.3875E-24 
 0.00000029727               1.39702E-24 
 0.00000029728               1.43117E-24 
 0.00000029729               1.46873E-24 
 0.0000002973                1.43641E-24 
 0.00000029731               1.19134E-24 
 0.00000029732               7.91479E-25 
 0.00000029733               5.68936E-25 
 0.00000029734               6.51364E-25 
 0.00000029735               9.77638E-25 
 0.00000029736               1.25134E-24 
 0.00000029737               1.28993E-24 
 0.00000029738               1.24016E-24 
 0.00000029739               1.21839E-24 
 0.0000002974                1.24132E-24 
 0.00000029741               1.26662E-24 
 0.00000029742               1.24046E-24 
 0.00000029743               1.17856E-24 
 0.00000029744               1.15456E-24 
 0.00000029745               1.20995E-24 
 0.00000029746               1.31286E-24 
 0.00000029747               1.38453E-24 
 0.00000029748               1.39649E-24 
 0.00000029749               1.39276E-24 
 0.0000002975                1.40703E-24 
 0.00000029751               1.43144E-24 
 0.00000029752               1.44691E-24 
 0.00000029753               1.44914E-24 
 0.00000029754               1.44387E-24 
 0.00000029755               1.43555E-24 
 0.00000029756               1.42633E-24 
 0.00000029757               1.41705E-24 
 0.00000029758               1.40722E-24 
 0.00000029759               1.39617E-24 
 0.0000002976                1.38442E-24 
 0.00000029761               1.37315E-24 
 0.00000029762               1.36169E-24 
 0.00000029763               1.34426E-24 
 0.00000029764               1.31137E-24 
 0.00000029765               1.25276E-24 
 0.00000029766               1.08542E-24 
 0.00000029767               5.24693E-25 
 0.00000029768               2.87523E-26 
 0.00000029769               1.42748E-29 
 0.0000002977                6.77885E-35 
 0.00000029771               2.64718E-39 
 0.00000029772               4.5784E-39 
 0.00000029773               2.10348E-34 
 0.00000029774               3.49488E-29 
 0.00000029775               4.3265E-26 
 0.00000029776               5.86668E-25 
 0.00000029777               1.07632E-24 
 0.00000029778               1.16468E-24 
 0.00000029779               1.16539E-24 
 0.0000002978                1.17258E-24 
 0.00000029781               1.1892E-24 
 0.00000029782               1.2031E-24 
 0.00000029783               1.20687E-24 
 0.00000029784               1.20235E-24 
 0.00000029785               1.19642E-24 
 0.00000029786               1.19376E-24 
 0.00000029787               1.19352E-24 
 0.00000029788               1.19198E-24 
 0.00000029789               1.18237E-24 
 0.0000002979                1.13903E-24 
 0.00000029791               9.93041E-25 
 0.00000029792               6.95145E-25 
 0.00000029793               3.79391E-25 
 0.00000029794               2.11583E-25 
 0.00000029795               1.87202E-25 
 0.00000029796               2.91194E-25 
 0.00000029797               5.49439E-25 
 0.00000029798               8.59834E-25 
 0.00000029799               1.0435E-24 
 0.000000298   1.0962E-24 
 0.00000029801               1.08829E-24 
 0.00000029802               1.04026E-24 
 0.00000029803               7.99403E-25 
 0.00000029804               1.01126E-25 
 0.00000029805               3.18513E-30 
 0.00000029806               1.89988E-42 
 0.00000029807               4.72366E-58 
 0.00000029808               2.84128E-61 
 0.00000029809               4.27308E-48 
 0.0000002981                1.94554E-33 
 0.00000029811               1.27957E-26 
 0.00000029812               5.67101E-25 
 0.00000029813               9.3118E-25 
 0.00000029814               9.63916E-25 
 0.00000029815               9.51669E-25 
 0.00000029816               8.65091E-25 
 0.00000029817               6.55239E-25 
 0.00000029818               4.2121E-25 
 0.00000029819               3.14696E-25 
 0.0000002982                3.74743E-25 
 0.00000029821               5.92648E-25 
 0.00000029822               8.34465E-25 
 0.00000029823               9.48941E-25 
 0.00000029824               9.72927E-25 
 0.00000029825               9.72116E-25 
 0.00000029826               9.65077E-25 
 0.00000029827               9.54057E-25 
 0.00000029828               9.40535E-25 
 0.00000029829               9.23921E-25 
 0.0000002983                9.02985E-25 
 0.00000029831               8.7921E-25 
 0.00000029832               8.54133E-25 
 0.00000029833               8.25117E-25 
 0.00000029834               7.86731E-25 
 0.00000029835               7.41706E-25 
 0.00000029836               7.10007E-25 
 0.00000029837               7.15982E-25 
 0.00000029838               7.6235E-25 
 0.00000029839               8.22194E-25 
 0.0000002984                8.64266E-25 
 0.00000029841               8.81058E-25 
 0.00000029842               8.82747E-25 
 0.00000029843               8.79036E-25 
 0.00000029844               8.74311E-25 
 0.00000029845               8.69774E-25 
 0.00000029846               8.65337E-25 
 0.00000029847               8.60645E-25 
 0.00000029848               8.55526E-25 
 0.00000029849               8.49998E-25 
 0.0000002985                8.44283E-25 
 0.00000029851               8.38958E-25 
 0.00000029852               8.3442E-25 
 0.00000029853               8.3024E-25 
 0.00000029854               8.25415E-25 
 0.00000029855               8.19463E-25 
 0.00000029856               8.12427E-25 
 0.00000029857               8.03738E-25 
 0.00000029858               7.91966E-25 
 0.00000029859               7.77366E-25 
 0.0000002986                7.62099E-25 
 0.00000029861               7.46321E-25 
 0.00000029862               7.23894E-25 
 0.00000029863               6.90643E-25 
 0.00000029864               6.49496E-25 
 0.00000029865               6.05802E-25 
 0.00000029866               5.69071E-25 
 0.00000029867               5.53342E-25 
 0.00000029868               5.65306E-25 
 0.00000029869               5.94048E-25 
 0.0000002987                6.19181E-25 
 0.00000029871               6.35848E-25 
 0.00000029872               6.56499E-25 
 0.00000029873               6.8017E-25 
 0.00000029874               6.78089E-25 
 0.00000029875               6.2406E-25 
 0.00000029876               5.42453E-25 
 0.00000029877               4.95665E-25 
 0.00000029878               5.18795E-25 
 0.00000029879               5.92272E-25 
 0.0000002988                6.60902E-25 
 0.00000029881               6.92923E-25 
 0.00000029882               6.99532E-25 
 0.00000029883               6.97992E-25 
 0.00000029884               6.95214E-25 
 0.00000029885               6.92734E-25 
 0.00000029886               6.90675E-25 
 0.00000029887               6.88483E-25 
 0.00000029888               6.8581E-25 
 0.00000029889               6.8294E-25 
 0.0000002989                6.79849E-25 
 0.00000029891               6.76411E-25 
 0.00000029892               6.72699E-25 
 0.00000029893               6.67737E-25 
 0.00000029894               6.58204E-25 
 0.00000029895               6.40862E-25 
 0.00000029896               6.19736E-25 
 0.00000029897               6.08782E-25 
 0.00000029898               6.1656E-25 
 0.00000029899               6.30556E-25 
 0.000000299   6.3676E-25 
 0.00000029901               6.36032E-25 
 0.00000029902               6.329E-25 
 0.00000029903               6.29181E-25 
 0.00000029904               6.25432E-25 
 0.00000029905               6.21738E-25 
 0.00000029906               6.1738E-25 
 0.00000029907               6.12089E-25 
 0.00000029908               6.05667E-25 
 0.00000029909               5.96E-25 
 0.0000002991                5.78543E-25 
 0.00000029911               5.49215E-25 
 0.00000029912               5.07129E-25 
 0.00000029913               4.56435E-25 
 0.00000029914               4.062E-25 
 0.00000029915               3.66746E-25 
 0.00000029916               3.4515E-25 
 0.00000029917               3.42295E-25 
 0.00000029918               3.55532E-25 
 0.00000029919               3.81882E-25 
 0.0000002992                4.18627E-25 
 0.00000029921               4.55525E-25 
 0.00000029922               4.75839E-25 
 0.00000029923               4.72384E-25 
 0.00000029924               4.49862E-25 
 0.00000029925               4.12311E-25 
 0.00000029926               3.59274E-25 
 0.00000029927               2.98225E-25 
 0.00000029928               2.51148E-25 
 0.00000029929               2.39769E-25 
 0.0000002993                2.69046E-25 
 0.00000029931               3.25837E-25 
 0.00000029932               3.83719E-25 
 0.00000029933               4.26003E-25 
 0.00000029934               4.54843E-25 
 0.00000029935               4.74048E-25 
 0.00000029936               4.83227E-25 
 0.00000029937               4.80224E-25 
 0.00000029938               4.5581E-25 
 0.00000029939               3.87001E-25 
 0.0000002994                2.49801E-25 
 0.00000029941               9.39712E-26 
 0.00000029942               1.71148E-26 
 0.00000029943               1.92259E-27 
 0.00000029944               3.03858E-28 
 0.00000029945               1.77725E-28 
 0.00000029946               5.32533E-28 
 0.00000029947               4.37639E-27 
 0.00000029948               3.56867E-26 
 0.00000029949               1.51153E-25 
 0.0000002995                3.14045E-25 
 0.00000029951               4.12583E-25 
 0.00000029952               4.42964E-25 
 0.00000029953               4.50184E-25 
 0.00000029954               4.56727E-25 
 0.00000029955               4.6393E-25 
 0.00000029956               4.67831E-25 
 0.00000029957               4.67809E-25 
 0.00000029958               4.65116E-25 
 0.00000029959               4.57054E-25 
 0.0000002996                4.28375E-25 
 0.00000029961               3.57488E-25 
 0.00000029962               2.66784E-25 
 0.00000029963               2.18558E-25 
 0.00000029964               2.40535E-25 
 0.00000029965               3.17762E-25 
 0.00000029966               3.93983E-25 
 0.00000029967               4.28647E-25 
 0.00000029968               4.35796E-25 
 0.00000029969               4.35333E-25 
 0.0000002997                4.33662E-25 
 0.00000029971               4.3123E-25 
 0.00000029972               4.27825E-25 
 0.00000029973               4.24513E-25 
 0.00000029974               4.22441E-25 
 0.00000029975               4.20813E-25 
 0.00000029976               4.18637E-25 
 0.00000029977               4.15114E-25 
 0.00000029978               4.0638E-25 
 0.00000029979               3.82304E-25 
 0.0000002998                3.30003E-25 
 0.00000029981               2.50472E-25 
 0.00000029982               1.68881E-25 
 0.00000029983               1.11894E-25 
 0.00000029984               8.53368E-26 
 0.00000029985               8.29661E-26 
 0.00000029986               9.89724E-26 
 0.00000029987               1.27691E-25 
 0.00000029988               1.62021E-25 
 0.00000029989               1.98118E-25 
 0.0000002999                2.36446E-25 
 0.00000029991               2.76348E-25 
 0.00000029992               3.13099E-25 
 0.00000029993               3.4111E-25 
 0.00000029994               3.58396E-25 
 0.00000029995               3.65584E-25 
 0.00000029996               3.60188E-25 
 0.00000029997               3.31719E-25 
 0.00000029998               2.63582E-25 
 0.00000029999               1.4812E-25 
 0.0000003     3.32131E-26 
