 0.000000294   2.07459E-62 
 0.00000029401               2.04234E-62 
 0.00000029402               1.98563E-62 
 0.00000029403               1.86912E-62 
 0.00000029404               1.66601E-62 
 0.00000029405               1.40268E-62 
 0.00000029406               1.1627E-62 
 0.00000029407               1.01771E-62 
 0.00000029408               9.82681E-63 
 0.00000029409               1.03217E-62 
 0.0000002941                1.13248E-62 
 0.00000029411               1.26145E-62 
 0.00000029412               1.40101E-62 
 0.00000029413               1.52251E-62 
 0.00000029414               1.59825E-62 
 0.00000029415               1.62322E-62 
 0.00000029416               1.61341E-62 
 0.00000029417               1.58654E-62 
 0.00000029418               1.55199E-62 
 0.00000029419               1.51412E-62 
 0.0000002942                1.4751E-62 
 0.00000029421               1.4337E-62 
 0.00000029422               1.38397E-62 
 0.00000029423               1.32104E-62 
 0.00000029424               1.25947E-62 
 0.00000029425               1.22781E-62 
 0.00000029426               1.23797E-62 
 0.00000029427               1.2474E-62 
 0.00000029428               1.14577E-62 
 0.00000029429               9.33676E-63 
 0.0000002943                8.01256E-63 
 0.00000029431               8.35045E-63 
 0.00000029432               9.43648E-63 
 0.00000029433               1.04646E-62 
 0.00000029434               1.14782E-62 
 0.00000029435               1.21685E-62 
 0.00000029436               1.23297E-62 
 0.00000029437               1.22168E-62 
 0.00000029438               1.20414E-62 
 0.00000029439               1.1862E-62 
 0.0000002944                1.16588E-62 
 0.00000029441               1.12749E-62 
 0.00000029442               1.04626E-62 
 0.00000029443               9.55896E-63 
 0.00000029444               9.42513E-63 
 0.00000029445               1.00121E-62 
 0.00000029446               1.04539E-62 
 0.00000029447               1.04812E-62 
 0.00000029448               1.03502E-62 
 0.00000029449               1.01978E-62 
 0.0000002945                1.00382E-62 
 0.00000029451               9.85714E-63 
 0.00000029452               9.64402E-63 
 0.00000029453               9.42172E-63 
 0.00000029454               9.24086E-63 
 0.00000029455               9.1181E-63 
 0.00000029456               8.9504E-63 
 0.00000029457               8.48063E-63 
 0.00000029458               7.59904E-63 
 0.00000029459               6.75583E-63 
 0.0000002946                6.46925E-63 
 0.00000029461               6.78607E-63 
 0.00000029462               7.40995E-63 
 0.00000029463               7.93156E-63 
 0.00000029464               8.14456E-63 
 0.00000029465               8.13402E-63 
 0.00000029466               8.03458E-63 
 0.00000029467               7.90075E-63 
 0.00000029468               7.74647E-63 
 0.00000029469               7.5836E-63 
 0.0000002947                7.38935E-63 
 0.00000029471               7.15929E-63 
 0.00000029472               7.00511E-63 
 0.00000029473               6.98262E-63 
 0.00000029474               6.96079E-63 
 0.00000029475               6.80384E-63 
 0.00000029476               6.4484E-63 
 0.00000029477               5.81392E-63 
 0.00000029478               4.84358E-63 
 0.00000029479               3.71157E-63 
 0.0000002948                2.90123E-63 
 0.00000029481               2.82545E-63 
 0.00000029482               3.51229E-63 
 0.00000029483               4.41173E-63 
 0.00000029484               4.57525E-63 
 0.00000029485               3.67575E-63 
 0.00000029486               2.34861E-63 
 0.00000029487               1.39192E-63 
 0.00000029488               1.00037E-63 
 0.00000029489               1.06514E-63 
 0.0000002949                1.59922E-63 
 0.00000029491               2.64927E-63 
 0.00000029492               3.89304E-63 
 0.00000029493               4.77523E-63 
 0.00000029494               5.14825E-63 
 0.00000029495               5.22099E-63 
 0.00000029496               5.18345E-63 
 0.00000029497               5.11453E-63 
 0.00000029498               5.03209E-63 
 0.00000029499               4.92944E-63 
 0.000000295   4.78743E-63 
 0.00000029501               4.58885E-63 
 0.00000029502               4.34494E-63 
 0.00000029503               4.10924E-63 
 0.00000029504               3.94919E-63 
 0.00000029505               3.90171E-63 
 0.00000029506               3.9545E-63 
 0.00000029507               4.05729E-63 
 0.00000029508               4.1506E-63 
 0.00000029509               4.19568E-63 
 0.0000002951                4.18767E-63 
 0.00000029511               4.14478E-63 
 0.00000029512               4.08758E-63 
 0.00000029513               4.02675E-63 
 0.00000029514               3.96516E-63 
 0.00000029515               3.90621E-63 
 0.00000029516               3.85287E-63 
 0.00000029517               3.80352E-63 
 0.00000029518               3.75384E-63 
 0.00000029519               3.70074E-63 
 0.0000002952                3.64317E-63 
 0.00000029521               3.58567E-63 
 0.00000029522               3.51749E-63 
 0.00000029523               3.44716E-63 
 0.00000029524               3.37981E-63 
 0.00000029525               3.30843E-63 
 0.00000029526               3.21014E-63 
 0.00000029527               3.06691E-63 
 0.00000029528               2.89647E-63 
 0.00000029529               2.75447E-63 
 0.0000002953                2.67835E-63 
 0.00000029531               2.60178E-63 
 0.00000029532               2.33388E-63 
 0.00000029533               1.81852E-63 
 0.00000029534               1.38985E-63 
 0.00000029535               1.35322E-63 
 0.00000029536               1.73568E-63 
 0.00000029537               2.28584E-63 
 0.00000029538               2.62443E-63 
 0.00000029539               2.71058E-63 
 0.0000002954                2.69508E-63 
 0.00000029541               2.65797E-63 
 0.00000029542               2.61834E-63 
 0.00000029543               2.578E-63 
 0.00000029544               2.53711E-63 
 0.00000029545               2.49544E-63 
 0.00000029546               2.44959E-63 
 0.00000029547               2.394E-63 
 0.00000029548               2.3223E-63 
 0.00000029549               2.22719E-63 
 0.0000002955                2.10331E-63 
 0.00000029551               1.95438E-63 
 0.00000029552               1.79827E-63 
 0.00000029553               1.66132E-63 
 0.00000029554               1.56423E-63 
 0.00000029555               1.51398E-63 
 0.00000029556               1.50563E-63 
 0.00000029557               1.52838E-63 
 0.00000029558               1.56977E-63 
 0.00000029559               1.6171E-63 
 0.0000002956                1.65721E-63 
 0.00000029561               1.68142E-63 
 0.00000029562               1.69477E-63 
 0.00000029563               1.71182E-63 
 0.00000029564               1.7341E-63 
 0.00000029565               1.74618E-63 
 0.00000029566               1.74227E-63 
 0.00000029567               1.73398E-63 
 0.00000029568               1.73166E-63 
 0.00000029569               1.73284E-63 
 0.0000002957                1.72809E-63 
 0.00000029571               1.71271E-63 
 0.00000029572               1.68792E-63 
 0.00000029573               1.65273E-63 
 0.00000029574               1.59861E-63 
 0.00000029575               1.51791E-63 
 0.00000029576               1.42557E-63 
 0.00000029577               1.36054E-63 
 0.00000029578               1.34832E-63 
 0.00000029579               1.37212E-63 
 0.0000002958                1.39334E-63 
 0.00000029581               1.39377E-63 
 0.00000029582               1.38354E-63 
 0.00000029583               1.37458E-63 
 0.00000029584               1.36494E-63 
 0.00000029585               1.34767E-63 
 0.00000029586               1.32344E-63 
 0.00000029587               1.29622E-63 
 0.00000029588               1.24735E-63 
 0.00000029589               1.09328E-63 
 0.0000002959                6.9733E-64 
 0.00000029591               1.8716E-64 
 0.00000029592               6.88292E-66 
 0.00000029593               5.58081E-69 
 0.00000029594               1.1876E-74 
 0.00000029595               2.09559E-83 
 0.00000029596               1.5591E-94 
 0.00000029597               1.03193E-105 
 0.00000029598               1.32709E-113 
 0.00000029599               2.47244E-115 
 0.000000296   4.19077E-110 
 0.00000029601               6.19467E-100 
 0.00000029602               2.3185E-88 
 0.00000029603               2.39694E-78 
 0.00000029604               2.7408E-71 
 0.00000029605               3.90516E-67 
 0.00000029606               4.54977E-65 
 0.00000029607               3.41669E-64 
 0.00000029608               7.08346E-64 
 0.00000029609               8.84804E-64 
 0.0000002961                9.34982E-64 
 0.00000029611               9.42219E-64 
 0.00000029612               9.35467E-64 
 0.00000029613               9.22184E-64 
 0.00000029614               9.06215E-64 
 0.00000029615               8.90024E-64 
 0.00000029616               8.74011E-64 
 0.00000029617               8.57228E-64 
 0.00000029618               8.39163E-64 
 0.00000029619               8.23019E-64 
 0.0000002962                8.12826E-64 
 0.00000029621               8.031E-64 
 0.00000029622               7.87927E-64 
 0.00000029623               7.72362E-64 
 0.00000029624               7.63276E-64 
 0.00000029625               7.60733E-64 
 0.00000029626               7.59613E-64 
 0.00000029627               7.55239E-64 
 0.00000029628               7.46042E-64 
 0.00000029629               7.32758E-64 
 0.0000002963                7.1759E-64 
 0.00000029631               7.03614E-64 
 0.00000029632               6.93052E-64 
 0.00000029633               6.85711E-64 
 0.00000029634               6.79422E-64 
 0.00000029635               6.72077E-64 
 0.00000029636               6.62573E-64 
 0.00000029637               6.50755E-64 
 0.00000029638               6.37663E-64 
 0.00000029639               6.26082E-64 
 0.0000002964                6.18199E-64 
 0.00000029641               6.12773E-64 
 0.00000029642               6.06859E-64 
 0.00000029643               5.99404E-64 
 0.00000029644               5.91256E-64 
 0.00000029645               5.83013E-64 
 0.00000029646               5.74097E-64 
 0.00000029647               5.63512E-64 
 0.00000029648               5.51326E-64 
 0.00000029649               5.39243E-64 
 0.0000002965                5.29198E-64 
 0.00000029651               5.21595E-64 
 0.00000029652               5.14887E-64 
 0.00000029653               5.06576E-64 
 0.00000029654               4.96332E-64 
 0.00000029655               4.87824E-64 
 0.00000029656               4.83535E-64 
 0.00000029657               4.80016E-64 
 0.00000029658               4.72559E-64 
 0.00000029659               4.61159E-64 
 0.0000002966                4.49735E-64 
 0.00000029661               4.42206E-64 
 0.00000029662               4.39157E-64 
 0.00000029663               4.38195E-64 
 0.00000029664               4.36397E-64 
 0.00000029665               4.32475E-64 
 0.00000029666               4.26565E-64 
 0.00000029667               4.19481E-64 
 0.00000029668               4.114E-64 
 0.00000029669               4.00965E-64 
 0.0000002967                3.89847E-64 
 0.00000029671               3.83363E-64 
 0.00000029672               3.80895E-64 
 0.00000029673               3.77211E-64 
 0.00000029674               3.71446E-64 
 0.00000029675               3.65606E-64 
 0.00000029676               3.6053E-64 
 0.00000029677               3.56267E-64 
 0.00000029678               3.5289E-64 
 0.00000029679               3.49897E-64 
 0.0000002968                3.4654E-64 
 0.00000029681               3.42687E-64 
 0.00000029682               3.38482E-64 
 0.00000029683               3.33872E-64 
 0.00000029684               3.27584E-64 
 0.00000029685               3.10346E-64 
 0.00000029686               2.49125E-64 
 0.00000029687               1.30897E-64 
 0.00000029688               4.52887E-65 
 0.00000029689               2.22296E-65 
 0.0000002969                3.26939E-65 
 0.00000029691               9.12867E-65 
 0.00000029692               1.93147E-64 
 0.00000029693               2.49557E-64 
 0.00000029694               2.53048E-64 
 0.00000029695               2.46434E-64 
 0.00000029696               2.44528E-64 
 0.00000029697               2.30966E-64 
 0.00000029698               1.85411E-64 
 0.00000029699               1.33159E-64 
 0.000000297   1.12862E-64 
 0.00000029701               1.29633E-64 
 0.00000029702               1.66295E-64 
 0.00000029703               1.97891E-64 
 0.00000029704               2.17034E-64 
 0.00000029705               2.27759E-64 
 0.00000029706               2.31866E-64 
 0.00000029707               2.3063E-64 
 0.00000029708               2.26046E-64 
 0.00000029709               2.19821E-64 
 0.0000002971                2.13342E-64 
 0.00000029711               2.07834E-64 
 0.00000029712               2.04173E-64 
 0.00000029713               2.02458E-64 
 0.00000029714               2.01708E-64 
 0.00000029715               2.00877E-64 
 0.00000029716               1.99847E-64 
 0.00000029717               1.98347E-64 
 0.00000029718               1.95698E-64 
 0.00000029719               1.91877E-64 
 0.0000002972                1.87371E-64 
 0.00000029721               1.82227E-64 
 0.00000029722               1.75631E-64 
 0.00000029723               1.66763E-64 
 0.00000029724               1.56149E-64 
 0.00000029725               1.45501E-64 
 0.00000029726               1.36249E-64 
 0.00000029727               1.28278E-64 
 0.00000029728               1.18449E-64 
 0.00000029729               9.92108E-65 
 0.0000002973                6.4892E-65 
 0.00000029731               2.78793E-65 
 0.00000029732               7.53398E-66 
 0.00000029733               1.651E-66 
 0.00000029734               5.02302E-67 
 0.00000029735               3.61834E-67 
 0.00000029736               7.22135E-67 
 0.00000029737               2.85628E-66 
 0.00000029738               1.26433E-65 
 0.00000029739               4.04275E-65 
 0.0000002974                8.17127E-65 
 0.00000029741               1.14486E-64 
 0.00000029742               1.29931E-64 
 0.00000029743               1.34341E-64 
 0.00000029744               1.34375E-64 
 0.00000029745               1.33024E-64 
 0.00000029746               1.31231E-64 
 0.00000029747               1.29254E-64 
 0.00000029748               1.27151E-64 
 0.00000029749               1.24895E-64 
 0.0000002975                1.22412E-64 
 0.00000029751               1.1979E-64 
 0.00000029752               1.17514E-64 
 0.00000029753               1.1606E-64 
 0.00000029754               1.15204E-64 
 0.00000029755               1.14237E-64 
 0.00000029756               1.12783E-64 
 0.00000029757               1.10944E-64 
 0.00000029758               1.08976E-64 
 0.00000029759               1.07101E-64 
 0.0000002976                1.0542E-64 
 0.00000029761               1.03748E-64 
 0.00000029762               1.01364E-64 
 0.00000029763               9.70312E-65 
 0.00000029764               9.03375E-65 
 0.00000029765               8.36026E-65 
 0.00000029766               8.05226E-65 
 0.00000029767               8.22907E-65 
 0.00000029768               8.63442E-65 
 0.00000029769               8.91093E-65 
 0.0000002977                8.92752E-65 
 0.00000029771               8.75862E-65 
 0.00000029772               8.51483E-65 
 0.00000029773               8.29531E-65 
 0.00000029774               8.17309E-65 
 0.00000029775               8.15174E-65 
 0.00000029776               8.16647E-65 
 0.00000029777               8.13871E-65 
 0.00000029778               8.00185E-65 
 0.00000029779               7.70641E-65 
 0.0000002978                7.31719E-65 
 0.00000029781               7.0348E-65 
 0.00000029782               6.98378E-65 
 0.00000029783               7.12065E-65 
 0.00000029784               7.2526E-65 
 0.00000029785               7.22229E-65 
 0.00000029786               7.04854E-65 
 0.00000029787               6.83367E-65 
 0.00000029788               6.64611E-65 
 0.00000029789               6.50031E-65 
 0.0000002979                6.37198E-65 
 0.00000029791               6.23289E-65 
 0.00000029792               6.0937E-65 
 0.00000029793               6.00687E-65 
 0.00000029794               6.00072E-65 
 0.00000029795               6.03782E-65 
 0.00000029796               6.05182E-65 
 0.00000029797               6.00778E-65 
 0.00000029798               5.91782E-65 
 0.00000029799               5.81509E-65 
 0.000000298   5.72436E-65 
 0.00000029801               5.64908E-65 
 0.00000029802               5.57918E-65 
 0.00000029803               5.5082E-65 
 0.00000029804               5.43938E-65 
 0.00000029805               5.3772E-65 
 0.00000029806               5.32034E-65 
 0.00000029807               5.26349E-65 
 0.00000029808               5.20234E-65 
 0.00000029809               5.13604E-65 
 0.0000002981                5.06631E-65 
 0.00000029811               4.99507E-65 
 0.00000029812               4.92191E-65 
 0.00000029813               4.8438E-65 
 0.00000029814               4.75618E-65 
 0.00000029815               4.64954E-65 
 0.00000029816               4.50369E-65 
 0.00000029817               4.29917E-65 
 0.00000029818               4.05215E-65 
 0.00000029819               3.82495E-65 
 0.0000002982                3.68015E-65 
 0.00000029821               3.62556E-65 
 0.00000029822               3.63707E-65 
 0.00000029823               3.68025E-65 
 0.00000029824               3.72666E-65 
 0.00000029825               3.75863E-65 
 0.00000029826               3.7724E-65 
 0.00000029827               3.76757E-65 
 0.00000029828               3.73391E-65 
 0.00000029829               3.67377E-65 
 0.0000002983                3.63322E-65 
 0.00000029831               3.6349E-65 
 0.00000029832               3.63499E-65 
 0.00000029833               3.60573E-65 
 0.00000029834               3.55922E-65 
 0.00000029835               3.50799E-65 
 0.00000029836               3.45559E-65 
 0.00000029837               3.40219E-65 
 0.00000029838               3.34691E-65 
 0.00000029839               3.28955E-65 
 0.0000002984                3.23435E-65 
 0.00000029841               3.18751E-65 
 0.00000029842               3.14623E-65 
 0.00000029843               3.0936E-65 
 0.00000029844               2.99791E-65 
 0.00000029845               2.83535E-65 
 0.00000029846               2.65826E-65 
 0.00000029847               2.57823E-65 
 0.00000029848               2.62108E-65 
 0.00000029849               2.69418E-65 
 0.0000002985                2.71856E-65 
 0.00000029851               2.6995E-65 
 0.00000029852               2.67172E-65 
 0.00000029853               2.6502E-65 
 0.00000029854               2.62757E-65 
 0.00000029855               2.59704E-65 
 0.00000029856               2.56077E-65 
 0.00000029857               2.52188E-65 
 0.00000029858               2.48122E-65 
 0.00000029859               2.43636E-65 
 0.0000002986                2.38616E-65 
 0.00000029861               2.33846E-65 
 0.00000029862               2.30243E-65 
 0.00000029863               2.27765E-65 
 0.00000029864               2.2562E-65 
 0.00000029865               2.23117E-65 
 0.00000029866               2.20122E-65 
 0.00000029867               2.16529E-65 
 0.00000029868               2.11565E-65 
 0.00000029869               2.03749E-65 
 0.0000002987                1.92197E-65 
 0.00000029871               1.7875E-65 
 0.00000029872               1.67795E-65 
 0.00000029873               1.62959E-65 
 0.00000029874               1.64508E-65 
 0.00000029875               1.69735E-65 
 0.00000029876               1.75134E-65 
 0.00000029877               1.78343E-65 
 0.00000029878               1.78632E-65 
 0.00000029879               1.76367E-65 
 0.0000002988                1.72328E-65 
 0.00000029881               1.66825E-65 
 0.00000029882               1.59233E-65 
 0.00000029883               1.49927E-65 
 0.00000029884               1.42774E-65 
 0.00000029885               1.42231E-65 
 0.00000029886               1.47449E-65 
 0.00000029887               1.52621E-65 
 0.00000029888               1.53665E-65 
 0.00000029889               1.51704E-65 
 0.0000002989                1.49459E-65 
 0.00000029891               1.47798E-65 
 0.00000029892               1.46299E-65 
 0.00000029893               1.44875E-65 
 0.00000029894               1.43505E-65 
 0.00000029895               1.41918E-65 
 0.00000029896               1.40113E-65 
 0.00000029897               1.38264E-65 
 0.00000029898               1.36408E-65 
 0.00000029899               1.34494E-65 
 0.000000299   1.32514E-65 
 0.00000029901               1.30534E-65 
 0.00000029902               1.28622E-65 
 0.00000029903               1.26769E-65 
 0.00000029904               1.24905E-65 
 0.00000029905               1.22965E-65 
 0.00000029906               1.20933E-65 
 0.00000029907               1.18852E-65 
 0.00000029908               1.16837E-65 
 0.00000029909               1.14962E-65 
 0.0000002991                1.13274E-65 
 0.00000029911               1.11711E-65 
 0.00000029912               1.10107E-65 
 0.00000029913               1.0826E-65 
 0.00000029914               1.06037E-65 
 0.00000029915               1.03319E-65 
 0.00000029916               9.97837E-66 
 0.00000029917               9.47455E-66 
 0.00000029918               8.79059E-66 
 0.00000029919               8.10786E-66 
 0.0000002992                7.77807E-66 
 0.00000029921               7.97375E-66 
 0.00000029922               8.47843E-66 
 0.00000029923               8.89974E-66 
 0.00000029924               9.06237E-66 
 0.00000029925               9.03255E-66 
 0.00000029926               8.86795E-66 
 0.00000029927               8.50148E-66 
 0.00000029928               7.84695E-66 
 0.00000029929               6.91812E-66 
 0.0000002993                5.28555E-66 
 0.00000029931               2.50878E-66 
 0.00000029932               6.80794E-67 
 0.00000029933               2.88987E-67 
 0.00000029934               5.26059E-67 
 0.00000029935               2.00597E-66 
 0.00000029936               4.74711E-66 
 0.00000029937               6.04432E-66 
 0.00000029938               6.12464E-66 
 0.00000029939               6.17722E-66 
 0.0000002994                6.42537E-66 
 0.00000029941               6.70002E-66 
 0.00000029942               6.8384E-66 
 0.00000029943               6.82674E-66 
 0.00000029944               6.72961E-66 
 0.00000029945               6.5994E-66 
 0.00000029946               6.46082E-66 
 0.00000029947               6.32611E-66 
 0.00000029948               6.20384E-66 
 0.00000029949               6.10203E-66 
 0.0000002995                6.02307E-66 
 0.00000029951               5.95979E-66 
 0.00000029952               5.90089E-66 
 0.00000029953               5.83492E-66 
 0.00000029954               5.74739E-66 
 0.00000029955               5.62055E-66 
 0.00000029956               5.44912E-66 
 0.00000029957               5.26284E-66 
 0.00000029958               5.11985E-66 
 0.00000029959               5.04429E-66 
 0.0000002996                5.03229E-66 
 0.00000029961               5.03956E-66 
 0.00000029962               5.0195E-66 
 0.00000029963               4.96216E-66 
 0.00000029964               4.88294E-66 
 0.00000029965               4.79317E-66 
 0.00000029966               4.69247E-66 
 0.00000029967               4.57926E-66 
 0.00000029968               4.46774E-66 
 0.00000029969               4.38444E-66 
 0.0000002997                4.33789E-66 
 0.00000029971               4.30705E-66 
 0.00000029972               4.26617E-66 
 0.00000029973               4.20208E-66 
 0.00000029974               4.109E-66 
 0.00000029975               3.99387E-66 
 0.00000029976               3.89022E-66 
 0.00000029977               3.83657E-66 
 0.00000029978               3.83122E-66 
 0.00000029979               3.8322E-66 
 0.0000002998                3.80431E-66 
 0.00000029981               3.74352E-66 
 0.00000029982               3.65731E-66 
 0.00000029983               3.54312E-66 
 0.00000029984               3.40329E-66 
 0.00000029985               3.27814E-66 
 0.00000029986               3.2201E-66 
 0.00000029987               3.22829E-66 
 0.00000029988               3.25296E-66 
 0.00000029989               3.26595E-66 
 0.0000002999                3.27783E-66 
 0.00000029991               3.28958E-66 
 0.00000029992               3.28281E-66 
 0.00000029993               3.24948E-66 
 0.00000029994               3.19938E-66 
 0.00000029995               3.14479E-66 
 0.00000029996               3.08795E-66 
 0.00000029997               3.01998E-66 
 0.00000029998               2.93265E-66 
 0.00000029999               2.82819E-66 
 0.0000003     2.72136E-66 
