 0.000000294   1.10414E-41 
 0.00000029401               1.29083E-41 
 0.00000029402               1.42675E-41 
 0.00000029403               1.48787E-41 
 0.00000029404               1.49934E-41 
 0.00000029405               1.48856E-41 
 0.00000029406               1.4706E-41 
 0.00000029407               1.45339E-41 
 0.00000029408               1.43355E-41 
 0.00000029409               1.40878E-41 
 0.0000002941                1.39311E-41 
 0.00000029411               1.39003E-41 
 0.00000029412               1.38174E-41 
 0.00000029413               1.35554E-41 
 0.00000029414               1.31743E-41 
 0.00000029415               1.28876E-41 
 0.00000029416               1.28122E-41 
 0.00000029417               1.28162E-41 
 0.00000029418               1.27859E-41 
 0.00000029419               1.27138E-41 
 0.0000002942                1.25947E-41 
 0.00000029421               1.2459E-41 
 0.00000029422               1.23437E-41 
 0.00000029423               1.2258E-41 
 0.00000029424               1.21926E-41 
 0.00000029425               1.21313E-41 
 0.00000029426               1.20613E-41 
 0.00000029427               1.19761E-41 
 0.00000029428               1.18592E-41 
 0.00000029429               1.16751E-41 
 0.0000002943                1.13889E-41 
 0.00000029431               1.09669E-41 
 0.00000029432               1.03823E-41 
 0.00000029433               9.88132E-42 
 0.00000029434               9.89856E-42 
 0.00000029435               1.0304E-41 
 0.00000029436               1.05245E-41 
 0.00000029437               1.04109E-41 
 0.00000029438               1.02115E-41 
 0.00000029439               1.0124E-41 
 0.0000002944                1.01758E-41 
 0.00000029441               1.02724E-41 
 0.00000029442               1.03087E-41 
 0.00000029443               1.02677E-41 
 0.00000029444               1.01927E-41 
 0.00000029445               1.00995E-41 
 0.00000029446               9.94653E-42 
 0.00000029447               9.71149E-42 
 0.00000029448               9.46472E-42 
 0.00000029449               9.33128E-42 
 0.0000002945                9.34894E-42 
 0.00000029451               9.42198E-42 
 0.00000029452               9.44425E-42 
 0.00000029453               9.39311E-42 
 0.00000029454               9.29385E-42 
 0.00000029455               9.17748E-42 
 0.00000029456               9.06758E-42 
 0.00000029457               8.93357E-42 
 0.00000029458               8.68032E-42 
 0.00000029459               8.29019E-42 
 0.0000002946                7.9456E-42 
 0.00000029461               7.84632E-42 
 0.00000029462               7.96831E-42 
 0.00000029463               8.13326E-42 
 0.00000029464               8.2207E-42 
 0.00000029465               8.21812E-42 
 0.00000029466               8.14269E-42 
 0.00000029467               7.99762E-42 
 0.00000029468               7.79127E-42 
 0.00000029469               7.57209E-42 
 0.0000002947                7.42368E-42 
 0.00000029471               7.39768E-42 
 0.00000029472               7.46291E-42 
 0.00000029473               7.542E-42 
 0.00000029474               7.57931E-42 
 0.00000029475               7.56576E-42 
 0.00000029476               7.51791E-42 
 0.00000029477               7.4534E-42 
 0.00000029478               7.37586E-42 
 0.00000029479               7.27387E-42 
 0.0000002948                7.13637E-42 
 0.00000029481               6.98233E-42 
 0.00000029482               6.86322E-42 
 0.00000029483               6.81685E-42 
 0.00000029484               6.82328E-42 
 0.00000029485               6.83336E-42 
 0.00000029486               6.81391E-42 
 0.00000029487               6.76741E-42 
 0.00000029488               6.71057E-42 
 0.00000029489               6.65128E-42 
 0.0000002949                6.58693E-42 
 0.00000029491               6.50973E-42 
 0.00000029492               6.41453E-42 
 0.00000029493               6.31771E-42 
 0.00000029494               6.25129E-42 
 0.00000029495               6.21789E-42 
 0.00000029496               6.18748E-42 
 0.00000029497               6.14246E-42 
 0.00000029498               6.08629E-42 
 0.00000029499               6.02777E-42 
 0.000000295   5.97274E-42 
 0.00000029501               5.92012E-42 
 0.00000029502               5.86206E-42 
 0.00000029503               5.78719E-42 
 0.00000029504               5.70388E-42 
 0.00000029505               5.64744E-42 
 0.00000029506               5.61751E-42 
 0.00000029507               5.57982E-42 
 0.00000029508               5.52929E-42 
 0.00000029509               5.47915E-42 
 0.0000002951                5.43029E-42 
 0.00000029511               5.37683E-42 
 0.00000029512               5.31858E-42 
 0.00000029513               5.25974E-42 
 0.00000029514               5.20338E-42 
 0.00000029515               5.14707E-42 
 0.00000029516               5.08627E-42 
 0.00000029517               5.02161E-42 
 0.00000029518               4.94836E-42 
 0.00000029519               4.78716E-42 
 0.0000002952                4.18715E-42 
 0.00000029521               2.73412E-42 
 0.00000029522               1.23034E-42 
 0.00000029523               6.10599E-43 
 0.00000029524               6.65968E-43 
 0.00000029525               1.43361E-42 
 0.00000029526               2.93528E-42 
 0.00000029527               4.07814E-42 
 0.00000029528               4.43133E-42 
 0.00000029529               4.46754E-42 
 0.0000002953                4.44059E-42 
 0.00000029531               4.40199E-42 
 0.00000029532               4.36275E-42 
 0.00000029533               4.3243E-42 
 0.00000029534               4.28155E-42 
 0.00000029535               4.23064E-42 
 0.00000029536               4.177E-42 
 0.00000029537               4.13226E-42 
 0.00000029538               4.09266E-42 
 0.00000029539               4.02423E-42 
 0.0000002954                3.91255E-42 
 0.00000029541               3.84231E-42 
 0.00000029542               3.86238E-42 
 0.00000029543               3.89359E-42 
 0.00000029544               3.89062E-42 
 0.00000029545               3.86628E-42 
 0.00000029546               3.83017E-42 
 0.00000029547               3.78136E-42 
 0.00000029548               3.71012E-42 
 0.00000029549               3.61512E-42 
 0.0000002955                3.53077E-42 
 0.00000029551               3.50303E-42 
 0.00000029552               3.52531E-42 
 0.00000029553               3.54723E-42 
 0.00000029554               3.54095E-42 
 0.00000029555               3.51402E-42 
 0.00000029556               3.4795E-42 
 0.00000029557               3.4449E-42 
 0.00000029558               3.41238E-42 
 0.00000029559               3.37695E-42 
 0.0000002956                3.32688E-42 
 0.00000029561               3.24816E-42 
 0.00000029562               3.13373E-42 
 0.00000029563               3.00998E-42 
 0.00000029564               2.94309E-42 
 0.00000029565               2.96894E-42 
 0.00000029566               3.04047E-42 
 0.00000029567               3.0871E-42 
 0.00000029568               3.08938E-42 
 0.00000029569               3.06603E-42 
 0.0000002957                3.03348E-42 
 0.00000029571               2.99742E-42 
 0.00000029572               2.95998E-42 
 0.00000029573               2.92311E-42 
 0.00000029574               2.88861E-42 
 0.00000029575               2.86102E-42 
 0.00000029576               2.84184E-42 
 0.00000029577               2.82026E-42 
 0.00000029578               2.7862E-42 
 0.00000029579               2.74131E-42 
 0.0000002958                2.68714E-42 
 0.00000029581               2.62124E-42 
 0.00000029582               2.54359E-42 
 0.00000029583               2.46444E-42 
 0.00000029584               2.40738E-42 
 0.00000029585               2.39285E-42 
 0.00000029586               2.41563E-42 
 0.00000029587               2.44477E-42 
 0.00000029588               2.44696E-42 
 0.00000029589               2.40389E-42 
 0.0000002959                2.31426E-42 
 0.00000029591               2.20777E-42 
 0.00000029592               2.14543E-42 
 0.00000029593               2.16161E-42 
 0.00000029594               2.22584E-42 
 0.00000029595               2.28141E-42 
 0.00000029596               2.2981E-42 
 0.00000029597               2.28177E-42 
 0.00000029598               2.25197E-42 
 0.00000029599               2.22396E-42 
 0.000000296   2.20566E-42 
 0.00000029601               2.19796E-42 
 0.00000029602               2.19514E-42 
 0.00000029603               2.18942E-42 
 0.00000029604               2.17664E-42 
 0.00000029605               2.15693E-42 
 0.00000029606               2.13113E-42 
 0.00000029607               2.09725E-42 
 0.00000029608               2.04706E-42 
 0.00000029609               1.96249E-42 
 0.0000002961                1.83471E-42 
 0.00000029611               1.71433E-42 
 0.00000029612               1.68942E-42 
 0.00000029613               1.7743E-42 
 0.00000029614               1.88236E-42 
 0.00000029615               1.93668E-42 
 0.00000029616               1.9409E-42 
 0.00000029617               1.92573E-42 
 0.00000029618               1.90657E-42 
 0.00000029619               1.88722E-42 
 0.0000002962                1.86836E-42 
 0.00000029621               1.85024E-42 
 0.00000029622               1.83204E-42 
 0.00000029623               1.81269E-42 
 0.00000029624               1.79326E-42 
 0.00000029625               1.77492E-42 
 0.00000029626               1.7546E-42 
 0.00000029627               1.72561E-42 
 0.00000029628               1.68548E-42 
 0.00000029629               1.64385E-42 
 0.0000002963                1.61738E-42 
 0.00000029631               1.61054E-42 
 0.00000029632               1.60686E-42 
 0.00000029633               1.58802E-42 
 0.00000029634               1.56396E-42 
 0.00000029635               1.55577E-42 
 0.00000029636               1.55804E-42 
 0.00000029637               1.55611E-42 
 0.00000029638               1.54972E-42 
 0.00000029639               1.54148E-42 
 0.0000002964                1.53096E-42 
 0.00000029641               1.51799E-42 
 0.00000029642               1.50321E-42 
 0.00000029643               1.48556E-42 
 0.00000029644               1.46381E-42 
 0.00000029645               1.44215E-42 
 0.00000029646               1.42562E-42 
 0.00000029647               1.41026E-42 
 0.00000029648               1.39332E-42 
 0.00000029649               1.38233E-42 
 0.0000002965                1.37331E-42 
 0.00000029651               1.35277E-42 
 0.00000029652               1.31946E-42 
 0.00000029653               1.25113E-42 
 0.00000029654               1.02241E-42 
 0.00000029655               5.07442E-43 
 0.00000029656               8.61146E-44 
 0.00000029657               3.76622E-45 
 0.00000029658               1.05919E-46 
 0.00000029659               1.51423E-47 
 0.0000002966                4.49957E-47 
 0.00000029661               1.22436E-45 
 0.00000029662               3.68726E-44 
 0.00000029663               3.20905E-43 
 0.00000029664               8.20966E-43 
 0.00000029665               1.09035E-42 
 0.00000029666               1.14947E-42 
 0.00000029667               1.14557E-42 
 0.00000029668               1.13246E-42 
 0.00000029669               1.11927E-42 
 0.0000002967                1.09969E-42 
 0.00000029671               1.06246E-42 
 0.00000029672               1.0059E-42 
 0.00000029673               9.48715E-43 
 0.00000029674               9.18027E-43 
 0.00000029675               9.24601E-43 
 0.00000029676               9.53946E-43 
 0.00000029677               9.84131E-43 
 0.00000029678               1.00364E-42 
 0.00000029679               1.00585E-42 
 0.0000002968                9.72391E-43 
 0.00000029681               9.17672E-43 
 0.00000029682               8.86541E-43 
 0.00000029683               9.08417E-43 
 0.00000029684               9.44093E-43 
 0.00000029685               9.52864E-43 
 0.00000029686               9.44266E-43 
 0.00000029687               9.29867E-43 
 0.00000029688               9.02117E-43 
 0.00000029689               8.52077E-43 
 0.0000002969                7.9353E-43 
 0.00000029691               7.60036E-43 
 0.00000029692               7.71766E-43 
 0.00000029693               8.14844E-43 
 0.00000029694               8.54783E-43 
 0.00000029695               8.68883E-43 
 0.00000029696               8.58818E-43 
 0.00000029697               8.38685E-43 
 0.00000029698               8.25293E-43 
 0.00000029699               8.27498E-43 
 0.000000297   8.37356E-43 
 0.00000029701               8.42325E-43 
 0.00000029702               8.37928E-43 
 0.00000029703               8.19985E-43 
 0.00000029704               7.68074E-43 
 0.00000029705               6.36982E-43 
 0.00000029706               4.02009E-43 
 0.00000029707               1.60054E-43 
 0.00000029708               3.74835E-44 
 0.00000029709               6.6816E-45 
 0.0000002971                1.68097E-45 
 0.00000029711               1.14287E-45 
 0.00000029712               2.55852E-45 
 0.00000029713               1.24158E-44 
 0.00000029714               6.49607E-44 
 0.00000029715               2.22087E-43 
 0.00000029716               4.4424E-43 
 0.00000029717               6.03386E-43 
 0.00000029718               6.74078E-43 
 0.00000029719               6.97637E-43 
 0.0000002972                7.02142E-43 
 0.00000029721               6.98964E-43 
 0.00000029722               6.92933E-43 
 0.00000029723               6.85919E-43 
 0.00000029724               6.77484E-43 
 0.00000029725               6.64045E-43 
 0.00000029726               6.3669E-43 
 0.00000029727               5.3643E-43 
 0.00000029728               1.49926E-43 
 0.00000029729               6.70186E-47 
 0.0000002973                2.56059E-60 
 0.00000029731               1.80726E-94 
 0.00000029732               3.38476E-146 
 0.00000029733               8.48378E-183 
 0.00000029734               5.48428E-171 
 0.00000029735               3.43879E-122 
 0.00000029736               4.20614E-76 
 0.00000029737               2.48796E-52 
 0.00000029738               9.41228E-45 
 0.00000029739               3.38694E-43 
 0.0000002974                5.45255E-43 
 0.00000029741               5.60263E-43 
 0.00000029742               5.46416E-43 
 0.00000029743               5.27747E-43 
 0.00000029744               5.14014E-43 
 0.00000029745               5.1179E-43 
 0.00000029746               5.18079E-43 
 0.00000029747               5.24601E-43 
 0.00000029748               5.26337E-43 
 0.00000029749               5.24111E-43 
 0.0000002975                5.21095E-43 
 0.00000029751               5.1831E-43 
 0.00000029752               5.14598E-43 
 0.00000029753               5.09139E-43 
 0.00000029754               5.01237E-43 
 0.00000029755               4.89526E-43 
 0.00000029756               4.77053E-43 
 0.00000029757               4.72205E-43 
 0.00000029758               4.74706E-43 
 0.00000029759               4.75152E-43 
 0.0000002976                4.70205E-43 
 0.00000029761               4.63964E-43 
 0.00000029762               4.60537E-43 
 0.00000029763               4.59263E-43 
 0.00000029764               4.57342E-43 
 0.00000029765               4.54253E-43 
 0.00000029766               4.50482E-43 
 0.00000029767               4.46262E-43 
 0.00000029768               4.41843E-43 
 0.00000029769               4.37481E-43 
 0.0000002977                4.3314E-43 
 0.00000029771               4.28788E-43 
 0.00000029772               4.24341E-43 
 0.00000029773               4.19784E-43 
 0.00000029774               4.15672E-43 
 0.00000029775               4.10824E-43 
 0.00000029776               4.05718E-43 
 0.00000029777               4.00439E-43 
 0.00000029778               3.95305E-43 
 0.00000029779               3.90671E-43 
 0.0000002978                3.86695E-43 
 0.00000029781               3.83044E-43 
 0.00000029782               3.79022E-43 
 0.00000029783               3.74562E-43 
 0.00000029784               3.70734E-43 
 0.00000029785               3.68319E-43 
 0.00000029786               3.66462E-43 
 0.00000029787               3.63635E-43 
 0.00000029788               3.58949E-43 
 0.00000029789               3.51208E-43 
 0.0000002979                3.37634E-43 
 0.00000029791               3.21197E-43 
 0.00000029792               3.14821E-43 
 0.00000029793               3.20401E-43 
 0.00000029794               3.24193E-43 
 0.00000029795               3.18437E-43 
 0.00000029796               3.00247E-43 
 0.00000029797               2.64374E-43 
 0.00000029798               2.14054E-43 
 0.00000029799               1.67599E-43 
 0.000000298   1.43099E-43 
 0.00000029801               1.46918E-43 
 0.00000029802               1.77245E-43 
 0.00000029803               2.22782E-43 
 0.00000029804               2.61657E-43 
 0.00000029805               2.79316E-43 
 0.00000029806               2.8212E-43 
 0.00000029807               2.81821E-43 
 0.00000029808               2.80627E-43 
 0.00000029809               2.76732E-43 
 0.0000002981                2.72473E-43 
 0.00000029811               2.71669E-43 
 0.00000029812               2.74144E-43 
 0.00000029813               2.75685E-43 
 0.00000029814               2.71762E-43 
 0.00000029815               2.61083E-43 
 0.00000029816               2.4807E-43 
 0.00000029817               2.40045E-43 
 0.00000029818               2.37822E-43 
 0.00000029819               2.30534E-43 
 0.0000002982                2.03442E-43 
 0.00000029821               1.54266E-43 
 0.00000029822               9.94984E-44 
 0.00000029823               5.86683E-44 
 0.00000029824               3.66557E-44 
 0.00000029825               2.72562E-44 
 0.00000029826               2.60603E-44 
 0.00000029827               3.81462E-44 
 0.00000029828               7.22436E-44 
 0.00000029829               1.13562E-43 
 0.0000002983                1.38357E-43 
 0.00000029831               1.52535E-43 
 0.00000029832               1.70558E-43 
 0.00000029833               1.93733E-43 
 0.00000029834               2.12113E-43 
 0.00000029835               2.19414E-43 
 0.00000029836               2.17991E-43 
 0.00000029837               2.12156E-43 
 0.00000029838               2.04911E-43 
 0.00000029839               1.98575E-43 
 0.0000002984                1.94932E-43 
 0.00000029841               1.9458E-43 
 0.00000029842               1.96575E-43 
 0.00000029843               1.99312E-43 
 0.00000029844               2.01216E-43 
 0.00000029845               2.00522E-43 
 0.00000029846               1.95569E-43 
 0.00000029847               1.88786E-43 
 0.00000029848               1.8661E-43 
 0.00000029849               1.90197E-43 
 0.0000002985                1.93879E-43 
 0.00000029851               1.94335E-43 
 0.00000029852               1.92557E-43 
 0.00000029853               1.89284E-43 
 0.00000029854               1.83829E-43 
 0.00000029855               1.76428E-43 
 0.00000029856               1.70102E-43 
 0.00000029857               1.68209E-43 
 0.00000029858               1.70758E-43 
 0.00000029859               1.74473E-43 
 0.0000002986                1.7634E-43 
 0.00000029861               1.75997E-43 
 0.00000029862               1.74554E-43 
 0.00000029863               1.7285E-43 
 0.00000029864               1.71144E-43 
 0.00000029865               1.6948E-43 
 0.00000029866               1.67822E-43 
 0.00000029867               1.66187E-43 
 0.00000029868               1.6468E-43 
 0.00000029869               1.63277E-43 
 0.0000002987                1.61778E-43 
 0.00000029871               1.5975E-43 
 0.00000029872               1.56707E-43 
 0.00000029873               1.53665E-43 
 0.00000029874               1.52582E-43 
 0.00000029875               1.52675E-43 
 0.00000029876               1.5207E-43 
 0.00000029877               1.50788E-43 
 0.00000029878               1.49344E-43 
 0.00000029879               1.47461E-43 
 0.0000002988                1.42914E-43 
 0.00000029881               1.31121E-43 
 0.00000029882               1.14159E-43 
 0.00000029883               1.0603E-43 
 0.00000029884               1.13917E-43 
 0.00000029885               1.27693E-43 
 0.00000029886               1.34435E-43 
 0.00000029887               1.33744E-43 
 0.00000029888               1.30531E-43 
 0.00000029889               1.28433E-43 
 0.0000002989                1.28469E-43 
 0.00000029891               1.28872E-43 
 0.00000029892               1.27502E-43 
 0.00000029893               1.23629E-43 
 0.00000029894               1.16902E-43 
 0.00000029895               1.06091E-43 
 0.00000029896               9.00635E-44 
 0.00000029897               7.21993E-44 
 0.00000029898               6.0341E-44 
 0.00000029899               5.9339E-44 
 0.000000299   6.83279E-44 
 0.00000029901               8.19474E-44 
 0.00000029902               9.38521E-44 
 0.00000029903               1.01855E-43 
 0.00000029904               1.0652E-43 
 0.00000029905               1.08509E-43 
 0.00000029906               1.08312E-43 
 0.00000029907               1.06175E-43 
 0.00000029908               9.99611E-44 
 0.00000029909               8.39259E-44 
 0.0000002991                5.89903E-44 
 0.00000029911               3.94487E-44 
 0.00000029912               3.44776E-44 
 0.00000029913               4.46373E-44 
 0.00000029914               6.63633E-44 
 0.00000029915               8.52593E-44 
 0.00000029916               9.02819E-44 
 0.00000029917               8.53346E-44 
 0.00000029918               7.74346E-44 
 0.00000029919               7.12663E-44 
 0.0000002992                6.9428E-44 
 0.00000029921               7.23376E-44 
 0.00000029922               7.83327E-44 
 0.00000029923               8.46339E-44 
 0.00000029924               8.91353E-44 
 0.00000029925               9.13838E-44 
 0.00000029926               9.19875E-44 
 0.00000029927               9.17156E-44 
 0.00000029928               9.10548E-44 
 0.00000029929               9.01876E-44 
 0.0000002993                8.92229E-44 
 0.00000029931               8.83218E-44 
 0.00000029932               8.75153E-44 
 0.00000029933               8.67274E-44 
 0.00000029934               8.59077E-44 
 0.00000029935               8.49744E-44 
 0.00000029936               8.38291E-44 
 0.00000029937               8.25862E-44 
 0.00000029938               8.16434E-44 
 0.00000029939               8.1125E-44 
 0.0000002994                8.06646E-44 
 0.00000029941               7.99765E-44 
 0.00000029942               7.90364E-44 
 0.00000029943               7.78416E-44 
 0.00000029944               7.63825E-44 
 0.00000029945               7.47609E-44 
 0.00000029946               7.32255E-44 
 0.00000029947               7.2061E-44 
 0.00000029948               7.1406E-44 
 0.00000029949               7.11359E-44 
 0.0000002995                7.09372E-44 
 0.00000029951               7.06122E-44 
 0.00000029952               7.027E-44 
 0.00000029953               7.00255E-44 
 0.00000029954               6.96905E-44 
 0.00000029955               6.89231E-44 
 0.00000029956               6.73869E-44 
 0.00000029957               6.4605E-44 
 0.00000029958               5.99406E-44 
 0.00000029959               5.3194E-44 
 0.0000002996                4.61573E-44 
 0.00000029961               4.28154E-44 
 0.00000029962               4.49416E-44 
 0.00000029963               4.99354E-44 
 0.00000029964               5.47723E-44 
 0.00000029965               5.83373E-44 
 0.00000029966               6.03632E-44 
 0.00000029967               6.1075E-44 
 0.00000029968               6.10056E-44 
 0.00000029969               6.05759E-44 
 0.0000002997                5.99884E-44 
 0.00000029971               5.93118E-44 
 0.00000029972               5.8554E-44 
 0.00000029973               5.76618E-44 
 0.00000029974               5.64583E-44 
 0.00000029975               5.47466E-44 
 0.00000029976               5.27791E-44 
 0.00000029977               5.13725E-44 
 0.00000029978               5.10904E-44 
 0.00000029979               5.16865E-44 
 0.0000002998                5.27594E-44 
 0.00000029981               5.31634E-44 
 0.00000029982               5.30069E-44 
 0.00000029983               5.24999E-44 
 0.00000029984               5.19229E-44 
 0.00000029985               5.14273E-44 
 0.00000029986               5.10286E-44 
 0.00000029987               5.067E-44 
 0.00000029988               5.02933E-44 
 0.00000029989               4.98772E-44 
 0.0000002999                4.94276E-44 
 0.00000029991               4.89559E-44 
 0.00000029992               4.84731E-44 
 0.00000029993               4.79912E-44 
 0.00000029994               4.75199E-44 
 0.00000029995               4.70606E-44 
 0.00000029996               4.66071E-44 
 0.00000029997               4.61499E-44 
 0.00000029998               4.56759E-44 
 0.00000029999               4.51592E-44 
 0.0000003     4.4564E-44 
