 0.000000294   9.13457E-14 
 0.00000029401               9.07027E-14 
 0.00000029402               9.01243E-14 
 0.00000029403               8.99149E-14 
 0.00000029404               8.99485E-14 
 0.00000029405               8.99101E-14 
 0.00000029406               8.97277E-14 
 0.00000029407               8.94843E-14 
 0.00000029408               8.92247E-14 
 0.00000029409               8.89011E-14 
 0.0000002941                8.84292E-14 
 0.00000029411               8.7874E-14 
 0.00000029412               8.7311E-14 
 0.00000029413               8.67441E-14 
 0.00000029414               8.63135E-14 
 0.00000029415               8.60747E-14 
 0.00000029416               8.5844E-14 
 0.00000029417               8.54261E-14 
 0.00000029418               8.49138E-14 
 0.00000029419               8.46469E-14 
 0.0000002942                8.47281E-14 
 0.00000029421               8.48251E-14 
 0.00000029422               8.45904E-14 
 0.00000029423               8.39522E-14 
 0.00000029424               8.295E-14 
 0.00000029425               8.16125E-14 
 0.00000029426               7.99635E-14 
 0.00000029427               7.79743E-14 
 0.00000029428               7.53742E-14 
 0.00000029429               7.14152E-14 
 0.0000002943                6.49743E-14 
 0.00000029431               5.52863E-14 
 0.00000029432               4.2901E-14 
 0.00000029433               3.0154E-14 
 0.00000029434               2.01939E-14 
 0.00000029435               1.45913E-14 
 0.00000029436               1.29553E-14 
 0.00000029437               1.44717E-14 
 0.00000029438               1.7868E-14 
 0.00000029439               2.05444E-14 
 0.0000002944                2.31525E-14 
 0.00000029441               3.15818E-14 
 0.00000029442               4.783E-14 
 0.00000029443               6.2639E-14 
 0.00000029444               6.93599E-14 
 0.00000029445               7.14402E-14 
 0.00000029446               7.20776E-14 
 0.00000029447               7.23453E-14 
 0.00000029448               7.27158E-14 
 0.00000029449               7.34113E-14 
 0.0000002945                7.43535E-14 
 0.00000029451               7.5273E-14 
 0.00000029452               7.59455E-14 
 0.00000029453               7.63157E-14 
 0.00000029454               7.64687E-14 
 0.00000029455               7.64977E-14 
 0.00000029456               7.64772E-14 
 0.00000029457               7.64061E-14 
 0.00000029458               7.62357E-14 
 0.00000029459               7.59105E-14 
 0.0000002946                7.53955E-14 
 0.00000029461               7.47645E-14 
 0.00000029462               7.39432E-14 
 0.00000029463               7.31363E-14 
 0.00000029464               7.25147E-14 
 0.00000029465               7.23298E-14 
 0.00000029466               7.26982E-14 
 0.00000029467               7.32547E-14 
 0.00000029468               7.34612E-14 
 0.00000029469               7.30498E-14 
 0.0000002947                7.1801E-14 
 0.00000029471               6.95339E-14 
 0.00000029472               6.67565E-14 
 0.00000029473               6.4133E-14 
 0.00000029474               6.14277E-14 
 0.00000029475               5.88113E-14 
 0.00000029476               5.77026E-14 
 0.00000029477               5.89937E-14 
 0.00000029478               6.19232E-14 
 0.00000029479               6.49005E-14 
 0.0000002948                6.67772E-14 
 0.00000029481               6.71548E-14 
 0.00000029482               6.64163E-14 
 0.00000029483               6.59553E-14 
 0.00000029484               6.67402E-14 
 0.00000029485               6.78945E-14 
 0.00000029486               6.82811E-14 
 0.00000029487               6.79084E-14 
 0.00000029488               6.71785E-14 
 0.00000029489               6.6337E-14 
 0.0000002949                6.55771E-14 
 0.00000029491               6.50307E-14 
 0.00000029492               6.47193E-14 
 0.00000029493               6.46512E-14 
 0.00000029494               6.48957E-14 
 0.00000029495               6.5451E-14 
 0.00000029496               6.61222E-14 
 0.00000029497               6.66704E-14 
 0.00000029498               6.69204E-14 
 0.00000029499               6.68175E-14 
 0.000000295   6.65165E-14 
 0.00000029501               6.62197E-14 
 0.00000029502               6.6039E-14 
 0.00000029503               6.59575E-14 
 0.00000029504               6.58043E-14 
 0.00000029505               6.53512E-14 
 0.00000029506               6.47329E-14 
 0.00000029507               6.44278E-14 
 0.00000029508               6.45615E-14 
 0.00000029509               6.47947E-14 
 0.0000002951                6.48595E-14 
 0.00000029511               6.47749E-14 
 0.00000029512               6.46787E-14 
 0.00000029513               6.46176E-14 
 0.00000029514               6.45409E-14 
 0.00000029515               6.44093E-14 
 0.00000029516               6.42337E-14 
 0.00000029517               6.40403E-14 
 0.00000029518               6.38424E-14 
 0.00000029519               6.36496E-14 
 0.0000002952                6.34598E-14 
 0.00000029521               6.32476E-14 
 0.00000029522               6.2975E-14 
 0.00000029523               6.26365E-14 
 0.00000029524               6.2328E-14 
 0.00000029525               6.21452E-14 
 0.00000029526               6.20218E-14 
 0.00000029527               6.1829E-14 
 0.00000029528               6.1462E-14 
 0.00000029529               6.08291E-14 
 0.0000002953                5.99311E-14 
 0.00000029531               5.89182E-14 
 0.00000029532               5.80343E-14 
 0.00000029533               5.74472E-14 
 0.00000029534               5.72467E-14 
 0.00000029535               5.73746E-14 
 0.00000029536               5.73693E-14 
 0.00000029537               5.66335E-14 
 0.00000029538               5.55485E-14 
 0.00000029539               5.53441E-14 
 0.0000002954                5.63357E-14 
 0.00000029541               5.75136E-14 
 0.00000029542               5.80864E-14 
 0.00000029543               5.80973E-14 
 0.00000029544               5.74965E-14 
 0.00000029545               5.59745E-14 
 0.00000029546               5.39232E-14 
 0.00000029547               5.26342E-14 
 0.00000029548               5.30294E-14 
 0.00000029549               5.4626E-14 
 0.0000002955                5.61279E-14 
 0.00000029551               5.68095E-14 
 0.00000029552               5.68903E-14 
 0.00000029553               5.67948E-14 
 0.00000029554               5.66698E-14 
 0.00000029555               5.65258E-14 
 0.00000029556               5.63504E-14 
 0.00000029557               5.61199E-14 
 0.00000029558               5.58249E-14 
 0.00000029559               5.54586E-14 
 0.0000002956                5.5071E-14 
 0.00000029561               5.47717E-14 
 0.00000029562               5.46169E-14 
 0.00000029563               5.45816E-14 
 0.00000029564               5.46204E-14 
 0.00000029565               5.46838E-14 
 0.00000029566               5.46878E-14 
 0.00000029567               5.43676E-14 
 0.00000029568               5.29821E-14 
 0.00000029569               4.99905E-14 
 0.0000002957                4.71834E-14 
 0.00000029571               4.7326E-14 
 0.00000029572               4.95997E-14 
 0.00000029573               4.95376E-14 
 0.00000029574               4.22063E-14 
 0.00000029575               2.55678E-14 
 0.00000029576               8.62619E-15 
 0.00000029577               1.53897E-15 
 0.00000029578               2.33397E-16 
 0.00000029579               7.47688E-17 
 0.0000002958                9.30036E-17 
 0.00000029581               3.18756E-16 
 0.00000029582               1.26996E-15 
 0.00000029583               4.10868E-15 
 0.00000029584               1.20508E-14 
 0.00000029585               2.82052E-14 
 0.00000029586               4.37359E-14 
 0.00000029587               5.00907E-14 
 0.00000029588               5.12792E-14 
 0.00000029589               5.12718E-14 
 0.0000002959                5.10784E-14 
 0.00000029591               5.08282E-14 
 0.00000029592               5.05718E-14 
 0.00000029593               5.03796E-14 
 0.00000029594               5.02749E-14 
 0.00000029595               5.02038E-14 
 0.00000029596               5.01076E-14 
 0.00000029597               4.9981E-14 
 0.00000029598               4.98382E-14 
 0.00000029599               4.96864E-14 
 0.000000296   4.95351E-14 
 0.00000029601               4.93824E-14 
 0.00000029602               4.92061E-14 
 0.00000029603               4.89825E-14 
 0.00000029604               4.87182E-14 
 0.00000029605               4.84455E-14 
 0.00000029606               4.82161E-14 
 0.00000029607               4.80565E-14 
 0.00000029608               4.78418E-14 
 0.00000029609               4.70615E-14 
 0.0000002961                4.50415E-14 
 0.00000029611               4.24031E-14 
 0.00000029612               4.10866E-14 
 0.00000029613               4.13747E-14 
 0.00000029614               4.15485E-14 
 0.00000029615               4.10784E-14 
 0.00000029616               4.10244E-14 
 0.00000029617               4.19123E-14 
 0.00000029618               4.32317E-14 
 0.00000029619               4.41975E-14 
 0.0000002962                4.42351E-14 
 0.00000029621               4.2358E-14 
 0.00000029622               3.57662E-14 
 0.00000029623               2.21383E-14 
 0.00000029624               8.27608E-15 
 0.00000029625               2.12271E-15 
 0.00000029626               7.28961E-16 
 0.00000029627               7.0546E-16 
 0.00000029628               1.95626E-15 
 0.00000029629               7.52193E-15 
 0.0000002963                2.03397E-14 
 0.00000029631               3.33742E-14 
 0.00000029632               3.99824E-14 
 0.00000029633               4.22853E-14 
 0.00000029634               4.322E-14 
 0.00000029635               4.37109E-14 
 0.00000029636               4.37282E-14 
 0.00000029637               4.29726E-14 
 0.00000029638               4.09195E-14 
 0.00000029639               3.74473E-14 
 0.0000002964                3.4201E-14 
 0.00000029641               3.37769E-14 
 0.00000029642               3.63372E-14 
 0.00000029643               3.91656E-14 
 0.00000029644               4.02753E-14 
 0.00000029645               4.00982E-14 
 0.00000029646               3.95799E-14 
 0.00000029647               3.91993E-14 
 0.00000029648               3.91385E-14 
 0.00000029649               3.9425E-14 
 0.0000002965                3.99257E-14 
 0.00000029651               4.03047E-14 
 0.00000029652               4.00217E-14 
 0.00000029653               3.67722E-14 
 0.00000029654               2.29282E-14 
 0.00000029655               5.99513E-15 
 0.00000029656               1.46775E-15 
 0.00000029657               2.20794E-15 
 0.00000029658               1.10921E-14 
 0.00000029659               2.97984E-14 
 0.0000002966                3.8717E-14 
 0.00000029661               4.04095E-14 
 0.00000029662               4.07165E-14 
 0.00000029663               4.07269E-14 
 0.00000029664               4.06352E-14 
 0.00000029665               4.0513E-14 
 0.00000029666               4.03826E-14 
 0.00000029667               4.02419E-14 
 0.00000029668               4.007E-14 
 0.00000029669               3.98258E-14 
 0.0000002967                3.94803E-14 
 0.00000029671               3.90399E-14 
 0.00000029672               3.85648E-14 
 0.00000029673               3.82352E-14 
 0.00000029674               3.81882E-14 
 0.00000029675               3.82389E-14 
 0.00000029676               3.80889E-14 
 0.00000029677               3.76509E-14 
 0.00000029678               3.70248E-14 
 0.00000029679               3.64362E-14 
 0.0000002968                3.60773E-14 
 0.00000029681               3.5966E-14 
 0.00000029682               3.61419E-14 
 0.00000029683               3.6609E-14 
 0.00000029684               3.71432E-14 
 0.00000029685               3.75192E-14 
 0.00000029686               3.76942E-14 
 0.00000029687               3.7725E-14 
 0.00000029688               3.76757E-14 
 0.00000029689               3.75789E-14 
 0.0000002969                3.74342E-14 
 0.00000029691               3.72485E-14 
 0.00000029692               3.70703E-14 
 0.00000029693               3.69407E-14 
 0.00000029694               3.68114E-14 
 0.00000029695               3.66566E-14 
 0.00000029696               3.65273E-14 
 0.00000029697               3.64731E-14 
 0.00000029698               3.64469E-14 
 0.00000029699               3.63733E-14 
 0.000000297   3.62295E-14 
 0.00000029701               3.60259E-14 
 0.00000029702               3.57664E-14 
 0.00000029703               3.54462E-14 
 0.00000029704               3.51312E-14 
 0.00000029705               3.495E-14 
 0.00000029706               3.49066E-14 
 0.00000029707               3.47391E-14 
 0.00000029708               3.40727E-14 
 0.00000029709               3.31899E-14 
 0.0000002971                3.31336E-14 
 0.00000029711               3.39698E-14 
 0.00000029712               3.46619E-14 
 0.00000029713               3.48243E-14 
 0.00000029714               3.47378E-14 
 0.00000029715               3.4593E-14 
 0.00000029716               3.44168E-14 
 0.00000029717               3.41314E-14 
 0.00000029718               3.35188E-14 
 0.00000029719               3.24799E-14 
 0.0000002972                3.11555E-14 
 0.00000029721               3.05733E-14 
 0.00000029722               3.11489E-14 
 0.00000029723               3.22528E-14 
 0.00000029724               3.29335E-14 
 0.00000029725               3.25867E-14 
 0.00000029726               3.10629E-14 
 0.00000029727               2.88675E-14 
 0.00000029728               2.70047E-14 
 0.00000029729               2.6306E-14 
 0.0000002973                2.70099E-14 
 0.00000029731               2.85024E-14 
 0.00000029732               2.97344E-14 
 0.00000029733               3.0274E-14 
 0.00000029734               3.07858E-14 
 0.00000029735               3.16003E-14 
 0.00000029736               3.19284E-14 
 0.00000029737               3.10267E-14 
 0.00000029738               2.87327E-14 
 0.00000029739               2.65511E-14 
 0.0000002974                2.66697E-14 
 0.00000029741               2.88091E-14 
 0.00000029742               3.07027E-14 
 0.00000029743               3.13669E-14 
 0.00000029744               3.12964E-14 
 0.00000029745               3.08352E-14 
 0.00000029746               2.99895E-14 
 0.00000029747               2.87905E-14 
 0.00000029748               2.75157E-14 
 0.00000029749               2.6634E-14 
 0.0000002975                2.65356E-14 
 0.00000029751               2.72528E-14 
 0.00000029752               2.83797E-14 
 0.00000029753               2.94076E-14 
 0.00000029754               3.00603E-14 
 0.00000029755               3.03138E-14 
 0.00000029756               3.0276E-14 
 0.00000029757               3.00974E-14 
 0.00000029758               2.99118E-14 
 0.00000029759               2.97555E-14 
 0.0000002976                2.95184E-14 
 0.00000029761               2.90998E-14 
 0.00000029762               2.85907E-14 
 0.00000029763               2.82371E-14 
 0.00000029764               2.82045E-14 
 0.00000029765               2.84855E-14 
 0.00000029766               2.88998E-14 
 0.00000029767               2.91906E-14 
 0.00000029768               2.92649E-14 
 0.00000029769               2.91782E-14 
 0.0000002977                2.90082E-14 
 0.00000029771               2.88327E-14 
 0.00000029772               2.87038E-14 
 0.00000029773               2.86156E-14 
 0.00000029774               2.85322E-14 
 0.00000029775               2.8412E-14 
 0.00000029776               2.82087E-14 
 0.00000029777               2.79553E-14 
 0.00000029778               2.78179E-14 
 0.00000029779               2.78653E-14 
 0.0000002978                2.79027E-14 
 0.00000029781               2.7685E-14 
 0.00000029782               2.70982E-14 
 0.00000029783               2.62547E-14 
 0.00000029784               2.55685E-14 
 0.00000029785               2.54751E-14 
 0.00000029786               2.59555E-14 
 0.00000029787               2.65063E-14 
 0.00000029788               2.67622E-14 
 0.00000029789               2.67572E-14 
 0.0000002979                2.66224E-14 
 0.00000029791               2.64289E-14 
 0.00000029792               2.62179E-14 
 0.00000029793               2.60157E-14 
 0.00000029794               2.57265E-14 
 0.00000029795               2.50777E-14 
 0.00000029796               2.42939E-14 
 0.00000029797               2.43426E-14 
 0.00000029798               2.52187E-14 
 0.00000029799               2.59015E-14 
 0.000000298   2.60995E-14 
 0.00000029801               2.60617E-14 
 0.00000029802               2.58405E-14 
 0.00000029803               2.55667E-14 
 0.00000029804               2.55286E-14 
 0.00000029805               2.56916E-14 
 0.00000029806               2.58447E-14 
 0.00000029807               2.59294E-14 
 0.00000029808               2.59408E-14 
 0.00000029809               2.58943E-14 
 0.0000002981                2.58152E-14 
 0.00000029811               2.57184E-14 
 0.00000029812               2.56105E-14 
 0.00000029813               2.5497E-14 
 0.00000029814               2.53659E-14 
 0.00000029815               2.52039E-14 
 0.00000029816               2.4996E-14 
 0.00000029817               2.47315E-14 
 0.00000029818               2.44716E-14 
 0.00000029819               2.42645E-14 
 0.0000002982                2.39965E-14 
 0.00000029821               2.35726E-14 
 0.00000029822               2.31805E-14 
 0.00000029823               2.29601E-14 
 0.00000029824               2.26737E-14 
 0.00000029825               2.21451E-14 
 0.00000029826               2.17526E-14 
 0.00000029827               2.19376E-14 
 0.00000029828               2.25146E-14 
 0.00000029829               2.30926E-14 
 0.0000002983                2.3546E-14 
 0.00000029831               2.38453E-14 
 0.00000029832               2.39845E-14 
 0.00000029833               2.40012E-14 
 0.00000029834               2.39444E-14 
 0.00000029835               2.38439E-14 
 0.00000029836               2.37081E-14 
 0.00000029837               2.35936E-14 
 0.00000029838               2.35211E-14 
 0.00000029839               2.34187E-14 
 0.0000002984                2.31644E-14 
 0.00000029841               2.26064E-14 
 0.00000029842               2.15381E-14 
 0.00000029843               1.97815E-14 
 0.00000029844               1.73617E-14 
 0.00000029845               1.45733E-14 
 0.00000029846               1.19034E-14 
 0.00000029847               9.84981E-15 
 0.00000029848               8.71244E-15 
 0.00000029849               8.59051E-15 
 0.0000002985                9.51083E-15 
 0.00000029851               1.14327E-14 
 0.00000029852               1.40896E-14 
 0.00000029853               1.69117E-14 
 0.00000029854               1.92615E-14 
 0.00000029855               2.07467E-14 
 0.00000029856               2.12281E-14 
 0.00000029857               2.08166E-14 
 0.00000029858               2.01939E-14 
 0.00000029859               2.02083E-14 
 0.0000002986                2.0824E-14 
 0.00000029861               2.13571E-14 
 0.00000029862               2.15292E-14 
 0.00000029863               2.15022E-14 
 0.00000029864               2.14211E-14 
 0.00000029865               2.1297E-14 
 0.00000029866               2.10634E-14 
 0.00000029867               2.05788E-14 
 0.00000029868               1.93176E-14 
 0.00000029869               1.59939E-14 
 0.0000002987                1.07086E-14 
 0.00000029871               6.81067E-15 
 0.00000029872               6.20821E-15 
 0.00000029873               8.99395E-15 
 0.00000029874               1.4188E-14 
 0.00000029875               1.81435E-14 
 0.00000029876               1.94423E-14 
 0.00000029877               1.96293E-14 
 0.00000029878               1.96846E-14 
 0.00000029879               1.97492E-14 
 0.0000002988                1.98226E-14 
 0.00000029881               1.9805E-14 
 0.00000029882               1.92153E-14 
 0.00000029883               1.74152E-14 
 0.00000029884               1.52943E-14 
 0.00000029885               1.4962E-14 
 0.00000029886               1.67952E-14 
 0.00000029887               1.89239E-14 
 0.00000029888               1.98939E-14 
 0.00000029889               2.00643E-14 
 0.0000002989                2.00183E-14 
 0.00000029891               1.99334E-14 
 0.00000029892               1.98349E-14 
 0.00000029893               1.97185E-14 
 0.00000029894               1.95796E-14 
 0.00000029895               1.94579E-14 
 0.00000029896               1.9407E-14 
 0.00000029897               1.93939E-14 
 0.00000029898               1.93203E-14 
 0.00000029899               1.91068E-14 
 0.000000299   1.86547E-14 
 0.00000029901               1.77807E-14 
 0.00000029902               1.62665E-14 
 0.00000029903               1.40535E-14 
 0.00000029904               1.14387E-14 
 0.00000029905               8.98696E-15 
 0.00000029906               7.183E-15 
 0.00000029907               6.22551E-15 
 0.00000029908               6.12347E-15 
 0.00000029909               6.84379E-15 
 0.0000002991                8.01782E-15 
 0.00000029911               5.385E-15 
 0.00000029912               2.49752E-17 
 0.00000029913               3.68844E-30 
 0.00000029914               8.74676E-70 
 0.00000029915               8.00968E-135 
 0.00000029916               1.79692E-175 
 0.00000029917               8.16467E-147 
 0.00000029918               2.58935E-81 
 0.00000029919               3.24772E-35 
 0.0000002992                1.98185E-18 
 0.00000029921               6.13136E-15 
 0.00000029922               1.65067E-14 
 0.00000029923               1.7756E-14 
 0.00000029924               1.77163E-14 
 0.00000029925               1.7235E-14 
 0.00000029926               1.54202E-14 
 0.00000029927               1.08649E-14 
 0.00000029928               4.85261E-15 
 0.00000029929               1.36753E-15 
 0.0000002993                4.15141E-16 
 0.00000029931               3.05316E-16 
 0.00000029932               6.89577E-16 
 0.00000029933               2.70147E-15 
 0.00000029934               7.70847E-15 
 0.00000029935               1.33697E-14 
 0.00000029936               1.65716E-14 
 0.00000029937               1.77227E-14 
 0.00000029938               1.80083E-14 
 0.00000029939               1.80326E-14 
 0.0000002994                1.79842E-14 
 0.00000029941               1.78851E-14 
 0.00000029942               1.76751E-14 
 0.00000029943               1.72633E-14 
 0.00000029944               1.67727E-14 
 0.00000029945               1.66101E-14 
 0.00000029946               1.69065E-14 
 0.00000029947               1.72916E-14 
 0.00000029948               1.74728E-14 
 0.00000029949               1.74937E-14 
 0.0000002995                1.74534E-14 
 0.00000029951               1.73711E-14 
 0.00000029952               1.72158E-14 
 0.00000029953               1.6967E-14 
 0.00000029954               1.66894E-14 
 0.00000029955               1.65288E-14 
 0.00000029956               1.65646E-14 
 0.00000029957               1.66989E-14 
 0.00000029958               1.68102E-14 
 0.00000029959               1.68422E-14 
 0.0000002996                1.68257E-14 
 0.00000029961               1.6735E-14 
 0.00000029962               1.66124E-14 
 0.00000029963               1.65276E-14 
 0.00000029964               1.64991E-14 
 0.00000029965               1.63996E-14 
 0.00000029966               1.61567E-14 
 0.00000029967               1.5933E-14 
 0.00000029968               1.59543E-14 
 0.00000029969               1.60115E-14 
 0.0000002997                1.55992E-14 
 0.00000029971               1.44851E-14 
 0.00000029972               1.3154E-14 
 0.00000029973               1.23167E-14 
 0.00000029974               1.23486E-14 
 0.00000029975               1.30394E-14 
 0.00000029976               1.3346E-14 
 0.00000029977               1.23924E-14 
 0.00000029978               1.10358E-14 
 0.00000029979               1.0763E-14 
 0.0000002998                1.1873E-14 
 0.00000029981               1.34116E-14 
 0.00000029982               1.44285E-14 
 0.00000029983               1.49726E-14 
 0.00000029984               1.53434E-14 
 0.00000029985               1.55592E-14 
 0.00000029986               1.56134E-14 
 0.00000029987               1.55852E-14 
 0.00000029988               1.55402E-14 
 0.00000029989               1.54927E-14 
 0.0000002999                1.54322E-14 
 0.00000029991               1.53553E-14 
 0.00000029992               1.52716E-14 
 0.00000029993               1.51786E-14 
 0.00000029994               1.50589E-14 
 0.00000029995               1.4938E-14 
 0.00000029996               1.48828E-14 
 0.00000029997               1.49009E-14 
 0.00000029998               1.49196E-14 
 0.00000029999               1.4889E-14 
 0.0000003     1.48179E-14 
