 0.000000294   8.10089E-64 
 0.00000029401               7.90918E-64 
 0.00000029402               7.75659E-64 
 0.00000029403               7.66253E-64 
 0.00000029404               7.60675E-64 
 0.00000029405               7.57488E-64 
 0.00000029406               7.55449E-64 
 0.00000029407               7.50941E-64 
 0.00000029408               7.40463E-64 
 0.00000029409               7.23841E-64 
 0.0000002941                7.03722E-64 
 0.00000029411               6.84159E-64 
 0.00000029412               6.69506E-64 
 0.00000029413               6.62111E-64 
 0.00000029414               6.60294E-64 
 0.00000029415               6.59797E-64 
 0.00000029416               6.56503E-64 
 0.00000029417               6.4734E-64 
 0.00000029418               6.32099E-64 
 0.00000029419               5.93359E-64 
 0.0000002942                4.32291E-64 
 0.00000029421               2.20766E-64 
 0.00000029422               1.92296E-64 
 0.00000029423               3.47022E-64 
 0.00000029424               4.9754E-64 
 0.00000029425               5.26188E-64 
 0.00000029426               5.20412E-64 
 0.00000029427               5.11925E-64 
 0.00000029428               5.07592E-64 
 0.00000029429               5.08873E-64 
 0.0000002943                5.12995E-64 
 0.00000029431               5.16151E-64 
 0.00000029432               5.16285E-64 
 0.00000029433               5.13461E-64 
 0.00000029434               5.08428E-64 
 0.00000029435               5.01526E-64 
 0.00000029436               4.92997E-64 
 0.00000029437               4.83746E-64 
 0.00000029438               4.75313E-64 
 0.00000029439               4.68634E-64 
 0.0000002944                4.62948E-64 
 0.00000029441               4.5611E-64 
 0.00000029442               4.47212E-64 
 0.00000029443               4.39592E-64 
 0.00000029444               4.3481E-64 
 0.00000029445               4.2838E-64 
 0.00000029446               4.16427E-64 
 0.00000029447               3.99326E-64 
 0.00000029448               3.8402E-64 
 0.00000029449               3.78876E-64 
 0.0000002945                3.82313E-64 
 0.00000029451               3.85413E-64 
 0.00000029452               3.84043E-64 
 0.00000029453               3.79766E-64 
 0.00000029454               3.73945E-64 
 0.00000029455               3.66635E-64 
 0.00000029456               3.57545E-64 
 0.00000029457               3.46294E-64 
 0.00000029458               3.33329E-64 
 0.00000029459               3.20839E-64 
 0.0000002946                3.10563E-64 
 0.00000029461               2.98884E-64 
 0.00000029462               2.80453E-64 
 0.00000029463               2.65206E-64 
 0.00000029464               2.70655E-64 
 0.00000029465               2.91445E-64 
 0.00000029466               3.03135E-64 
 0.00000029467               2.93167E-64 
 0.00000029468               2.6743E-64 
 0.00000029469               2.46571E-64 
 0.0000002947                2.43641E-64 
 0.00000029471               2.52887E-64 
 0.00000029472               2.60925E-64 
 0.00000029473               2.63714E-64 
 0.00000029474               2.65091E-64 
 0.00000029475               2.66798E-64 
 0.00000029476               2.67783E-64 
 0.00000029477               2.67064E-64 
 0.00000029478               2.64671E-64 
 0.00000029479               2.61277E-64 
 0.0000002948                2.57484E-64 
 0.00000029481               2.53562E-64 
 0.00000029482               2.49545E-64 
 0.00000029483               2.4537E-64 
 0.00000029484               2.40887E-64 
 0.00000029485               2.35917E-64 
 0.00000029486               2.30594E-64 
 0.00000029487               2.25689E-64 
 0.00000029488               2.22028E-64 
 0.00000029489               2.19418E-64 
 0.0000002949                2.1698E-64 
 0.00000029491               2.14231E-64 
 0.00000029492               2.09698E-64 
 0.00000029493               1.99408E-64 
 0.00000029494               1.83216E-64 
 0.00000029495               1.70208E-64 
 0.00000029496               1.65417E-64 
 0.00000029497               1.62713E-64 
 0.00000029498               1.62533E-64 
 0.00000029499               1.70772E-64 
 0.000000295   1.80838E-64 
 0.00000029501               1.84532E-64 
 0.00000029502               1.83704E-64 
 0.00000029503               1.81818E-64 
 0.00000029504               1.79692E-64 
 0.00000029505               1.77021E-64 
 0.00000029506               1.73098E-64 
 0.00000029507               1.67172E-64 
 0.00000029508               1.59911E-64 
 0.00000029509               1.53926E-64 
 0.0000002951                1.50014E-64 
 0.00000029511               1.42098E-64 
 0.00000029512               1.17468E-64 
 0.00000029513               7.03797E-65 
 0.00000029514               2.36614E-65 
 0.00000029515               3.57967E-66 
 0.00000029516               2.56337E-67 
 0.00000029517               1.49057E-68 
 0.00000029518               1.81407E-69 
 0.00000029519               1.09947E-69 
 0.0000002952                4.11975E-69 
 0.00000029521               5.31228E-68 
 0.00000029522               8.84161E-67 
 0.00000029523               8.64675E-66 
 0.00000029524               3.72156E-65 
 0.00000029525               7.93276E-65 
 0.00000029526               1.08748E-64 
 0.00000029527               1.18928E-64 
 0.00000029528               1.17925E-64 
 0.00000029529               1.14306E-64 
 0.0000002953                1.12812E-64 
 0.00000029531               1.12722E-64 
 0.00000029532               1.1075E-64 
 0.00000029533               1.07006E-64 
 0.00000029534               1.04687E-64 
 0.00000029535               1.05061E-64 
 0.00000029536               1.05491E-64 
 0.00000029537               1.01331E-64 
 0.00000029538               9.17574E-65 
 0.00000029539               8.3345E-65 
 0.0000002954                8.29715E-65 
 0.00000029541               8.96942E-65 
 0.00000029542               9.65714E-65 
 0.00000029543               9.90767E-65 
 0.00000029544               9.81787E-65 
 0.00000029545               9.60859E-65 
 0.00000029546               9.36946E-65 
 0.00000029547               9.07242E-65 
 0.00000029548               8.70063E-65 
 0.00000029549               8.34332E-65 
 0.0000002955                8.14243E-65 
 0.00000029551               8.16457E-65 
 0.00000029552               8.32217E-65 
 0.00000029553               8.45362E-65 
 0.00000029554               8.47452E-65 
 0.00000029555               8.40096E-65 
 0.00000029556               8.27465E-65 
 0.00000029557               8.11624E-65 
 0.00000029558               7.93912E-65 
 0.00000029559               7.7711E-65 
 0.0000002956                7.62101E-65 
 0.00000029561               7.42577E-65 
 0.00000029562               7.10718E-65 
 0.00000029563               6.72949E-65 
 0.00000029564               6.49711E-65 
 0.00000029565               6.51847E-65 
 0.00000029566               6.67693E-65 
 0.00000029567               6.78012E-65 
 0.00000029568               6.7415E-65 
 0.00000029569               6.57145E-65 
 0.0000002957                6.31248E-65 
 0.00000029571               6.04911E-65 
 0.00000029572               5.90417E-65 
 0.00000029573               5.93195E-65 
 0.00000029574               6.04326E-65 
 0.00000029575               6.11451E-65 
 0.00000029576               6.10868E-65 
 0.00000029577               6.05053E-65 
 0.00000029578               5.96951E-65 
 0.00000029579               5.88229E-65 
 0.0000002958                5.79618E-65 
 0.00000029581               5.71011E-65 
 0.00000029582               5.62284E-65 
 0.00000029583               5.53198E-65 
 0.00000029584               5.44158E-65 
 0.00000029585               5.36148E-65 
 0.00000029586               5.28825E-65 
 0.00000029587               5.20817E-65 
 0.00000029588               5.11179E-65 
 0.00000029589               5.00032E-65 
 0.0000002959                4.89497E-65 
 0.00000029591               4.8177E-65 
 0.00000029592               4.74849E-65 
 0.00000029593               4.62966E-65 
 0.00000029594               4.43366E-65 
 0.00000029595               4.22177E-65 
 0.00000029596               4.1032E-65 
 0.00000029597               4.11983E-65 
 0.00000029598               4.19821E-65 
 0.00000029599               4.22363E-65 
 0.000000296   4.14724E-65 
 0.00000029601               4.02832E-65 
 0.00000029602               3.9682E-65 
 0.00000029603               3.98101E-65 
 0.00000029604               3.99363E-65 
 0.00000029605               3.96449E-65 
 0.00000029606               3.90926E-65 
 0.00000029607               3.8505E-65 
 0.00000029608               3.79631E-65 
 0.00000029609               3.7445E-65 
 0.0000002961                3.68998E-65 
 0.00000029611               3.63032E-65 
 0.00000029612               3.56539E-65 
 0.00000029613               3.48512E-65 
 0.00000029614               3.32907E-65 
 0.00000029615               2.94554E-65 
 0.00000029616               2.2716E-65 
 0.00000029617               1.63356E-65 
 0.00000029618               1.39733E-65 
 0.00000029619               1.63384E-65 
 0.0000002962                2.20104E-65 
 0.00000029621               2.71619E-65 
 0.00000029622               2.93425E-65 
 0.00000029623               2.95577E-65 
 0.00000029624               2.91864E-65 
 0.00000029625               2.87929E-65 
 0.00000029626               2.84692E-65 
 0.00000029627               2.81095E-65 
 0.00000029628               2.76565E-65 
 0.00000029629               2.71701E-65 
 0.0000002963                2.67464E-65 
 0.00000029631               2.64286E-65 
 0.00000029632               2.61772E-65 
 0.00000029633               2.58935E-65 
 0.00000029634               2.5338E-65 
 0.00000029635               2.38954E-65 
 0.00000029636               2.10403E-65 
 0.00000029637               1.79252E-65 
 0.00000029638               1.67577E-65 
 0.00000029639               1.81744E-65 
 0.0000002964                2.06381E-65 
 0.00000029641               2.2179E-65 
 0.00000029642               2.25302E-65 
 0.00000029643               2.23672E-65 
 0.00000029644               2.20797E-65 
 0.00000029645               2.17623E-65 
 0.00000029646               2.14222E-65 
 0.00000029647               2.10603E-65 
 0.00000029648               2.07102E-65 
 0.00000029649               2.04122E-65 
 0.0000002965                2.01447E-65 
 0.00000029651               1.98567E-65 
 0.00000029652               1.95394E-65 
 0.00000029653               1.92171E-65 
 0.00000029654               1.8917E-65 
 0.00000029655               1.86502E-65 
 0.00000029656               1.84012E-65 
 0.00000029657               1.81339E-65 
 0.00000029658               1.78181E-65 
 0.00000029659               1.74591E-65 
 0.0000002966                1.7094E-65 
 0.00000029661               1.67618E-65 
 0.00000029662               1.64952E-65 
 0.00000029663               1.62879E-65 
 0.00000029664               1.60594E-65 
 0.00000029665               1.5781E-65 
 0.00000029666               1.55507E-65 
 0.00000029667               1.53918E-65 
 0.00000029668               1.53288E-65 
 0.00000029669               1.495E-65 
 0.0000002967                1.4445E-65 
 0.00000029671               1.34135E-65 
 0.00000029672               1.1222E-65 
 0.00000029673               8.73246E-66 
 0.00000029674               7.63157E-66 
 0.00000029675               8.43046E-66 
 0.00000029676               1.04866E-65 
 0.00000029677               1.22929E-65 
 0.00000029678               1.30165E-65 
 0.00000029679               1.3071E-65 
 0.0000002968                1.28793E-65 
 0.00000029681               1.23981E-65 
 0.00000029682               1.13852E-65 
 0.00000029683               1.0005E-65 
 0.00000029684               9.06271E-66 
 0.00000029685               9.16573E-66 
 0.00000029686               1.00689E-65 
 0.00000029687               1.09332E-65 
 0.00000029688               1.08823E-65 
 0.00000029689               7.03162E-66 
 0.0000002969                1.13822E-66 
 0.00000029691               1.55612E-67 
 0.00000029692               4.99429E-67 
 0.00000029693               4.44924E-66 
 0.00000029694               9.21125E-66 
 0.00000029695               9.70071E-66 
 0.00000029696               9.50294E-66 
 0.00000029697               9.40068E-66 
 0.00000029698               9.39358E-66 
 0.00000029699               9.42901E-66 
 0.000000297   9.43559E-66 
 0.00000029701               9.37671E-66 
 0.00000029702               9.26654E-66 
 0.00000029703               9.13062E-66 
 0.00000029704               8.98187E-66 
 0.00000029705               8.82426E-66 
 0.00000029706               8.66537E-66 
 0.00000029707               8.54742E-66 
 0.00000029708               8.42692E-66 
 0.00000029709               8.32801E-66 
 0.0000002971                8.23617E-66 
 0.00000029711               8.13878E-66 
 0.00000029712               8.03348E-66 
 0.00000029713               7.92238E-66 
 0.00000029714               7.79942E-66 
 0.00000029715               7.61723E-66 
 0.00000029716               7.22616E-66 
 0.00000029717               6.49564E-66 
 0.00000029718               5.73506E-66 
 0.00000029719               5.52233E-66 
 0.0000002972                5.94927E-66 
 0.00000029721               6.49342E-66 
 0.00000029722               6.66421E-66 
 0.00000029723               6.46298E-66 
 0.00000029724               6.1316E-66 
 0.00000029725               5.93149E-66 
 0.00000029726               5.96573E-66 
 0.00000029727               6.09788E-66 
 0.00000029728               6.15889E-66 
 0.00000029729               6.12688E-66 
 0.0000002973                6.05234E-66 
 0.00000029731               5.96012E-66 
 0.00000029732               5.85794E-66 
 0.00000029733               5.75696E-66 
 0.00000029734               5.66843E-66 
 0.00000029735               5.5952E-66 
 0.00000029736               5.53361E-66 
 0.00000029737               5.46979E-66 
 0.00000029738               5.40031E-66 
 0.00000029739               5.31963E-66 
 0.0000002974                5.19984E-66 
 0.00000029741               4.91988E-66 
 0.00000029742               4.2359E-66 
 0.00000029743               3.17356E-66 
 0.00000029744               2.34852E-66 
 0.00000029745               2.22448E-66 
 0.00000029746               2.80366E-66 
 0.00000029747               3.6904E-66 
 0.00000029748               4.27205E-66 
 0.00000029749               4.44384E-66 
 0.0000002975                4.44568E-66 
 0.00000029751               4.41104E-66 
 0.00000029752               4.36477E-66 
 0.00000029753               4.30869E-66 
 0.00000029754               4.24465E-66 
 0.00000029755               4.17382E-66 
 0.00000029756               4.09644E-66 
 0.00000029757               4.01067E-66 
 0.00000029758               3.90794E-66 
 0.00000029759               3.79368E-66 
 0.0000002976                3.71382E-66 
 0.00000029761               3.69349E-66 
 0.00000029762               3.6892E-66 
 0.00000029763               3.6564E-66 
 0.00000029764               3.60378E-66 
 0.00000029765               3.54682E-66 
 0.00000029766               3.49253E-66 
 0.00000029767               3.43849E-66 
 0.00000029768               3.3807E-66 
 0.00000029769               3.32792E-66 
 0.0000002977                3.29066E-66 
 0.00000029771               3.25486E-66 
 0.00000029772               3.1965E-66 
 0.00000029773               3.09763E-66 
 0.00000029774               2.93889E-66 
 0.00000029775               2.7081E-66 
 0.00000029776               2.42417E-66 
 0.00000029777               2.14261E-66 
 0.00000029778               1.92325E-66 
 0.00000029779               1.77801E-66 
 0.0000002978                1.63798E-66 
 0.00000029781               1.43708E-66 
 0.00000029782               1.28706E-66 
 0.00000029783               1.37697E-66 
 0.00000029784               1.73757E-66 
 0.00000029785               2.13971E-66 
 0.00000029786               2.34244E-66 
 0.00000029787               2.39968E-66 
 0.00000029788               2.42636E-66 
 0.00000029789               2.43899E-66 
 0.0000002979                2.42644E-66 
 0.00000029791               2.39477E-66 
 0.00000029792               2.35439E-66 
 0.00000029793               2.30677E-66 
 0.00000029794               2.24112E-66 
 0.00000029795               2.14065E-66 
 0.00000029796               1.99988E-66 
 0.00000029797               1.85876E-66 
 0.00000029798               1.80745E-66 
 0.00000029799               1.87754E-66 
 0.000000298   1.98105E-66 
 0.00000029801               2.03595E-66 
 0.00000029802               2.04074E-66 
 0.00000029803               2.01989E-66 
 0.00000029804               1.98875E-66 
 0.00000029805               1.95401E-66 
 0.00000029806               1.91971E-66 
 0.00000029807               1.88902E-66 
 0.00000029808               1.86242E-66 
 0.00000029809               1.8366E-66 
 0.0000002981                1.80799E-66 
 0.00000029811               1.77605E-66 
 0.00000029812               1.74244E-66 
 0.00000029813               1.71148E-66 
 0.00000029814               1.68686E-66 
 0.00000029815               1.66562E-66 
 0.00000029816               1.63694E-66 
 0.00000029817               1.59929E-66 
 0.00000029818               1.57492E-66 
 0.00000029819               1.5685E-66 
 0.0000002982                1.55782E-66 
 0.00000029821               1.5374E-66 
 0.00000029822               1.51401E-66 
 0.00000029823               1.49079E-66 
 0.00000029824               1.46806E-66 
 0.00000029825               1.44681E-66 
 0.00000029826               1.42413E-66 
 0.00000029827               1.40132E-66 
 0.00000029828               1.37785E-66 
 0.00000029829               1.35247E-66 
 0.0000002983                1.325E-66 
 0.00000029831               1.29817E-66 
 0.00000029832               1.27486E-66 
 0.00000029833               1.25415E-66 
 0.00000029834               1.23288E-66 
 0.00000029835               1.21021E-66 
 0.00000029836               1.18839E-66 
 0.00000029837               1.16888E-66 
 0.00000029838               1.14584E-66 
 0.00000029839               1.10176E-66 
 0.0000002984                1.0061E-66 
 0.00000029841               8.17752E-67 
 0.00000029842               5.59471E-67 
 0.00000029843               3.72213E-67 
 0.00000029844               3.41598E-67 
 0.00000029845               4.75007E-67 
 0.00000029846               7.22812E-67 
 0.00000029847               9.16194E-67 
 0.00000029848               9.82158E-67 
 0.00000029849               9.85067E-67 
 0.0000002985                9.7109E-67 
 0.00000029851               9.58785E-67 
 0.00000029852               9.49505E-67 
 0.00000029853               9.34367E-67 
 0.00000029854               9.14062E-67 
 0.00000029855               8.93983E-67 
 0.00000029856               8.77727E-67 
 0.00000029857               8.66381E-67 
 0.00000029858               8.58665E-67 
 0.00000029859               8.51908E-67 
 0.0000002986                8.43146E-67 
 0.00000029861               8.30117E-67 
 0.00000029862               8.1188E-67 
 0.00000029863               7.8927E-67 
 0.00000029864               7.6525E-67 
 0.00000029865               7.44511E-67 
 0.00000029866               7.32252E-67 
 0.00000029867               7.3023E-67 
 0.00000029868               7.32916E-67 
 0.00000029869               7.3235E-67 
 0.0000002987                7.26086E-67 
 0.00000029871               7.16274E-67 
 0.00000029872               7.05045E-67 
 0.00000029873               6.93386E-67 
 0.00000029874               6.82396E-67 
 0.00000029875               6.72373E-67 
 0.00000029876               6.625E-67 
 0.00000029877               6.5183E-67 
 0.00000029878               6.40126E-67 
 0.00000029879               6.27775E-67 
 0.0000002988                6.14539E-67 
 0.00000029881               5.95041E-67 
 0.00000029882               5.51449E-67 
 0.00000029883               4.75312E-67 
 0.00000029884               4.14191E-67 
 0.00000029885               4.19612E-67 
 0.00000029886               4.72837E-67 
 0.00000029887               5.08207E-67 
 0.00000029888               4.91294E-67 
 0.00000029889               4.3533E-67 
 0.0000002989                3.85446E-67 
 0.00000029891               3.83171E-67 
 0.00000029892               4.25827E-67 
 0.00000029893               4.72521E-67 
 0.00000029894               4.93394E-67 
 0.00000029895               4.94461E-67 
 0.00000029896               4.88894E-67 
 0.00000029897               4.81711E-67 
 0.00000029898               4.7362E-67 
 0.00000029899               4.64671E-67 
 0.000000299   4.56059E-67 
 0.00000029901               4.49496E-67 
 0.00000029902               4.44165E-67 
 0.00000029903               4.37098E-67 
 0.00000029904               4.25586E-67 
 0.00000029905               4.079E-67 
 0.00000029906               3.86263E-67 
 0.00000029907               3.68851E-67 
 0.00000029908               3.63008E-67 
 0.00000029909               3.66517E-67 
 0.0000002991                3.69267E-67 
 0.00000029911               3.63238E-67 
 0.00000029912               3.4772E-67 
 0.00000029913               3.26657E-67 
 0.00000029914               3.05228E-67 
 0.00000029915               2.87005E-67 
 0.00000029916               2.73166E-67 
 0.00000029917               2.64622E-67 
 0.00000029918               2.62526E-67 
 0.00000029919               2.66445E-67 
 0.0000002992                2.74423E-67 
 0.00000029921               2.84027E-67 
 0.00000029922               2.92792E-67 
 0.00000029923               2.99147E-67 
 0.00000029924               3.02831E-67 
 0.00000029925               3.0422E-67 
 0.00000029926               3.03557E-67 
 0.00000029927               3.01038E-67 
 0.00000029928               2.97051E-67 
 0.00000029929               2.92025E-67 
 0.0000002993                2.8617E-67 
 0.00000029931               2.79436E-67 
 0.00000029932               2.7197E-67 
 0.00000029933               2.64634E-67 
 0.00000029934               2.58535E-67 
 0.00000029935               2.54297E-67 
 0.00000029936               2.51739E-67 
 0.00000029937               2.49691E-67 
 0.00000029938               2.45858E-67 
 0.00000029939               2.35552E-67 
 0.0000002994                2.10657E-67 
 0.00000029941               1.6741E-67 
 0.00000029942               1.20094E-67 
 0.00000029943               9.1466E-68 
 0.00000029944               9.2626E-68 
 0.00000029945               1.2403E-67 
 0.00000029946               1.69879E-67 
 0.00000029947               2.02085E-67 
 0.00000029948               2.13595E-67 
 0.00000029949               2.14412E-67 
 0.0000002995                2.12147E-67 
 0.00000029951               2.09183E-67 
 0.00000029952               2.05863E-67 
 0.00000029953               2.02347E-67 
 0.00000029954               1.9842E-67 
 0.00000029955               1.92118E-67 
 0.00000029956               1.79648E-67 
 0.00000029957               1.60291E-67 
 0.00000029958               1.42168E-67 
 0.00000029959               1.36173E-67 
 0.0000002996                1.44652E-67 
 0.00000029961               1.59052E-67 
 0.00000029962               1.68738E-67 
 0.00000029963               1.7123E-67 
 0.00000029964               1.68242E-67 
 0.00000029965               1.59147E-67 
 0.00000029966               1.44798E-67 
 0.00000029967               1.32773E-67 
 0.00000029968               1.3082E-67 
 0.00000029969               1.36865E-67 
 0.0000002997                1.41862E-67 
 0.00000029971               1.43265E-67 
 0.00000029972               1.44921E-67 
 0.00000029973               1.46617E-67 
 0.00000029974               1.46201E-67 
 0.00000029975               1.43953E-67 
 0.00000029976               1.41003E-67 
 0.00000029977               1.37775E-67 
 0.00000029978               1.34481E-67 
 0.00000029979               1.31567E-67 
 0.0000002998                1.29731E-67 
 0.00000029981               1.28874E-67 
 0.00000029982               1.27978E-67 
 0.00000029983               1.26277E-67 
 0.00000029984               1.22655E-67 
 0.00000029985               1.12923E-67 
 0.00000029986               8.79249E-68 
 0.00000029987               4.78354E-68 
 0.00000029988               1.79937E-68 
 0.00000029989               8.05093E-69 
 0.0000002999                8.74446E-69 
 0.00000029991               2.11053E-68 
 0.00000029992               5.23221E-68 
 0.00000029993               8.50468E-68 
 0.00000029994               9.96127E-68 
 0.00000029995               1.02758E-67 
 0.00000029996               1.02409E-67 
 0.00000029997               1.00964E-67 
 0.00000029998               9.91362E-68 
 0.00000029999               9.73075E-68 
 0.0000003     9.56474E-68 
