 0.000000294   8.09798E-58 
 0.00000029401               7.99985E-58 
 0.00000029402               7.89512E-58 
 0.00000029403               7.78431E-58 
 0.00000029404               7.67293E-58 
 0.00000029405               7.55857E-58 
 0.00000029406               7.41557E-58 
 0.00000029407               7.19093E-58 
 0.00000029408               6.81638E-58 
 0.00000029409               6.28471E-58 
 0.0000002941                5.72707E-58 
 0.00000029411               5.36905E-58 
 0.00000029412               5.35159E-58 
 0.00000029413               5.6337E-58 
 0.00000029414               6.02047E-58 
 0.00000029415               6.30577E-58 
 0.00000029416               6.416E-58 
 0.00000029417               6.39642E-58 
 0.00000029418               6.31195E-58 
 0.00000029419               6.20826E-58 
 0.0000002942                6.11577E-58 
 0.00000029421               6.04689E-58 
 0.00000029422               5.99084E-58 
 0.00000029423               5.92895E-58 
 0.00000029424               5.8541E-58 
 0.00000029425               5.77185E-58 
 0.00000029426               5.68954E-58 
 0.00000029427               5.6081E-58 
 0.00000029428               5.52307E-58 
 0.00000029429               5.43517E-58 
 0.0000002943                5.35396E-58 
 0.00000029431               5.28622E-58 
 0.00000029432               5.22805E-58 
 0.00000029433               5.17132E-58 
 0.00000029434               5.11219E-58 
 0.00000029435               5.05152E-58 
 0.00000029436               4.98675E-58 
 0.00000029437               4.90667E-58 
 0.00000029438               4.79229E-58 
 0.00000029439               4.6246E-58 
 0.0000002944                4.40522E-58 
 0.00000029441               4.17786E-58 
 0.00000029442               4.02012E-58 
 0.00000029443               3.99067E-58 
 0.00000029444               4.07166E-58 
 0.00000029445               4.18177E-58 
 0.00000029446               4.2521E-58 
 0.00000029447               4.26667E-58 
 0.00000029448               4.24408E-58 
 0.00000029449               4.19729E-58 
 0.0000002945                4.13916E-58 
 0.00000029451               4.07198E-58 
 0.00000029452               3.99583E-58 
 0.00000029453               3.91554E-58 
 0.00000029454               3.84337E-58 
 0.00000029455               3.78962E-58 
 0.00000029456               3.75216E-58 
 0.00000029457               3.72017E-58 
 0.00000029458               3.68566E-58 
 0.00000029459               3.64683E-58 
 0.0000002946                3.60489E-58 
 0.00000029461               3.56011E-58 
 0.00000029462               3.51133E-58 
 0.00000029463               3.455E-58 
 0.00000029464               3.38747E-58 
 0.00000029465               3.28085E-58 
 0.00000029466               3.14326E-58 
 0.00000029467               3.01508E-58 
 0.00000029468               2.95168E-58 
 0.00000029469               2.96745E-58 
 0.0000002947                3.01508E-58 
 0.00000029471               3.03576E-58 
 0.00000029472               3.02861E-58 
 0.00000029473               3.0173E-58 
 0.00000029474               2.99106E-58 
 0.00000029475               2.93515E-58 
 0.00000029476               2.82758E-58 
 0.00000029477               2.64539E-58 
 0.00000029478               2.43443E-58 
 0.00000029479               2.30729E-58 
 0.0000002948                2.3245E-58 
 0.00000029481               2.43151E-58 
 0.00000029482               2.53071E-58 
 0.00000029483               2.57547E-58 
 0.00000029484               2.57391E-58 
 0.00000029485               2.52395E-58 
 0.00000029486               2.37755E-58 
 0.00000029487               2.15865E-58 
 0.00000029488               2.03001E-58 
 0.00000029489               2.04011E-58 
 0.0000002949                2.08716E-58 
 0.00000029491               2.1423E-58 
 0.00000029492               2.21441E-58 
 0.00000029493               2.26725E-58 
 0.00000029494               2.27794E-58 
 0.00000029495               2.26006E-58 
 0.00000029496               2.23259E-58 
 0.00000029497               2.2032E-58 
 0.00000029498               2.171E-58 
 0.00000029499               2.12836E-58 
 0.000000295   2.06147E-58 
 0.00000029501               1.96286E-58 
 0.00000029502               1.85215E-58 
 0.00000029503               1.77037E-58 
 0.00000029504               1.74529E-58 
 0.00000029505               1.7707E-58 
 0.00000029506               1.80927E-58 
 0.00000029507               1.82472E-58 
 0.00000029508               1.81973E-58 
 0.00000029509               1.81567E-58 
 0.0000002951                1.81494E-58 
 0.00000029511               1.80718E-58 
 0.00000029512               1.78742E-58 
 0.00000029513               1.75624E-58 
 0.00000029514               1.70737E-58 
 0.00000029515               1.63392E-58 
 0.00000029516               1.56828E-58 
 0.00000029517               1.56049E-58 
 0.00000029518               1.59438E-58 
 0.00000029519               1.61202E-58 
 0.0000002952                1.59477E-58 
 0.00000029521               1.55359E-58 
 0.00000029522               1.49987E-58 
 0.00000029523               1.4465E-58 
 0.00000029524               1.40211E-58 
 0.00000029525               1.36756E-58 
 0.00000029526               1.34533E-58 
 0.00000029527               1.33942E-58 
 0.00000029528               1.34693E-58 
 0.00000029529               1.35891E-58 
 0.0000002953                1.3667E-58 
 0.00000029531               1.36671E-58 
 0.00000029532               1.35952E-58 
 0.00000029533               1.34528E-58 
 0.00000029534               1.32114E-58 
 0.00000029535               1.28998E-58 
 0.00000029536               1.2625E-58 
 0.00000029537               1.22878E-58 
 0.00000029538               1.16425E-58 
 0.00000029539               1.08977E-58 
 0.0000002954                1.05747E-58 
 0.00000029541               1.07053E-58 
 0.00000029542               1.09079E-58 
 0.00000029543               1.10141E-58 
 0.00000029544               1.10804E-58 
 0.00000029545               1.11233E-58 
 0.00000029546               1.10415E-58 
 0.00000029547               1.05681E-58 
 0.00000029548               9.42585E-59 
 0.00000029549               8.19314E-59 
 0.0000002955                8.01371E-59 
 0.00000029551               8.93321E-59 
 0.00000029552               9.84036E-59 
 0.00000029553               1.0112E-58 
 0.00000029554               1.00412E-58 
 0.00000029555               9.88457E-59 
 0.00000029556               9.71643E-59 
 0.00000029557               9.57172E-59 
 0.00000029558               9.39079E-59 
 0.00000029559               9.02557E-59 
 0.0000002956                8.32297E-59 
 0.00000029561               7.28593E-59 
 0.00000029562               6.16779E-59 
 0.00000029563               5.32103E-59 
 0.00000029564               4.99635E-59 
 0.00000029565               5.25843E-59 
 0.00000029566               5.97928E-59 
 0.00000029567               6.84384E-59 
 0.00000029568               7.50262E-59 
 0.00000029569               7.82254E-59 
 0.0000002957                7.90387E-59 
 0.00000029571               7.88518E-59 
 0.00000029572               7.82892E-59 
 0.00000029573               7.74885E-59 
 0.00000029574               7.65998E-59 
 0.00000029575               7.70523E-59 
 0.00000029576               7.62933E-59 
 0.00000029577               7.54465E-59 
 0.00000029578               7.44048E-59 
 0.00000029579               7.31136E-59 
 0.0000002958                7.15108E-59 
 0.00000029581               6.9458E-59 
 0.00000029582               6.65043E-59 
 0.00000029583               6.02729E-59 
 0.00000029584               4.50296E-59 
 0.00000029585               2.42571E-59 
 0.00000029586               1.30621E-59 
 0.00000029587               1.3636E-59 
 0.00000029588               2.59877E-59 
 0.00000029589               4.57235E-59 
 0.0000002959                5.73525E-59 
 0.00000029591               6.02941E-59 
 0.00000029592               6.06628E-59 
 0.00000029593               6.04357E-59 
 0.00000029594               5.98944E-59 
 0.00000029595               5.91656E-59 
 0.00000029596               5.83593E-59 
 0.00000029597               5.75482E-59 
 0.00000029598               5.67446E-59 
 0.00000029599               5.57711E-59 
 0.000000296   5.3847E-59 
 0.00000029601               4.96047E-59 
 0.00000029602               4.35467E-59 
 0.00000029603               3.95782E-59 
 0.00000029604               4.04147E-59 
 0.00000029605               4.41846E-59 
 0.00000029606               4.72449E-59 
 0.00000029607               4.82947E-59 
 0.00000029608               4.76185E-59 
 0.00000029609               4.5497E-59 
 0.0000002961                4.2588E-59 
 0.00000029611               3.9584E-59 
 0.00000029612               3.70634E-59 
 0.00000029613               3.52164E-59 
 0.00000029614               3.38462E-59 
 0.00000029615               3.26842E-59 
 0.00000029616               3.15962E-59 
 0.00000029617               3.05231E-59 
 0.00000029618               2.9438E-59 
 0.00000029619               2.8295E-59 
 0.0000002962                2.68236E-59 
 0.00000029621               2.47808E-59 
 0.00000029622               2.28367E-59 
 0.00000029623               2.24202E-59 
 0.00000029624               2.42192E-59 
 0.00000029625               2.71647E-59 
 0.00000029626               2.84267E-59 
 0.00000029627               2.65152E-59 
 0.00000029628               2.26166E-59 
 0.00000029629               1.92378E-59 
 0.0000002963                1.80935E-59 
 0.00000029631               1.9684E-59 
 0.00000029632               2.35595E-59 
 0.00000029633               2.81976E-59 
 0.00000029634               3.17126E-59 
 0.00000029635               3.33665E-59 
 0.00000029636               3.36972E-59 
 0.00000029637               3.34826E-59 
 0.00000029638               3.31402E-59 
 0.00000029639               3.27514E-59 
 0.0000002964                3.22674E-59 
 0.00000029641               3.16623E-59 
 0.00000029642               3.10097E-59 
 0.00000029643               3.04637E-59 
 0.00000029644               3.0115E-59 
 0.00000029645               2.98829E-59 
 0.00000029646               2.96173E-59 
 0.00000029647               2.92728E-59 
 0.00000029648               2.89071E-59 
 0.00000029649               2.85398E-59 
 0.0000002965                2.81383E-59 
 0.00000029651               2.7656E-59 
 0.00000029652               2.68939E-59 
 0.00000029653               2.47605E-59 
 0.00000029654               1.83788E-59 
 0.00000029655               8.74224E-60 
 0.00000029656               3.40474E-60 
 0.00000029657               2.71788E-60 
 0.00000029658               5.84333E-60 
 0.00000029659               1.41711E-59 
 0.0000002966                2.14807E-59 
 0.00000029661               2.34849E-59 
 0.00000029662               2.3388E-59 
 0.00000029663               2.30279E-59 
 0.00000029664               2.2736E-59 
 0.00000029665               2.25323E-59 
 0.00000029666               2.23691E-59 
 0.00000029667               2.21798E-59 
 0.00000029668               2.18984E-59 
 0.00000029669               2.14156E-59 
 0.0000002967                2.05239E-59 
 0.00000029671               1.90441E-59 
 0.00000029672               1.71953E-59 
 0.00000029673               1.56948E-59 
 0.00000029674               1.52089E-59 
 0.00000029675               1.57093E-59 
 0.00000029676               1.55964E-59 
 0.00000029677               9.77841E-60 
 0.00000029678               1.1346E-60 
 0.00000029679               4.71893E-63 
 0.0000002968                2.31661E-66 
 0.00000029681               4.91837E-68 
 0.00000029682               2.31618E-66 
 0.00000029683               4.34679E-63 
 0.00000029684               9.22638E-61 
 0.00000029685               7.22551E-60 
 0.00000029686               1.1012E-59 
 0.00000029687               1.0914E-59 
 0.00000029688               1.02096E-59 
 0.00000029689               9.64702E-60 
 0.0000002969                9.30147E-60 
 0.00000029691               9.19852E-60 
 0.00000029692               9.46753E-60 
 0.00000029693               9.94265E-60 
 0.00000029694               1.06E-59 
 0.00000029695               1.1313E-59 
 0.00000029696               1.20053E-59 
 0.00000029697               1.26242E-59 
 0.00000029698               1.31266E-59 
 0.00000029699               1.34827E-59 
 0.000000297   1.36501E-59 
 0.00000029701               1.36051E-59 
 0.00000029702               1.33406E-59 
 0.00000029703               1.28817E-59 
 0.00000029704               1.24609E-59 
 0.00000029705               1.24015E-59 
 0.00000029706               1.26093E-59 
 0.00000029707               1.27236E-59 
 0.00000029708               1.26367E-59 
 0.00000029709               1.24363E-59 
 0.0000002971                1.22231E-59 
 0.00000029711               1.21058E-59 
 0.00000029712               1.20722E-59 
 0.00000029713               1.20013E-59 
 0.00000029714               1.18589E-59 
 0.00000029715               1.16799E-59 
 0.00000029716               1.14821E-59 
 0.00000029717               1.1281E-59 
 0.00000029718               1.10952E-59 
 0.00000029719               1.09352E-59 
 0.0000002972                1.07958E-59 
 0.00000029721               1.06641E-59 
 0.00000029722               1.05325E-59 
 0.00000029723               1.04005E-59 
 0.00000029724               1.02705E-59 
 0.00000029725               1.01371E-59 
 0.00000029726               9.96613E-60 
 0.00000029727               9.68014E-60 
 0.00000029728               9.23603E-60 
 0.00000029729               8.78808E-60 
 0.0000002973                8.60688E-60 
 0.00000029731               8.73252E-60 
 0.00000029732               8.92651E-60 
 0.00000029733               8.9842E-60 
 0.00000029734               8.88966E-60 
 0.00000029735               8.7219E-60 
 0.00000029736               8.56695E-60 
 0.00000029737               8.46215E-60 
 0.00000029738               8.37612E-60 
 0.00000029739               8.26101E-60 
 0.0000002974                8.12753E-60 
 0.00000029741               8.03562E-60 
 0.00000029742               7.98958E-60 
 0.00000029743               7.93484E-60 
 0.00000029744               7.84952E-60 
 0.00000029745               7.74672E-60 
 0.00000029746               7.63919E-60 
 0.00000029747               7.53048E-60 
 0.00000029748               7.40569E-60 
 0.00000029749               7.20998E-60 
 0.0000002975                6.82841E-60 
 0.00000029751               6.07349E-60 
 0.00000029752               4.56287E-60 
 0.00000029753               2.09582E-60 
 0.00000029754               3.80426E-61 
 0.00000029755               2.96454E-62 
 0.00000029756               6.35096E-64 
 0.00000029757               3.21015E-68 
 0.00000029758               1.09878E-78 
 0.00000029759               2.94468E-95 
 0.0000002976                1.59265E-109 
 0.00000029761               2.39125E-110 
 0.00000029762               8.70957E-97 
 0.00000029763               2.58549E-79 
 0.00000029764               2.53732E-67 
 0.00000029765               4.99194E-62 
 0.00000029766               2.04309E-60 
 0.00000029767               4.67901E-60 
 0.00000029768               5.41152E-60 
 0.00000029769               5.48486E-60 
 0.0000002977                5.39999E-60 
 0.00000029771               5.27049E-60 
 0.00000029772               5.13931E-60 
 0.00000029773               5.03174E-60 
 0.00000029774               4.95762E-60 
 0.00000029775               4.91165E-60 
 0.00000029776               4.86965E-60 
 0.00000029777               4.77977E-60 
 0.00000029778               4.54929E-60 
 0.00000029779               4.04073E-60 
 0.0000002978                3.1623E-60 
 0.00000029781               2.08201E-60 
 0.00000029782               1.19375E-60 
 0.00000029783               7.00998E-61 
 0.00000029784               5.25011E-61 
 0.00000029785               5.59033E-61 
 0.00000029786               7.69352E-61 
 0.00000029787               1.11426E-60 
 0.00000029788               1.46438E-60 
 0.00000029789               1.70614E-60 
 0.0000002979                1.85388E-60 
 0.00000029791               1.98134E-60 
 0.00000029792               2.13936E-60 
 0.00000029793               2.34103E-60 
 0.00000029794               2.56432E-60 
 0.00000029795               2.74528E-60 
 0.00000029796               2.82494E-60 
 0.00000029797               2.91053E-60 
 0.00000029798               3.12181E-60 
 0.00000029799               3.32659E-60 
 0.000000298   3.41152E-60 
 0.00000029801               3.42781E-60 
 0.00000029802               3.43477E-60 
 0.00000029803               3.43724E-60 
 0.00000029804               3.42031E-60 
 0.00000029805               3.38579E-60 
 0.00000029806               3.34087E-60 
 0.00000029807               3.26761E-60 
 0.00000029808               3.09437E-60 
 0.00000029809               2.73624E-60 
 0.0000002981                2.27862E-60 
 0.00000029811               1.99123E-60 
 0.00000029812               2.03766E-60 
 0.00000029813               2.34159E-60 
 0.00000029814               2.64934E-60 
 0.00000029815               2.78047E-60 
 0.00000029816               2.77318E-60 
 0.00000029817               2.7313E-60 
 0.00000029818               2.70812E-60 
 0.00000029819               2.68207E-60 
 0.0000002982                2.59357E-60 
 0.00000029821               2.44022E-60 
 0.00000029822               2.31747E-60 
 0.00000029823               2.31447E-60 
 0.00000029824               2.4065E-60 
 0.00000029825               2.49342E-60 
 0.00000029826               2.5191E-60 
 0.00000029827               2.49703E-60 
 0.00000029828               2.44958E-60 
 0.00000029829               2.38156E-60 
 0.0000002983                2.29967E-60 
 0.00000029831               2.22967E-60 
 0.00000029832               2.1956E-60 
 0.00000029833               2.19022E-60 
 0.00000029834               2.18499E-60 
 0.00000029835               2.15891E-60 
 0.00000029836               2.09715E-60 
 0.00000029837               2.01057E-60 
 0.00000029838               1.93834E-60 
 0.00000029839               1.91507E-60 
 0.0000002984                1.91539E-60 
 0.00000029841               1.86158E-60 
 0.00000029842               1.7524E-60 
 0.00000029843               1.70009E-60 
 0.00000029844               1.69557E-60 
 0.00000029845               1.59056E-60 
 0.00000029846               1.3752E-60 
 0.00000029847               1.19156E-60 
 0.00000029848               1.14867E-60 
 0.00000029849               1.26481E-60 
 0.0000002985                1.47426E-60 
 0.00000029851               1.66304E-60 
 0.00000029852               1.74786E-60 
 0.00000029853               1.75202E-60 
 0.00000029854               1.72434E-60 
 0.00000029855               1.68802E-60 
 0.00000029856               1.65549E-60 
 0.00000029857               1.62867E-60 
 0.00000029858               1.59977E-60 
 0.00000029859               1.56929E-60 
 0.0000002986                1.547E-60 
 0.00000029861               1.53672E-60 
 0.00000029862               1.53199E-60 
 0.00000029863               1.52377E-60 
 0.00000029864               1.5071E-60 
 0.00000029865               1.47982E-60 
 0.00000029866               1.43984E-60 
 0.00000029867               1.39104E-60 
 0.00000029868               1.34672E-60 
 0.00000029869               1.3097E-60 
 0.0000002987                1.25614E-60 
 0.00000029871               1.16346E-60 
 0.00000029872               1.05404E-60 
 0.00000029873               9.89652E-61 
 0.00000029874               1.01125E-60 
 0.00000029875               1.09738E-60 
 0.00000029876               1.18381E-60 
 0.00000029877               1.22785E-60 
 0.00000029878               1.2341E-60 
 0.00000029879               1.22242E-60 
 0.0000002988                1.20468E-60 
 0.00000029881               1.18464E-60 
 0.00000029882               1.16277E-60 
 0.00000029883               1.13886E-60 
 0.00000029884               1.11053E-60 
 0.00000029885               1.07691E-60 
 0.00000029886               1.03806E-60 
 0.00000029887               9.97084E-61 
 0.00000029888               9.59473E-61 
 0.00000029889               9.2087E-61 
 0.0000002989                8.56232E-61 
 0.00000029891               7.72194E-61 
 0.00000029892               7.44361E-61 
 0.00000029893               8.09216E-61 
 0.00000029894               9.01E-61 
 0.00000029895               9.46453E-61 
 0.00000029896               9.42184E-61 
 0.00000029897               8.47743E-61 
 0.00000029898               5.0035E-61 
 0.00000029899               1.12357E-61 
 0.000000299   1.38901E-62 
 0.00000029901               6.64433E-63 
 0.00000029902               2.9439E-62 
 0.00000029903               2.13321E-61 
 0.00000029904               5.90789E-61 
 0.00000029905               7.64111E-61 
 0.00000029906               7.86669E-61 
 0.00000029907               7.83338E-61 
 0.00000029908               7.71086E-61 
 0.00000029909               7.4829E-61 
 0.0000002991                7.14288E-61 
 0.00000029911               6.73016E-61 
 0.00000029912               6.3867E-61 
 0.00000029913               6.25561E-61 
 0.00000029914               6.30688E-61 
 0.00000029915               6.3606E-61 
 0.00000029916               6.30264E-61 
 0.00000029917               6.19098E-61 
 0.00000029918               6.13602E-61 
 0.00000029919               6.1739E-61 
 0.0000002992                6.24573E-61 
 0.00000029921               6.2496E-61 
 0.00000029922               6.13195E-61 
 0.00000029923               5.94007E-61 
 0.00000029924               5.73763E-61 
 0.00000029925               5.49508E-61 
 0.00000029926               5.1285E-61 
 0.00000029927               4.61217E-61 
 0.00000029928               3.99024E-61 
 0.00000029929               3.33524E-61 
 0.0000002993                2.74163E-61 
 0.00000029931               2.28757E-61 
 0.00000029932               1.98432E-61 
 0.00000029933               1.79732E-61 
 0.00000029934               1.70027E-61 
 0.00000029935               1.6906E-61 
 0.00000029936               1.77413E-61 
 0.00000029937               1.95375E-61 
 0.00000029938               2.22586E-61 
 0.00000029939               2.57379E-61 
 0.0000002994                2.94863E-61 
 0.00000029941               3.23781E-61 
 0.00000029942               3.30105E-61 
 0.00000029943               3.16592E-61 
 0.00000029944               3.10225E-61 
 0.00000029945               3.34376E-61 
 0.00000029946               3.83897E-61 
 0.00000029947               4.29161E-61 
 0.00000029948               4.47784E-61 
 0.00000029949               4.42339E-61 
 0.0000002995                4.30823E-61 
 0.00000029951               4.29059E-61 
 0.00000029952               4.33858E-61 
 0.00000029953               4.34206E-61 
 0.00000029954               4.28673E-61 
 0.00000029955               4.21548E-61 
 0.00000029956               4.15611E-61 
 0.00000029957               4.09859E-61 
 0.00000029958               4.01431E-61 
 0.00000029959               3.90039E-61 
 0.0000002996                3.79305E-61 
 0.00000029961               3.73175E-61 
 0.00000029962               3.71918E-61 
 0.00000029963               3.72044E-61 
 0.00000029964               3.69184E-61 
 0.00000029965               3.55875E-61 
 0.00000029966               3.11824E-61 
 0.00000029967               2.23431E-61 
 0.00000029968               1.37472E-61 
 0.00000029969               1.04084E-61 
 0.0000002997                1.27824E-61 
 0.00000029971               2.01372E-61 
 0.00000029972               2.77508E-61 
 0.00000029973               3.07385E-61 
 0.00000029974               2.99408E-61 
 0.00000029975               2.7231E-61 
 0.00000029976               2.47973E-61 
 0.00000029977               2.47735E-61 
 0.00000029978               2.64162E-61 
 0.00000029979               2.75997E-61 
 0.0000002998                2.7322E-61 
 0.00000029981               2.53373E-61 
 0.00000029982               2.29484E-61 
 0.00000029983               2.16515E-61 
 0.00000029984               2.07016E-61 
 0.00000029985               1.85304E-61 
 0.00000029986               1.57646E-61 
 0.00000029987               1.41767E-61 
 0.00000029988               1.4515E-61 
 0.00000029989               1.64212E-61 
 0.0000002999                1.87321E-61 
 0.00000029991               2.02973E-61 
 0.00000029992               2.10071E-61 
 0.00000029993               2.13772E-61 
 0.00000029994               2.1767E-61 
 0.00000029995               2.23143E-61 
 0.00000029996               2.29269E-61 
 0.00000029997               2.33302E-61 
 0.00000029998               2.3384E-61 
 0.00000029999               2.31885E-61 
 0.0000003     2.28916E-61 
