 0.000000294   0.00000000180869 
 0.00000029401               0.00000000180475 
 0.00000029402               0.00000000179975 
 0.00000029403               0.00000000179349 
 0.00000029404               0.00000000178614 
 0.00000029405               0.0000000017786 
 0.00000029406               0.0000000017716 
 0.00000029407               0.00000000176516 
 0.00000029408               0.0000000017597 
 0.00000029409               0.00000000175344 
 0.0000002941                0.00000000173766 
 0.00000029411               0.00000000171401 
 0.00000029412               0.00000000171164 
 0.00000029413               0.0000000017346 
 0.00000029414               0.00000000175119 
 0.00000029415               0.00000000175299 
 0.00000029416               0.00000000174863 
 0.00000029417               0.00000000174157 
 0.00000029418               0.00000000172963 
 0.00000029419               0.00000000169349 
 0.0000002942                0.0000000015643 
 0.00000029421               0.00000000123799 
 0.00000029422               0.000000000762778 
 0.00000029423               0.000000000396982 
 0.00000029424               0.000000000243815 
 0.00000029425               0.000000000243549 
 0.00000029426               0.000000000389233 
 0.00000029427               0.000000000724408 
 0.00000029428               0.00000000116007 
 0.00000029429               0.00000000147466 
 0.0000002943                0.0000000016075 
 0.00000029431               0.00000000164513 
 0.00000029432               0.00000000165547 
 0.00000029433               0.00000000166189 
 0.00000029434               0.00000000166719 
 0.00000029435               0.00000000166651 
 0.00000029436               0.00000000165274 
 0.00000029437               0.00000000162375 
 0.00000029438               0.00000000159327 
 0.00000029439               0.00000000158421 
 0.0000002944                0.00000000160171 
 0.00000029441               0.00000000162687 
 0.00000029442               0.00000000164173 
 0.00000029443               0.00000000164588 
 0.00000029444               0.00000000164565 
 0.00000029445               0.00000000164311 
 0.00000029446               0.00000000163579 
 0.00000029447               0.00000000161761 
 0.00000029448               0.00000000156813 
 0.00000029449               0.00000000144545 
 0.0000002945                0.00000000123966 
 0.00000029451               0.00000000104233 
 0.00000029452               0.000000000967999 
 0.00000029453               0.0000000010435 
 0.00000029454               0.00000000120036 
 0.00000029455               0.00000000134065 
 0.00000029456               0.00000000143775 
 0.00000029457               0.0000000015026 
 0.00000029458               0.00000000152937 
 0.00000029459               0.00000000153075 
 0.0000002946                0.0000000015333 
 0.00000029461               0.00000000154654 
 0.00000029462               0.00000000156276 
 0.00000029463               0.00000000157253 
 0.00000029464               0.00000000157358 
 0.00000029465               0.00000000156811 
 0.00000029466               0.00000000155782 
 0.00000029467               0.00000000154184 
 0.00000029468               0.00000000152907 
 0.00000029469               0.00000000153079 
 0.0000002947                0.00000000154099 
 0.00000029471               0.00000000153932 
 0.00000029472               0.0000000015065 
 0.00000029473               0.00000000143534 
 0.00000029474               0.00000000136539 
 0.00000029475               0.00000000136118 
 0.00000029476               0.00000000141768 
 0.00000029477               0.00000000146513 
 0.00000029478               0.00000000147656 
 0.00000029479               0.00000000148042 
 0.0000002948                0.00000000147919 
 0.00000029481               0.00000000136056 
 0.00000029482               0.000000000826627 
 0.00000029483               0.000000000155685 
 0.00000029484               5.85842E-12 
 0.00000029485               2.20269E-13 
 0.00000029486               1.57898E-13 
 0.00000029487               2.9975E-12 
 0.00000029488               9.27332E-11 
 0.00000029489               0.00000000063906 
 0.0000002949                0.00000000119831 
 0.00000029491               0.00000000132352 
 0.00000029492               0.00000000129946 
 0.00000029493               0.00000000130083 
 0.00000029494               0.00000000134731 
 0.00000029495               0.00000000138379 
 0.00000029496               0.00000000137608 
 0.00000029497               0.00000000137239 
 0.00000029498               0.00000000140674 
 0.00000029499               0.00000000144183 
 0.000000295   0.00000000145238 
 0.00000029501               0.00000000144229 
 0.00000029502               0.00000000140692 
 0.00000029503               0.00000000134726 
 0.00000029504               0.00000000129416 
 0.00000029505               0.00000000126827 
 0.00000029506               0.00000000126101 
 0.00000029507               0.00000000127151 
 0.00000029508               0.00000000130389 
 0.00000029509               0.00000000134524 
 0.0000002951                0.00000000137366 
 0.00000029511               0.00000000137768 
 0.00000029512               0.00000000136101 
 0.00000029513               0.0000000013326 
 0.00000029514               0.00000000129648 
 0.00000029515               0.00000000125655 
 0.00000029516               0.00000000122381 
 0.00000029517               0.00000000120657 
 0.00000029518               0.0000000012017 
 0.00000029519               0.00000000120397 
 0.0000002952                0.00000000121591 
 0.00000029521               0.00000000124131 
 0.00000029522               0.00000000127674 
 0.00000029523               0.00000000131312 
 0.00000029524               0.00000000134282 
 0.00000029525               0.00000000136325 
 0.00000029526               0.00000000137536 
 0.00000029527               0.00000000138124 
 0.00000029528               0.00000000138298 
 0.00000029529               0.00000000138179 
 0.0000002953                0.00000000137835 
 0.00000029531               0.00000000137391 
 0.00000029532               0.00000000137028 
 0.00000029533               0.00000000136829 
 0.00000029534               0.00000000136656 
 0.00000029535               0.00000000136252 
 0.00000029536               0.00000000135215 
 0.00000029537               0.00000000132988 
 0.00000029538               0.00000000129304 
 0.00000029539               0.00000000124896 
 0.0000002954                0.00000000121255 
 0.00000029541               0.00000000119591 
 0.00000029542               0.00000000120202 
 0.00000029543               0.00000000122429 
 0.00000029544               0.0000000012505 
 0.00000029545               0.00000000127012 
 0.00000029546               0.00000000127642 
 0.00000029547               0.00000000126199 
 0.00000029548               0.0000000012146 
 0.00000029549               0.00000000111939 
 0.0000002955                0.000000000983449 
 0.00000029551               0.00000000086401 
 0.00000029552               0.000000000831156 
 0.00000029553               0.00000000090338 
 0.00000029554               0.00000000102732 
 0.00000029555               0.00000000113279 
 0.00000029556               0.00000000120961 
 0.00000029557               0.00000000125744 
 0.00000029558               0.00000000127278 
 0.00000029559               0.00000000127773 
 0.0000002956                0.00000000128499 
 0.00000029561               0.00000000128912 
 0.00000029562               0.0000000012861 
 0.00000029563               0.0000000012761 
 0.00000029564               0.00000000125483 
 0.00000029565               0.00000000120932 
 0.00000029566               0.00000000111928 
 0.00000029567               0.000000000967194 
 0.00000029568               0.000000000759506 
 0.00000029569               0.000000000536123 
 0.0000002957                0.000000000345881 
 0.00000029571               0.000000000213976 
 0.00000029572               0.000000000137185 
 0.00000029573               0.000000000100328 
 0.00000029574               9.07561E-11 
 0.00000029575               0.000000000103431 
 0.00000029576               0.000000000140895 
 0.00000029577               0.000000000214554 
 0.00000029578               0.000000000343782 
 0.00000029579               0.000000000531323 
 0.0000002958                0.000000000736873 
 0.00000029581               0.000000000906235 
 0.00000029582               0.00000000101888 
 0.00000029583               0.00000000109392 
 0.00000029584               0.00000000114888 
 0.00000029585               0.00000000118263 
 0.00000029586               0.00000000119846 
 0.00000029587               0.00000000120609 
 0.00000029588               0.0000000012091 
 0.00000029589               0.00000000120656 
 0.0000002959                0.0000000012005 
 0.00000029591               0.00000000119508 
 0.00000029592               0.00000000119013 
 0.00000029593               0.00000000118027 
 0.00000029594               0.00000000115927 
 0.00000029595               0.00000000112467 
 0.00000029596               0.00000000108932 
 0.00000029597               0.0000000010804 
 0.00000029598               0.00000000110652 
 0.00000029599               0.00000000114398 
 0.000000296   0.00000000116847 
 0.00000029601               0.00000000117662 
 0.00000029602               0.00000000117449 
 0.00000029603               0.00000000116801 
 0.00000029604               0.00000000116206 
 0.00000029605               0.00000000115897 
 0.00000029606               0.00000000115827 
 0.00000029607               0.00000000115834 
 0.00000029608               0.00000000115761 
 0.00000029609               0.00000000115531 
 0.0000002961                0.000000001152 
 0.00000029611               0.00000000114987 
 0.00000029612               0.00000000115089 
 0.00000029613               0.00000000115434 
 0.00000029614               0.00000000115742 
 0.00000029615               0.00000000115819 
 0.00000029616               0.00000000115686 
 0.00000029617               0.00000000115458 
 0.00000029618               0.00000000115207 
 0.00000029619               0.00000000114957 
 0.0000002962                0.00000000114712 
 0.00000029621               0.00000000114455 
 0.00000029622               0.00000000114118 
 0.00000029623               0.00000000113538 
 0.00000029624               0.00000000112524 
 0.00000029625               0.00000000111261 
 0.00000029626               0.00000000110476 
 0.00000029627               0.00000000110633 
 0.00000029628               0.00000000111253 
 0.00000029629               0.00000000111449 
 0.0000002963                0.00000000110306 
 0.00000029631               0.00000000107302 
 0.00000029632               0.00000000104296 
 0.00000029633               0.00000000104414 
 0.00000029634               0.00000000107249 
 0.00000029635               0.00000000109626 
 0.00000029636               0.00000000110217 
 0.00000029637               0.00000000108923 
 0.00000029638               0.00000000103068 
 0.00000029639               0.000000000871133 
 0.0000002964                0.000000000615419 
 0.00000029641               0.000000000390794 
 0.00000029642               0.000000000291389 
 0.00000029643               0.000000000319617 
 0.00000029644               0.000000000471748 
 0.00000029645               0.000000000703043 
 0.00000029646               0.000000000890038 
 0.00000029647               0.000000000972308 
 0.00000029648               0.000000000990996 
 0.00000029649               0.000000000991216 
 0.0000002965                0.000000000985938 
 0.00000029651               0.000000000967023 
 0.00000029652               0.000000000924315 
 0.00000029653               0.00000000086592 
 0.00000029654               0.000000000822901 
 0.00000029655               0.000000000824375 
 0.00000029656               0.000000000870412 
 0.00000029657               0.000000000935348 
 0.00000029658               0.000000000989678 
 0.00000029659               0.00000000101427 
 0.0000002966                0.00000000100679 
 0.00000029661               0.000000000976508 
 0.00000029662               0.000000000928957 
 0.00000029663               0.00000000086608 
 0.00000029664               0.000000000800815 
 0.00000029665               0.000000000758273 
 0.00000029666               0.000000000762186 
 0.00000029667               0.00000000080984 
 0.00000029668               0.000000000884316 
 0.00000029669               0.00000000095439 
 0.0000002967                0.000000000999173 
 0.00000029671               0.00000000101886 
 0.00000029672               0.00000000102492 
 0.00000029673               0.00000000102527 
 0.00000029674               0.00000000102496 
 0.00000029675               0.00000000102439 
 0.00000029676               0.00000000102227 
 0.00000029677               0.00000000101626 
 0.00000029678               0.000000000997151 
 0.00000029679               0.000000000928441 
 0.0000002968                0.000000000737119 
 0.00000029681               0.000000000433228 
 0.00000029682               0.000000000197228 
 0.00000029683               0.000000000106739 
 0.00000029684               0.000000000111995 
 0.00000029685               0.000000000218149 
 0.00000029686               0.000000000468953 
 0.00000029687               0.000000000756956 
 0.00000029688               0.000000000914599 
 0.00000029689               0.000000000960434 
 0.0000002969                0.000000000965265 
 0.00000029691               0.000000000939623 
 0.00000029692               0.00000000082094 
 0.00000029693               0.00000000060756 
 0.00000029694               0.000000000496428 
 0.00000029695               0.000000000590084 
 0.00000029696               0.000000000778626 
 0.00000029697               0.000000000865212 
 0.00000029698               0.000000000853703 
 0.00000029699               0.000000000808017 
 0.000000297   0.000000000677591 
 0.00000029701               0.000000000361957 
 0.00000029702               0.000000000101261 
 0.00000029703               3.62794E-11 
 0.00000029704               5.66441E-11 
 0.00000029705               0.000000000228574 
 0.00000029706               0.000000000618894 
 0.00000029707               0.000000000851212 
 0.00000029708               0.000000000859274 
 0.00000029709               0.000000000815954 
 0.0000002971                0.000000000775575 
 0.00000029711               0.000000000616094 
 0.00000029712               0.000000000260663 
 0.00000029713               6.04166E-11 
 0.00000029714               0.000000000028311 
 0.00000029715               0.000000000066981 
 0.00000029716               0.000000000269159 
 0.00000029717               0.000000000574873 
 0.00000029718               0.000000000708 
 0.00000029719               0.000000000734664 
 0.0000002972                0.000000000737873 
 0.00000029721               0.000000000743306 
 0.00000029722               0.000000000767711 
 0.00000029723               0.000000000812105 
 0.00000029724               0.000000000858351 
 0.00000029725               0.000000000887722 
 0.00000029726               0.000000000900751 
 0.00000029727               0.000000000908212 
 0.00000029728               0.000000000913647 
 0.00000029729               0.000000000915604 
 0.0000002973                0.00000000091406 
 0.00000029731               0.000000000909473 
 0.00000029732               0.0000000009007 
 0.00000029733               0.000000000885587 
 0.00000029734               0.00000000086404 
 0.00000029735               0.0000000008409 
 0.00000029736               0.000000000824838 
 0.00000029737               0.000000000822264 
 0.00000029738               0.000000000832322 
 0.00000029739               0.000000000846649 
 0.0000002974                0.000000000855595 
 0.00000029741               0.000000000856355 
 0.00000029742               0.000000000853374 
 0.00000029743               0.000000000849928 
 0.00000029744               0.000000000845932 
 0.00000029745               0.000000000842091 
 0.00000029746               0.000000000840539 
 0.00000029747               0.000000000842263 
 0.00000029748               0.000000000846347 
 0.00000029749               0.000000000851627 
 0.0000002975                0.000000000857068 
 0.00000029751               0.000000000860328 
 0.00000029752               0.000000000853972 
 0.00000029753               0.000000000829255 
 0.00000029754               0.000000000803455 
 0.00000029755               0.000000000808269 
 0.00000029756               0.000000000831577 
 0.00000029757               0.000000000838745 
 0.00000029758               0.000000000824736 
 0.00000029759               0.000000000809085 
 0.0000002976                0.000000000808355 
 0.00000029761               0.00000000081525 
 0.00000029762               0.000000000810506 
 0.00000029763               0.000000000789239 
 0.00000029764               0.000000000760003 
 0.00000029765               0.000000000731743 
 0.00000029766               0.00000000071226 
 0.00000029767               0.000000000708635 
 0.00000029768               0.000000000723112 
 0.00000029769               0.000000000750513 
 0.0000002977                0.000000000781 
 0.00000029771               0.000000000806073 
 0.00000029772               0.000000000822238 
 0.00000029773               0.000000000829783 
 0.00000029774               0.000000000830417 
 0.00000029775               0.000000000827469 
 0.00000029776               0.000000000824605 
 0.00000029777               0.000000000816355 
 0.00000029778               0.000000000789993 
 0.00000029779               0.000000000759537 
 0.0000002978                0.000000000755547 
 0.00000029781               0.000000000765804 
 0.00000029782               0.000000000769148 
 0.00000029783               0.000000000773803 
 0.00000029784               0.00000000078466 
 0.00000029785               0.000000000794921 
 0.00000029786               0.000000000799975 
 0.00000029787               0.000000000800876 
 0.00000029788               0.000000000800382 
 0.00000029789               0.000000000800414 
 0.0000002979                0.000000000800751 
 0.00000029791               0.000000000800154 
 0.00000029792               0.000000000798535 
 0.00000029793               0.000000000796739 
 0.00000029794               0.00000000079456 
 0.00000029795               0.000000000791327 
 0.00000029796               0.000000000786467 
 0.00000029797               0.000000000777497 
 0.00000029798               0.000000000759492 
 0.00000029799               0.00000000073284 
 0.000000298   0.000000000707326 
 0.00000029801               0.000000000695106 
 0.00000029802               0.00000000070007 
 0.00000029803               0.000000000706689 
 0.00000029804               0.000000000688559 
 0.00000029805               0.000000000637537 
 0.00000029806               0.000000000572747 
 0.00000029807               0.000000000523636 
 0.00000029808               0.000000000511379 
 0.00000029809               0.000000000536681 
 0.0000002981                0.00000000058219 
 0.00000029811               0.000000000621953 
 0.00000029812               0.000000000643086 
 0.00000029813               0.000000000653475 
 0.00000029814               0.000000000666036 
 0.00000029815               0.000000000682063 
 0.00000029816               0.000000000689239 
 0.00000029817               0.000000000671493 
 0.00000029818               0.000000000621614 
 0.00000029819               0.00000000055298 
 0.0000002982                0.000000000499235 
 0.00000029821               0.000000000491218 
 0.00000029822               0.000000000536186 
 0.00000029823               0.000000000612343 
 0.00000029824               0.000000000680449 
 0.00000029825               0.000000000717834 
 0.00000029826               0.000000000731606 
 0.00000029827               0.000000000735943 
 0.00000029828               0.000000000735649 
 0.00000029829               0.000000000730801 
 0.0000002983                0.000000000725083 
 0.00000029831               0.000000000722743 
 0.00000029832               0.000000000722414 
 0.00000029833               0.000000000721466 
 0.00000029834               0.000000000721018 
 0.00000029835               0.000000000722734 
 0.00000029836               0.000000000725634 
 0.00000029837               0.000000000727037 
 0.00000029838               0.000000000723683 
 0.00000029839               0.000000000711999 
 0.0000002984                0.000000000695836 
 0.00000029841               0.00000000068959 
 0.00000029842               0.000000000697534 
 0.00000029843               0.000000000707815 
 0.00000029844               0.000000000713258 
 0.00000029845               0.000000000715181 
 0.00000029846               0.00000000071514 
 0.00000029847               0.000000000713685 
 0.00000029848               0.000000000711207 
 0.00000029849               0.000000000708063 
 0.0000002985                0.000000000704772 
 0.00000029851               0.000000000701906 
 0.00000029852               0.000000000699838 
 0.00000029853               0.000000000698141 
 0.00000029854               0.000000000692882 
 0.00000029855               0.000000000674667 
 0.00000029856               0.000000000642994 
 0.00000029857               0.00000000062283 
 0.00000029858               0.000000000634724 
 0.00000029859               0.000000000661309 
 0.0000002986                0.000000000674979 
 0.00000029861               0.000000000673745 
 0.00000029862               0.000000000669889 
 0.00000029863               0.000000000669913 
 0.00000029864               0.00000000066666 
 0.00000029865               0.00000000063735 
 0.00000029866               0.000000000582207 
 0.00000029867               0.000000000562008 
 0.00000029868               0.00000000060496 
 0.00000029869               0.000000000655793 
 0.0000002987                0.000000000675361 
 0.00000029871               0.000000000678054 
 0.00000029872               0.000000000677661 
 0.00000029873               0.000000000676844 
 0.00000029874               0.000000000674953 
 0.00000029875               0.000000000670437 
 0.00000029876               0.000000000663262 
 0.00000029877               0.000000000651333 
 0.00000029878               0.000000000628039 
 0.00000029879               0.000000000605821 
 0.0000002988                0.000000000610218 
 0.00000029881               0.000000000635642 
 0.00000029882               0.000000000655144 
 0.00000029883               0.000000000660777 
 0.00000029884               0.000000000659475 
 0.00000029885               0.000000000656399 
 0.00000029886               0.000000000654153 
 0.00000029887               0.000000000653245 
 0.00000029888               0.000000000652976 
 0.00000029889               0.000000000652431 
 0.0000002989                0.000000000651339 
 0.00000029891               0.000000000651155 
 0.00000029892               0.000000000648505 
 0.00000029893               0.000000000641587 
 0.00000029894               0.00000000062773 
 0.00000029895               0.000000000611137 
 0.00000029896               0.000000000602272 
 0.00000029897               0.000000000605521 
 0.00000029898               0.000000000615349 
 0.00000029899               0.000000000625413 
 0.000000299   0.000000000632695 
 0.00000029901               0.000000000636213 
 0.00000029902               0.000000000635721 
 0.00000029903               0.000000000631193 
 0.00000029904               0.000000000624842 
 0.00000029905               0.000000000621614 
 0.00000029906               0.000000000623286 
 0.00000029907               0.000000000626147 
 0.00000029908               0.00000000062703 
 0.00000029909               0.000000000626215 
 0.0000002991                0.000000000625057 
 0.00000029911               0.000000000624395 
 0.00000029912               0.000000000624219 
 0.00000029913               0.000000000623923 
 0.00000029914               0.000000000623083 
 0.00000029915               0.000000000621728 
 0.00000029916               0.000000000619989 
 0.00000029917               0.00000000061788 
 0.00000029918               0.000000000615289 
 0.00000029919               0.00000000061204 
 0.0000002992                0.000000000608062 
 0.00000029921               0.000000000603651 
 0.00000029922               0.000000000599504 
 0.00000029923               0.00000000059561 
 0.00000029924               0.000000000585888 
 0.00000029925               0.000000000550581 
 0.00000029926               0.000000000479565 
 0.00000029927               0.000000000420594 
 0.00000029928               0.000000000429789 
 0.00000029929               0.000000000496191 
 0.0000002993                0.000000000556479 
 0.00000029931               0.000000000580158 
 0.00000029932               0.000000000584994 
 0.00000029933               0.000000000586559 
 0.00000029934               0.000000000588455 
 0.00000029935               0.000000000590256 
 0.00000029936               0.000000000591372 
 0.00000029937               0.000000000591733 
 0.00000029938               0.000000000591416 
 0.00000029939               0.000000000590426 
 0.0000002994                0.000000000588921 
 0.00000029941               0.000000000587478 
 0.00000029942               0.000000000586662 
 0.00000029943               0.000000000585931 
 0.00000029944               0.000000000584321 
 0.00000029945               0.000000000580159 
 0.00000029946               0.000000000571839 
 0.00000029947               0.000000000560141 
 0.00000029948               0.000000000548921 
 0.00000029949               0.00000000054363 
 0.0000002995                0.000000000546753 
 0.00000029951               0.000000000554268 
 0.00000029952               0.000000000560012 
 0.00000029953               0.000000000562211 
 0.00000029954               0.000000000562444 
 0.00000029955               0.000000000561951 
 0.00000029956               0.000000000560912 
 0.00000029957               0.000000000559432 
 0.00000029958               0.000000000557503 
 0.00000029959               0.000000000554159 
 0.0000002996                0.000000000548301 
 0.00000029961               0.0000000005412 
 0.00000029962               0.000000000536034 
 0.00000029963               0.000000000533815 
 0.00000029964               0.00000000053272 
 0.00000029965               0.000000000531647 
 0.00000029966               0.000000000531499 
 0.00000029967               0.000000000533175 
 0.00000029968               0.000000000535279 
 0.00000029969               0.000000000531466 
 0.0000002997                0.000000000505513 
 0.00000029971               0.000000000433226 
 0.00000029972               0.000000000316671 
 0.00000029973               0.000000000209911 
 0.00000029974               0.000000000158524 
 0.00000029975               0.000000000168379 
 0.00000029976               0.000000000239443 
 0.00000029977               0.000000000354888 
 0.00000029978               0.000000000456064 
 0.00000029979               0.000000000500846 
 0.0000002998                0.000000000500584 
 0.00000029981               0.000000000483405 
 0.00000029982               0.00000000047142 
 0.00000029983               0.000000000475294 
 0.00000029984               0.000000000491792 
 0.00000029985               0.000000000508718 
 0.00000029986               0.00000000051682 
 0.00000029987               0.00000000051618 
 0.00000029988               0.000000000512227 
 0.00000029989               0.000000000510095 
 0.0000002999                0.000000000511693 
 0.00000029991               0.000000000515147 
 0.00000029992               0.000000000517538 
 0.00000029993               0.000000000517942 
 0.00000029994               0.000000000516919 
 0.00000029995               0.000000000514693 
 0.00000029996               0.00000000051094 
 0.00000029997               0.000000000505139 
 0.00000029998               0.000000000496666 
 0.00000029999               0.000000000485231 
 0.0000003     0.000000000471812 
