 0.000000294   6.46116E-250 
 0.00000029401               7.60104E-282 
 0.00000029402               0 
 0.00000029403               0 
 0.00000029404              4.42317e-319
 0.00000029405               1.45653E-267 
 0.00000029406               9.77693E-246 
 0.00000029407               1.83948E-241 
 0.00000029408               4.58759E-241 
 0.00000029409               4.55009E-241 
 0.0000002941                4.30627E-241 
 0.00000029411               4.0762E-241 
 0.00000029412               3.85974E-241 
 0.00000029413               3.65003E-241 
 0.00000029414               3.44474E-241 
 0.00000029415               3.24546E-241 
 0.00000029416               3.05668E-241 
 0.00000029417               2.88099E-241 
 0.00000029418               2.71834E-241 
 0.00000029419               2.56461E-241 
 0.0000002942                2.41472E-241 
 0.00000029421               2.27531E-241 
 0.00000029422               2.15703E-241 
 0.00000029423               2.05346E-241 
 0.00000029424               1.95237E-241 
 0.00000029425               1.85166E-241 
 0.00000029426               1.75297E-241 
 0.00000029427               1.65632E-241 
 0.00000029428               1.55812E-241 
 0.00000029429               1.45032E-241 
 0.0000002943                1.33258E-241 
 0.00000029431               1.22757E-241 
 0.00000029432               1.15939E-241 
 0.00000029433               1.12079E-241 
 0.00000029434               1.08554E-241 
 0.00000029435               1.03952E-241 
 0.00000029436               9.87079E-242 
 0.00000029437               9.36021E-242 
 0.00000029438               8.87097E-242 
 0.00000029439               8.38625E-242 
 0.0000002944                7.90975E-242 
 0.00000029441               7.45079E-242 
 0.00000029442               7.01686E-242 
 0.00000029443               6.61888E-242 
 0.00000029444               6.26437E-242 
 0.00000029445               5.94503E-242 
 0.00000029446               5.64264E-242 
 0.00000029447               5.34651E-242 
 0.00000029448               5.05709E-242 
 0.00000029449               4.77779E-242 
 0.0000002945                4.5099E-242 
 0.00000029451               4.2505E-242 
 0.00000029452               3.99554E-242 
 0.00000029453               3.75088E-242 
 0.00000029454               3.52976E-242 
 0.00000029455               3.33203E-242 
 0.00000029456               3.14256E-242 
 0.00000029457               2.9514E-242 
 0.00000029458               2.75656E-242 
 0.00000029459               2.54287E-242 
 0.0000002946                2.28025E-242 
 0.00000029461               1.96006E-242 
 0.00000029462               1.63187E-242 
 0.00000029463               1.38338E-242 
 0.00000029464               1.27567E-242 
 0.00000029465               1.30756E-242 
 0.00000029466               1.41962E-242 
 0.00000029467               1.52133E-242 
 0.00000029468               1.55264E-242 
 0.00000029469               1.51785E-242 
 0.0000002947                1.45015E-242 
 0.00000029471               1.37361E-242 
 0.00000029472               1.298E-242 
 0.00000029473               1.22582E-242 
 0.00000029474               1.15699E-242 
 0.00000029475               1.09078E-242 
 0.00000029476               1.02641E-242 
 0.00000029477               9.63373E-243 
 0.00000029478               9.01507E-243 
 0.00000029479               8.40707E-243 
 0.0000002948                7.79927E-243 
 0.00000029481               7.18945E-243 
 0.00000029482               6.64153E-243 
 0.00000029483               6.2361E-243 
 0.00000029484               5.92436E-243 
 0.00000029485               5.5942E-243 
 0.00000029486               5.23235E-243 
 0.00000029487               4.8886E-243 
 0.00000029488               4.58398E-243 
 0.00000029489               4.29557E-243 
 0.0000002949                4.01298E-243 
 0.00000029491               3.81213E-243 
 0.00000029492               3.74917E-243 
 0.00000029493               3.72377E-243 
 0.00000029494               3.62527E-243 
 0.00000029495               3.46234E-243 
 0.00000029496               3.27657E-243 
 0.00000029497               3.06709E-243 
 0.00000029498               2.80098E-243 
 0.00000029499               2.54708E-243 
 0.000000295   2.44049E-243 
 0.00000029501               2.40962E-243 
 0.00000029502               2.32235E-243 
 0.00000029503               2.19401E-243 
 0.00000029504               2.06973E-243 
 0.00000029505               1.95668E-243 
 0.00000029506               1.84539E-243 
 0.00000029507               1.73089E-243 
 0.00000029508               1.61247E-243 
 0.00000029509               1.49512E-243 
 0.0000002951                1.39813E-243 
 0.00000029511               1.33411E-243 
 0.00000029512               1.28633E-243 
 0.00000029513               1.2334E-243 
 0.00000029514               1.17316E-243 
 0.00000029515               1.11154E-243 
 0.00000029516               1.05138E-243 
 0.00000029517               9.9299E-244 
 0.00000029518               9.33326E-244 
 0.00000029519               8.68248E-244 
 0.0000002952                8.03429E-244 
 0.00000029521               7.5038E-244 
 0.00000029522               7.10595E-244 
 0.00000029523               6.78597E-244 
 0.00000029524               6.50812E-244 
 0.00000029525               6.24213E-244 
 0.00000029526               5.96332E-244 
 0.00000029527               5.6685E-244 
 0.00000029528               5.36071E-244 
 0.00000029529               5.03755E-244 
 0.0000002953                4.71547E-244 
 0.00000029531               4.43439E-244 
 0.00000029532               4.20545E-244 
 0.00000029533               3.99427E-244 
 0.00000029534               3.77554E-244 
 0.00000029535               3.55569E-244 
 0.00000029536               3.34835E-244 
 0.00000029537               3.16205E-244 
 0.00000029538               2.99832E-244 
 0.00000029539               2.84871E-244 
 0.0000002954                2.70394E-244 
 0.00000029541               2.56222E-244 
 0.00000029542               2.42531E-244 
 0.00000029543               2.29342E-244 
 0.00000029544               2.16226E-244 
 0.00000029545               2.02286E-244 
 0.00000029546               1.88626E-244 
 0.00000029547               1.78531E-244 
 0.00000029548               1.71027E-244 
 0.00000029549               1.62917E-244 
 0.0000002955                1.54034E-244 
 0.00000029551               1.44982E-244 
 0.00000029552               1.35688E-244 
 0.00000029553               1.26245E-244 
 0.00000029554               1.17479E-244 
 0.00000029555               1.1043E-244 
 0.00000029556               1.05229E-244 
 0.00000029557               1.00878E-244 
 0.00000029558               9.63485E-245 
 0.00000029559               9.13659E-245 
 0.0000002956                8.60849E-245 
 0.00000029561               8.06418E-245 
 0.00000029562               7.5266E-245 
 0.00000029563               7.04433E-245 
 0.00000029564               6.65232E-245 
 0.00000029565               6.32222E-245 
 0.00000029566               5.98486E-245 
 0.00000029567               5.61141E-245 
 0.00000029568               5.24737E-245 
 0.00000029569               4.94498E-245 
 0.0000002957                4.70406E-245 
 0.00000029571               4.49403E-245 
 0.00000029572               4.28882E-245 
 0.00000029573               4.07831E-245 
 0.00000029574               3.86521E-245 
 0.00000029575               3.65418E-245 
 0.00000029576               3.44595E-245 
 0.00000029577               3.2352E-245 
 0.00000029578               3.0067E-245 
 0.00000029579               2.754E-245 
 0.0000002958                2.52208E-245 
 0.00000029581               2.38082E-245 
 0.00000029582               2.32088E-245 
 0.00000029583               2.26404E-245 
 0.00000029584               2.17109E-245 
 0.00000029585               2.04963E-245 
 0.00000029586               1.9088E-245 
 0.00000029587               1.77415E-245 
 0.00000029588               1.66498E-245 
 0.00000029589               1.52945E-245 
 0.0000002959                1.37269E-245 
 0.00000029591               1.29397E-245 
 0.00000029592               1.29524E-245 
 0.00000029593               1.28574E-245 
 0.00000029594               1.23465E-245 
 0.00000029595               1.16922E-245 
 0.00000029596               1.10623E-245 
 0.00000029597               1.04754E-245 
 0.00000029598               9.9157E-246 
 0.00000029599               9.37302E-246 
 0.000000296   8.84801E-246 
 0.00000029601               8.34588E-246 
 0.00000029602               7.87039E-246 
 0.00000029603               7.42147E-246 
 0.00000029604               6.99672E-246 
 0.00000029605               6.59154E-246 
 0.00000029606               6.19878E-246 
 0.00000029607               5.81379E-246 
 0.00000029608               5.4441E-246 
 0.00000029609               5.10828E-246 
 0.0000002961                4.8197E-246 
 0.00000029611               4.57404E-246 
 0.00000029612               4.35297E-246 
 0.00000029613               4.13235E-246 
 0.00000029614               3.8779E-246 
 0.00000029615               3.52158E-246 
 0.00000029616               2.92318E-246 
 0.00000029617               1.92968E-246 
 0.00000029618               8.1349E-247 
 0.00000029619               2.10607E-247 
 0.0000002962                5.62037E-248 
 0.00000029621               2.56706E-248 
 0.00000029622               6.47798E-249 
 0.00000029623               1.66993E-250 
 0.00000029624               6.78652E-252 
 0.00000029625               5.49692E-251 
 0.00000029626               1.23157E-248 
 0.00000029627               4.58862E-247 
 0.00000029628               1.38029E-246 
 0.00000029629               1.5683E-246 
 0.0000002963                1.51328E-246 
 0.00000029631               1.45118E-246 
 0.00000029632               1.38535E-246 
 0.00000029633               1.30663E-246 
 0.00000029634               1.20931E-246 
 0.00000029635               1.09175E-246 
 0.00000029636               9.72579E-247 
 0.00000029637               8.68917E-247 
 0.00000029638               7.85431E-247 
 0.00000029639               7.21528E-247 
 0.0000002964                6.56669E-247 
 0.00000029641               5.76022E-247 
 0.00000029642               5.11343E-247 
 0.00000029643               5.01225E-247 
 0.00000029644               5.39142E-247 
 0.00000029645               5.80242E-247 
 0.00000029646               5.90949E-247 
 0.00000029647               5.76062E-247 
 0.00000029648               5.51522E-247 
 0.00000029649               5.25088E-247 
 0.0000002965                4.99013E-247 
 0.00000029651               4.73746E-247 
 0.00000029652               4.48908E-247 
 0.00000029653               4.2425E-247 
 0.00000029654               4.00193E-247 
 0.00000029655               3.77521E-247 
 0.00000029656               3.56392E-247 
 0.00000029657               3.35966E-247 
 0.00000029658               3.1564E-247 
 0.00000029659               2.95158E-247 
 0.0000002966                2.69771E-247 
 0.00000029661               2.31244E-247 
 0.00000029662               1.89889E-247 
 0.00000029663               1.70903E-247 
 0.00000029664               1.74219E-247 
 0.00000029665               1.61638E-247 
 0.00000029666               1.19174E-247 
 0.00000029667               9.93536E-248 
 0.00000029668               1.20978E-247 
 0.00000029669               1.50921E-247 
 0.0000002967                1.57073E-247 
 0.00000029671               1.50338E-247 
 0.00000029672               1.42083E-247 
 0.00000029673               1.34317E-247 
 0.00000029674               1.27043E-247 
 0.00000029675               1.20153E-247 
 0.00000029676               1.13375E-247 
 0.00000029677               1.06338E-247 
 0.00000029678               9.92022E-248 
 0.00000029679               9.26269E-248 
 0.0000002968                8.47292E-248 
 0.00000029681               6.918E-248 
 0.00000029682               4.29619E-248 
 0.00000029683               1.84293E-248 
 0.00000029684               6.85312E-249 
 0.00000029685               3.90098E-249 
 0.00000029686               5.02547E-249 
 0.00000029687               1.14513E-248 
 0.00000029688               2.56697E-248 
 0.00000029689               4.06153E-248 
 0.0000002969                4.724E-248 
 0.00000029691               4.73217E-248 
 0.00000029692               4.51681E-248 
 0.00000029693               4.25871E-248 
 0.00000029694               4.00239E-248 
 0.00000029695               3.76224E-248 
 0.00000029696               3.54542E-248 
 0.00000029697               3.35008E-248 
 0.00000029698               3.16711E-248 
 0.00000029699               2.98044E-248 
 0.000000297   2.76695E-248 
 0.00000029701               2.54393E-248 
 0.00000029702               2.3843E-248 
 0.00000029703               2.2879E-248 
 0.00000029704               2.1824E-248 
 0.00000029705               2.04954E-248 
 0.00000029706               1.91113E-248 
 0.00000029707               1.7819E-248 
 0.00000029708               1.6691E-248 
 0.00000029709               1.57072E-248 
 0.0000002971                1.47841E-248 
 0.00000029711               1.39173E-248 
 0.00000029712               1.32101E-248 
 0.00000029713               1.27098E-248 
 0.00000029714               1.22901E-248 
 0.00000029715               1.18065E-248 
 0.00000029716               1.12475E-248 
 0.00000029717               1.06638E-248 
 0.00000029718               1.00849E-248 
 0.00000029719               9.5296E-249 
 0.0000002972                9.01077E-249 
 0.00000029721               8.51724E-249 
 0.00000029722               8.026E-249 
 0.00000029723               7.46983E-249 
 0.00000029724               6.65627E-249 
 0.00000029725               5.49682E-249 
 0.00000029726               4.47744E-249 
 0.00000029727               4.14635E-249 
 0.00000029728               4.37815E-249 
 0.00000029729               4.58238E-249 
 0.0000002973                4.47084E-249 
 0.00000029731               4.23197E-249 
 0.00000029732               4.04746E-249 
 0.00000029733               3.93779E-249 
 0.00000029734               3.84452E-249 
 0.00000029735               3.71935E-249 
 0.00000029736               3.55658E-249 
 0.00000029737               3.37304E-249 
 0.00000029738               3.18576E-249 
 0.00000029739               3.00299E-249 
 0.0000002974                2.82777E-249 
 0.00000029741               2.66704E-249 
 0.00000029742               2.52367E-249 
 0.00000029743               2.39021E-249 
 0.00000029744               2.2597E-249 
 0.00000029745               2.13188E-249 
 0.00000029746               2.00841E-249 
 0.00000029747               1.88954E-249 
 0.00000029748               1.77446E-249 
 0.00000029749               1.66143E-249 
 0.0000002975                1.54907E-249 
 0.00000029751               1.44019E-249 
 0.00000029752               1.34206E-249 
 0.00000029753               1.26041E-249 
 0.00000029754               1.19647E-249 
 0.00000029755               1.1444E-249 
 0.00000029756               1.09658E-249 
 0.00000029757               1.04639E-249 
 0.00000029758               9.87719E-250 
 0.00000029759               8.98291E-250 
 0.0000002976                7.18677E-250 
 0.00000029761               4.04199E-250 
 0.00000029762               1.11798E-250 
 0.00000029763               1.18313E-251 
 0.00000029764               6.60008E-253 
 0.00000029765               5.88632E-254 
 0.00000029766               3.04702E-254 
 0.00000029767               1.32474E-253 
 0.00000029768               1.95702E-252 
 0.00000029769               2.56386E-251 
 0.0000002977                1.37685E-250 
 0.00000029771               3.03613E-250 
 0.00000029772               3.8938E-250 
 0.00000029773               3.95696E-250 
 0.00000029774               3.77899E-250 
 0.00000029775               3.61268E-250 
 0.00000029776               3.46061E-250 
 0.00000029777               3.28631E-250 
 0.00000029778               3.1009E-250 
 0.00000029779               2.92797E-250 
 0.0000002978                2.77294E-250 
 0.00000029781               2.62809E-250 
 0.00000029782               2.48648E-250 
 0.00000029783               2.34783E-250 
 0.00000029784               2.21597E-250 
 0.00000029785               2.09284E-250 
 0.00000029786               1.97521E-250 
 0.00000029787               1.85614E-250 
 0.00000029788               1.73175E-250 
 0.00000029789               1.60625E-250 
 0.0000002979                1.49323E-250 
 0.00000029791               1.41258E-250 
 0.00000029792               1.36059E-250 
 0.00000029793               1.30869E-250 
 0.00000029794               1.24477E-250 
 0.00000029795               1.17603E-250 
 0.00000029796               1.10827E-250 
 0.00000029797               1.04283E-250 
 0.00000029798               9.81848E-251 
 0.00000029799               9.2709E-251 
 0.000000298   8.96495E-251 
 0.00000029801               8.47392E-251 
 0.00000029802               7.99442E-251 
 0.00000029803               7.53522E-251 
 0.00000029804               7.10434E-251 
 0.00000029805               6.70579E-251 
 0.00000029806               6.33375E-251 
 0.00000029807               5.97653E-251 
 0.00000029808               5.63168E-251 
 0.00000029809               5.30949E-251 
 0.0000002981                5.01852E-251 
 0.00000029811               4.75242E-251 
 0.00000029812               4.49719E-251 
 0.00000029813               4.24653E-251 
 0.00000029814               4.00063E-251 
 0.00000029815               3.75688E-251 
 0.00000029816               3.51144E-251 
 0.00000029817               3.27147E-251 
 0.00000029818               3.05888E-251 
 0.00000029819               2.89012E-251 
 0.0000002982                2.7546E-251 
 0.00000029821               2.62102E-251 
 0.00000029822               2.46424E-251 
 0.00000029823               2.29696E-251 
 0.00000029824               2.16305E-251 
 0.00000029825               2.06679E-251 
 0.00000029826               1.96801E-251 
 0.00000029827               1.85046E-251 
 0.00000029828               1.73075E-251 
 0.00000029829               1.62712E-251 
 0.0000002983                1.54155E-251 
 0.00000029831               1.46212E-251 
 0.00000029832               1.37781E-251 
 0.00000029833               1.28753E-251 
 0.00000029834               1.19907E-251 
 0.00000029835               1.1226E-251 
 0.00000029836               1.06281E-251 
 0.00000029837               1.01578E-251 
 0.00000029838               9.72556E-252 
 0.00000029839               9.26221E-252 
 0.0000002984                8.76699E-252 
 0.00000029841               8.28228E-252 
 0.00000029842               7.83556E-252 
 0.00000029843               7.41996E-252 
 0.00000029844               7.01756E-252 
 0.00000029845               6.61937E-252 
 0.00000029846               6.22235E-252 
 0.00000029847               5.82392E-252 
 0.00000029848               5.42578E-252 
 0.00000029849               5.03767E-252 
 0.0000002985                4.67465E-252 
 0.00000029851               4.35413E-252 
 0.00000029852               4.08945E-252 
 0.00000029853               3.87879E-252 
 0.00000029854               3.70316E-252 
 0.00000029855               3.53996E-252 
 0.00000029856               3.37982E-252 
 0.00000029857               3.22332E-252 
 0.00000029858               3.06032E-252 
 0.00000029859               2.85029E-252 
 0.0000002986                2.56253E-252 
 0.00000029861               2.30664E-252 
 0.00000029862               2.21964E-252 
 0.00000029863               2.21708E-252 
 0.00000029864               2.137E-252 
 0.00000029865               1.95625E-252 
 0.00000029866               1.7609E-252 
 0.00000029867               1.65612E-252 
 0.00000029868               1.63735E-252 
 0.00000029869               1.61309E-252 
 0.0000002987                1.54634E-252 
 0.00000029871               1.4557E-252 
 0.00000029872               1.36273E-252 
 0.00000029873               1.28726E-252 
 0.00000029874               1.22194E-252 
 0.00000029875               1.15615E-252 
 0.00000029876               1.09277E-252 
 0.00000029877               1.02906E-252 
 0.00000029878               9.61387E-253 
 0.00000029879               8.96811E-253 
 0.0000002988                8.44742E-253 
 0.00000029881               7.99527E-253 
 0.00000029882               7.56812E-253 
 0.00000029883               7.20137E-253 
 0.00000029884               6.84979E-253 
 0.00000029885               6.45506E-253 
 0.00000029886               5.88619E-253 
 0.00000029887               4.5725E-253 
 0.00000029888               2.04226E-253 
 0.00000029889               2.93993E-254 
 0.0000002989                1.53782E-255 
 0.00000029891               1.59409E-256 
 0.00000029892               2.21476E-256 
 0.00000029893               2.87862E-255 
 0.00000029894               4.15632E-254 
 0.00000029895               1.82508E-253 
 0.00000029896               2.95617E-253 
 0.00000029897               3.15647E-253 
 0.00000029898               3.0334E-253 
 0.00000029899               2.86488E-253 
 0.000000299   2.69962E-253 
 0.00000029901               2.5423E-253 
 0.00000029902               2.39289E-253 
 0.00000029903               2.25191E-253 
 0.00000029904               2.12063E-253 
 0.00000029905               1.99864E-253 
 0.00000029906               1.8831E-253 
 0.00000029907               1.76896E-253 
 0.00000029908               1.64874E-253 
 0.00000029909               1.52526E-253 
 0.0000002991                1.42179E-253 
 0.00000029911               1.3526E-253 
 0.00000029912               1.35966E-253 
 0.00000029913               1.29545E-253 
 0.00000029914               1.22534E-253 
 0.00000029915               1.15761E-253 
 0.00000029916               1.09378E-253 
 0.00000029917               1.03328E-253 
 0.00000029918               9.76605E-254 
 0.00000029919               9.23981E-254 
 0.0000002992                8.73668E-254 
 0.00000029921               8.22823E-254 
 0.00000029922               7.68717E-254 
 0.00000029923               7.1033E-254 
 0.00000029924               6.54787E-254 
 0.00000029925               6.12762E-254 
 0.00000029926               5.79356E-254 
 0.00000029927               5.42949E-254 
 0.00000029928               5.08679E-254 
 0.00000029929               4.84565E-254 
 0.0000002993                4.63296E-254 
 0.00000029931               4.35775E-254 
 0.00000029932               4.0522E-254 
 0.00000029933               3.79939E-254 
 0.00000029934               3.63084E-254 
 0.00000029935               3.5031E-254 
 0.00000029936               3.36393E-254 
 0.00000029937               3.20194E-254 
 0.00000029938               3.02859E-254 
 0.00000029939               2.85354E-254 
 0.0000002994                2.68379E-254 
 0.00000029941               2.52433E-254 
 0.00000029942               2.37415E-254 
 0.00000029943               2.23049E-254 
 0.00000029944               2.10093E-254 
 0.00000029945               1.99187E-254 
 0.00000029946               1.88745E-254 
 0.00000029947               1.7689E-254 
 0.00000029948               1.64145E-254 
 0.00000029949               1.52777E-254 
 0.0000002995                1.44378E-254 
 0.00000029951               1.38487E-254 
 0.00000029952               1.33067E-254 
 0.00000029953               1.26766E-254 
 0.00000029954               1.19791E-254 
 0.00000029955               1.12888E-254 
 0.00000029956               1.06437E-254 
 0.00000029957               1.00374E-254 
 0.00000029958               9.44038E-255 
 0.00000029959               8.82933E-255 
 0.0000002996                8.19709E-255 
 0.00000029961               7.55898E-255 
 0.00000029962               6.96105E-255 
 0.00000029963               6.46519E-255 
 0.00000029964               6.10513E-255 
 0.00000029965               5.85112E-255 
 0.00000029966               5.63344E-255 
 0.00000029967               5.40166E-255 
 0.00000029968               5.14778E-255 
 0.00000029969               4.88503E-255 
 0.0000002997                4.6255E-255 
 0.00000029971               4.37574E-255 
 0.00000029972               4.14229E-255 
 0.00000029973               3.92732E-255 
 0.00000029974               3.72281E-255 
 0.00000029975               3.5218E-255 
 0.00000029976               3.32558E-255 
 0.00000029977               3.1361E-255 
 0.00000029978               2.95404E-255 
 0.00000029979               2.7763E-255 
 0.0000002998                2.59934E-255 
 0.00000029981               2.4266E-255 
 0.00000029982               2.26832E-255 
 0.00000029983               2.12776E-255 
 0.00000029984               1.9954E-255 
 0.00000029985               1.86404E-255 
 0.00000029986               1.73694E-255 
 0.00000029987               1.61781E-255 
 0.00000029988               1.51291E-255 
 0.00000029989               1.43661E-255 
 0.0000002999                1.38862E-255 
 0.00000029991               1.34438E-255 
 0.00000029992               1.28753E-255 
 0.00000029993               1.22201E-255 
 0.00000029994               1.15528E-255 
 0.00000029995               1.09015E-255 
 0.00000029996               1.02527E-255 
 0.00000029997               9.55221E-256 
 0.00000029998               8.76846E-256 
 0.00000029999               8.02998E-256 
 0.0000003     7.53655E-256 
