 0.000000294   3.60174E-25 
 0.00000029401               3.70812E-25 
 0.00000029402               4.06218E-25 
 0.00000029403               4.47615E-25 
 0.00000029404               4.77124E-25 
 0.00000029405               4.8968E-25 
 0.00000029406               4.87454E-25 
 0.00000029407               4.67671E-25 
 0.00000029408               4.25447E-25 
 0.00000029409               3.73619E-25 
 0.0000002941                3.35099E-25 
 0.00000029411               3.14461E-25 
 0.00000029412               3.11395E-25 
 0.00000029413               3.37847E-25 
 0.00000029414               3.85115E-25 
 0.00000029415               4.2149E-25 
 0.00000029416               4.38465E-25 
 0.00000029417               4.47464E-25 
 0.00000029418               4.54093E-25 
 0.00000029419               4.58096E-25 
 0.0000002942                4.59235E-25 
 0.00000029421               4.58428E-25 
 0.00000029422               4.56573E-25 
 0.00000029423               4.54008E-25 
 0.00000029424               4.51155E-25 
 0.00000029425               4.48418E-25 
 0.00000029426               4.44909E-25 
 0.00000029427               4.402E-25 
 0.00000029428               4.36401E-25 
 0.00000029429               4.34285E-25 
 0.0000002943                4.33054E-25 
 0.00000029431               4.32436E-25 
 0.00000029432               4.30889E-25 
 0.00000029433               4.27805E-25 
 0.00000029434               4.24038E-25 
 0.00000029435               4.20117E-25 
 0.00000029436               4.16295E-25 
 0.00000029437               4.13132E-25 
 0.00000029438               4.10745E-25 
 0.00000029439               4.08498E-25 
 0.0000002944                4.05896E-25 
 0.00000029441               4.02566E-25 
 0.00000029442               3.97531E-25 
 0.00000029443               3.90223E-25 
 0.00000029444               3.82741E-25 
 0.00000029445               3.79451E-25 
 0.00000029446               3.80977E-25 
 0.00000029447               3.82582E-25 
 0.00000029448               3.81614E-25 
 0.00000029449               3.80664E-25 
 0.0000002945                3.81901E-25 
 0.00000029451               3.83624E-25 
 0.00000029452               3.83117E-25 
 0.00000029453               3.78546E-25 
 0.00000029454               3.62444E-25 
 0.00000029455               3.13727E-25 
 0.00000029456               2.23494E-25 
 0.00000029457               1.3813E-25 
 0.00000029458               1.01033E-25 
 0.00000029459               1.13297E-25 
 0.0000002946                1.7117E-25 
 0.00000029461               2.56015E-25 
 0.00000029462               3.23516E-25 
 0.00000029463               3.52257E-25 
 0.00000029464               3.57592E-25 
 0.00000029465               3.55869E-25 
 0.00000029466               3.52984E-25 
 0.00000029467               3.50517E-25 
 0.00000029468               3.48622E-25 
 0.00000029469               3.4573E-25 
 0.0000002947                3.38456E-25 
 0.00000029471               3.20391E-25 
 0.00000029472               2.82809E-25 
 0.00000029473               2.35824E-25 
 0.00000029474               2.1482E-25 
 0.00000029475               2.36506E-25 
 0.00000029476               2.78999E-25 
 0.00000029477               3.09641E-25 
 0.00000029478               3.22916E-25 
 0.00000029479               3.27233E-25 
 0.0000002948                3.27732E-25 
 0.00000029481               3.26732E-25 
 0.00000029482               3.2503E-25 
 0.00000029483               3.22919E-25 
 0.00000029484               3.20419E-25 
 0.00000029485               3.17906E-25 
 0.00000029486               3.15829E-25 
 0.00000029487               3.13875E-25 
 0.00000029488               3.11224E-25 
 0.00000029489               3.07599E-25 
 0.0000002949                3.03651E-25 
 0.00000029491               3.0059E-25 
 0.00000029492               2.99334E-25 
 0.00000029493               2.99682E-25 
 0.00000029494               3.00483E-25 
 0.00000029495               3.00661E-25 
 0.00000029496               2.99822E-25 
 0.00000029497               2.97926E-25 
 0.00000029498               2.94766E-25 
 0.00000029499               2.90046E-25 
 0.000000295   2.84101E-25 
 0.00000029501               2.77813E-25 
 0.00000029502               2.7221E-25 
 0.00000029503               2.66785E-25 
 0.00000029504               2.58545E-25 
 0.00000029505               2.35115E-25 
 0.00000029506               1.56513E-25 
 0.00000029507               3.36991E-26 
 0.00000029508               4.73033E-28 
 0.00000029509               1.04786E-31 
 0.0000002951                9.88286E-37 
 0.00000029511               4.1911E-41 
 0.00000029512               3.19049E-42 
 0.00000029513               3.20612E-39 
 0.00000029514               5.00721E-34 
 0.00000029515               1.85614E-29 
 0.00000029516               8.09634E-27 
 0.00000029517               9.49514E-26 
 0.00000029518               1.77868E-25 
 0.00000029519               1.34361E-25 
 0.0000002952                6.63042E-26 
 0.00000029521               5.58464E-26 
 0.00000029522               1.06948E-25 
 0.00000029523               1.96066E-25 
 0.00000029524               2.40329E-25 
 0.00000029525               2.43349E-25 
 0.00000029526               2.07159E-25 
 0.00000029527               8.75317E-26 
 0.00000029528               5.817E-27 
 0.00000029529               5.76233E-29 
 0.0000002953                2.63354E-30 
 0.00000029531               1.69386E-29 
 0.00000029532               1.81934E-27 
 0.00000029533               5.25645E-26 
 0.00000029534               1.80308E-25 
 0.00000029535               2.32113E-25 
 0.00000029536               2.38283E-25 
 0.00000029537               2.37375E-25 
 0.00000029538               2.35481E-25 
 0.00000029539               2.32519E-25 
 0.0000002954                2.27218E-25 
 0.00000029541               2.17372E-25 
 0.00000029542               2.01168E-25 
 0.00000029543               1.80193E-25 
 0.00000029544               1.60429E-25 
 0.00000029545               1.48727E-25 
 0.00000029546               1.4883E-25 
 0.00000029547               1.60207E-25 
 0.00000029548               1.78224E-25 
 0.00000029549               1.95879E-25 
 0.0000002955                2.07987E-25 
 0.00000029551               2.13927E-25 
 0.00000029552               2.15837E-25 
 0.00000029553               2.15546E-25 
 0.00000029554               2.1391E-25 
 0.00000029555               2.11896E-25 
 0.00000029556               2.10702E-25 
 0.00000029557               2.10246E-25 
 0.00000029558               2.09667E-25 
 0.00000029559               2.08772E-25 
 0.0000002956                2.07784E-25 
 0.00000029561               2.06766E-25 
 0.00000029562               2.05657E-25 
 0.00000029563               2.04337E-25 
 0.00000029564               2.02672E-25 
 0.00000029565               2.00776E-25 
 0.00000029566               1.99111E-25 
 0.00000029567               1.97865E-25 
 0.00000029568               1.9639E-25 
 0.00000029569               1.93793E-25 
 0.0000002957                1.90207E-25 
 0.00000029571               1.87027E-25 
 0.00000029572               1.85949E-25 
 0.00000029573               1.86932E-25 
 0.00000029574               1.88567E-25 
 0.00000029575               1.89477E-25 
 0.00000029576               1.8933E-25 
 0.00000029577               1.88493E-25 
 0.00000029578               1.87344E-25 
 0.00000029579               1.86053E-25 
 0.0000002958                1.84649E-25 
 0.00000029581               1.83097E-25 
 0.00000029582               1.81475E-25 
 0.00000029583               1.80045E-25 
 0.00000029584               1.78979E-25 
 0.00000029585               1.78184E-25 
 0.00000029586               1.77482E-25 
 0.00000029587               1.76722E-25 
 0.00000029588               1.75798E-25 
 0.00000029589               1.74623E-25 
 0.0000002959                1.73095E-25 
 0.00000029591               1.71155E-25 
 0.00000029592               1.69133E-25 
 0.00000029593               1.67912E-25 
 0.00000029594               1.67949E-25 
 0.00000029595               1.68351E-25 
 0.00000029596               1.68135E-25 
 0.00000029597               1.6724E-25 
 0.00000029598               1.6581E-25 
 0.00000029599               1.6396E-25 
 0.000000296   1.61828E-25 
 0.00000029601               1.58559E-25 
 0.00000029602               1.50391E-25 
 0.00000029603               1.32064E-25 
 0.00000029604               1.06071E-25 
 0.00000029605               8.55142E-26 
 0.00000029606               8.06884E-26 
 0.00000029607               9.30959E-26 
 0.00000029608               1.16481E-25 
 0.00000029609               1.37936E-25 
 0.0000002961                1.49315E-25 
 0.00000029611               1.52877E-25 
 0.00000029612               1.53052E-25 
 0.00000029613               1.51461E-25 
 0.00000029614               1.48311E-25 
 0.00000029615               1.44705E-25 
 0.00000029616               1.42842E-25 
 0.00000029617               1.43303E-25 
 0.00000029618               1.43209E-25 
 0.00000029619               1.38246E-25 
 0.0000002962                1.25732E-25 
 0.00000029621               1.07454E-25 
 0.00000029622               9.08468E-26 
 0.00000029623               8.39173E-26 
 0.00000029624               8.93123E-26 
 0.00000029625               1.03464E-25 
 0.00000029626               1.18853E-25 
 0.00000029627               1.29698E-25 
 0.00000029628               1.35074E-25 
 0.00000029629               1.36539E-25 
 0.0000002963                1.35937E-25 
 0.00000029631               1.34551E-25 
 0.00000029632               1.32884E-25 
 0.00000029633               1.31133E-25 
 0.00000029634               1.29538E-25 
 0.00000029635               1.28301E-25 
 0.00000029636               1.27401E-25 
 0.00000029637               1.26789E-25 
 0.00000029638               1.2658E-25 
 0.00000029639               1.26741E-25 
 0.0000002964                1.26947E-25 
 0.00000029641               1.26922E-25 
 0.00000029642               1.26626E-25 
 0.00000029643               1.26121E-25 
 0.00000029644               1.25464E-25 
 0.00000029645               1.24689E-25 
 0.00000029646               1.23775E-25 
 0.00000029647               1.22642E-25 
 0.00000029648               1.20988E-25 
 0.00000029649               1.16523E-25 
 0.0000002965                9.52334E-26 
 0.00000029651               2.91101E-26 
 0.00000029652               6.59322E-29 
 0.00000029653               2.50255E-40 
 0.00000029654               2.02107E-81 
 0.00000029655               4.73917E-204 
 0.00000029656               0 
 0.00000029657               0 
 0.00000029658               0 
 0.00000029659               0 
 0.0000002966                0 
 0.00000029661               0 
 0.00000029662               0 
 0.00000029663               0 
 0.00000029664               0 
 0.00000029665               0 
 0.00000029666               0 
 0.00000029667              1.01628e-313
 0.00000029668               3.11625E-123 
 0.00000029669               1.6227E-53 
 0.0000002967                2.08596E-32 
 0.00000029671               4.26163E-27 
 0.00000029672               5.50881E-26 
 0.00000029673               8.54103E-26 
 0.00000029674               9.00265E-26 
 0.00000029675               9.10271E-26 
 0.00000029676               9.37729E-26 
 0.00000029677               9.65769E-26 
 0.00000029678               9.53438E-26 
 0.00000029679               8.83784E-26 
 0.0000002968                7.95116E-26 
 0.00000029681               7.40092E-26 
 0.00000029682               7.38444E-26 
 0.00000029683               7.84878E-26 
 0.00000029684               8.53016E-26 
 0.00000029685               9.01985E-26 
 0.00000029686               9.21896E-26 
 0.00000029687               9.35704E-26 
 0.00000029688               9.51599E-26 
 0.00000029689               9.58798E-26 
 0.0000002969                9.54248E-26 
 0.00000029691               9.46893E-26 
 0.00000029692               9.42524E-26 
 0.00000029693               9.39846E-26 
 0.00000029694               9.37939E-26 
 0.00000029695               9.37158E-26 
 0.00000029696               9.36464E-26 
 0.00000029697               9.33472E-26 
 0.00000029698               9.27982E-26 
 0.00000029699               9.13413E-26 
 0.000000297   8.91271E-26 
 0.00000029701               8.59854E-26 
 0.00000029702               8.18358E-26 
 0.00000029703               7.716E-26 
 0.00000029704               7.32548E-26 
 0.00000029705               7.1299E-26 
 0.00000029706               7.15305E-26 
 0.00000029707               7.35861E-26 
 0.00000029708               7.67482E-26 
 0.00000029709               8.00232E-26 
 0.0000002971                8.25759E-26 
 0.00000029711               8.41052E-26 
 0.00000029712               8.48293E-26 
 0.00000029713               8.50463E-26 
 0.00000029714               8.49044E-26 
 0.00000029715               8.44739E-26 
 0.00000029716               8.37938E-26 
 0.00000029717               8.29245E-26 
 0.00000029718               8.1852E-26 
 0.00000029719               7.98983E-26 
 0.0000002972                7.58119E-26 
 0.00000029721               7.11005E-26 
 0.00000029722               6.94201E-26 
 0.00000029723               6.86822E-26 
 0.00000029724               6.29481E-26 
 0.00000029725               5.13518E-26 
 0.00000029726               3.7646E-26 
 0.00000029727               2.59641E-26 
 0.00000029728               1.84219E-26 
 0.00000029729               1.49857E-26 
 0.0000002973                1.50341E-26 
 0.00000029731               1.8478E-26 
 0.00000029732               2.56004E-26 
 0.00000029733               3.57169E-26 
 0.00000029734               4.54512E-26 
 0.00000029735               5.05128E-26 
 0.00000029736               4.84989E-26 
 0.00000029737               4.02051E-26 
 0.00000029738               2.84733E-26 
 0.00000029739               1.67711E-26 
 0.0000002974                7.914E-27 
 0.00000029741               2.88388E-27 
 0.00000029742               7.92017E-28 
 0.00000029743               1.63939E-28 
 0.00000029744               2.64531E-29 
 0.00000029745               3.57896E-30 
 0.00000029746               4.57925E-31 
 0.00000029747               6.56521E-32 
 0.00000029748               1.2665E-32 
 0.00000029749               3.82215E-33 
 0.0000002975                2.01448E-33 
 0.00000029751               1.98161E-33 
 0.00000029752               3.65764E-33 
 0.00000029753               1.18565E-32 
 0.00000029754               5.96058E-32 
 0.00000029755               3.9623E-31 
 0.00000029756               2.95018E-30 
 0.00000029757               2.12324E-29 
 0.00000029758               1.31542E-28 
 0.00000029759               6.43843E-28 
 0.0000002976                2.37095E-27 
 0.00000029761               6.54516E-27 
 0.00000029762               1.39328E-26 
 0.00000029763               2.3822E-26 
 0.00000029764               3.41589E-26 
 0.00000029765               4.26617E-26 
 0.00000029766               4.7913E-26 
 0.00000029767               5.01068E-26 
 0.00000029768               5.08689E-26 
 0.00000029769               5.19207E-26 
 0.0000002977                5.38558E-26 
 0.00000029771               5.60852E-26 
 0.00000029772               5.7685E-26 
 0.00000029773               5.81253E-26 
 0.00000029774               5.75802E-26 
 0.00000029775               5.68219E-26 
 0.00000029776               5.64709E-26 
 0.00000029777               5.66198E-26 
 0.00000029778               5.67309E-26 
 0.00000029779               5.36874E-26 
 0.0000002978                3.76851E-26 
 0.00000029781               1.4828E-26 
 0.00000029782               6.8022E-27 
 0.00000029783               8.96702E-27 
 0.00000029784               1.58709E-26 
 0.00000029785               2.23954E-26 
 0.00000029786               3.11943E-26 
 0.00000029787               4.23632E-26 
 0.00000029788               5.06905E-26 
 0.00000029789               5.41304E-26 
 0.0000002979                5.48092E-26 
 0.00000029791               5.45725E-26 
 0.00000029792               5.3416E-26 
 0.00000029793               4.90656E-26 
 0.00000029794               4.07662E-26 
 0.00000029795               3.54325E-26 
 0.00000029796               3.85975E-26 
 0.00000029797               4.62449E-26 
 0.00000029798               5.06649E-26 
 0.00000029799               5.1322E-26 
 0.000000298   5.08393E-26 
 0.00000029801               5.02398E-26 
 0.00000029802               4.97143E-26 
 0.00000029803               4.91293E-26 
 0.00000029804               4.78673E-26 
 0.00000029805               4.36943E-26 
 0.00000029806               3.12091E-26 
 0.00000029807               1.32321E-26 
 0.00000029808               4.14731E-27 
 0.00000029809               2.71464E-27 
 0.0000002981                6.04836E-27 
 0.00000029811               1.86082E-26 
 0.00000029812               3.43474E-26 
 0.00000029813               4.05046E-26 
 0.00000029814               4.13736E-26 
 0.00000029815               4.1766E-26 
 0.00000029816               4.25324E-26 
 0.00000029817               4.33788E-26 
 0.00000029818               4.4025E-26 
 0.00000029819               4.43891E-26 
 0.0000002982                4.44461E-26 
 0.00000029821               4.4315E-26 
 0.00000029822               4.42619E-26 
 0.00000029823               4.39079E-26 
 0.00000029824               4.34325E-26 
 0.00000029825               4.3143E-26 
 0.00000029826               4.32243E-26 
 0.00000029827               4.34134E-26 
 0.00000029828               4.34301E-26 
 0.00000029829               4.33456E-26 
 0.0000002983                4.32866E-26 
 0.00000029831               4.32166E-26 
 0.00000029832               4.30727E-26 
 0.00000029833               4.28613E-26 
 0.00000029834               4.26026E-26 
 0.00000029835               4.22983E-26 
 0.00000029836               4.19543E-26 
 0.00000029837               4.16005E-26 
 0.00000029838               4.12753E-26 
 0.00000029839               4.09947E-26 
 0.0000002984                4.07416E-26 
 0.00000029841               4.04877E-26 
 0.00000029842               4.02193E-26 
 0.00000029843               3.99385E-26 
 0.00000029844               3.96379E-26 
 0.00000029845               3.92713E-26 
 0.00000029846               3.87348E-26 
 0.00000029847               3.78191E-26 
 0.00000029848               3.6068E-26 
 0.00000029849               3.25855E-26 
 0.0000002985                2.63104E-26 
 0.00000029851               1.74569E-26 
 0.00000029852               8.8016E-27 
 0.00000029853               3.34679E-27 
 0.00000029854               1.09245E-27 
 0.00000029855               4.02254E-28 
 0.00000029856               2.29823E-28 
 0.00000029857               2.49208E-28 
 0.00000029858               4.95798E-28 
 0.00000029859               1.40921E-27 
 0.0000002986                4.08743E-27 
 0.00000029861               8.93983E-27 
 0.00000029862               1.20859E-26 
 0.00000029863               1.05795E-26 
 0.00000029864               8.95222E-27 
 0.00000029865               1.09613E-26 
 0.00000029866               1.78555E-26 
 0.00000029867               2.68861E-26 
 0.00000029868               3.23364E-26 
 0.00000029869               3.37862E-26 
 0.0000002987                3.36813E-26 
 0.00000029871               3.3146E-26 
 0.00000029872               3.23876E-26 
 0.00000029873               3.18125E-26 
 0.00000029874               3.19441E-26 
 0.00000029875               3.24911E-26 
 0.00000029876               3.28541E-26 
 0.00000029877               3.28826E-26 
 0.00000029878               3.25814E-26 
 0.00000029879               3.18159E-26 
 0.0000002988                3.04412E-26 
 0.00000029881               2.8706E-26 
 0.00000029882               2.739E-26 
 0.00000029883               2.72015E-26 
 0.00000029884               2.81449E-26 
 0.00000029885               2.95111E-26 
 0.00000029886               3.05007E-26 
 0.00000029887               3.0815E-26 
 0.00000029888               3.04452E-26 
 0.00000029889               2.9024E-26 
 0.0000002989                2.58071E-26 
 0.00000029891               2.09937E-26 
 0.00000029892               1.6574E-26 
 0.00000029893               1.45434E-26 
 0.00000029894               1.55269E-26 
 0.00000029895               1.89926E-26 
 0.00000029896               2.31177E-26 
 0.00000029897               2.61084E-26 
 0.00000029898               2.78327E-26 
 0.00000029899               2.85896E-26 
 0.000000299   2.86357E-26 
 0.00000029901               2.83181E-26 
 0.00000029902               2.77746E-26 
 0.00000029903               2.70441E-26 
 0.00000029904               2.62895E-26 
 0.00000029905               2.56798E-26 
 0.00000029906               2.51772E-26 
 0.00000029907               2.47102E-26 
 0.00000029908               2.43965E-26 
 0.00000029909               2.43243E-26 
 0.0000002991                2.44185E-26 
 0.00000029911               2.46761E-26 
 0.00000029912               2.50522E-26 
 0.00000029913               2.5424E-26 
 0.00000029914               2.56661E-26 
 0.00000029915               2.57444E-26 
 0.00000029916               2.57237E-26 
 0.00000029917               2.56031E-26 
 0.00000029918               2.4282E-26 
 0.00000029919               1.63862E-26 
 0.0000002992                3.96942E-27 
 0.00000029921               4.64681E-28 
 0.00000029922               2.98181E-28 
 0.00000029923               1.9634E-27 
 0.00000029924               1.15184E-26 
 0.00000029925               2.14697E-26 
 0.00000029926               2.44048E-26 
 0.00000029927               2.45714E-26 
 0.00000029928               2.40377E-26 
 0.00000029929               2.29519E-26 
 0.0000002993                2.19359E-26 
 0.00000029931               2.17702E-26 
 0.00000029932               2.23792E-26 
 0.00000029933               2.25085E-26 
 0.00000029934               1.98474E-26 
 0.00000029935               1.23441E-26 
 0.00000029936               4.09373E-27 
 0.00000029937               7.65022E-28 
 0.00000029938               1.78045E-28 
 0.00000029939               1.45224E-28 
 0.0000002994                4.67893E-28 
 0.00000029941               2.36716E-27 
 0.00000029942               8.10438E-27 
 0.00000029943               1.58363E-26 
 0.00000029944               2.07821E-26 
 0.00000029945               2.23075E-26 
 0.00000029946               2.23524E-26 
 0.00000029947               2.19576E-26 
 0.00000029948               2.13934E-26 
 0.00000029949               2.09153E-26 
 0.0000002995                2.07882E-26 
 0.00000029951               2.0988E-26 
 0.00000029952               2.12306E-26 
 0.00000029953               2.13114E-26 
 0.00000029954               2.12438E-26 
 0.00000029955               2.11233E-26 
 0.00000029956               2.11431E-26 
 0.00000029957               2.10205E-26 
 0.00000029958               2.07466E-26 
 0.00000029959               1.97714E-26 
 0.0000002996                1.72727E-26 
 0.00000029961               1.39007E-26 
 0.00000029962               1.1975E-26 
 0.00000029963               1.23473E-26 
 0.00000029964               1.28688E-26 
 0.00000029965               1.07169E-26 
 0.00000029966               7.68796E-27 
 0.00000029967               6.66011E-27 
 0.00000029968               8.25919E-27 
 0.00000029969               1.20239E-26 
 0.0000002997                1.58306E-26 
 0.00000029971               1.77904E-26 
 0.00000029972               1.82355E-26 
 0.00000029973               1.80432E-26 
 0.00000029974               1.76498E-26 
 0.00000029975               1.72118E-26 
 0.00000029976               1.67175E-26 
 0.00000029977               1.61634E-26 
 0.00000029978               1.57189E-26 
 0.00000029979               1.55732E-26 
 0.0000002998                1.57716E-26 
 0.00000029981               1.62423E-26 
 0.00000029982               1.68109E-26 
 0.00000029983               1.72324E-26 
 0.00000029984               1.739E-26 
 0.00000029985               1.73705E-26 
 0.00000029986               1.72898E-26 
 0.00000029987               1.773E-26 
 0.00000029988               1.71696E-26 
 0.00000029989               1.61528E-26 
 0.0000002999                1.50322E-26 
 0.00000029991               1.43158E-26 
 0.00000029992               1.41336E-26 
 0.00000029993               1.40776E-26 
 0.00000029994               1.36435E-26 
 0.00000029995               1.27735E-26 
 0.00000029996               1.16872E-26 
 0.00000029997               1.03741E-26 
 0.00000029998               8.65111E-27 
 0.00000029999               6.84412E-27 
 0.0000003     5.89527E-27 
