 0.000000294   0.000000120779 
 0.00000029401               0.000000141618 
 0.00000029402               0.000000180835 
 0.00000029403               0.000000226041 
 0.00000029404               0.000000262231 
 0.00000029405               0.000000283054 
 0.00000029406               0.000000291767 
 0.00000029407               0.000000293882 
 0.00000029408               0.00000029237 
 0.00000029409               0.000000287428 
 0.0000002941                0.000000277755 
 0.00000029411               0.000000259079 
 0.00000029412               0.000000223049 
 0.00000029413               0.000000171436 
 0.00000029414               0.000000127458 
 0.00000029415               0.000000110856 
 0.00000029416               0.000000123721 
 0.00000029417               0.000000153693 
 0.00000029418               0.000000170307 
 0.00000029419               0.000000153862 
 0.0000002942                0.000000120306 
 0.00000029421               0.0000000920266 
 0.00000029422               0.0000000774486 
 0.00000029423               0.0000000767738 
 0.00000029424               0.0000000892558 
 0.00000029425               0.000000113539 
 0.00000029426               0.000000143617 
 0.00000029427               0.000000168462 
 0.00000029428               0.000000182205 
 0.00000029429               0.000000189387 
 0.0000002943                0.000000188473 
 0.00000029431               0.000000173938 
 0.00000029432               0.000000168591 
 0.00000029433               0.000000195286 
 0.00000029434               0.000000233519 
 0.00000029435               0.000000252314 
 0.00000029436               0.000000257587 
 0.00000029437               0.000000262634 
 0.00000029438               0.000000268844 
 0.00000029439               0.000000273403 
 0.0000002944                0.00000027516 
 0.00000029441               0.00000027482 
 0.00000029442               0.000000273178 
 0.00000029443               0.000000270173 
 0.00000029444               0.000000265442 
 0.00000029445               0.000000259672 
 0.00000029446               0.000000254387 
 0.00000029447               0.000000249821 
 0.00000029448               0.000000244898 
 0.00000029449               0.000000240365 
 0.0000002945                0.00000023934 
 0.00000029451               0.000000243666 
 0.00000029452               0.000000251488 
 0.00000029453               0.000000259054 
 0.00000029454               0.000000263997 
 0.00000029455               0.000000266355 
 0.00000029456               0.000000267241 
 0.00000029457               0.000000267453 
 0.00000029458               0.00000026726 
 0.00000029459               0.000000266715 
 0.0000002946                0.000000265067 
 0.00000029461               0.000000253594 
 0.00000029462               0.000000180979 
 0.00000029463               0.0000000514149 
 0.00000029464               0.0000000102337 
 0.00000029465               0.0000000140985 
 0.00000029466               0.0000000744966 
 0.00000029467               0.000000166114 
 0.00000029468               0.000000152898 
 0.00000029469               0.000000104076 
 0.0000002947                0.0000000686833 
 0.00000029471               0.0000000535871 
 0.00000029472               0.0000000543387 
 0.00000029473               0.0000000601573 
 0.00000029474               0.0000000438112 
 0.00000029475               0.0000000105321 
 0.00000029476               0.00000000059001 
 0.00000029477               1.69233E-11 
 0.00000029478               1.73828E-12 
 0.00000029479               3.10585E-12 
 0.0000002948                6.63394E-11 
 0.00000029481               0.00000000253791 
 0.00000029482               0.0000000357836 
 0.00000029483               0.000000136001 
 0.00000029484               0.000000221697 
 0.00000029485               0.000000252274 
 0.00000029486               0.000000256841 
 0.00000029487               0.000000254462 
 0.00000029488               0.000000251666 
 0.00000029489               0.000000251061 
 0.0000002949                0.000000252631 
 0.00000029491               0.000000253833 
 0.00000029492               0.000000251362 
 0.00000029493               0.000000244005 
 0.00000029494               0.000000234957 
 0.00000029495               0.000000230234 
 0.00000029496               0.000000233066 
 0.00000029497               0.000000240846 
 0.00000029498               0.000000248421 
 0.00000029499               0.000000253026 
 0.000000295   0.00000025474 
 0.00000029501               0.000000254233 
 0.00000029502               0.000000251021 
 0.00000029503               0.000000242177 
 0.00000029504               0.00000022046 
 0.00000029505               0.000000174927 
 0.00000029506               0.000000104799 
 0.00000029507               0.0000000386337 
 0.00000029508               0.00000000706176 
 0.00000029509               0.000000000572413 
 0.0000002951                2.37678E-11 
 0.00000029511               8.30932E-13 
 0.00000029512               5.30966E-14 
 0.00000029513               1.35037E-14 
 0.00000029514               2.095E-14 
 0.00000029515               1.72324E-13 
 0.00000029516               3.98075E-12 
 0.00000029517               0.000000000113456 
 0.00000029518               0.00000000204069 
 0.00000029519               0.0000000166552 
 0.0000002952                0.0000000616808 
 0.00000029521               0.000000125825 
 0.00000029522               0.000000179159 
 0.00000029523               0.00000021312 
 0.00000029524               0.000000232511 
 0.00000029525               0.000000241799 
 0.00000029526               0.000000245058 
 0.00000029527               0.000000245727 
 0.00000029528               0.000000245559 
 0.00000029529               0.000000245111 
 0.0000002953                0.00000024447 
 0.00000029531               0.000000243574 
 0.00000029532               0.000000242305 
 0.00000029533               0.00000024054 
 0.00000029534               0.000000238267 
 0.00000029535               0.000000235711 
 0.00000029536               0.00000023331 
 0.00000029537               0.000000231497 
 0.00000029538               0.000000230579 
 0.00000029539               0.000000230643 
 0.0000002954                0.000000231386 
 0.00000029541               0.000000232199 
 0.00000029542               0.000000232669 
 0.00000029543               0.00000023252 
 0.00000029544               0.000000230973 
 0.00000029545               0.000000227497 
 0.00000029546               0.000000223385 
 0.00000029547               0.000000221228 
 0.00000029548               0.000000222524 
 0.00000029549               0.000000226011 
 0.0000002955                0.000000228702 
 0.00000029551               0.000000228061 
 0.00000029552               0.00000022314 
 0.00000029553               0.000000214461 
 0.00000029554               0.000000202881 
 0.00000029555               0.000000188358 
 0.00000029556               0.000000170442 
 0.00000029557               0.000000150103 
 0.00000029558               0.0000001301 
 0.00000029559               0.000000113487 
 0.0000002956                0.000000102366 
 0.00000029561               0.0000000977727 
 0.00000029562               0.000000100041 
 0.00000029563               0.000000108923 
 0.00000029564               0.000000123493 
 0.00000029565               0.000000142502 
 0.00000029566               0.000000164307 
 0.00000029567               0.000000185518 
 0.00000029568               0.000000202185 
 0.00000029569               0.000000213044 
 0.0000002957                0.000000219494 
 0.00000029571               0.000000223428 
 0.00000029572               0.000000225857 
 0.00000029573               0.000000227072 
 0.00000029574               0.000000227399 
 0.00000029575               0.000000227024 
 0.00000029576               0.000000225832 
 0.00000029577               0.000000222323 
 0.00000029578               0.000000214033 
 0.00000029579               0.000000201428 
 0.0000002958                0.00000019099 
 0.00000029581               0.000000189572 
 0.00000029582               0.000000196006 
 0.00000029583               0.000000201732 
 0.00000029584               0.000000201051 
 0.00000029585               0.000000197213 
 0.00000029586               0.000000195881 
 0.00000029587               0.000000196896 
 0.00000029588               0.00000019311 
 0.00000029589               0.000000180355 
 0.0000002959                0.000000169131 
 0.00000029591               0.000000172431 
 0.00000029592               0.00000018746 
 0.00000029593               0.000000200691 
 0.00000029594               0.000000206319 
 0.00000029595               0.000000207943 
 0.00000029596               0.000000208865 
 0.00000029597               0.000000209871 
 0.00000029598               0.000000210881 
 0.00000029599               0.000000211753 
 0.000000296   0.000000212462 
 0.00000029601               0.000000213127 
 0.00000029602               0.000000213885 
 0.00000029603               0.000000214669 
 0.00000029604               0.000000215111 
 0.00000029605               0.000000214801 
 0.00000029606               0.000000214015 
 0.00000029607               0.000000213781 
 0.00000029608               0.000000214517 
 0.00000029609               0.000000215409 
 0.0000002961                0.00000021576 
 0.00000029611               0.000000215629 
 0.00000029612               0.000000215188 
 0.00000029613               0.000000214347 
 0.00000029614               0.000000213149 
 0.00000029615               0.000000212236 
 0.00000029616               0.000000212145 
 0.00000029617               0.000000212427 
 0.00000029618               0.000000212424 
 0.00000029619               0.000000211891 
 0.0000002962                0.000000210069 
 0.00000029621               0.000000205058 
 0.00000029622               0.000000195068 
 0.00000029623               0.000000182105 
 0.00000029624               0.000000172475 
 0.00000029625               0.000000171411 
 0.00000029626               0.00000017627 
 0.00000029627               0.000000171594 
 0.00000029628               0.000000130684 
 0.00000029629               0.0000000533262 
 0.0000002963                0.00000000603285 
 0.00000029631               0.000000000083999 
 0.00000029632               9.61531E-14 
 0.00000029633               2.06928E-17 
 0.00000029634               9.09018E-21 
 0.00000029635               1.66769E-22 
 0.00000029636               7.69445E-22 
 0.00000029637               4.41338E-19 
 0.00000029638               2.13047E-15 
 0.00000029639               4.8678E-12 
 0.0000002964                0.00000000108443 
 0.00000029641               0.0000000221775 
 0.00000029642               0.0000000885784 
 0.00000029643               0.00000015397 
 0.00000029644               0.000000188033 
 0.00000029645               0.000000200402 
 0.00000029646               0.000000203756 
 0.00000029647               0.000000204053 
 0.00000029648               0.000000202876 
 0.00000029649               0.000000200022 
 0.0000002965                0.000000193141 
 0.00000029651               0.000000178121 
 0.00000029652               0.000000155341 
 0.00000029653               0.000000134318 
 0.00000029654               0.000000125927 
 0.00000029655               0.000000133703 
 0.00000029656               0.000000152539 
 0.00000029657               0.000000171418 
 0.00000029658               0.000000182205 
 0.00000029659               0.000000185532 
 0.0000002966                0.00000018597 
 0.00000029661               0.000000186002 
 0.00000029662               0.000000185328 
 0.00000029663               0.000000183305 
 0.00000029664               0.000000180596 
 0.00000029665               0.000000178704 
 0.00000029666               0.000000178421 
 0.00000029667               0.000000179176 
 0.00000029668               0.000000180007 
 0.00000029669               0.000000180639 
 0.0000002967                0.000000181162 
 0.00000029671               0.000000180459 
 0.00000029672               0.00000017524 
 0.00000029673               0.000000164669 
 0.00000029674               0.000000156982 
 0.00000029675               0.000000161177 
 0.00000029676               0.000000173925 
 0.00000029677               0.000000184229 
 0.00000029678               0.000000188351 
 0.00000029679               0.000000189831 
 0.0000002968                0.000000191076 
 0.00000029681               0.000000192172 
 0.00000029682               0.000000192704 
 0.00000029683               0.000000192724 
 0.00000029684               0.000000192525 
 0.00000029685               0.000000192308 
 0.00000029686               0.000000192122 
 0.00000029687               0.000000191859 
 0.00000029688               0.000000190818 
 0.00000029689               0.000000185053 
 0.0000002969                0.000000160492 
 0.00000029691               0.000000102419 
 0.00000029692               0.0000000427583 
 0.00000029693               0.0000000173808 
 0.00000029694               0.0000000148678 
 0.00000029695               0.0000000311945 
 0.00000029696               0.0000000797649 
 0.00000029697               0.000000138915 
 0.00000029698               0.00000016913 
 0.00000029699               0.000000180337 
 0.000000297   0.0000001856 
 0.00000029701               0.000000187245 
 0.00000029702               0.000000187015 
 0.00000029703               0.000000186168 
 0.00000029704               0.000000185106 
 0.00000029705               0.000000184128 
 0.00000029706               0.000000183574 
 0.00000029707               0.000000183537 
 0.00000029708               0.000000183782 
 0.00000029709               0.000000184008 
 0.0000002971                0.00000018407 
 0.00000029711               0.000000183929 
 0.00000029712               0.000000183445 
 0.00000029713               0.000000182276 
 0.00000029714               0.000000179805 
 0.00000029715               0.000000174835 
 0.00000029716               0.000000166027 
 0.00000029717               0.000000154581 
 0.00000029718               0.000000145791 
 0.00000029719               0.000000145021 
 0.0000002972                0.000000152593 
 0.00000029721               0.000000163449 
 0.00000029722               0.000000172124 
 0.00000029723               0.000000177252 
 0.00000029724               0.000000179857 
 0.00000029725               0.000000180766 
 0.00000029726               0.000000180579 
 0.00000029727               0.000000179536 
 0.00000029728               0.000000176986 
 0.00000029729               0.000000171374 
 0.0000002973                0.000000162258 
 0.00000029731               0.000000153623 
 0.00000029732               0.000000151739 
 0.00000029733               0.000000158174 
 0.00000029734               0.000000167751 
 0.00000029735               0.000000174529 
 0.00000029736               0.000000177283 
 0.00000029737               0.000000177747 
 0.00000029738               0.000000177412 
 0.00000029739               0.000000176878 
 0.0000002974                0.000000176379 
 0.00000029741               0.000000175982 
 0.00000029742               0.000000175706 
 0.00000029743               0.000000175529 
 0.00000029744               0.000000175349 
 0.00000029745               0.00000017503 
 0.00000029746               0.000000174488 
 0.00000029747               0.000000173684 
 0.00000029748               0.000000172826 
 0.00000029749               0.000000172354 
 0.0000002975                0.000000172326 
 0.00000029751               0.000000172436 
 0.00000029752               0.000000172494 
 0.00000029753               0.000000172427 
 0.00000029754               0.000000172224 
 0.00000029755               0.000000171956 
 0.00000029756               0.000000171723 
 0.00000029757               0.00000017161 
 0.00000029758               0.000000171639 
 0.00000029759               0.000000171709 
 0.0000002976                0.000000171649 
 0.00000029761               0.000000171307 
 0.00000029762               0.000000170464 
 0.00000029763               0.000000168344 
 0.00000029764               0.000000163029 
 0.00000029765               0.000000153017 
 0.00000029766               0.000000141534 
 0.00000029767               0.000000135998 
 0.00000029768               0.000000140489 
 0.00000029769               0.000000151347 
 0.0000002977                0.000000160883 
 0.00000029771               0.000000164905 
 0.00000029772               0.000000163837 
 0.00000029773               0.000000157846 
 0.00000029774               0.000000144713 
 0.00000029775               0.000000124288 
 0.00000029776               0.000000104356 
 0.00000029777               0.0000000953541 
 0.00000029778               0.000000100373 
 0.00000029779               0.000000112961 
 0.0000002978                0.000000123101 
 0.00000029781               0.00000012932 
 0.00000029782               0.000000136439 
 0.00000029783               0.000000144187 
 0.00000029784               0.000000148071 
 0.00000029785               0.000000147864 
 0.00000029786               0.000000147924 
 0.00000029787               0.000000150031 
 0.00000029788               0.000000150858 
 0.00000029789               0.000000146353 
 0.0000002979                0.000000136291 
 0.00000029791               0.000000124174 
 0.00000029792               0.000000114552 
 0.00000029793               0.000000110769 
 0.00000029794               0.000000113976 
 0.00000029795               0.000000123022 
 0.00000029796               0.00000013476 
 0.00000029797               0.000000145279 
 0.00000029798               0.000000152121 
 0.00000029799               0.000000155428 
 0.000000298   0.000000156915 
 0.00000029801               0.000000157798 
 0.00000029802               0.000000158423 
 0.00000029803               0.000000158716 
 0.00000029804               0.000000158573 
 0.00000029805               0.000000157878 
 0.00000029806               0.000000156178 
 0.00000029807               0.000000153031 
 0.00000029808               0.000000148849 
 0.00000029809               0.000000144281 
 0.0000002981                0.000000140517 
 0.00000029811               0.000000139812 
 0.00000029812               0.000000143084 
 0.00000029813               0.000000148255 
 0.00000029814               0.000000152454 
 0.00000029815               0.000000153951 
 0.00000029816               0.000000151453 
 0.00000029817               0.000000143569 
 0.00000029818               0.000000131802 
 0.00000029819               0.000000120993 
 0.0000002982                0.000000115558 
 0.00000029821               0.000000118109 
 0.00000029822               0.000000127711 
 0.00000029823               0.000000136114 
 0.00000029824               0.000000109179 
 0.00000029825               0.0000000344364 
 0.00000029826               0.00000000345078 
 0.00000029827               0.000000000922632 
 0.00000029828               0.00000000408795 
 0.00000029829               0.0000000398244 
 0.0000002983                0.000000117611 
 0.00000029831               0.000000144801 
 0.00000029832               0.000000128315 
 0.00000029833               0.0000000850144 
 0.00000029834               0.0000000499322 
 0.00000029835               0.0000000457613 
 0.00000029836               0.0000000733314 
 0.00000029837               0.000000118718 
 0.00000029838               0.000000145314 
 0.00000029839               0.000000151347 
 0.0000002984                0.000000151595 
 0.00000029841               0.000000151193 
 0.00000029842               0.000000150862 
 0.00000029843               0.000000150715 
 0.00000029844               0.000000150555 
 0.00000029845               0.000000150287 
 0.00000029846               0.000000149773 
 0.00000029847               0.000000149211 
 0.00000029848               0.000000149101 
 0.00000029849               0.000000149378 
 0.0000002985                0.000000149433 
 0.00000029851               0.000000149069 
 0.00000029852               0.00000014854 
 0.00000029853               0.000000148098 
 0.00000029854               0.000000147786 
 0.00000029855               0.00000014752 
 0.00000029856               0.000000147214 
 0.00000029857               0.000000146839 
 0.00000029858               0.00000014647 
 0.00000029859               0.00000014631 
 0.0000002986                0.000000146398 
 0.00000029861               0.000000146551 
 0.00000029862               0.000000146627 
 0.00000029863               0.000000146532 
 0.00000029864               0.000000146244 
 0.00000029865               0.000000145805 
 0.00000029866               0.000000145205 
 0.00000029867               0.000000144387 
 0.00000029868               0.000000143406 
 0.00000029869               0.000000142461 
 0.0000002987                0.000000141756 
 0.00000029871               0.00000014126 
 0.00000029872               0.000000140544 
 0.00000029873               0.000000139068 
 0.00000029874               0.000000137085 
 0.00000029875               0.000000135898 
 0.00000029876               0.00000013641 
 0.00000029877               0.000000137695 
 0.00000029878               0.000000137941 
 0.00000029879               0.000000136685 
 0.0000002988                0.000000134811 
 0.00000029881               0.000000133246 
 0.00000029882               0.0000001326 
 0.00000029883               0.000000133306 
 0.00000029884               0.00000013529 
 0.00000029885               0.000000137614 
 0.00000029886               0.000000138932 
 0.00000029887               0.00000013805 
 0.00000029888               0.000000133025 
 0.00000029889               0.000000120505 
 0.0000002989                0.000000102566 
 0.00000029891               0.0000000920274 
 0.00000029892               0.0000000984652 
 0.00000029893               0.000000116823 
 0.00000029894               0.000000132049 
 0.00000029895               0.000000137815 
 0.00000029896               0.000000138597 
 0.00000029897               0.000000137981 
 0.00000029898               0.000000136853 
 0.00000029899               0.000000135613 
 0.000000299   0.000000134804 
 0.00000029901               0.000000134694 
 0.00000029902               0.000000135101 
 0.00000029903               0.00000013559 
 0.00000029904               0.000000135645 
 0.00000029905               0.000000134804 
 0.00000029906               0.000000132984 
 0.00000029907               0.000000130747 
 0.00000029908               0.000000129099 
 0.00000029909               0.00000012885 
 0.0000002991                0.000000130063 
 0.00000029911               0.000000132033 
 0.00000029912               0.000000133793 
 0.00000029913               0.000000134752 
 0.00000029914               0.000000134935 
 0.00000029915               0.000000134782 
 0.00000029916               0.000000134674 
 0.00000029917               0.000000134573 
 0.00000029918               0.000000134331 
 0.00000029919               0.000000134126 
 0.0000002992                0.000000134158 
 0.00000029921               0.000000134272 
 0.00000029922               0.00000013426 
 0.00000029923               0.000000134111 
 0.00000029924               0.000000133908 
 0.00000029925               0.000000133681 
 0.00000029926               0.000000133427 
 0.00000029927               0.000000133132 
 0.00000029928               0.000000132787 
 0.00000029929               0.000000132378 
 0.0000002993                0.00000013195 
 0.00000029931               0.000000131612 
 0.00000029932               0.000000131422 
 0.00000029933               0.000000131315 
 0.00000029934               0.000000131081 
 0.00000029935               0.000000130038 
 0.00000029936               0.000000125739 
 0.00000029937               0.000000113776 
 0.00000029938               0.0000000940468 
 0.00000029939               0.0000000765709 
 0.0000002994                0.0000000715237 
 0.00000029941               0.0000000806574 
 0.00000029942               0.0000000983038 
 0.00000029943               0.000000114571 
 0.00000029944               0.000000123701 
 0.00000029945               0.000000127078 
 0.00000029946               0.000000127963 
 0.00000029947               0.000000128209 
 0.00000029948               0.00000012839 
 0.00000029949               0.000000128434 
 0.0000002995                0.000000128297 
 0.00000029951               0.000000128044 
 0.00000029952               0.00000012759 
 0.00000029953               0.000000126688 
 0.00000029954               0.000000125181 
 0.00000029955               0.000000123362 
 0.00000029956               0.000000121961 
 0.00000029957               0.000000121634 
 0.00000029958               0.000000122414 
 0.00000029959               0.000000123677 
 0.0000002996                0.000000124583 
 0.00000029961               0.000000124676 
 0.00000029962               0.000000124071 
 0.00000029963               0.000000123203 
 0.00000029964               0.000000122598 
 0.00000029965               0.00000012258 
 0.00000029966               0.000000122854 
 0.00000029967               0.000000122807 
 0.00000029968               0.000000122311 
 0.00000029969               0.000000121778 
 0.0000002997                0.00000012146 
 0.00000029971               0.00000012097 
 0.00000029972               0.000000119433 
 0.00000029973               0.00000011603 
 0.00000029974               0.000000110854 
 0.00000029975               0.000000105589 
 0.00000029976               0.000000102816 
 0.00000029977               0.000000104102 
 0.00000029978               0.000000108758 
 0.00000029979               0.000000114268 
 0.0000002998                0.000000118259 
 0.00000029981               0.000000120167 
 0.00000029982               0.000000120724 
 0.00000029983               0.000000120675 
 0.00000029984               0.00000012038 
 0.00000029985               0.000000120004 
 0.00000029986               0.000000119667 
 0.00000029987               0.000000119415 
 0.00000029988               0.000000119148 
 0.00000029989               0.000000118698 
 0.0000002999                0.000000118065 
 0.00000029991               0.000000117334 
 0.00000029992               0.000000116455 
 0.00000029993               0.000000115737 
 0.00000029994               0.000000115653 
 0.00000029995               0.000000115327 
 0.00000029996               0.000000112796 
 0.00000029997               0.000000108213 
 0.00000029998               0.000000105474 
 0.00000029999               0.000000107307 
 0.0000003     0.000000111157 
