 0.000000294   0.000188796 
 0.00000029401               0.000221156 
 0.00000029402               0.000228569 
 0.00000029403               0.000230706 
 0.00000029404               0.000231965 
 0.00000029405               0.000235407 
 0.00000029406               0.000238859 
 0.00000029407               0.000239638 
 0.00000029408               0.000236475 
 0.00000029409               0.000227827 
 0.0000002941                0.000211934 
 0.00000029411               0.00019036 
 0.00000029412               0.000170575 
 0.00000029413               0.000161937 
 0.00000029414               0.000168948 
 0.00000029415               0.000187794 
 0.00000029416               0.000207016 
 0.00000029417               0.000217666 
 0.00000029418               0.000223311 
 0.00000029419               0.000229328 
 0.0000002942                0.000234116 
 0.00000029421               0.000236322 
 0.00000029422               0.000236714 
 0.00000029423               0.000235047 
 0.00000029424               0.000230893 
 0.00000029425               0.00022641 
 0.00000029426               0.000225736 
 0.00000029427               0.0002294 
 0.00000029428               0.000233701 
 0.00000029429               0.000235889 
 0.0000002943                0.000236106 
 0.00000029431               0.000235305 
 0.00000029432               0.00023407 
 0.00000029433               0.000232779 
 0.00000029434               0.000231767 
 0.00000029435               0.000231201 
 0.00000029436               0.000230848 
 0.00000029437               0.00022905 
 0.00000029438               0.000218575 
 0.00000029439               0.000190501 
 0.0000002944                0.00016317 
 0.00000029441               0.000165567 
 0.00000029442               0.000190977 
 0.00000029443               0.000212455 
 0.00000029444               0.000222992 
 0.00000029445               0.000228021 
 0.00000029446               0.000230036 
 0.00000029447               0.000229165 
 0.00000029448               0.000225918 
 0.00000029449               0.000223283 
 0.0000002945                0.000224098 
 0.00000029451               0.000227047 
 0.00000029452               0.000228839 
 0.00000029453               0.000228467 
 0.00000029454               0.000226841 
 0.00000029455               0.000224425 
 0.00000029456               0.000220978 
 0.00000029457               0.000217075 
 0.00000029458               0.000214598 
 0.00000029459               0.000215068 
 0.0000002946                0.000218023 
 0.00000029461               0.000221016 
 0.00000029462               0.000221327 
 0.00000029463               0.000218942 
 0.00000029464               0.000216926 
 0.00000029465               0.00021746 
 0.00000029466               0.000219973 
 0.00000029467               0.000223203 
 0.00000029468               0.00022587 
 0.00000029469               0.000227232 
 0.0000002947                0.000227354 
 0.00000029471               0.000226757 
 0.00000029472               0.000225059 
 0.00000029473               0.000220439 
 0.00000029474               0.00021144 
 0.00000029475               0.000199706 
 0.00000029476               0.000189669 
 0.00000029477               0.000184479 
 0.00000029478               0.000183164 
 0.00000029479               0.000181394 
 0.0000002948                0.000172346 
 0.00000029481               0.000146794 
 0.00000029482               0.000100409 
 0.00000029483               0.0000482552 
 0.00000029484               0.0000149119 
 0.00000029485               0.00000314585 
 0.00000029486               0.000000599322 
 0.00000029487               0.000000162143 
 0.00000029488               0.0000000963371 
 0.00000029489               0.0000001472 
 0.0000002949                0.000000332622 
 0.00000029491               0.0000000927128 
 0.00000029492               0.000000000067092 
 0.00000029493               8.83923E-15 
 0.00000029494               7.7932E-14 
 0.00000029495               0.00000000602084 
 0.00000029496               0.000013771 
 0.00000029497               0.000133794 
 0.00000029498               0.000193257 
 0.00000029499               0.000206613 
 0.000000295   0.000210973 
 0.00000029501               0.000209015 
 0.00000029502               0.000209957 
 0.00000029503               0.000213615 
 0.00000029504               0.000213005 
 0.00000029505               0.000208679 
 0.00000029506               0.000201805 
 0.00000029507               0.000198085 
 0.00000029508               0.000188171 
 0.00000029509               0.000185813 
 0.0000002951                0.000192234 
 0.00000029511               0.000199423 
 0.00000029512               0.000200618 
 0.00000029513               0.000197832 
 0.00000029514               0.000196624 
 0.00000029515               0.00020004 
 0.00000029516               0.000207334 
 0.00000029517               0.000215429 
 0.00000029518               0.000221436 
 0.00000029519               0.000224029 
 0.0000002952                0.000223021 
 0.00000029521               0.000219999 
 0.00000029522               0.000217564 
 0.00000029523               0.000214992 
 0.00000029524               0.000211679 
 0.00000029525               0.0002122 
 0.00000029526               0.000217539 
 0.00000029527               0.000222556 
 0.00000029528               0.00022441 
 0.00000029529               0.000223944 
 0.0000002953                0.000222362 
 0.00000029531               0.000221299 
 0.00000029532               0.000221892 
 0.00000029533               0.000223003 
 0.00000029534               0.000223349 
 0.00000029535               0.000222975 
 0.00000029536               0.000222354 
 0.00000029537               0.000221411 
 0.00000029538               0.000219549 
 0.00000029539               0.000216503 
 0.0000002954                0.00021333 
 0.00000029541               0.000211317 
 0.00000029542               0.00021029 
 0.00000029543               0.000209847 
 0.00000029544               0.000210685 
 0.00000029545               0.000213254 
 0.00000029546               0.000216547 
 0.00000029547               0.000219168 
 0.00000029548               0.000220533 
 0.00000029549               0.000220751 
 0.0000002955                0.000220059 
 0.00000029551               0.000218785 
 0.00000029552               0.000217529 
 0.00000029553               0.000216864 
 0.00000029554               0.000218333 
 0.00000029555               0.00021871 
 0.00000029556               0.000218794 
 0.00000029557               0.000218179 
 0.00000029558               0.000217553 
 0.00000029559               0.000218018 
 0.0000002956                0.000219164 
 0.00000029561               0.00021982 
 0.00000029562               0.000219798 
 0.00000029563               0.0002195 
 0.00000029564               0.000219064 
 0.00000029565               0.000218472 
 0.00000029566               0.000217992 
 0.00000029567               0.000217941 
 0.00000029568               0.000218123 
 0.00000029569               0.000217962 
 0.0000002957                0.000217061 
 0.00000029571               0.000215817 
 0.00000029572               0.000215352 
 0.00000029573               0.000215797 
 0.00000029574               0.000215881 
 0.00000029575               0.000214892 
 0.00000029576               0.000213431 
 0.00000029577               0.000212493 
 0.00000029578               0.00021224 
 0.00000029579               0.000211538 
 0.0000002958                0.000209673 
 0.00000029581               0.000208299 
 0.00000029582               0.000209387 
 0.00000029583               0.000212001 
 0.00000029584               0.000213699 
 0.00000029585               0.000213622 
 0.00000029586               0.000212427 
 0.00000029587               0.000210982 
 0.00000029588               0.000209985 
 0.00000029589               0.000209872 
 0.0000002959                0.000210633 
 0.00000029591               0.000211832 
 0.00000029592               0.000212896 
 0.00000029593               0.000213432 
 0.00000029594               0.000213321 
 0.00000029595               0.000212561 
 0.00000029596               0.000211503 
 0.00000029597               0.000210694 
 0.00000029598               0.000209436 
 0.00000029599               0.000206636 
 0.000000296   0.0002018 
 0.00000029601               0.000195014 
 0.00000029602               0.000187141 
 0.00000029603               0.00017959 
 0.00000029604               0.000173496 
 0.00000029605               0.000169054 
 0.00000029606               0.000164859 
 0.00000029607               0.000158322 
 0.00000029608               0.00014641 
 0.00000029609               0.000128437 
 0.0000002961                0.000106442 
 0.00000029611               0.0000855129 
 0.00000029612               0.0000715472 
 0.00000029613               0.0000681555 
 0.00000029614               0.0000767713 
 0.00000029615               0.0000975267 
 0.00000029616               0.000127272 
 0.00000029617               0.000158085 
 0.00000029618               0.000181628 
 0.00000029619               0.000195225 
 0.0000002962                0.000201606 
 0.00000029621               0.000204048 
 0.00000029622               0.000203125 
 0.00000029623               0.00019546 
 0.00000029624               0.000173104 
 0.00000029625               0.000127708 
 0.00000029626               0.0000667879 
 0.00000029627               0.0000204459 
 0.00000029628               0.0000032508 
 0.00000029629               0.000000297557 
 0.0000002963                0.0000000240418 
 0.00000029631               0.00000000337604 
 0.00000029632               0.00000000156914 
 0.00000029633               0.00000000302481 
 0.00000029634               0.0000000104454 
 0.00000029635               0.00000000155609 
 0.00000029636               3.14895E-14 
 0.00000029637               4.82759E-20 
 0.00000029638               1.20411E-18 
 0.00000029639               2.89433E-11 
 0.0000002964                0.00000370454 
 0.00000029641               0.000108628 
 0.00000029642               0.000170274 
 0.00000029643               0.000179901 
 0.00000029644               0.000190805 
 0.00000029645               0.000199401 
 0.00000029646               0.000202947 
 0.00000029647               0.000202524 
 0.00000029648               0.000194922 
 0.00000029649               0.00017397 
 0.0000002965                0.000146373 
 0.00000029651               0.000132746 
 0.00000029652               0.000142514 
 0.00000029653               0.0001655 
 0.00000029654               0.000184638 
 0.00000029655               0.000194685 
 0.00000029656               0.000199284 
 0.00000029657               0.000201374 
 0.00000029658               0.000202246 
 0.00000029659               0.000202528 
 0.0000002966                0.000202529 
 0.00000029661               0.000202395 
 0.00000029662               0.000202116 
 0.00000029663               0.000201558 
 0.00000029664               0.000200772 
 0.00000029665               0.000200131 
 0.00000029666               0.00019977 
 0.00000029667               0.000199394 
 0.00000029668               0.000198933 
 0.00000029669               0.0001986 
 0.0000002967                0.00019849 
 0.00000029671               0.000198559 
 0.00000029672               0.0001975 
 0.00000029673               0.000187365 
 0.00000029674               0.000145752 
 0.00000029675               0.0000693423 
 0.00000029676               0.000018162 
 0.00000029677               0.00000507976 
 0.00000029678               0.0000044513 
 0.00000029679               0.0000137782 
 0.0000002968                0.000055051 
 0.00000029681               0.000128218 
 0.00000029682               0.00017573 
 0.00000029683               0.000190139 
 0.00000029684               0.000192872 
 0.00000029685               0.000192734 
 0.00000029686               0.000191332 
 0.00000029687               0.000189111 
 0.00000029688               0.000186849 
 0.00000029689               0.000185395 
 0.0000002969                0.0001849 
 0.00000029691               0.000184658 
 0.00000029692               0.000183971 
 0.00000029693               0.000183018 
 0.00000029694               0.000182197 
 0.00000029695               0.000181457 
 0.00000029696               0.000178741 
 0.00000029697               0.000169645 
 0.00000029698               0.000153295 
 0.00000029699               0.000137978 
 0.000000297   0.000133905 
 0.00000029701               0.000143899 
 0.00000029702               0.00016182 
 0.00000029703               0.000177425 
 0.00000029704               0.000185715 
 0.00000029705               0.000188972 
 0.00000029706               0.000190598 
 0.00000029707               0.000191793 
 0.00000029708               0.000192541 
 0.00000029709               0.000192857 
 0.0000002971                0.000192883 
 0.00000029711               0.000192659 
 0.00000029712               0.000192092 
 0.00000029713               0.00019079 
 0.00000029714               0.000187422 
 0.00000029715               0.000179936 
 0.00000029716               0.000169182 
 0.00000029717               0.00016155 
 0.00000029718               0.000163176 
 0.00000029719               0.00017278 
 0.0000002972                0.000183152 
 0.00000029721               0.000189224 
 0.00000029722               0.000191422 
 0.00000029723               0.000191945 
 0.00000029724               0.000192023 
 0.00000029725               0.000192 
 0.00000029726               0.000191925 
 0.00000029727               0.000191809 
 0.00000029728               0.000191663 
 0.00000029729               0.000191489 
 0.0000002973                0.000191222 
 0.00000029731               0.000190445 
 0.00000029732               0.000187526 
 0.00000029733               0.000179188 
 0.00000029734               0.00016546 
 0.00000029735               0.000154937 
 0.00000029736               0.000153002 
 0.00000029737               0.000154689 
 0.00000029738               0.000157037 
 0.00000029739               0.000162091 
 0.0000002974                0.000169918 
 0.00000029741               0.000177736 
 0.00000029742               0.000183028 
 0.00000029743               0.000185263 
 0.00000029744               0.000185218 
 0.00000029745               0.000183901 
 0.00000029746               0.00018218 
 0.00000029747               0.000180853 
 0.00000029748               0.0001805 
 0.00000029749               0.000181229 
 0.0000002975                0.000182665 
 0.00000029751               0.000184204 
 0.00000029752               0.000185181 
 0.00000029753               0.000185079 
 0.00000029754               0.000184101 
 0.00000029755               0.000183143 
 0.00000029756               0.000182546 
 0.00000029757               0.000182389 
 0.00000029758               0.000182947 
 0.00000029759               0.000183334 
 0.0000002976                0.000181882 
 0.00000029761               0.000176808 
 0.00000029762               0.000169027 
 0.00000029763               0.000164482 
 0.00000029764               0.000166829 
 0.00000029765               0.000171212 
 0.00000029766               0.00017167 
 0.00000029767               0.000168882 
 0.00000029768               0.000166458 
 0.00000029769               0.000166388 
 0.0000002977                0.000168901 
 0.00000029771               0.000173102 
 0.00000029772               0.000177404 
 0.00000029773               0.000180233 
 0.00000029774               0.000181902 
 0.00000029775               0.000178838 
 0.00000029776               0.000173448 
 0.00000029777               0.000169531 
 0.00000029778               0.000171026 
 0.00000029779               0.000176489 
 0.0000002978                0.000180973 
 0.00000029781               0.000183816 
 0.00000029782               0.000180577 
 0.00000029783               0.000173032 
 0.00000029784               0.000163014 
 0.00000029785               0.000154725 
 0.00000029786               0.000151726 
 0.00000029787               0.00015439 
 0.00000029788               0.000160238 
 0.00000029789               0.000166705 
 0.0000002979                0.000172991 
 0.00000029791               0.000178097 
 0.00000029792               0.000180808 
 0.00000029793               0.00018159 
 0.00000029794               0.000181565 
 0.00000029795               0.000181457 
 0.00000029796               0.000181501 
 0.00000029797               0.000181465 
 0.00000029798               0.00018124 
 0.00000029799               0.00018085 
 0.000000298   0.000179258 
 0.00000029801               0.000173705 
 0.00000029802               0.000161417 
 0.00000029803               0.000143471 
 0.00000029804               0.000125525 
 0.00000029805               0.000110924 
 0.00000029806               0.0000960724 
 0.00000029807               0.0000804323 
 0.00000029808               0.0000721755 
 0.00000029809               0.0000740003 
 0.0000002981                0.0000776121 
 0.00000029811               0.0000737738 
 0.00000029812               0.0000636104 
 0.00000029813               0.0000544813 
 0.00000029814               0.0000509804 
 0.00000029815               0.0000543044 
 0.00000029816               0.0000646141 
 0.00000029817               0.0000807849 
 0.00000029818               0.0000976744 
 0.00000029819               0.000105959 
 0.0000002982                0.000102755 
 0.00000029821               0.0000997966 
 0.00000029822               0.000109827 
 0.00000029823               0.000133207 
 0.00000029824               0.000157287 
 0.00000029825               0.000170701 
 0.00000029826               0.000174582 
 0.00000029827               0.000174144 
 0.00000029828               0.000171068 
 0.00000029829               0.000162344 
 0.0000002983                0.000142623 
 0.00000029831               0.000114115 
 0.00000029832               0.0000910104 
 0.00000029833               0.0000853024 
 0.00000029834               0.0000995629 
 0.00000029835               0.00012778 
 0.00000029836               0.000154884 
 0.00000029837               0.000170022 
 0.00000029838               0.0001753 
 0.00000029839               0.000176374 
 0.0000002984                0.000176111 
 0.00000029841               0.000175468 
 0.00000029842               0.000174922 
 0.00000029843               0.000174507 
 0.00000029844               0.000173661 
 0.00000029845               0.000171786 
 0.00000029846               0.000168366 
 0.00000029847               0.000161057 
 0.00000029848               0.000142864 
 0.00000029849               0.000104572 
 0.0000002985                0.0000514025 
 0.00000029851               0.000012731 
 0.00000029852               0.00000120351 
 0.00000029853               0.0000000405632 
 0.00000029854               0.000000000705377 
 0.00000029855               1.52092E-11 
 0.00000029856               1.25193E-12 
 0.00000029857               9.10215E-13 
 0.00000029858               5.2534E-12 
 0.00000029859               1.75006E-11 
 0.0000002986                9.18349E-15 
 0.00000029861               2.47945E-24 
 0.00000029862               5.75473E-31 
 0.00000029863               5.23889E-24 
 0.00000029864               4.07233E-12 
 0.00000029865               0.00000426539 
 0.00000029866               0.000098288 
 0.00000029867               0.000136962 
 0.00000029868               0.000144336 
 0.00000029869               0.000152579 
 0.0000002987                0.000157352 
 0.00000029871               0.000158377 
 0.00000029872               0.000153441 
 0.00000029873               0.000138519 
 0.00000029874               0.00011659 
 0.00000029875               0.0000976193 
 0.00000029876               0.0000896505 
 0.00000029877               0.0000947603 
 0.00000029878               0.000109741 
 0.00000029879               0.000126267 
 0.0000002988                0.000136678 
 0.00000029881               0.000141498 
 0.00000029882               0.000143649 
 0.00000029883               0.000142354 
 0.00000029884               0.000139759 
 0.00000029885               0.000142402 
 0.00000029886               0.000151379 
 0.00000029887               0.000159952 
 0.00000029888               0.000162209 
 0.00000029889               0.00015764 
 0.0000002989                0.000148603 
 0.00000029891               0.000139275 
 0.00000029892               0.000134589 
 0.00000029893               0.000137182 
 0.00000029894               0.000145481 
 0.00000029895               0.000154967 
 0.00000029896               0.000161774 
 0.00000029897               0.000164928 
 0.00000029898               0.000165276 
 0.00000029899               0.000163939 
 0.000000299   0.000161978 
 0.00000029901               0.000160218 
 0.00000029902               0.000159032 
 0.00000029903               0.00015858 
 0.00000029904               0.00015897 
 0.00000029905               0.000159938 
 0.00000029906               0.00016095 
 0.00000029907               0.000162107 
 0.00000029908               0.00016383 
 0.00000029909               0.000165463 
 0.0000002991                0.000166174 
 0.00000029911               0.000166059 
 0.00000029912               0.000165586 
 0.00000029913               0.000165116 
 0.00000029914               0.000164744 
 0.00000029915               0.000164466 
 0.00000029916               0.000164205 
 0.00000029917               0.000163648 
 0.00000029918               0.000162343 
 0.00000029919               0.00016002 
 0.0000002992                0.000156911 
 0.00000029921               0.000153663 
 0.00000029922               0.000151361 
 0.00000029923               0.000150766 
 0.00000029924               0.000150902 
 0.00000029925               0.000146123 
 0.00000029926               0.000131116 
 0.00000029927               0.000119179 
 0.00000029928               0.000125281 
 0.00000029929               0.000137931 
 0.0000002993                0.000143471 
 0.00000029931               0.000149037 
 0.00000029932               0.000153 
 0.00000029933               0.000132841 
 0.00000029934               0.0000797264 
 0.00000029935               0.0000483478 
 0.00000029936               0.0000625083 
 0.00000029937               0.000113331 
 0.00000029938               0.000149582 
 0.00000029939               0.000157865 
 0.0000002994                0.000159007 
 0.00000029941               0.000159002 
 0.00000029942               0.000158613 
 0.00000029943               0.000158199 
 0.00000029944               0.000157996 
 0.00000029945               0.000158107 
 0.00000029946               0.000158503 
 0.00000029947               0.000159032 
 0.00000029948               0.000159496 
 0.00000029949               0.000159536 
 0.0000002995                0.000158399 
 0.00000029951               0.000155397 
 0.00000029952               0.000151461 
 0.00000029953               0.000149115 
 0.00000029954               0.000149203 
 0.00000029955               0.000150165 
 0.00000029956               0.000150799 
 0.00000029957               0.000150507 
 0.00000029958               0.000149898 
 0.00000029959               0.00015112 
 0.0000002996                0.000154167 
 0.00000029961               0.000156744 
 0.00000029962               0.000157777 
 0.00000029963               0.000157965 
 0.00000029964               0.000158016 
 0.00000029965               0.000158044 
 0.00000029966               0.000157911 
 0.00000029967               0.000157501 
 0.00000029968               0.000156617 
 0.00000029969               0.000154651 
 0.0000002997                0.000150119 
 0.00000029971               0.00014025 
 0.00000029972               0.00012237 
 0.00000029973               0.0000986087 
 0.00000029974               0.0000774697 
 0.00000029975               0.0000669361 
 0.00000029976               0.0000700344 
 0.00000029977               0.0000864803 
 0.00000029978               0.000111319 
 0.00000029979               0.000134181 
 0.0000002998                0.000147704 
 0.00000029981               0.000152973 
 0.00000029982               0.000154321 
 0.00000029983               0.000154542 
 0.00000029984               0.000154524 
 0.00000029985               0.000154323 
 0.00000029986               0.000153963 
 0.00000029987               0.000153656 
 0.00000029988               0.000153566 
 0.00000029989               0.000153657 
 0.0000002999                0.000153835 
 0.00000029991               0.000153988 
 0.00000029992               0.000153988 
 0.00000029993               0.000153743 
 0.00000029994               0.000153159 
 0.00000029995               0.000152154 
 0.00000029996               0.000150895 
 0.00000029997               0.000149872 
 0.00000029998               0.000149538 
 0.00000029999               0.000149925 
 0.0000003     0.000150712 
