 0.000000294   3.53191E-31 
 0.00000029401               3.12667E-31 
 0.00000029402               2.7784E-31 
 0.00000029403               2.87534E-31 
 0.00000029404               3.19439E-31 
 0.00000029405               3.34598E-31 
 0.00000029406               3.35612E-31 
 0.00000029407               3.33827E-31 
 0.00000029408               3.31808E-31 
 0.00000029409               3.28706E-31 
 0.0000002941                3.22718E-31 
 0.00000029411               3.13386E-31 
 0.00000029412               3.03768E-31 
 0.00000029413               2.98991E-31 
 0.00000029414               3.0147E-31 
 0.00000029415               3.08513E-31 
 0.00000029416               3.15267E-31 
 0.00000029417               3.18808E-31 
 0.00000029418               3.18186E-31 
 0.00000029419               3.11475E-31 
 0.0000002942                2.96646E-31 
 0.00000029421               2.78687E-31 
 0.00000029422               2.69619E-31 
 0.00000029423               2.75046E-31 
 0.00000029424               2.86579E-31 
 0.00000029425               2.91752E-31 
 0.00000029426               2.87785E-31 
 0.00000029427               2.80463E-31 
 0.00000029428               2.75772E-31 
 0.00000029429               2.75963E-31 
 0.0000002943                2.79965E-31 
 0.00000029431               2.84675E-31 
 0.00000029432               2.86934E-31 
 0.00000029433               2.85071E-31 
 0.00000029434               2.79073E-31 
 0.00000029435               2.72219E-31 
 0.00000029436               2.69843E-31 
 0.00000029437               2.7278E-31 
 0.00000029438               2.76393E-31 
 0.00000029439               2.77178E-31 
 0.0000002944                2.75113E-31 
 0.00000029441               2.70855E-31 
 0.00000029442               2.65621E-31 
 0.00000029443               2.62177E-31 
 0.00000029444               2.61789E-31 
 0.00000029445               2.62321E-31 
 0.00000029446               2.61852E-31 
 0.00000029447               2.60688E-31 
 0.00000029448               2.59611E-31 
 0.00000029449               2.58797E-31 
 0.0000002945                2.57997E-31 
 0.00000029451               2.56917E-31 
 0.00000029452               2.55545E-31 
 0.00000029453               2.5397E-31 
 0.00000029454               2.52121E-31 
 0.00000029455               2.49849E-31 
 0.00000029456               2.47316E-31 
 0.00000029457               2.45064E-31 
 0.00000029458               2.43497E-31 
 0.00000029459               2.42249E-31 
 0.0000002946                2.40456E-31 
 0.00000029461               2.37558E-31 
 0.00000029462               2.34058E-31 
 0.00000029463               2.30926E-31 
 0.00000029464               2.27589E-31 
 0.00000029465               2.23344E-31 
 0.00000029466               2.1899E-31 
 0.00000029467               2.15418E-31 
 0.00000029468               2.11976E-31 
 0.00000029469               2.07809E-31 
 0.0000002947                2.03544E-31 
 0.00000029471               2.00865E-31 
 0.00000029472               2.00908E-31 
 0.00000029473               2.03367E-31 
 0.00000029474               2.06755E-31 
 0.00000029475               2.095E-31 
 0.00000029476               2.10824E-31 
 0.00000029477               2.11029E-31 
 0.00000029478               2.10745E-31 
 0.00000029479               2.10113E-31 
 0.0000002948                2.09109E-31 
 0.00000029481               2.07862E-31 
 0.00000029482               2.06455E-31 
 0.00000029483               2.0485E-31 
 0.00000029484               2.02953E-31 
 0.00000029485               2.00715E-31 
 0.00000029486               1.98244E-31 
 0.00000029487               1.95817E-31 
 0.00000029488               1.93677E-31 
 0.00000029489               1.91827E-31 
 0.0000002949                1.90023E-31 
 0.00000029491               1.8794E-31 
 0.00000029492               1.85416E-31 
 0.00000029493               1.8277E-31 
 0.00000029494               1.80736E-31 
 0.00000029495               1.79815E-31 
 0.00000029496               1.79767E-31 
 0.00000029497               1.79851E-31 
 0.00000029498               1.79306E-31 
 0.00000029499               1.77459E-31 
 0.000000295   1.74195E-31 
 0.00000029501               1.70639E-31 
 0.00000029502               1.68555E-31 
 0.00000029503               1.68763E-31 
 0.00000029504               1.70428E-31 
 0.00000029505               1.71906E-31 
 0.00000029506               1.7134E-31 
 0.00000029507               1.62881E-31 
 0.00000029508               1.32606E-31 
 0.00000029509               8.62826E-32 
 0.0000002951                6.02237E-32 
 0.00000029511               6.84206E-32 
 0.00000029512               1.06563E-31 
 0.00000029513               1.45301E-31 
 0.00000029514               1.59837E-31 
 0.00000029515               1.61046E-31 
 0.00000029516               1.59768E-31 
 0.00000029517               1.58554E-31 
 0.00000029518               1.57555E-31 
 0.00000029519               1.56599E-31 
 0.0000002952                1.55553E-31 
 0.00000029521               1.54426E-31 
 0.00000029522               1.53227E-31 
 0.00000029523               1.52125E-31 
 0.00000029524               1.51149E-31 
 0.00000029525               1.50116E-31 
 0.00000029526               1.48585E-31 
 0.00000029527               1.45882E-31 
 0.00000029528               1.413E-31 
 0.00000029529               1.34707E-31 
 0.0000002953                1.27281E-31 
 0.00000029531               1.2254E-31 
 0.00000029532               1.21866E-31 
 0.00000029533               1.19799E-31 
 0.00000029534               1.11417E-31 
 0.00000029535               9.78796E-32 
 0.00000029536               8.33703E-32 
 0.00000029537               7.52406E-32 
 0.00000029538               8.01567E-32 
 0.00000029539               9.77685E-32 
 0.0000002954                1.1792E-31 
 0.00000029541               1.29676E-31 
 0.00000029542               1.33018E-31 
 0.00000029543               1.32832E-31 
 0.00000029544               1.31791E-31 
 0.00000029545               1.30599E-31 
 0.00000029546               1.29382E-31 
 0.00000029547               1.28065E-31 
 0.00000029548               1.26427E-31 
 0.00000029549               1.24142E-31 
 0.0000002955                1.20646E-31 
 0.00000029551               1.15397E-31 
 0.00000029552               1.09633E-31 
 0.00000029553               1.06628E-31 
 0.00000029554               1.06756E-31 
 0.00000029555               1.03809E-31 
 0.00000029556               9.17825E-32 
 0.00000029557               7.49833E-32 
 0.00000029558               6.35047E-32 
 0.00000029559               6.29142E-32 
 0.0000002956                7.32273E-32 
 0.00000029561               8.95467E-32 
 0.00000029562               1.03444E-31 
 0.00000029563               1.10356E-31 
 0.00000029564               1.12304E-31 
 0.00000029565               1.1244E-31 
 0.00000029566               1.11899E-31 
 0.00000029567               1.10625E-31 
 0.00000029568               1.082E-31 
 0.00000029569               1.04331E-31 
 0.0000002957                9.97311E-32 
 0.00000029571               9.62678E-32 
 0.00000029572               9.56198E-32 
 0.00000029573               9.77576E-32 
 0.00000029574               1.00867E-31 
 0.00000029575               1.02947E-31 
 0.00000029576               1.03384E-31 
 0.00000029577               1.02845E-31 
 0.00000029578               1.02174E-31 
 0.00000029579               1.01411E-31 
 0.0000002958                9.87058E-32 
 0.00000029581               8.97015E-32 
 0.00000029582               7.50182E-32 
 0.00000029583               6.65896E-32 
 0.00000029584               7.16327E-32 
 0.00000029585               8.20186E-32 
 0.00000029586               8.49412E-32 
 0.00000029587               8.13262E-32 
 0.00000029588               7.85723E-32 
 0.00000029589               7.94759E-32 
 0.0000002959                8.28775E-32 
 0.00000029591               8.70295E-32 
 0.00000029592               9.0334E-32 
 0.00000029593               9.16125E-32 
 0.00000029594               9.12973E-32 
 0.00000029595               9.03074E-32 
 0.00000029596               8.87815E-32 
 0.00000029597               8.6619E-32 
 0.00000029598               8.46752E-32 
 0.00000029599               8.40301E-32 
 0.000000296   8.4365E-32 
 0.00000029601               8.4771E-32 
 0.00000029602               8.49683E-32 
 0.00000029603               8.49537E-32 
 0.00000029604               8.46972E-32 
 0.00000029605               8.43032E-32 
 0.00000029606               8.39088E-32 
 0.00000029607               8.34939E-32 
 0.00000029608               8.29824E-32 
 0.00000029609               8.23567E-32 
 0.0000002961                8.15879E-32 
 0.00000029611               8.05552E-32 
 0.00000029612               7.90659E-32 
 0.00000029613               7.70022E-32 
 0.00000029614               7.44798E-32 
 0.00000029615               7.18493E-32 
 0.00000029616               6.94632E-32 
 0.00000029617               6.73667E-32 
 0.00000029618               6.53468E-32 
 0.00000029619               6.35163E-32 
 0.0000002962                6.25926E-32 
 0.00000029621               6.31606E-32 
 0.00000029622               6.50561E-32 
 0.00000029623               6.74704E-32 
 0.00000029624               6.75644E-32 
 0.00000029625               5.84905E-32 
 0.00000029626               3.65212E-32 
 0.00000029627               1.52679E-32 
 0.00000029628               6.08309E-33 
 0.00000029629               4.43141E-33 
 0.0000002963                7.43916E-33 
 0.00000029631               1.8559E-32 
 0.00000029632               3.95952E-32 
 0.00000029633               5.86584E-32 
 0.00000029634               6.66781E-32 
 0.00000029635               6.81592E-32 
 0.00000029636               6.79459E-32 
 0.00000029637               6.7486E-32 
 0.00000029638               6.70016E-32 
 0.00000029639               6.651E-32 
 0.0000002964                6.59877E-32 
 0.00000029641               6.5345E-32 
 0.00000029642               6.43745E-32 
 0.00000029643               6.2809E-32 
 0.00000029644               6.06319E-32 
 0.00000029645               5.83966E-32 
 0.00000029646               5.69862E-32 
 0.00000029647               5.69021E-32 
 0.00000029648               5.78206E-32 
 0.00000029649               5.88046E-32 
 0.0000002965                5.90731E-32 
 0.00000029651               5.85918E-32 
 0.00000029652               5.78208E-32 
 0.00000029653               5.70982E-32 
 0.00000029654               5.62206E-32 
 0.00000029655               5.48934E-32 
 0.00000029656               5.41814E-32 
 0.00000029657               5.51919E-32 
 0.00000029658               5.66396E-32 
 0.00000029659               5.71525E-32 
 0.0000002966                5.69766E-32 
 0.00000029661               5.65689E-32 
 0.00000029662               5.59716E-32 
 0.00000029663               5.49649E-32 
 0.00000029664               5.33714E-32 
 0.00000029665               5.15022E-32 
 0.00000029666               5.01392E-32 
 0.00000029667               4.9821E-32 
 0.00000029668               5.03572E-32 
 0.00000029669               5.11332E-32 
 0.0000002967                5.16522E-32 
 0.00000029671               5.17708E-32 
 0.00000029672               5.15596E-32 
 0.00000029673               5.0933E-32 
 0.00000029674               4.90898E-32 
 0.00000029675               4.30755E-32 
 0.00000029676               2.74159E-32 
 0.00000029677               7.16878E-33 
 0.00000029678               2.80154E-34 
 0.00000029679               5.58432E-37 
 0.0000002968                5.55844E-41 
 0.00000029681               2.50385E-45 
 0.00000029682               2.96103E-48 
 0.00000029683               2.7232E-48 
 0.00000029684               2.01855E-45 
 0.00000029685               4.26588E-41 
 0.00000029686               4.41411E-37 
 0.00000029687               2.36357E-34 
 0.00000029688               6.37549E-33 
 0.00000029689               2.48469E-32 
 0.0000002969                3.86604E-32 
 0.00000029691               4.29575E-32 
 0.00000029692               4.31514E-32 
 0.00000029693               4.2184E-32 
 0.00000029694               4.10551E-32 
 0.00000029695               4.0162E-32 
 0.00000029696               3.95833E-32 
 0.00000029697               3.90857E-32 
 0.00000029698               3.79686E-32 
 0.00000029699               3.49846E-32 
 0.000000297   3.02795E-32 
 0.00000029701               2.73811E-32 
 0.00000029702               2.91487E-32 
 0.00000029703               3.40106E-32 
 0.00000029704               3.79205E-32 
 0.00000029705               3.95627E-32 
 0.00000029706               4.00411E-32 
 0.00000029707               4.01099E-32 
 0.00000029708               3.99847E-32 
 0.00000029709               3.97428E-32 
 0.0000002971                3.94402E-32 
 0.00000029711               3.90781E-32 
 0.00000029712               3.86136E-32 
 0.00000029713               3.80976E-32 
 0.00000029714               3.77067E-32 
 0.00000029715               3.75415E-32 
 0.00000029716               3.7478E-32 
 0.00000029717               3.71395E-32 
 0.00000029718               3.60515E-32 
 0.00000029719               3.51084E-32 
 0.0000002972                3.55781E-32 
 0.00000029721               3.61805E-32 
 0.00000029722               3.60675E-32 
 0.00000029723               3.5689E-32 
 0.00000029724               3.53604E-32 
 0.00000029725               3.51485E-32 
 0.00000029726               3.49776E-32 
 0.00000029727               3.47863E-32 
 0.00000029728               3.45717E-32 
 0.00000029729               3.43489E-32 
 0.0000002973                3.41268E-32 
 0.00000029731               3.39062E-32 
 0.00000029732               3.36816E-32 
 0.00000029733               3.34362E-32 
 0.00000029734               3.31338E-32 
 0.00000029735               3.27666E-32 
 0.00000029736               3.24123E-32 
 0.00000029737               3.21861E-32 
 0.00000029738               3.20722E-32 
 0.00000029739               3.19531E-32 
 0.0000002974                3.17794E-32 
 0.00000029741               3.15619E-32 
 0.00000029742               3.1331E-32 
 0.00000029743               3.10611E-32 
 0.00000029744               3.05996E-32 
 0.00000029745               2.98006E-32 
 0.00000029746               2.91554E-32 
 0.00000029747               2.92563E-32 
 0.00000029748               2.96247E-32 
 0.00000029749               2.96985E-32 
 0.0000002975                2.95409E-32 
 0.00000029751               2.93156E-32 
 0.00000029752               2.90848E-32 
 0.00000029753               2.88606E-32 
 0.00000029754               2.86421E-32 
 0.00000029755               2.84088E-32 
 0.00000029756               2.81076E-32 
 0.00000029757               2.77059E-32 
 0.00000029758               2.72731E-32 
 0.00000029759               2.6959E-32 
 0.0000002976                2.68419E-32 
 0.00000029761               2.68471E-32 
 0.00000029762               2.6806E-32 
 0.00000029763               2.64626E-32 
 0.00000029764               2.56567E-32 
 0.00000029765               2.49999E-32 
 0.00000029766               2.51989E-32 
 0.00000029767               2.5706E-32 
 0.00000029768               2.58426E-32 
 0.00000029769               2.57001E-32 
 0.0000002977                2.54597E-32 
 0.00000029771               2.50593E-32 
 0.00000029772               2.41985E-32 
 0.00000029773               2.27743E-32 
 0.00000029774               2.16084E-32 
 0.00000029775               2.16587E-32 
 0.00000029776               2.25839E-32 
 0.00000029777               2.3323E-32 
 0.00000029778               2.35312E-32 
 0.00000029779               2.34616E-32 
 0.0000002978                2.33016E-32 
 0.00000029781               2.30699E-32 
 0.00000029782               2.27119E-32 
 0.00000029783               2.21591E-32 
 0.00000029784               2.13341E-32 
 0.00000029785               2.00656E-32 
 0.00000029786               1.8196E-32 
 0.00000029787               1.62308E-32 
 0.00000029788               1.53487E-32 
 0.00000029789               1.61838E-32 
 0.0000002979                1.80901E-32 
 0.00000029791               1.97435E-32 
 0.00000029792               2.04936E-32 
 0.00000029793               2.05678E-32 
 0.00000029794               2.02835E-32 
 0.00000029795               1.95774E-32 
 0.00000029796               1.78683E-32 
 0.00000029797               1.45102E-32 
 0.00000029798               1.00807E-32 
 0.00000029799               6.65951E-33 
 0.000000298   5.67288E-33 
 0.00000029801               7.361E-33 
 0.00000029802               1.09883E-32 
 0.00000029803               1.35364E-32 
 0.00000029804               1.41582E-32 
 0.00000029805               1.50864E-32 
 0.00000029806               1.68451E-32 
 0.00000029807               1.82622E-32 
 0.00000029808               1.87754E-32 
 0.00000029809               1.87631E-32 
 0.0000002981                1.86123E-32 
 0.00000029811               1.84853E-32 
 0.00000029812               1.84089E-32 
 0.00000029813               1.83242E-32 
 0.00000029814               1.81826E-32 
 0.00000029815               1.79934E-32 
 0.00000029816               1.7785E-32 
 0.00000029817               1.75848E-32 
 0.00000029818               1.74051E-32 
 0.00000029819               1.71911E-32 
 0.0000002982                1.67733E-32 
 0.00000029821               1.58439E-32 
 0.00000029822               1.41454E-32 
 0.00000029823               1.19345E-32 
 0.00000029824               1.00459E-32 
 0.00000029825               9.24229E-33 
 0.00000029826               9.78854E-33 
 0.00000029827               1.14608E-32 
 0.00000029828               1.35207E-32 
 0.00000029829               1.50741E-32 
 0.0000002983                1.57851E-32 
 0.00000029831               1.59192E-32 
 0.00000029832               1.58576E-32 
 0.00000029833               1.58046E-32 
 0.00000029834               1.57644E-32 
 0.00000029835               1.56457E-32 
 0.00000029836               1.53944E-32 
 0.00000029837               1.51207E-32 
 0.00000029838               1.49391E-32 
 0.00000029839               1.42881E-32 
 0.0000002984                1.11965E-32 
 0.00000029841               4.61955E-33 
 0.00000029842               4.75531E-34 
 0.00000029843               8.02628E-36 
 0.00000029844               6.76268E-38 
 0.00000029845               4.20709E-39 
 0.00000029846               1.38134E-38 
 0.00000029847               9.53749E-37 
 0.00000029848               8.96604E-35 
 0.00000029849               1.80364E-33 
 0.0000002985                7.19273E-33 
 0.00000029851               1.15323E-32 
 0.00000029852               1.30906E-32 
 0.00000029853               1.34983E-32 
 0.00000029854               1.36015E-32 
 0.00000029855               1.35881E-32 
 0.00000029856               1.35014E-32 
 0.00000029857               1.33338E-32 
 0.00000029858               1.29987E-32 
 0.00000029859               1.24186E-32 
 0.0000002986                1.17163E-32 
 0.00000029861               1.12793E-32 
 0.00000029862               1.12862E-32 
 0.00000029863               1.16904E-32 
 0.00000029864               1.21329E-32 
 0.00000029865               1.23248E-32 
 0.00000029866               1.2274E-32 
 0.00000029867               1.21134E-32 
 0.00000029868               1.18185E-32 
 0.00000029869               1.13456E-32 
 0.0000002987                1.08728E-32 
 0.00000029871               1.06617E-32 
 0.00000029872               1.08006E-32 
 0.00000029873               1.1124E-32 
 0.00000029874               1.13543E-32 
 0.00000029875               1.13698E-32 
 0.00000029876               1.12966E-32 
 0.00000029877               1.12683E-32 
 0.00000029878               1.11752E-32 
 0.00000029879               1.06666E-32 
 0.0000002988                9.48994E-33 
 0.00000029881               8.13946E-33 
 0.00000029882               7.59366E-33 
 0.00000029883               8.21835E-33 
 0.00000029884               9.43626E-33 
 0.00000029885               1.03332E-32 
 0.00000029886               1.06612E-32 
 0.00000029887               1.06986E-32 
 0.00000029888               1.0646E-32 
 0.00000029889               1.0553E-32 
 0.0000002989                1.0424E-32 
 0.00000029891               1.02873E-32 
 0.00000029892               1.01947E-32 
 0.00000029893               1.01423E-32 
 0.00000029894               1.00607E-32 
 0.00000029895               9.89375E-33 
 0.00000029896               9.65604E-33 
 0.00000029897               9.45863E-33 
 0.00000029898               9.42212E-33 
 0.00000029899               9.52953E-33 
 0.000000299   9.65059E-33 
 0.00000029901               9.69307E-33 
 0.00000029902               9.65154E-33 
 0.00000029903               9.54713E-33 
 0.00000029904               9.39787E-33 
 0.00000029905               9.23723E-33 
 0.00000029906               9.11314E-33 
 0.00000029907               9.04326E-33 
 0.00000029908               8.97714E-33 
 0.00000029909               8.84209E-33 
 0.0000002991                8.64313E-33 
 0.00000029911               8.47261E-33 
 0.00000029912               8.34395E-33 
 0.00000029913               8.00229E-33 
 0.00000029914               7.29564E-33 
 0.00000029915               6.84317E-33 
 0.00000029916               7.21905E-33 
 0.00000029917               7.97355E-33 
 0.00000029918               8.3857E-33 
 0.00000029919               8.44029E-33 
 0.0000002992                8.38097E-33 
 0.00000029921               8.3095E-33 
 0.00000029922               8.24112E-33 
 0.00000029923               8.14543E-33 
 0.00000029924               7.93582E-33 
 0.00000029925               7.4826E-33 
 0.00000029926               6.7542E-33 
 0.00000029927               6.01974E-33 
 0.00000029928               5.69909E-33 
 0.00000029929               5.97179E-33 
 0.0000002993                6.63108E-33 
 0.00000029931               7.24636E-33 
 0.00000029932               7.55613E-33 
 0.00000029933               7.53735E-33 
 0.00000029934               6.96905E-33 
 0.00000029935               5.74579E-33 
 0.00000029936               4.97403E-33 
 0.00000029937               5.52337E-33 
 0.00000029938               6.65989E-33 
 0.00000029939               7.22674E-33 
 0.0000002994                7.30045E-33 
 0.00000029941               7.24251E-33 
 0.00000029942               7.035E-33 
 0.00000029943               6.25499E-33 
 0.00000029944               4.52954E-33 
 0.00000029945               2.72432E-33 
 0.00000029946               1.59572E-33 
 0.00000029947               7.37287E-34 
 0.00000029948               1.69237E-34 
 0.00000029949               2.41539E-35 
 0.0000002995                6.16212E-36 
 0.00000029951               7.27035E-36 
 0.00000029952               3.70774E-35 
 0.00000029953               3.07411E-34 
 0.00000029954               1.60167E-33 
 0.00000029955               3.92708E-33 
 0.00000029956               5.61411E-33 
 0.00000029957               6.24336E-33 
 0.00000029958               6.37398E-33 
 0.00000029959               6.36137E-33 
 0.0000002996                6.31901E-33 
 0.00000029961               6.27197E-33 
 0.00000029962               6.2246E-33 
 0.00000029963               6.17736E-33 
 0.00000029964               6.12993E-33 
 0.00000029965               6.07876E-33 
 0.00000029966               6.02399E-33 
 0.00000029967               5.95515E-33 
 0.00000029968               5.77832E-33 
 0.00000029969               5.49577E-33 
 0.0000002997                5.52486E-33 
 0.00000029971               5.71863E-33 
 0.00000029972               5.73129E-33 
 0.00000029973               5.64974E-33 
 0.00000029974               5.53892E-33 
 0.00000029975               5.4222E-33 
 0.00000029976               5.32711E-33 
 0.00000029977               5.27675E-33 
 0.00000029978               5.27519E-33 
 0.00000029979               5.30014E-33 
 0.0000002998                5.31233E-33 
 0.00000029981               5.28544E-33 
 0.00000029982               5.22597E-33 
 0.00000029983               5.15474E-33 
 0.00000029984               5.08849E-33 
 0.00000029985               5.04369E-33 
 0.00000029986               5.02684E-33 
 0.00000029987               5.02483E-33 
 0.00000029988               5.02182E-33 
 0.00000029989               5.01185E-33 
 0.0000002999                4.99891E-33 
 0.00000029991               4.98268E-33 
 0.00000029992               4.95709E-33 
 0.00000029993               4.91064E-33 
 0.00000029994               4.82285E-33 
 0.00000029995               4.66265E-33 
 0.00000029996               4.40348E-33 
 0.00000029997               4.05819E-33 
 0.00000029998               3.7017E-33 
 0.00000029999               3.44023E-33 
 0.0000003     3.34467E-33 
