 0.000000294   0.000000000047901 
 0.00000029401               4.01719E-11 
 0.00000029402               3.97766E-11 
 0.00000029403               4.72544E-11 
 0.00000029404               0.000000000055111 
 0.00000029405               5.78562E-11 
 0.00000029406               5.72121E-11 
 0.00000029407               0.000000000055634 
 0.00000029408               5.42317E-11 
 0.00000029409               0.00000000005353 
 0.0000002941                5.34855E-11 
 0.00000029411               5.35073E-11 
 0.00000029412               0.000000000053149 
 0.00000029413               0.000000000052682 
 0.00000029414               5.26759E-11 
 0.00000029415               5.32717E-11 
 0.00000029416               5.40615E-11 
 0.00000029417               5.46483E-11 
 0.00000029418               5.53501E-11 
 0.00000029419               0.000000000056267 
 0.0000002942                5.68642E-11 
 0.00000029421               5.66825E-11 
 0.00000029422               5.55747E-11 
 0.00000029423               0.000000000053614 
 0.00000029424               5.12051E-11 
 0.00000029425               4.90757E-11 
 0.00000029426               4.79612E-11 
 0.00000029427               4.81789E-11 
 0.00000029428               4.94431E-11 
 0.00000029429               5.10669E-11 
 0.0000002943                5.23993E-11 
 0.00000029431               5.30782E-11 
 0.00000029432               5.24563E-11 
 0.00000029433               4.86076E-11 
 0.00000029434               4.18921E-11 
 0.00000029435               3.89516E-11 
 0.00000029436               4.37555E-11 
 0.00000029437               5.13377E-11 
 0.00000029438               0.000000000055238 
 0.00000029439               5.59467E-11 
 0.0000002944                0.000000000055756 
 0.00000029441               5.55204E-11 
 0.00000029442               5.54271E-11 
 0.00000029443               5.53726E-11 
 0.00000029444               5.51866E-11 
 0.00000029445               5.48786E-11 
 0.00000029446               5.46227E-11 
 0.00000029447               5.45569E-11 
 0.00000029448               5.46381E-11 
 0.00000029449               5.47262E-11 
 0.0000002945                5.47263E-11 
 0.00000029451               5.45956E-11 
 0.00000029452               5.42931E-11 
 0.00000029453               5.37892E-11 
 0.00000029454               5.30209E-11 
 0.00000029455               5.21533E-11 
 0.00000029456               5.18328E-11 
 0.00000029457               5.20023E-11 
 0.00000029458               5.17575E-11 
 0.00000029459               5.15487E-11 
 0.0000002946                5.21875E-11 
 0.00000029461               5.28686E-11 
 0.00000029462               5.25791E-11 
 0.00000029463               5.08739E-11 
 0.00000029464               4.81123E-11 
 0.00000029465               4.58029E-11 
 0.00000029466               4.48962E-11 
 0.00000029467               4.47356E-11 
 0.00000029468               4.50562E-11 
 0.00000029469               4.68531E-11 
 0.0000002947                4.94805E-11 
 0.00000029471               5.11637E-11 
 0.00000029472               5.17374E-11 
 0.00000029473               0.000000000051872 
 0.00000029474               5.18731E-11 
 0.00000029475               5.17842E-11 
 0.00000029476               5.16015E-11 
 0.00000029477               5.13282E-11 
 0.00000029478               5.09923E-11 
 0.00000029479               5.06586E-11 
 0.0000002948                5.04144E-11 
 0.00000029481               5.03151E-11 
 0.00000029482               5.03509E-11 
 0.00000029483               5.04452E-11 
 0.00000029484               5.05075E-11 
 0.00000029485               5.04905E-11 
 0.00000029486               5.04036E-11 
 0.00000029487               5.02712E-11 
 0.00000029488               5.00659E-11 
 0.00000029489               4.97001E-11 
 0.0000002949                4.91179E-11 
 0.00000029491               4.83531E-11 
 0.00000029492               4.75039E-11 
 0.00000029493               4.68698E-11 
 0.00000029494               4.69233E-11 
 0.00000029495               4.76722E-11 
 0.00000029496               0.000000000048421 
 0.00000029497               4.84629E-11 
 0.00000029498               4.75206E-11 
 0.00000029499               4.57348E-11 
 0.000000295   4.38179E-11 
 0.00000029501               4.27724E-11 
 0.00000029502               4.30671E-11 
 0.00000029503               4.43195E-11 
 0.00000029504               4.57836E-11 
 0.00000029505               4.69246E-11 
 0.00000029506               4.75792E-11 
 0.00000029507               4.78259E-11 
 0.00000029508               4.78281E-11 
 0.00000029509               0.000000000047732 
 0.0000002951                4.76002E-11 
 0.00000029511               4.74542E-11 
 0.00000029512               4.72925E-11 
 0.00000029513               4.71601E-11 
 0.00000029514               4.70823E-11 
 0.00000029515               4.69975E-11 
 0.00000029516               4.68129E-11 
 0.00000029517               4.64379E-11 
 0.00000029518               4.58226E-11 
 0.00000029519               4.50664E-11 
 0.0000002952                4.44409E-11 
 0.00000029521               4.42088E-11 
 0.00000029522               4.43953E-11 
 0.00000029523               0.000000000044781 
 0.00000029524               4.51232E-11 
 0.00000029525               4.53151E-11 
 0.00000029526               4.52988E-11 
 0.00000029527               4.49754E-11 
 0.00000029528               4.43583E-11 
 0.00000029529               4.37141E-11 
 0.0000002953                4.33192E-11 
 0.00000029531               4.31591E-11 
 0.00000029532               4.28425E-11 
 0.00000029533               4.15865E-11 
 0.00000029534               0.000000000039157 
 0.00000029535               3.71177E-11 
 0.00000029536               3.73739E-11 
 0.00000029537               3.98327E-11 
 0.00000029538               4.24614E-11 
 0.00000029539               4.38273E-11 
 0.0000002954                4.41367E-11 
 0.00000029541               4.39786E-11 
 0.00000029542               0.0000000000435 
 0.00000029543               4.19761E-11 
 0.00000029544               0.000000000037117 
 0.00000029545               2.54006E-11 
 0.00000029546               9.47306E-12 
 0.00000029547               1.1469E-12 
 0.00000029548               2.96794E-14 
 0.00000029549               2.03092E-16 
 0.0000002955                1.27248E-18 
 0.00000029551               5.05123E-20 
 0.00000029552               5.58614E-20 
 0.00000029553               1.63799E-18 
 0.00000029554               2.72136E-16 
 0.00000029555               3.75098E-14 
 0.00000029556               1.31422E-12 
 0.00000029557               9.9431E-12 
 0.00000029558               2.50133E-11 
 0.00000029559               3.48774E-11 
 0.0000002956                3.80531E-11 
 0.00000029561               3.85122E-11 
 0.00000029562               3.85868E-11 
 0.00000029563               3.88707E-11 
 0.00000029564               3.92183E-11 
 0.00000029565               3.93885E-11 
 0.00000029566               3.93246E-11 
 0.00000029567               3.91308E-11 
 0.00000029568               3.89495E-11 
 0.00000029569               0.000000000038885 
 0.0000002957                3.89692E-11 
 0.00000029571               0.000000000039166 
 0.00000029572               3.94141E-11 
 0.00000029573               3.96719E-11 
 0.00000029574               3.99162E-11 
 0.00000029575               4.01218E-11 
 0.00000029576               4.02651E-11 
 0.00000029577               4.03389E-11 
 0.00000029578               4.03406E-11 
 0.00000029579               0.000000000040189 
 0.0000002958                3.93867E-11 
 0.00000029581               3.60665E-11 
 0.00000029582               2.65628E-11 
 0.00000029583               1.17586E-11 
 0.00000029584               2.33211E-12 
 0.00000029585               2.3615E-13 
 0.00000029586               2.97065E-14 
 0.00000029587               1.51343E-14 
 0.00000029588               4.44474E-14 
 0.00000029589               3.2584E-13 
 0.0000002959                2.27818E-12 
 0.00000029591               1.01319E-11 
 0.00000029592               2.36922E-11 
 0.00000029593               3.15453E-11 
 0.00000029594               3.25643E-11 
 0.00000029595               3.05773E-11 
 0.00000029596               2.73739E-11 
 0.00000029597               2.56455E-11 
 0.00000029598               2.75422E-11 
 0.00000029599               3.21256E-11 
 0.000000296   3.60932E-11 
 0.00000029601               3.77831E-11 
 0.00000029602               3.81043E-11 
 0.00000029603               3.80487E-11 
 0.00000029604               3.79252E-11 
 0.00000029605               3.77555E-11 
 0.00000029606               3.75095E-11 
 0.00000029607               3.71715E-11 
 0.00000029608               3.67353E-11 
 0.00000029609               3.61861E-11 
 0.0000002961                0.000000000035512 
 0.00000029611               3.47887E-11 
 0.00000029612               3.42749E-11 
 0.00000029613               3.42281E-11 
 0.00000029614               0.000000000034601 
 0.00000029615               0.00000000003513 
 0.00000029616               3.56251E-11 
 0.00000029617               0.000000000036029 
 0.00000029618               3.63178E-11 
 0.00000029619               0.000000000036459 
 0.0000002962                3.64385E-11 
 0.00000029621               3.62732E-11 
 0.00000029622               3.60072E-11 
 0.00000029623               3.57199E-11 
 0.00000029624               3.55257E-11 
 0.00000029625               3.54825E-11 
 0.00000029626               0.000000000035494 
 0.00000029627               0.000000000035328 
 0.00000029628               3.48202E-11 
 0.00000029629               3.41597E-11 
 0.0000002963                3.35954E-11 
 0.00000029631               3.27131E-11 
 0.00000029632               3.07123E-11 
 0.00000029633               0.000000000028242 
 0.00000029634               2.74024E-11 
 0.00000029635               2.91148E-11 
 0.00000029636               3.19861E-11 
 0.00000029637               3.39785E-11 
 0.00000029638               3.45222E-11 
 0.00000029639               3.39255E-11 
 0.0000002964                3.18831E-11 
 0.00000029641               2.72729E-11 
 0.00000029642               1.95252E-11 
 0.00000029643               1.08218E-11 
 0.00000029644               4.72935E-12 
 0.00000029645               1.98133E-12 
 0.00000029646               1.10735E-12 
 0.00000029647               1.08242E-12 
 0.00000029648               1.8722E-12 
 0.00000029649               4.42971E-12 
 0.0000002965                1.02127E-11 
 0.00000029651               1.82785E-11 
 0.00000029652               2.38055E-11 
 0.00000029653               2.39781E-11 
 0.00000029654               2.19864E-11 
 0.00000029655               2.18856E-11 
 0.00000029656               2.43829E-11 
 0.00000029657               2.75641E-11 
 0.00000029658               2.95161E-11 
 0.00000029659               2.97462E-11 
 0.0000002966                2.86413E-11 
 0.00000029661               2.77495E-11 
 0.00000029662               2.79332E-11 
 0.00000029663               2.79249E-11 
 0.00000029664               2.74347E-11 
 0.00000029665               2.78183E-11 
 0.00000029666               2.92737E-11 
 0.00000029667               3.04758E-11 
 0.00000029668               3.05767E-11 
 0.00000029669               3.01946E-11 
 0.0000002967                3.03068E-11 
 0.00000029671               3.09947E-11 
 0.00000029672               3.16109E-11 
 0.00000029673               3.17836E-11 
 0.00000029674               3.16719E-11 
 0.00000029675               3.15229E-11 
 0.00000029676               3.14596E-11 
 0.00000029677               3.14982E-11 
 0.00000029678               3.15742E-11 
 0.00000029679               3.16128E-11 
 0.0000002968                3.15816E-11 
 0.00000029681               3.14884E-11 
 0.00000029682               3.13612E-11 
 0.00000029683               3.12366E-11 
 0.00000029684               3.11354E-11 
 0.00000029685               3.10487E-11 
 0.00000029686               3.09702E-11 
 0.00000029687               3.09228E-11 
 0.00000029688               0.000000000030913 
 0.00000029689               0.000000000030844 
 0.0000002969                3.00348E-11 
 0.00000029691               2.55259E-11 
 0.00000029692               1.51275E-11 
 0.00000029693               6.74348E-12 
 0.00000029694               4.41455E-12 
 0.00000029695               6.05162E-12 
 0.00000029696               1.15405E-11 
 0.00000029697               1.95743E-11 
 0.00000029698               2.55829E-11 
 0.00000029699               2.76434E-11 
 0.000000297   2.76261E-11 
 0.00000029701               2.70469E-11 
 0.00000029702               2.64596E-11 
 0.00000029703               2.61647E-11 
 0.00000029704               2.63059E-11 
 0.00000029705               2.66145E-11 
 0.00000029706               2.62495E-11 
 0.00000029707               2.41698E-11 
 0.00000029708               2.05416E-11 
 0.00000029709               1.73513E-11 
 0.0000002971                1.64766E-11 
 0.00000029711               1.83343E-11 
 0.00000029712               2.19378E-11 
 0.00000029713               2.53712E-11 
 0.00000029714               2.73602E-11 
 0.00000029715               2.79397E-11 
 0.00000029716               2.75263E-11 
 0.00000029717               2.63688E-11 
 0.00000029718               2.44353E-11 
 0.00000029719               2.12757E-11 
 0.0000002972                1.65277E-11 
 0.00000029721               1.09977E-11 
 0.00000029722               6.37361E-12 
 0.00000029723               3.55066E-12 
 0.00000029724               2.23268E-12 
 0.00000029725               1.85083E-12 
 0.00000029726               2.16525E-12 
 0.00000029727               3.37152E-12 
 0.00000029728               6.00037E-12 
 0.00000029729               0.000000000010316 
 0.0000002973                1.53322E-11 
 0.00000029731               1.93934E-11 
 0.00000029732               2.21552E-11 
 0.00000029733               2.43296E-11 
 0.00000029734               2.60748E-11 
 0.00000029735               2.71256E-11 
 0.00000029736               2.75144E-11 
 0.00000029737               2.75378E-11 
 0.00000029738               2.73456E-11 
 0.00000029739               2.70039E-11 
 0.0000002974                2.68123E-11 
 0.00000029741               2.68759E-11 
 0.00000029742               2.68758E-11 
 0.00000029743               2.67556E-11 
 0.00000029744               2.66819E-11 
 0.00000029745               2.66564E-11 
 0.00000029746               2.66124E-11 
 0.00000029747               2.65524E-11 
 0.00000029748               2.64969E-11 
 0.00000029749               2.64524E-11 
 0.0000002975                2.64245E-11 
 0.00000029751               0.000000000026412 
 0.00000029752               0.000000000026408 
 0.00000029753               2.64002E-11 
 0.00000029754               2.63743E-11 
 0.00000029755               2.63169E-11 
 0.00000029756               2.62341E-11 
 0.00000029757               2.61656E-11 
 0.00000029758               2.61432E-11 
 0.00000029759               2.61431E-11 
 0.0000002976                2.61198E-11 
 0.00000029761               2.60619E-11 
 0.00000029762               2.59685E-11 
 0.00000029763               2.57559E-11 
 0.00000029764               2.52741E-11 
 0.00000029765               2.48032E-11 
 0.00000029766               2.48335E-11 
 0.00000029767               2.52807E-11 
 0.00000029768               2.55269E-11 
 0.00000029769               2.54918E-11 
 0.0000002977                2.53734E-11 
 0.00000029771               2.52817E-11 
 0.00000029772               2.52354E-11 
 0.00000029773               2.51761E-11 
 0.00000029774               2.49659E-11 
 0.00000029775               2.42801E-11 
 0.00000029776               2.25176E-11 
 0.00000029777               0.00000000001963 
 0.00000029778               0.000000000017131 
 0.00000029779               1.66495E-11 
 0.0000002978                0.000000000018124 
 0.00000029781               2.00428E-11 
 0.00000029782               2.13157E-11 
 0.00000029783               2.22033E-11 
 0.00000029784               0.00000000002307 
 0.00000029785               2.38129E-11 
 0.00000029786               2.42655E-11 
 0.00000029787               2.44345E-11 
 0.00000029788               2.44212E-11 
 0.00000029789               2.43067E-11 
 0.0000002979                2.41164E-11 
 0.00000029791               2.38412E-11 
 0.00000029792               2.34775E-11 
 0.00000029793               2.30082E-11 
 0.00000029794               2.19847E-11 
 0.00000029795               0.000000000019267 
 0.00000029796               1.53297E-11 
 0.00000029797               1.33292E-11 
 0.00000029798               1.48717E-11 
 0.00000029799               0.000000000018165 
 0.000000298   1.94699E-11 
 0.00000029801               1.82766E-11 
 0.00000029802               1.69172E-11 
 0.00000029803               1.74831E-11 
 0.00000029804               1.97182E-11 
 0.00000029805               2.19631E-11 
 0.00000029806               2.31112E-11 
 0.00000029807               2.34188E-11 
 0.00000029808               2.34234E-11 
 0.00000029809               2.33608E-11 
 0.0000002981                2.32866E-11 
 0.00000029811               0.000000000023187 
 0.00000029812               2.30058E-11 
 0.00000029813               2.26433E-11 
 0.00000029814               2.20268E-11 
 0.00000029815               2.13897E-11 
 0.00000029816               2.11589E-11 
 0.00000029817               2.11575E-11 
 0.00000029818               2.13285E-11 
 0.00000029819               2.16661E-11 
 0.0000002982                2.20667E-11 
 0.00000029821               2.23797E-11 
 0.00000029822               2.25423E-11 
 0.00000029823               2.25842E-11 
 0.00000029824               2.25557E-11 
 0.00000029825               2.24926E-11 
 0.00000029826               2.24257E-11 
 0.00000029827               2.23555E-11 
 0.00000029828               2.21745E-11 
 0.00000029829               2.16945E-11 
 0.0000002983                2.10058E-11 
 0.00000029831               2.06816E-11 
 0.00000029832               2.09745E-11 
 0.00000029833               2.13905E-11 
 0.00000029834               2.15379E-11 
 0.00000029835               2.15003E-11 
 0.00000029836               2.14322E-11 
 0.00000029837               2.13947E-11 
 0.00000029838               2.13984E-11 
 0.00000029839               2.14283E-11 
 0.0000002984                0.000000000021462 
 0.00000029841               2.14833E-11 
 0.00000029842               2.14593E-11 
 0.00000029843               2.13049E-11 
 0.00000029844               2.09049E-11 
 0.00000029845               2.04168E-11 
 0.00000029846               2.02053E-11 
 0.00000029847               2.04176E-11 
 0.00000029848               2.07831E-11 
 0.00000029849               2.09965E-11 
 0.0000002985                2.10432E-11 
 0.00000029851               2.10494E-11 
 0.00000029852               2.10491E-11 
 0.00000029853               2.10054E-11 
 0.00000029854               2.08808E-11 
 0.00000029855               0.000000000020632 
 0.00000029856               2.01906E-11 
 0.00000029857               1.95031E-11 
 0.00000029858               1.86228E-11 
 0.00000029859               1.77714E-11 
 0.0000002986                1.72588E-11 
 0.00000029861               1.73385E-11 
 0.00000029862               0.000000000017909 
 0.00000029863               1.87623E-11 
 0.00000029864               1.95652E-11 
 0.00000029865               2.01008E-11 
 0.00000029866               2.03514E-11 
 0.00000029867               2.03977E-11 
 0.00000029868               2.02143E-11 
 0.00000029869               1.94502E-11 
 0.0000002987                0.000000000017665 
 0.00000029871               1.54747E-11 
 0.00000029872               1.45229E-11 
 0.00000029873               1.55682E-11 
 0.00000029874               0.000000000017643 
 0.00000029875               0.000000000019152 
 0.00000029876               1.96888E-11 
 0.00000029877               1.97685E-11 
 0.00000029878               1.97449E-11 
 0.00000029879               1.96702E-11 
 0.0000002988                0.000000000019516 
 0.00000029881               1.93351E-11 
 0.00000029882               1.92268E-11 
 0.00000029883               1.93372E-11 
 0.00000029884               1.93937E-11 
 0.00000029885               1.94607E-11 
 0.00000029886               1.94421E-11 
 0.00000029887               1.91995E-11 
 0.00000029888               1.85952E-11 
 0.00000029889               1.76977E-11 
 0.0000002989                1.69365E-11 
 0.00000029891               1.67827E-11 
 0.00000029892               1.72595E-11 
 0.00000029893               1.79682E-11 
 0.00000029894               1.85411E-11 
 0.00000029895               1.88697E-11 
 0.00000029896               1.89858E-11 
 0.00000029897               1.89411E-11 
 0.00000029898               1.87834E-11 
 0.00000029899               1.85749E-11 
 0.000000299   1.83942E-11 
 0.00000029901               1.82835E-11 
 0.00000029902               1.82109E-11 
 0.00000029903               1.81315E-11 
 0.00000029904               1.80574E-11 
 0.00000029905               0.000000000018014 
 0.00000029906               1.79864E-11 
 0.00000029907               1.79591E-11 
 0.00000029908               1.79459E-11 
 0.00000029909               1.79553E-11 
 0.0000002991                1.79652E-11 
 0.00000029911               1.79508E-11 
 0.00000029912               0.000000000017941 
 0.00000029913               1.79998E-11 
 0.00000029914               1.80974E-11 
 0.00000029915               1.80258E-11 
 0.00000029916               1.74213E-11 
 0.00000029917               1.64019E-11 
 0.00000029918               1.61017E-11 
 0.00000029919               1.68595E-11 
 0.0000002992                1.75765E-11 
 0.00000029921               1.77562E-11 
 0.00000029922               1.77147E-11 
 0.00000029923               1.76322E-11 
 0.00000029924               1.74155E-11 
 0.00000029925               1.65914E-11 
 0.00000029926               1.46653E-11 
 0.00000029927               1.20488E-11 
 0.00000029928               9.94724E-12 
 0.00000029929               8.75012E-12 
 0.0000002993                7.23392E-12 
 0.00000029931               4.3297E-12 
 0.00000029932               1.68873E-12 
 0.00000029933               5.58475E-13 
 0.00000029934               2.65189E-13 
 0.00000029935               2.752E-13 
 0.00000029936               6.13002E-13 
 0.00000029937               1.92022E-12 
 0.00000029938               5.27198E-12 
 0.00000029939               1.01147E-11 
 0.0000002994                1.39741E-11 
 0.00000029941               1.58431E-11 
 0.00000029942               1.64538E-11 
 0.00000029943               1.66104E-11 
 0.00000029944               1.66691E-11 
 0.00000029945               0.000000000016685 
 0.00000029946               1.66323E-11 
 0.00000029947               1.65099E-11 
 0.00000029948               1.63351E-11 
 0.00000029949               1.61559E-11 
 0.0000002995                1.60543E-11 
 0.00000029951               1.60822E-11 
 0.00000029952               1.62089E-11 
 0.00000029953               1.63469E-11 
 0.00000029954               1.64249E-11 
 0.00000029955               1.64236E-11 
 0.00000029956               1.63396E-11 
 0.00000029957               1.61179E-11 
 0.00000029958               1.55955E-11 
 0.00000029959               1.45732E-11 
 0.0000002996                1.31489E-11 
 0.00000029961               1.18971E-11 
 0.00000029962               1.13566E-11 
 0.00000029963               1.15234E-11 
 0.00000029964               1.20125E-11 
 0.00000029965               1.25108E-11 
 0.00000029966               1.28832E-11 
 0.00000029967               1.30479E-11 
 0.00000029968               1.30222E-11 
 0.00000029969               1.29039E-11 
 0.0000002997                1.28382E-11 
 0.00000029971               1.30138E-11 
 0.00000029972               1.34924E-11 
 0.00000029973               1.40992E-11 
 0.00000029974               1.44255E-11 
 0.00000029975               1.38514E-11 
 0.00000029976               1.16644E-11 
 0.00000029977               7.71783E-12 
 0.00000029978               3.54295E-12 
 0.00000029979               1.13526E-12 
 0.0000002998                3.48165E-13 
 0.00000029981               2.02877E-13 
 0.00000029982               4.08724E-13 
 0.00000029983               1.8016E-12 
 0.00000029984               5.95466E-12 
 0.00000029985               1.01367E-11 
 0.00000029986               1.12109E-11 
 0.00000029987               1.06701E-11 
 0.00000029988               1.04328E-11 
 0.00000029989               1.10381E-11 
 0.0000002999                1.20785E-11 
 0.00000029991               1.29604E-11 
 0.00000029992               1.34486E-11 
 0.00000029993               1.36258E-11 
 0.00000029994               1.36933E-11 
 0.00000029995               1.38437E-11 
 0.00000029996               1.41271E-11 
 0.00000029997               1.44314E-11 
 0.00000029998               1.46206E-11 
 0.00000029999               1.46282E-11 
 0.0000003     1.43501E-11 
