 0.000000294   8.29418E-91 
 0.00000029401               8.15804E-91 
 0.00000029402               7.98241E-91 
 0.00000029403               7.78737E-91 
 0.00000029404               7.57402E-91 
 0.00000029405               7.29672E-91 
 0.00000029406               6.89087E-91 
 0.00000029407               6.40815E-91 
 0.00000029408               6.05434E-91 
 0.00000029409               5.98984E-91 
 0.0000002941                6.14584E-91 
 0.00000029411               6.24945E-91 
 0.00000029412               5.97962E-91 
 0.00000029413               5.41267E-91 
 0.00000029414               5.21039E-91 
 0.00000029415               5.51964E-91 
 0.00000029416               5.75707E-91 
 0.00000029417               5.72144E-91 
 0.00000029418               5.59836E-91 
 0.00000029419               5.45554E-91 
 0.0000002942                5.29122E-91 
 0.00000029421               5.15197E-91 
 0.00000029422               5.08012E-91 
 0.00000029423               5.04006E-91 
 0.00000029424               4.97699E-91 
 0.00000029425               4.87711E-91 
 0.00000029426               4.75177E-91 
 0.00000029427               4.60825E-91 
 0.00000029428               4.44024E-91 
 0.00000029429               4.25845E-91 
 0.0000002943                4.12917E-91 
 0.00000029431               4.09866E-91 
 0.00000029432               4.10706E-91 
 0.00000029433               4.04718E-91 
 0.00000029434               3.64993E-91 
 0.00000029435               2.49449E-91 
 0.00000029436               1.48775E-91 
 0.00000029437               1.44749E-91 
 0.00000029438               1.47858E-91 
 0.00000029439               6.45502E-92 
 0.0000002944                2.26066E-92 
 0.00000029441               2.47591E-92 
 0.00000029442               7.4962E-92 
 0.00000029443               1.87882E-91 
 0.00000029444               2.66583E-91 
 0.00000029445               2.85979E-91 
 0.00000029446               2.85129E-91 
 0.00000029447               2.7989E-91 
 0.00000029448               2.75992E-91 
 0.00000029449               2.76181E-91 
 0.0000002945                2.76066E-91 
 0.00000029451               2.48594E-91 
 0.00000029452               4.43046E-92 
 0.00000029453               2.04729E-99 
 0.00000029454               6.72503E-140 
 0.00000029455               2.26283E-260 
 0.00000029456               0 
 0.00000029457               0 
 0.00000029458               0 
 0.00000029459               5.26338E-200 
 0.0000002946                1.91778E-116 
 0.00000029461               8.75152E-95 
 0.00000029462               1.08707E-91 
 0.00000029463               1.96702E-91 
 0.00000029464               2.03164E-91 
 0.00000029465               2.02882E-91 
 0.00000029466               2.02177E-91 
 0.00000029467               2.00651E-91 
 0.00000029468               1.97764E-91 
 0.00000029469               1.93662E-91 
 0.0000002947                1.88298E-91 
 0.00000029471               1.79854E-91 
 0.00000029472               1.61128E-91 
 0.00000029473               1.18595E-91 
 0.00000029474               5.89429E-92 
 0.00000029475               2.03254E-92 
 0.00000029476               8.5439E-93 
 0.00000029477               8.79082E-93 
 0.00000029478               2.13766E-92 
 0.00000029479               5.94348E-92 
 0.0000002948                1.10641E-91 
 0.00000029481               1.38369E-91 
 0.00000029482               1.41413E-91 
 0.00000029483               1.30786E-91 
 0.00000029484               1.09537E-91 
 0.00000029485               8.32325E-92 
 0.00000029486               6.27292E-92 
 0.00000029487               5.48668E-92 
 0.00000029488               6.0195E-92 
 0.00000029489               7.56837E-92 
 0.0000002949                9.36362E-92 
 0.00000029491               1.06294E-91 
 0.00000029492               1.12096E-91 
 0.00000029493               1.13113E-91 
 0.00000029494               1.11741E-91 
 0.00000029495               1.09523E-91 
 0.00000029496               1.06795E-91 
 0.00000029497               1.03356E-91 
 0.00000029498               9.89545E-92 
 0.00000029499               9.32591E-92 
 0.000000295   8.5982E-92 
 0.00000029501               7.72459E-92 
 0.00000029502               6.85293E-92 
 0.00000029503               6.23446E-92 
 0.00000029504               5.96707E-92 
 0.00000029505               5.84466E-92 
 0.00000029506               5.57444E-92 
 0.00000029507               5.18336E-92 
 0.00000029508               4.99058E-92 
 0.00000029509               5.22347E-92 
 0.0000002951                5.84735E-92 
 0.00000029511               6.59898E-92 
 0.00000029512               7.16251E-92 
 0.00000029513               7.40616E-92 
 0.00000029514               7.40837E-92 
 0.00000029515               7.29665E-92 
 0.00000029516               7.14454E-92 
 0.00000029517               6.97425E-92 
 0.00000029518               6.78856E-92 
 0.00000029519               6.58982E-92 
 0.0000002952                6.37868E-92 
 0.00000029521               6.13752E-92 
 0.00000029522               5.83071E-92 
 0.00000029523               5.43992E-92 
 0.00000029524               5.00636E-92 
 0.00000029525               4.61346E-92 
 0.00000029526               4.29754E-92 
 0.00000029527               4.03362E-92 
 0.00000029528               3.84868E-92 
 0.00000029529               3.82862E-92 
 0.0000002953                3.99015E-92 
 0.00000029531               4.2472E-92 
 0.00000029532               4.47866E-92 
 0.00000029533               4.61549E-92 
 0.00000029534               4.66609E-92 
 0.00000029535               4.66123E-92 
 0.00000029536               4.61581E-92 
 0.00000029537               4.52853E-92 
 0.00000029538               4.37912E-92 
 0.00000029539               4.13705E-92 
 0.0000002954                3.82303E-92 
 0.00000029541               3.55482E-92 
 0.00000029542               3.45652E-92 
 0.00000029543               3.52684E-92 
 0.00000029544               3.64034E-92 
 0.00000029545               3.68163E-92 
 0.00000029546               3.63751E-92 
 0.00000029547               3.54748E-92 
 0.00000029548               3.44298E-92 
 0.00000029549               3.34579E-92 
 0.0000002955                3.27535E-92 
 0.00000029551               3.23729E-92 
 0.00000029552               3.21609E-92 
 0.00000029553               3.19003E-92 
 0.00000029554               3.14946E-92 
 0.00000029555               3.09714E-92 
 0.00000029556               3.03827E-92 
 0.00000029557               2.97393E-92 
 0.00000029558               2.90024E-92 
 0.00000029559               2.81784E-92 
 0.0000002956                2.74356E-92 
 0.00000029561               2.69328E-92 
 0.00000029562               2.65658E-92 
 0.00000029563               2.61448E-92 
 0.00000029564               2.56409E-92 
 0.00000029565               2.51096E-92 
 0.00000029566               2.45748E-92 
 0.00000029567               2.40121E-92 
 0.00000029568               2.33092E-92 
 0.00000029569               2.21731E-92 
 0.0000002957                2.0189E-92 
 0.00000029571               1.7333E-92 
 0.00000029572               1.4456E-92 
 0.00000029573               1.27094E-92 
 0.00000029574               1.26462E-92 
 0.00000029575               1.40652E-92 
 0.00000029576               1.61097E-92 
 0.00000029577               1.76871E-92 
 0.00000029578               1.83256E-92 
 0.00000029579               1.82988E-92 
 0.0000002958                1.80068E-92 
 0.00000029581               1.76337E-92 
 0.00000029582               1.71939E-92 
 0.00000029583               1.66192E-92 
 0.00000029584               1.56791E-92 
 0.00000029585               1.36833E-92 
 0.00000029586               9.47197E-93 
 0.00000029587               3.72283E-93 
 0.00000029588               5.12616E-94 
 0.00000029589               1.5908E-95 
 0.0000002959                7.81728E-98 
 0.00000029591               5.25277E-101 
 0.00000029592               9.91728E-105 
 0.00000029593               3.56027E-108 
 0.00000029594               2.60135E-110 
 0.00000029595               1.57981E-110 
 0.00000029596               2.22404E-110 
 0.00000029597               5.76706E-123 
 0.00000029598               1.43882E-197 
 0.00000029599               0 
 0.000000296   0 
 0.00000029601               0 
 0.00000029602               0 
 0.00000029603               7.12794E-229 
 0.00000029604               8.57268E-122 
 0.00000029605               2.41831E-96 
 0.00000029606               5.53617E-93 
 0.00000029607               9.65229E-93 
 0.00000029608               9.5173E-93 
 0.00000029609               9.12498E-93 
 0.0000002961                8.79196E-93 
 0.00000029611               8.58941E-93 
 0.00000029612               8.54519E-93 
 0.00000029613               8.58307E-93 
 0.00000029614               8.55407E-93 
 0.00000029615               8.33998E-93 
 0.00000029616               7.91499E-93 
 0.00000029617               7.47483E-93 
 0.00000029618               7.27919E-93 
 0.00000029619               7.23638E-93 
 0.0000002962                7.06755E-93 
 0.00000029621               6.70964E-93 
 0.00000029622               6.23409E-93 
 0.00000029623               5.70553E-93 
 0.00000029624               5.20403E-93 
 0.00000029625               4.80865E-93 
 0.00000029626               4.53987E-93 
 0.00000029627               4.36449E-93 
 0.00000029628               4.25717E-93 
 0.00000029629               4.19552E-93 
 0.0000002963                4.1368E-93 
 0.00000029631               4.05771E-93 
 0.00000029632               3.98353E-93 
 0.00000029633               3.96937E-93 
 0.00000029634               4.06104E-93 
 0.00000029635               4.26183E-93 
 0.00000029636               4.52386E-93 
 0.00000029637               4.76908E-93 
 0.00000029638               4.93054E-93 
 0.00000029639               4.98382E-93 
 0.0000002964                4.94415E-93 
 0.00000029641               4.83271E-93 
 0.00000029642               4.65711E-93 
 0.00000029643               4.42669E-93 
 0.00000029644               4.18283E-93 
 0.00000029645               3.98857E-93 
 0.00000029646               3.88547E-93 
 0.00000029647               3.85984E-93 
 0.00000029648               3.86225E-93 
 0.00000029649               3.83567E-93 
 0.0000002965                3.73736E-93 
 0.00000029651               3.57782E-93 
 0.00000029652               3.43305E-93 
 0.00000029653               3.36263E-93 
 0.00000029654               3.29763E-93 
 0.00000029655               2.99679E-93 
 0.00000029656               2.15288E-93 
 0.00000029657               8.94347E-94 
 0.00000029658               1.22709E-94 
 0.00000029659               2.47684E-96 
 0.0000002966                3.24851E-99 
 0.00000029661               2.07775E-103 
 0.00000029662               1.56928E-108 
 0.00000029663               1.42098E-113 
 0.00000029664               3.66728E-117 
 0.00000029665               3.83276E-118 
 0.00000029666               3.48221E-116 
 0.00000029667               5.77107E-112 
 0.00000029668               7.0259E-107 
 0.00000029669               4.16166E-103 
 0.0000002967                9.94377E-107 
 0.00000029671               2.93837E-133 
 0.00000029672               8.55442E-193 
 0.00000029673               4.22476E-247 
 0.00000029674               3.28394E-235 
 0.00000029675               4.96736E-171 
 0.00000029676               1.36971E-118 
 0.00000029677               2.96629E-98 
 0.00000029678               5.56433E-94 
 0.00000029679               1.71893E-93 
 0.0000002968                1.74868E-93 
 0.00000029681               1.68386E-93 
 0.00000029682               1.69088E-93 
 0.00000029683               1.71484E-93 
 0.00000029684               1.71384E-93 
 0.00000029685               1.72896E-93 
 0.00000029686               1.76648E-93 
 0.00000029687               1.78493E-93 
 0.00000029688               1.77249E-93 
 0.00000029689               1.74248E-93 
 0.0000002969                1.70431E-93 
 0.00000029691               1.66188E-93 
 0.00000029692               1.62054E-93 
 0.00000029693               1.58541E-93 
 0.00000029694               1.55406E-93 
 0.00000029695               1.51931E-93 
 0.00000029696               1.48012E-93 
 0.00000029697               1.44435E-93 
 0.00000029698               1.41648E-93 
 0.00000029699               1.39056E-93 
 0.000000297   1.36153E-93 
 0.00000029701               1.33101E-93 
 0.00000029702               1.30079E-93 
 0.00000029703               1.26942E-93 
 0.00000029704               1.23529E-93 
 0.00000029705               1.20112E-93 
 0.00000029706               1.1726E-93 
 0.00000029707               1.15192E-93 
 0.00000029708               1.13607E-93 
 0.00000029709               1.12062E-93 
 0.0000002971                1.10295E-93 
 0.00000029711               1.08311E-93 
 0.00000029712               1.06198E-93 
 0.00000029713               1.03955E-93 
 0.00000029714               1.01691E-93 
 0.00000029715               9.95122E-94 
 0.00000029716               9.74425E-94 
 0.00000029717               9.53732E-94 
 0.00000029718               9.2693E-94 
 0.00000029719               8.62563E-94 
 0.0000002972                6.62831E-94 
 0.00000029721               3.07675E-94 
 0.00000029722               7.68941E-95 
 0.00000029723               2.18439E-95 
 0.00000029724               2.20172E-95 
 0.00000029725               7.61377E-95 
 0.00000029726               2.84774E-94 
 0.00000029727               5.67518E-94 
 0.00000029728               6.92688E-94 
 0.00000029729               7.07958E-94 
 0.0000002973                6.97352E-94 
 0.00000029731               6.77405E-94 
 0.00000029732               6.47214E-94 
 0.00000029733               6.19543E-94 
 0.00000029734               6.11319E-94 
 0.00000029735               6.17851E-94 
 0.00000029736               6.21318E-94 
 0.00000029737               6.15468E-94 
 0.00000029738               6.04688E-94 
 0.00000029739               5.92645E-94 
 0.0000002974                5.80497E-94 
 0.00000029741               5.68413E-94 
 0.00000029742               5.56428E-94 
 0.00000029743               5.44594E-94 
 0.00000029744               5.32987E-94 
 0.00000029745               5.21636E-94 
 0.00000029746               5.10467E-94 
 0.00000029747               4.99378E-94 
 0.00000029748               4.8835E-94 
 0.00000029749               4.77266E-94 
 0.0000002975                4.65534E-94 
 0.00000029751               4.51637E-94 
 0.00000029752               4.31562E-94 
 0.00000029753               3.93417E-94 
 0.00000029754               3.10155E-94 
 0.00000029755               1.65358E-94 
 0.00000029756               3.59513E-95 
 0.00000029757               1.3347E-96 
 0.00000029758               2.55785E-99 
 0.00000029759               8.3154E-104 
 0.0000002976                3.81928E-110 
 0.00000029761               1.2835E-117 
 0.00000029762               1.22986E-124 
 0.00000029763               3.27214E-129 
 0.00000029764               7.38549E-130 
 0.00000029765               2.3E-126 
 0.00000029766               6.6606E-120 
 0.00000029767               2.11012E-112 
 0.00000029768               1.24249E-105 
 0.00000029769               1.40891E-100 
 0.0000002977                2.26921E-97 
 0.00000029771               1.28138E-95 
 0.00000029772               8.624E-95 
 0.00000029773               1.87477E-94 
 0.00000029774               2.44563E-94 
 0.00000029775               2.61748E-94 
 0.00000029776               2.62235E-94 
 0.00000029777               2.57776E-94 
 0.00000029778               2.5228E-94 
 0.00000029779               2.46734E-94 
 0.0000002978                2.40948E-94 
 0.00000029781               2.33206E-94 
 0.00000029782               2.19676E-94 
 0.00000029783               1.97215E-94 
 0.00000029784               1.70214E-94 
 0.00000029785               1.49426E-94 
 0.00000029786               1.42243E-94 
 0.00000029787               1.48952E-94 
 0.00000029788               1.63228E-94 
 0.00000029789               1.73202E-94 
 0.0000002979                1.66913E-94 
 0.00000029791               1.38563E-94 
 0.00000029792               9.29485E-95 
 0.00000029793               4.74841E-95 
 0.00000029794               1.86787E-95 
 0.00000029795               6.6101E-96 
 0.00000029796               2.83499E-96 
 0.00000029797               2.00337E-96 
 0.00000029798               2.66494E-96 
 0.00000029799               5.88653E-96 
 0.000000298   1.59609E-95 
 0.00000029801               3.93164E-95 
 0.00000029802               7.46443E-95 
 0.00000029803               1.08008E-94 
 0.00000029804               1.2826E-94 
 0.00000029805               1.36086E-94 
 0.00000029806               1.3695E-94 
 0.00000029807               1.34758E-94 
 0.00000029808               1.28025E-94 
 0.00000029809               9.82254E-95 
 0.0000002981                4.44094E-95 
 0.00000029811               2.13312E-95 
 0.00000029812               3.18889E-95 
 0.00000029813               6.59657E-95 
 0.00000029814               7.23716E-95 
 0.00000029815               5.3474E-95 
 0.00000029816               3.91024E-95 
 0.00000029817               3.55107E-95 
 0.00000029818               4.21506E-95 
 0.00000029819               4.93124E-95 
 0.0000002982                3.65816E-96 
 0.00000029821               3.8962E-109 
 0.00000029822               1.02716E-186 
 0.00000029823               0 
 0.00000029824               0 
 0.00000029825               0 
 0.00000029826               0 
 0.00000029827               0 
 0.00000029828               1.30126E-188 
 0.00000029829               1.46069E-109 
 0.0000002983                3.38324E-96 
 0.00000029831               6.40522E-95 
 0.00000029832               7.36463E-95 
 0.00000029833               7.23481E-95 
 0.00000029834               7.07663E-95 
 0.00000029835               6.86831E-95 
 0.00000029836               6.45571E-95 
 0.00000029837               5.72836E-95 
 0.00000029838               5.004E-95 
 0.00000029839               4.81045E-95 
 0.0000002984                5.21309E-95 
 0.00000029841               5.75745E-95 
 0.00000029842               6.0494E-95 
 0.00000029843               6.10094E-95 
 0.00000029844               6.0379E-95 
 0.00000029845               5.92875E-95 
 0.00000029846               5.80258E-95 
 0.00000029847               5.66957E-95 
 0.00000029848               5.53383E-95 
 0.00000029849               5.40395E-95 
 0.0000002985                5.28833E-95 
 0.00000029851               5.18113E-95 
 0.00000029852               5.06716E-95 
 0.00000029853               4.91965E-95 
 0.00000029854               4.68072E-95 
 0.00000029855               4.30823E-95 
 0.00000029856               3.91149E-95 
 0.00000029857               3.71969E-95 
 0.00000029858               3.80796E-95 
 0.00000029859               4.00205E-95 
 0.0000002986                4.1122E-95 
 0.00000029861               4.11548E-95 
 0.00000029862               4.06091E-95 
 0.00000029863               3.97915E-95 
 0.00000029864               3.87861E-95 
 0.00000029865               3.7583E-95 
 0.00000029866               3.61269E-95 
 0.00000029867               3.43683E-95 
 0.00000029868               3.20457E-95 
 0.00000029869               2.91009E-95 
 0.0000002987                2.66866E-95 
 0.00000029871               2.63539E-95 
 0.00000029872               2.78535E-95 
 0.00000029873               2.94327E-95 
 0.00000029874               3.01029E-95 
 0.00000029875               2.99789E-95 
 0.00000029876               2.94406E-95 
 0.00000029877               2.8796E-95 
 0.00000029878               2.82189E-95 
 0.00000029879               2.77441E-95 
 0.0000002988                2.72896E-95 
 0.00000029881               2.6729E-95 
 0.00000029882               2.59813E-95 
 0.00000029883               2.50889E-95 
 0.00000029884               2.42222E-95 
 0.00000029885               2.3585E-95 
 0.00000029886               2.32515E-95 
 0.00000029887               2.30739E-95 
 0.00000029888               2.28461E-95 
 0.00000029889               2.25194E-95 
 0.0000002989                2.21025E-95 
 0.00000029891               2.14841E-95 
 0.00000029892               2.05833E-95 
 0.00000029893               1.96969E-95 
 0.00000029894               1.91889E-95 
 0.00000029895               1.86478E-95 
 0.00000029896               1.74805E-95 
 0.00000029897               1.61893E-95 
 0.00000029898               1.51376E-95 
 0.00000029899               1.25246E-95 
 0.000000299   6.48785E-96 
 0.00000029901               1.09039E-96 
 0.00000029902               1.79894E-98 
 0.00000029903               4.80313E-102 
 0.00000029904               3.03743E-108 
 0.00000029905               2.04782E-117 
 0.00000029906               9.42512E-129 
 0.00000029907               4.80664E-140 
 0.00000029908               2.73713E-148 
 0.00000029909               5.62468E-151 
 0.0000002991                2.72731E-147 
 0.00000029911               1.73577E-138 
 0.00000029912               3.08E-127 
 0.00000029913               2.24545E-116 
 0.00000029914               8.82938E-108 
 0.00000029915               5.24396E-102 
 0.00000029916               1.23269E-98 
 0.00000029917               6.69984E-97 
 0.00000029918               4.08838E-96 
 0.00000029919               8.24709E-96 
 0.0000002992                1.0249E-95 
 0.00000029921               1.06879E-95 
 0.00000029922               1.06626E-95 
 0.00000029923               1.05727E-95 
 0.00000029924               1.0431E-95 
 0.00000029925               1.02366E-95 
 0.00000029926               1.0012E-95 
 0.00000029927               9.72368E-96 
 0.00000029928               9.29497E-96 
 0.00000029929               8.70581E-96 
 0.0000002993                8.0927E-96 
 0.00000029931               7.6899E-96 
 0.00000029932               7.62788E-96 
 0.00000029933               7.81738E-96 
 0.00000029934               8.02851E-96 
 0.00000029935               8.09224E-96 
 0.00000029936               8.00999E-96 
 0.00000029937               7.86616E-96 
 0.00000029938               7.70273E-96 
 0.00000029939               7.51083E-96 
 0.0000002994                7.30611E-96 
 0.00000029941               7.14397E-96 
 0.00000029942               7.02258E-96 
 0.00000029943               6.87276E-96 
 0.00000029944               6.54576E-96 
 0.00000029945               5.45397E-96 
 0.00000029946               2.85269E-96 
 0.00000029947               6.31968E-97 
 0.00000029948               9.42335E-98 
 0.00000029949               4.633E-98 
 0.0000002995                1.55244E-97 
 0.00000029951               9.78686E-97 
 0.00000029952               2.99678E-96 
 0.00000029953               4.15911E-96 
 0.00000029954               4.1564E-96 
 0.00000029955               3.9733E-96 
 0.00000029956               3.90417E-96 
 0.00000029957               3.86294E-96 
 0.00000029958               3.81642E-96 
 0.00000029959               3.90519E-96 
 0.0000002996                4.16317E-96 
 0.00000029961               4.40446E-96 
 0.00000029962               4.49106E-96 
 0.00000029963               4.46E-96 
 0.00000029964               4.3835E-96 
 0.00000029965               4.29495E-96 
 0.00000029966               4.20301E-96 
 0.00000029967               4.1103E-96 
 0.00000029968               4.0162E-96 
 0.00000029969               3.91581E-96 
 0.0000002997                3.79836E-96 
 0.00000029971               3.65208E-96 
 0.00000029972               3.47471E-96 
 0.00000029973               3.24747E-96 
 0.00000029974               2.91357E-96 
 0.00000029975               2.58464E-96 
 0.00000029976               2.57056E-96 
 0.00000029977               2.85437E-96 
 0.00000029978               3.07172E-96 
 0.00000029979               3.09635E-96 
 0.0000002998                3.03404E-96 
 0.00000029981               2.92866E-96 
 0.00000029982               2.7704E-96 
 0.00000029983               2.57232E-96 
 0.00000029984               2.40041E-96 
 0.00000029985               2.32638E-96 
 0.00000029986               2.36154E-96 
 0.00000029987               2.44559E-96 
 0.00000029988               2.50353E-96 
 0.00000029989               2.50655E-96 
 0.0000002999                2.46766E-96 
 0.00000029991               2.40059E-96 
 0.00000029992               2.30492E-96 
 0.00000029993               2.18556E-96 
 0.00000029994               2.07255E-96 
 0.00000029995               2.0004E-96 
 0.00000029996               1.9635E-96 
 0.00000029997               1.91767E-96 
 0.00000029998               1.83689E-96 
 0.00000029999               1.7389E-96 
 0.0000003     1.67337E-96 
