 0.000000294   8.01391E-106 
 0.00000029401               8.34655E-106 
 0.00000029402               8.37077E-106 
 0.00000029403               8.22774E-106 
 0.00000029404               8.03354E-106 
 0.00000029405               7.83004E-106 
 0.00000029406               7.60786E-106 
 0.00000029407               7.34037E-106 
 0.00000029408               7.0518E-106 
 0.00000029409               6.83616E-106 
 0.0000002941                6.73615E-106 
 0.00000029411               6.68156E-106 
 0.00000029412               6.58233E-106 
 0.00000029413               6.44266E-106 
 0.00000029414               6.28806E-106 
 0.00000029415               6.13386E-106 
 0.00000029416               5.98436E-106 
 0.00000029417               5.84156E-106 
 0.00000029418               5.70261E-106 
 0.00000029419               5.56292E-106 
 0.0000002942                5.41647E-106 
 0.00000029421               5.24656E-106 
 0.00000029422               5.00813E-106 
 0.00000029423               4.59836E-106 
 0.00000029424               3.88361E-106 
 0.00000029425               2.93034E-106 
 0.00000029426               2.11419E-106 
 0.00000029427               1.73222E-106 
 0.00000029428               1.82978E-106 
 0.00000029429               2.35235E-106 
 0.0000002943                3.08617E-106 
 0.00000029431               3.65769E-106 
 0.00000029432               3.89389E-106 
 0.00000029433               3.9057E-106 
 0.00000029434               3.83366E-106 
 0.00000029435               3.73764E-106 
 0.00000029436               3.61042E-106 
 0.00000029437               3.37122E-106 
 0.00000029438               2.87324E-106 
 0.00000029439               2.09967E-106 
 0.0000002944                1.3593E-106 
 0.00000029441               9.52868E-107 
 0.00000029442               9.13211E-107 
 0.00000029443               1.21119E-106 
 0.00000029444               1.77146E-106 
 0.00000029445               2.29784E-106 
 0.00000029446               2.51592E-106 
 0.00000029447               2.45473E-106 
 0.00000029448               2.24141E-106 
 0.00000029449               1.92671E-106 
 0.0000002945                1.49159E-106 
 0.00000029451               9.21288E-107 
 0.00000029452               3.7732E-107 
 0.00000029453               9.83102E-108 
 0.00000029454               2.40932E-108 
 0.00000029455               1.14865E-108 
 0.00000029456               1.62825E-108 
 0.00000029457               4.84065E-108 
 0.00000029458               1.13634E-107 
 0.00000029459               1.69847E-108 
 0.0000002946                1.31111E-115 
 0.00000029461               1.27558E-149 
 0.00000029462               4.56901E-269 
 0.00000029463               0 
 0.00000029464               0 
 0.00000029465               0 
 0.00000029466               0 
 0.00000029467               0 
 0.00000029468               0 
 0.00000029469               0 
 0.0000002947                0 
 0.00000029471               8.67721E-289 
 0.00000029472               6.92917E-156 
 0.00000029473               5.43522E-117 
 0.00000029474               6.01584E-109 
 0.00000029475               1.23149E-108 
 0.00000029476               1.79535E-109 
 0.00000029477               2.5587E-109 
 0.00000029478               3.36723E-108 
 0.00000029479               3.34802E-107 
 0.0000002948                8.94241E-107 
 0.00000029481               1.11224E-106 
 0.00000029482               1.08754E-106 
 0.00000029483               9.63202E-107 
 0.00000029484               8.30335E-107 
 0.00000029485               7.94473E-107 
 0.00000029486               8.6084E-107 
 0.00000029487               9.33947E-107 
 0.00000029488               9.52118E-107 
 0.00000029489               9.42774E-107 
 0.0000002949                9.32353E-107 
 0.00000029491               9.13554E-107 
 0.00000029492               8.68059E-107 
 0.00000029493               7.82181E-107 
 0.00000029494               6.69674E-107 
 0.00000029495               5.78987E-107 
 0.00000029496               5.50624E-107 
 0.00000029497               5.86245E-107 
 0.00000029498               6.52879E-107 
 0.00000029499               7.05155E-107 
 0.000000295   7.15868E-107 
 0.00000029501               6.72697E-107 
 0.00000029502               5.62245E-107 
 0.00000029503               4.1248E-107 
 0.00000029504               3.03603E-107 
 0.00000029505               2.81067E-107 
 0.00000029506               3.43189E-107 
 0.00000029507               4.54607E-107 
 0.00000029508               5.44493E-107 
 0.00000029509               5.78606E-107 
 0.0000002951                5.78017E-107 
 0.00000029511               5.65918E-107 
 0.00000029512               5.513E-107 
 0.00000029513               5.36367E-107 
 0.00000029514               5.21626E-107 
 0.00000029515               5.06977E-107 
 0.00000029516               4.92521E-107 
 0.00000029517               4.79142E-107 
 0.00000029518               4.675E-107 
 0.00000029519               4.55971E-107 
 0.0000002952                4.40461E-107 
 0.00000029521               4.15614E-107 
 0.00000029522               3.76651E-107 
 0.00000029523               3.24765E-107 
 0.00000029524               2.71488E-107 
 0.00000029525               2.31009E-107 
 0.00000029526               2.10607E-107 
 0.00000029527               2.115E-107 
 0.00000029528               2.31235E-107 
 0.00000029529               2.6243E-107 
 0.0000002953                2.93423E-107 
 0.00000029531               3.14748E-107 
 0.00000029532               3.24012E-107 
 0.00000029533               3.23543E-107 
 0.00000029534               3.14844E-107 
 0.00000029535               2.91885E-107 
 0.00000029536               2.39916E-107 
 0.00000029537               1.59278E-107 
 0.00000029538               8.72869E-108 
 0.00000029539               5.14906E-108 
 0.0000002954                4.64659E-108 
 0.00000029541               6.82067E-108 
 0.00000029542               1.20154E-107 
 0.00000029543               1.82762E-107 
 0.00000029544               2.18796E-107 
 0.00000029545               2.23842E-107 
 0.00000029546               2.17449E-107 
 0.00000029547               2.12952E-107 
 0.00000029548               2.11866E-107 
 0.00000029549               2.09446E-107 
 0.0000002955                2.0203E-107 
 0.00000029551               1.89455E-107 
 0.00000029552               1.74151E-107 
 0.00000029553               1.59742E-107 
 0.00000029554               1.49972E-107 
 0.00000029555               1.47656E-107 
 0.00000029556               1.52657E-107 
 0.00000029557               1.60482E-107 
 0.00000029558               1.65375E-107 
 0.00000029559               1.64841E-107 
 0.0000002956                1.59578E-107 
 0.00000029561               1.50338E-107 
 0.00000029562               1.36349E-107 
 0.00000029563               1.1921E-107 
 0.00000029564               1.06035E-107 
 0.00000029565               1.02821E-107 
 0.00000029566               1.0794E-107 
 0.00000029567               1.14375E-107 
 0.00000029568               1.18206E-107 
 0.00000029569               1.20639E-107 
 0.0000002957                1.2225E-107 
 0.00000029571               1.22499E-107 
 0.00000029572               1.21542E-107 
 0.00000029573               1.19796E-107 
 0.00000029574               1.17543E-107 
 0.00000029575               1.1499E-107 
 0.00000029576               1.1227E-107 
 0.00000029577               1.09469E-107 
 0.00000029578               1.06673E-107 
 0.00000029579               1.03967E-107 
 0.0000002958                1.01382E-107 
 0.00000029581               9.8943E-108 
 0.00000029582               9.66216E-108 
 0.00000029583               9.43758E-108 
 0.00000029584               9.21623E-108 
 0.00000029585               8.99098E-108 
 0.00000029586               8.7493E-108 
 0.00000029587               8.49357E-108 
 0.00000029588               8.25777E-108 
 0.00000029589               8.04877E-108 
 0.0000002959                7.83996E-108 
 0.00000029591               7.63933E-108 
 0.00000029592               7.40747E-108 
 0.00000029593               6.86241E-108 
 0.00000029594               5.45296E-108 
 0.00000029595               3.46281E-108 
 0.00000029596               2.27051E-108 
 0.00000029597               2.3417E-108 
 0.00000029598               3.45925E-108 
 0.00000029599               3.92108E-108 
 0.000000296   1.37998E-108 
 0.00000029601               8.06561E-110 
 0.00000029602               6.82396E-111 
 0.00000029603               2.1998E-110 
 0.00000029604               5.07136E-109 
 0.00000029605               3.1591E-108 
 0.00000029606               4.96338E-108 
 0.00000029607               5.14324E-108 
 0.00000029608               5.0354E-108 
 0.00000029609               4.90715E-108 
 0.0000002961                4.77839E-108 
 0.00000029611               4.63141E-108 
 0.00000029612               4.11685E-108 
 0.00000029613               1.60406E-108 
 0.00000029614               1.39037E-110 
 0.00000029615               9.86651E-116 
 0.00000029616               9.17126E-121 
 0.00000029617               1.75253E-119 
 0.00000029618               1.17171E-113 
 0.00000029619               1.33677E-109 
 0.0000002962                2.29299E-108 
 0.00000029621               3.45973E-108 
 0.00000029622               3.48464E-108 
 0.00000029623               3.39754E-108 
 0.00000029624               3.31404E-108 
 0.00000029625               3.24009E-108 
 0.00000029626               3.17398E-108 
 0.00000029627               3.11213E-108 
 0.00000029628               3.04873E-108 
 0.00000029629               2.9776E-108 
 0.0000002963                2.89755E-108 
 0.00000029631               2.81653E-108 
 0.00000029632               2.74518E-108 
 0.00000029633               2.68224E-108 
 0.00000029634               2.61581E-108 
 0.00000029635               2.52193E-108 
 0.00000029636               2.34632E-108 
 0.00000029637               2.0323E-108 
 0.00000029638               1.64123E-108 
 0.00000029639               1.35726E-108 
 0.0000002964                1.29707E-108 
 0.00000029641               1.40523E-108 
 0.00000029642               1.40831E-108 
 0.00000029643               1.05208E-108 
 0.00000029644               6.05936E-109 
 0.00000029645               3.94842E-109 
 0.00000029646               4.27998E-109 
 0.00000029647               7.1041E-109 
 0.00000029648               1.19005E-108 
 0.00000029649               1.57142E-108 
 0.0000002965                1.70376E-108 
 0.00000029651               1.70242E-108 
 0.00000029652               1.66794E-108 
 0.00000029653               1.62979E-108 
 0.00000029654               1.59126E-108 
 0.00000029655               1.55124E-108 
 0.00000029656               1.50848E-108 
 0.00000029657               1.46019E-108 
 0.00000029658               1.40129E-108 
 0.00000029659               1.33323E-108 
 0.0000002966                1.27364E-108 
 0.00000029661               1.23856E-108 
 0.00000029662               1.2194E-108 
 0.00000029663               1.19773E-108 
 0.00000029664               1.16918E-108 
 0.00000029665               1.13928E-108 
 0.00000029666               1.11207E-108 
 0.00000029667               1.08838E-108 
 0.00000029668               1.0668E-108 
 0.00000029669               1.04334E-108 
 0.0000002967                1.01267E-108 
 0.00000029671               9.72193E-109 
 0.00000029672               9.25988E-109 
 0.00000029673               8.81383E-109 
 0.00000029674               8.4027E-109 
 0.00000029675               7.99103E-109 
 0.00000029676               7.57806E-109 
 0.00000029677               7.21437E-109 
 0.00000029678               6.89616E-109 
 0.00000029679               6.40056E-109 
 0.0000002968                5.21304E-109 
 0.00000029681               3.1936E-109 
 0.00000029682               1.41569E-109 
 0.00000029683               6.18584E-110 
 0.00000029684               4.58791E-110 
 0.00000029685               7.28876E-110 
 0.00000029686               1.73909E-109 
 0.00000029687               3.65725E-109 
 0.00000029688               5.40329E-109 
 0.00000029689               6.10835E-109 
 0.0000002969                6.17196E-109 
 0.00000029691               6.09356E-109 
 0.00000029692               6.01484E-109 
 0.00000029693               5.91881E-109 
 0.00000029694               5.7914E-109 
 0.00000029695               5.64116E-109 
 0.00000029696               5.47919E-109 
 0.00000029697               5.31416E-109 
 0.00000029698               5.14863E-109 
 0.00000029699               4.97412E-109 
 0.000000297   4.76962E-109 
 0.00000029701               4.50256E-109 
 0.00000029702               4.13414E-109 
 0.00000029703               3.65975E-109 
 0.00000029704               3.18074E-109 
 0.00000029705               2.87767E-109 
 0.00000029706               2.86397E-109 
 0.00000029707               3.10424E-109 
 0.00000029708               3.43399E-109 
 0.00000029709               3.67108E-109 
 0.0000002971                3.75489E-109 
 0.00000029711               3.73871E-109 
 0.00000029712               3.6804E-109 
 0.00000029713               3.60569E-109 
 0.00000029714               3.52215E-109 
 0.00000029715               3.43181E-109 
 0.00000029716               3.33648E-109 
 0.00000029717               3.23983E-109 
 0.00000029718               3.14749E-109 
 0.00000029719               3.06469E-109 
 0.0000002972                2.99267E-109 
 0.00000029721               2.92782E-109 
 0.00000029722               2.86409E-109 
 0.00000029723               2.79488E-109 
 0.00000029724               2.70918E-109 
 0.00000029725               2.59064E-109 
 0.00000029726               2.44662E-109 
 0.00000029727               2.33522E-109 
 0.00000029728               2.30496E-109 
 0.00000029729               2.32326E-109 
 0.0000002973                2.32075E-109 
 0.00000029731               2.27128E-109 
 0.00000029732               2.19215E-109 
 0.00000029733               2.09997E-109 
 0.00000029734               1.98637E-109 
 0.00000029735               1.85432E-109 
 0.00000029736               1.7441E-109 
 0.00000029737               1.69231E-109 
 0.00000029738               1.69028E-109 
 0.00000029739               1.68495E-109 
 0.0000002974                1.6468E-109 
 0.00000029741               1.62435E-109 
 0.00000029742               1.64354E-109 
 0.00000029743               1.65552E-109 
 0.00000029744               1.63178E-109 
 0.00000029745               1.58664E-109 
 0.00000029746               1.53356E-109 
 0.00000029747               1.47921E-109 
 0.00000029748               1.43616E-109 
 0.00000029749               1.40908E-109 
 0.0000002975                1.39247E-109 
 0.00000029751               1.3732E-109 
 0.00000029752               1.34673E-109 
 0.00000029753               1.3161E-109 
 0.00000029754               1.28454E-109 
 0.00000029755               1.25327E-109 
 0.00000029756               1.22246E-109 
 0.00000029757               1.19217E-109 
 0.00000029758               1.16242E-109 
 0.00000029759               1.13306E-109 
 0.0000002976                1.10367E-109 
 0.00000029761               1.07396E-109 
 0.00000029762               1.04436E-109 
 0.00000029763               1.01605E-109 
 0.00000029764               9.89682E-110 
 0.00000029765               9.6434E-110 
 0.00000029766               9.37882E-110 
 0.00000029767               9.08942E-110 
 0.00000029768               8.78873E-110 
 0.00000029769               8.50439E-110 
 0.0000002977                8.251E-110 
 0.00000029771               8.0305E-110 
 0.00000029772               7.8376E-110 
 0.00000029773               7.65879E-110 
 0.00000029774               7.47603E-110 
 0.00000029775               7.27526E-110 
 0.00000029776               7.05272E-110 
 0.00000029777               6.82522E-110 
 0.00000029778               6.65084E-110 
 0.00000029779               6.56563E-110 
 0.0000002978                6.48646E-110 
 0.00000029781               6.28679E-110 
 0.00000029782               5.91416E-110 
 0.00000029783               5.44285E-110 
 0.00000029784               5.07443E-110 
 0.00000029785               4.98482E-110 
 0.00000029786               5.13627E-110 
 0.00000029787               5.30746E-110 
 0.00000029788               5.34766E-110 
 0.00000029789               5.2764E-110 
 0.0000002979                5.1576E-110 
 0.00000029791               5.03004E-110 
 0.00000029792               4.90765E-110 
 0.00000029793               4.78385E-110 
 0.00000029794               4.6493E-110 
 0.00000029795               4.51196E-110 
 0.00000029796               4.35473E-110 
 0.00000029797               4.0456E-110 
 0.00000029798               3.36517E-110 
 0.00000029799               2.30428E-110 
 0.000000298   1.31363E-110 
 0.00000029801               7.75377E-111 
 0.00000029802               6.51634E-111 
 0.00000029803               8.69087E-111 
 0.00000029804               1.47068E-110 
 0.00000029805               2.31317E-110 
 0.00000029806               2.95994E-110 
 0.00000029807               3.22077E-110 
 0.00000029808               3.24476E-110 
 0.00000029809               3.20473E-110 
 0.0000002981                3.12659E-110 
 0.00000029811               3.04795E-110 
 0.00000029812               2.97236E-110 
 0.00000029813               2.89825E-110 
 0.00000029814               2.82401E-110 
 0.00000029815               2.74909E-110 
 0.00000029816               2.67313E-110 
 0.00000029817               2.59778E-110 
 0.00000029818               2.52754E-110 
 0.00000029819               2.46585E-110 
 0.0000002982                2.40974E-110 
 0.00000029821               2.35235E-110 
 0.00000029822               2.29026E-110 
 0.00000029823               2.22129E-110 
 0.00000029824               2.13974E-110 
 0.00000029825               2.05302E-110 
 0.00000029826               1.97811E-110 
 0.00000029827               1.90774E-110 
 0.00000029828               1.83118E-110 
 0.00000029829               1.75597E-110 
 0.0000002983                1.68912E-110 
 0.00000029831               1.63146E-110 
 0.00000029832               1.58707E-110 
 0.00000029833               1.56457E-110 
 0.00000029834               1.56589E-110 
 0.00000029835               1.57511E-110 
 0.00000029836               1.56719E-110 
 0.00000029837               1.53041E-110 
 0.00000029838               1.47562E-110 
 0.00000029839               1.42295E-110 
 0.0000002984                1.38496E-110 
 0.00000029841               1.35954E-110 
 0.00000029842               1.33405E-110 
 0.00000029843               1.3002E-110 
 0.00000029844               1.26237E-110 
 0.00000029845               1.22816E-110 
 0.00000029846               1.19831E-110 
 0.00000029847               1.16855E-110 
 0.00000029848               1.13535E-110 
 0.00000029849               1.09983E-110 
 0.0000002985                1.06598E-110 
 0.00000029851               1.03618E-110 
 0.00000029852               1.00843E-110 
 0.00000029853               9.74588E-111 
 0.00000029854               9.26867E-111 
 0.00000029855               8.67428E-111 
 0.00000029856               8.09481E-111 
 0.00000029857               7.68885E-111 
 0.00000029858               7.5248E-111 
 0.00000029859               7.51453E-111 
 0.0000002986                7.36864E-111 
 0.00000029861               6.65128E-111 
 0.00000029862               5.24215E-111 
 0.00000029863               3.79827E-111 
 0.00000029864               3.0673E-111 
 0.00000029865               3.25725E-111 
 0.00000029866               4.27241E-111 
 0.00000029867               5.61502E-111 
 0.00000029868               6.52908E-111 
 0.00000029869               6.81315E-111 
 0.0000002987                6.75267E-111 
 0.00000029871               6.5956E-111 
 0.00000029872               6.44081E-111 
 0.00000029873               6.29312E-111 
 0.00000029874               6.12283E-111 
 0.00000029875               5.89474E-111 
 0.00000029876               5.59317E-111 
 0.00000029877               5.2937E-111 
 0.00000029878               5.11907E-111 
 0.00000029879               5.06517E-111 
 0.0000002988                5.02328E-111 
 0.00000029881               4.9293E-111 
 0.00000029882               4.78401E-111 
 0.00000029883               4.61494E-111 
 0.00000029884               4.45612E-111 
 0.00000029885               4.32816E-111 
 0.00000029886               4.21953E-111 
 0.00000029887               4.08884E-111 
 0.00000029888               3.90797E-111 
 0.00000029889               3.71327E-111 
 0.0000002989                3.5813E-111 
 0.00000029891               3.53925E-111 
 0.00000029892               3.53634E-111 
 0.00000029893               3.51565E-111 
 0.00000029894               3.46403E-111 
 0.00000029895               3.37997E-111 
 0.00000029896               3.25884E-111 
 0.00000029897               3.11162E-111 
 0.00000029898               2.96134E-111 
 0.00000029899               2.82818E-111 
 0.000000299   2.72427E-111 
 0.00000029901               2.65337E-111 
 0.00000029902               2.60735E-111 
 0.00000029903               2.54058E-111 
 0.00000029904               2.29854E-111 
 0.00000029905               1.63422E-111 
 0.00000029906               7.16437E-112 
 0.00000029907               1.84671E-112 
 0.00000029908               4.65939E-113 
 0.00000029909               2.76815E-113 
 0.0000002991                5.68543E-113 
 0.00000029911               2.31154E-112 
 0.00000029912               7.8846E-112 
 0.00000029913               1.54371E-111 
 0.00000029914               1.9603E-111 
 0.00000029915               2.04427E-111 
 0.00000029916               2.01028E-111 
 0.00000029917               1.95873E-111 
 0.00000029918               1.90917E-111 
 0.00000029919               1.83075E-111 
 0.0000002992                1.69202E-111 
 0.00000029921               1.58092E-111 
 0.00000029922               1.55792E-111 
 0.00000029923               1.46392E-111 
 0.00000029924               1.26656E-111 
 0.00000029925               1.18823E-111 
 0.00000029926               1.30495E-111 
 0.00000029927               1.46402E-111 
 0.00000029928               1.52008E-111 
 0.00000029929               1.49093E-111 
 0.0000002993                1.42923E-111 
 0.00000029931               1.36974E-111 
 0.00000029932               1.33953E-111 
 0.00000029933               1.33268E-111 
 0.00000029934               1.32169E-111 
 0.00000029935               1.29686E-111 
 0.00000029936               1.26487E-111 
 0.00000029937               1.22992E-111 
 0.00000029938               1.19185E-111 
 0.00000029939               1.15324E-111 
 0.0000002994                1.11989E-111 
 0.00000029941               1.09341E-111 
 0.00000029942               1.06886E-111 
 0.00000029943               1.04207E-111 
 0.00000029944               1.01355E-111 
 0.00000029945               9.85178E-112 
 0.00000029946               9.59326E-112 
 0.00000029947               9.38378E-112 
 0.00000029948               9.20808E-112 
 0.00000029949               9.02312E-112 
 0.0000002995                8.81295E-112 
 0.00000029951               8.5894E-112 
 0.00000029952               8.36396E-112 
 0.00000029953               8.13252E-112 
 0.00000029954               7.83976E-112 
 0.00000029955               7.2854E-112 
 0.00000029956               6.09267E-112 
 0.00000029957               4.20088E-112 
 0.00000029958               2.42593E-112 
 0.00000029959               1.48738E-112 
 0.0000002996                1.33124E-112 
 0.00000029961               1.8484E-112 
 0.00000029962               3.03877E-112 
 0.00000029963               4.39702E-112 
 0.00000029964               5.15183E-112 
 0.00000029965               5.25698E-112 
 0.00000029966               5.08753E-112 
 0.00000029967               4.88075E-112 
 0.00000029968               4.70877E-112 
 0.00000029969               4.58778E-112 
 0.0000002997                4.51878E-112 
 0.00000029971               4.4897E-112 
 0.00000029972               4.4757E-112 
 0.00000029973               4.45926E-112 
 0.00000029974               4.43708E-112 
 0.00000029975               4.40881E-112 
 0.00000029976               4.36922E-112 
 0.00000029977               4.31222E-112 
 0.00000029978               4.23469E-112 
 0.00000029979               4.14031E-112 
 0.0000002998                4.03942E-112 
 0.00000029981               3.94025E-112 
 0.00000029982               3.84354E-112 
 0.00000029983               3.74857E-112 
 0.00000029984               3.63725E-112 
 0.00000029985               3.50233E-112 
 0.00000029986               3.34226E-112 
 0.00000029987               3.18546E-112 
 0.00000029988               3.0517E-112 
 0.00000029989               2.54803E-112 
 0.0000002999                5.09185E-113 
 0.00000029991               1.40807E-116 
 0.00000029992               1.33766E-125 
 0.00000029993               6.66928E-135 
 0.00000029994               2.11906E-133 
 0.00000029995               3.89131E-123 
 0.00000029996               2.2266E-115 
 0.00000029997               8.19829E-113 
 0.00000029998               2.18216E-112 
 0.00000029999               2.37307E-112 
 0.0000003     2.37376E-112 
