 0.000000294   0.000000000114459 
 0.00000029401               0.000000000113453 
 0.00000029402               0.000000000112814 
 0.00000029403               0.000000000110135 
 0.00000029404               9.60785E-11 
 0.00000029405               0.000000000057152 
 0.00000029406               1.30141E-11 
 0.00000029407               5.76727E-13 
 0.00000029408               5.46152E-15 
 0.00000029409               6.43409E-17 
 0.0000002941                1.34312E-17 
 0.00000029411               1.43858E-16 
 0.00000029412               1.52224E-14 
 0.00000029413               1.21255E-12 
 0.00000029414               1.86755E-11 
 0.00000029415               6.37217E-11 
 0.00000029416               9.52512E-11 
 0.00000029417               0.0000000001012 
 0.00000029418               0.000000000081024 
 0.00000029419               3.58824E-11 
 0.0000002942                1.30916E-11 
 0.00000029421               1.68101E-11 
 0.00000029422               5.08768E-11 
 0.00000029423               9.22034E-11 
 0.00000029424               0.000000000104172 
 0.00000029425               0.000000000105107 
 0.00000029426               0.000000000104274 
 0.00000029427               0.000000000103762 
 0.00000029428               0.00000000010443 
 0.00000029429               0.000000000105413 
 0.0000002943                0.000000000105601 
 0.00000029431               0.000000000105147 
 0.00000029432               0.000000000104677 
 0.00000029433               0.000000000104426 
 0.00000029434               0.000000000104206 
 0.00000029435               0.000000000103569 
 0.00000029436               0.00000000010188 
 0.00000029437               9.85146E-11 
 0.00000029438               0.000000000093367 
 0.00000029439               8.73141E-11 
 0.0000002944                8.20095E-11 
 0.00000029441               7.89105E-11 
 0.00000029442               7.83716E-11 
 0.00000029443               7.97115E-11 
 0.00000029444               8.23295E-11 
 0.00000029445               8.63736E-11 
 0.00000029446               9.16633E-11 
 0.00000029447               0.000000000096718 
 0.00000029448               9.99548E-11 
 0.00000029449               0.000000000101227 
 0.0000002945                0.000000000101331 
 0.00000029451               0.000000000100835 
 0.00000029452               9.99082E-11 
 0.00000029453               9.87289E-11 
 0.00000029454               9.76718E-11 
 0.00000029455               9.71679E-11 
 0.00000029456               9.73665E-11 
 0.00000029457               9.79673E-11 
 0.00000029458               9.84027E-11 
 0.00000029459               9.81449E-11 
 0.0000002946                9.70703E-11 
 0.00000029461               9.57776E-11 
 0.00000029462               9.52752E-11 
 0.00000029463               9.58779E-11 
 0.00000029464               9.67588E-11 
 0.00000029465               9.69638E-11 
 0.00000029466               9.64619E-11 
 0.00000029467               9.59497E-11 
 0.00000029468               9.59612E-11 
 0.00000029469               9.59887E-11 
 0.0000002947                9.34959E-11 
 0.00000029471               8.53757E-11 
 0.00000029472               0.000000000073262 
 0.00000029473               5.79749E-11 
 0.00000029474               3.93725E-11 
 0.00000029475               2.84137E-11 
 0.00000029476               3.19727E-11 
 0.00000029477               5.06903E-11 
 0.00000029478               0.000000000074182 
 0.00000029479               8.69069E-11 
 0.0000002948                9.01436E-11 
 0.00000029481               8.99407E-11 
 0.00000029482               8.85376E-11 
 0.00000029483               8.68913E-11 
 0.00000029484               8.60527E-11 
 0.00000029485               8.66147E-11 
 0.00000029486               8.78577E-11 
 0.00000029487               8.86545E-11 
 0.00000029488               8.95038E-11 
 0.00000029489               9.04096E-11 
 0.0000002949                8.95559E-11 
 0.00000029491               0.000000000086692 
 0.00000029492               8.35277E-11 
 0.00000029493               8.20106E-11 
 0.00000029494               8.30234E-11 
 0.00000029495               8.57321E-11 
 0.00000029496               8.84093E-11 
 0.00000029497               8.99651E-11 
 0.00000029498               9.03301E-11 
 0.00000029499               0.000000000089922 
 0.000000295   0.000000000089304 
 0.00000029501               8.89367E-11 
 0.00000029502               8.89082E-11 
 0.00000029503               8.90479E-11 
 0.00000029504               8.91795E-11 
 0.00000029505               8.91828E-11 
 0.00000029506               8.89793E-11 
 0.00000029507               8.84404E-11 
 0.00000029508               0.000000000087296 
 0.00000029509               8.54181E-11 
 0.0000002951                8.34637E-11 
 0.00000029511               8.26261E-11 
 0.00000029512               8.33061E-11 
 0.00000029513               8.45141E-11 
 0.00000029514               0.000000000084525 
 0.00000029515               7.81771E-11 
 0.00000029516               5.36502E-11 
 0.00000029517               2.58615E-11 
 0.00000029518               1.97428E-11 
 0.00000029519               3.63605E-11 
 0.0000002952                6.71004E-11 
 0.00000029521               8.23561E-11 
 0.00000029522               0.000000000085117 
 0.00000029523               8.55357E-11 
 0.00000029524               8.56164E-11 
 0.00000029525               8.54842E-11 
 0.00000029526               0.00000000008512 
 0.00000029527               8.44016E-11 
 0.00000029528               8.32031E-11 
 0.00000029529               8.16345E-11 
 0.0000002953                8.01805E-11 
 0.00000029531               7.94374E-11 
 0.00000029532               7.96438E-11 
 0.00000029533               8.03862E-11 
 0.00000029534               0.000000000080605 
 0.00000029535               7.90057E-11 
 0.00000029536               7.47383E-11 
 0.00000029537               6.77907E-11 
 0.00000029538               5.86628E-11 
 0.00000029539               4.84216E-11 
 0.0000002954                3.88513E-11 
 0.00000029541               3.16328E-11 
 0.00000029542               2.78276E-11 
 0.00000029543               2.80198E-11 
 0.00000029544               3.24961E-11 
 0.00000029545               4.08579E-11 
 0.00000029546               5.12027E-11 
 0.00000029547               0.000000000060397 
 0.00000029548               6.63607E-11 
 0.00000029549               6.98914E-11 
 0.0000002955                7.23303E-11 
 0.00000029551               7.32614E-11 
 0.00000029552               7.25421E-11 
 0.00000029553               7.14934E-11 
 0.00000029554               7.12921E-11 
 0.00000029555               7.14706E-11 
 0.00000029556               7.08123E-11 
 0.00000029557               6.95961E-11 
 0.00000029558               6.96347E-11 
 0.00000029559               7.17555E-11 
 0.0000002956                0.000000000074705 
 0.00000029561               0.000000000076796 
 0.00000029562               7.74565E-11 
 0.00000029563               7.68987E-11 
 0.00000029564               7.54771E-11 
 0.00000029565               7.37245E-11 
 0.00000029566               7.24142E-11 
 0.00000029567               0.000000000072137 
 0.00000029568               7.28121E-11 
 0.00000029569               7.37855E-11 
 0.0000002957                7.44441E-11 
 0.00000029571               7.46225E-11 
 0.00000029572               7.45113E-11 
 0.00000029573               7.42142E-11 
 0.00000029574               7.31103E-11 
 0.00000029575               7.04193E-11 
 0.00000029576               6.69967E-11 
 0.00000029577               6.53165E-11 
 0.00000029578               6.65618E-11 
 0.00000029579               6.90283E-11 
 0.0000002958                7.04697E-11 
 0.00000029581               7.06545E-11 
 0.00000029582               0.000000000070455 
 0.00000029583               7.06667E-11 
 0.00000029584               7.16813E-11 
 0.00000029585               7.28283E-11 
 0.00000029586               7.22395E-11 
 0.00000029587               6.59084E-11 
 0.00000029588               5.12379E-11 
 0.00000029589               3.78575E-11 
 0.0000002959                3.60551E-11 
 0.00000029591               4.50822E-11 
 0.00000029592               0.000000000056738 
 0.00000029593               6.48537E-11 
 0.00000029594               6.95321E-11 
 0.00000029595               7.15474E-11 
 0.00000029596               7.20224E-11 
 0.00000029597               7.19839E-11 
 0.00000029598               7.17772E-11 
 0.00000029599               7.14413E-11 
 0.000000296   7.09781E-11 
 0.00000029601               7.02977E-11 
 0.00000029602               6.92785E-11 
 0.00000029603               6.82924E-11 
 0.00000029604               6.81549E-11 
 0.00000029605               6.87091E-11 
 0.00000029606               6.88917E-11 
 0.00000029607               6.83076E-11 
 0.00000029608               6.75815E-11 
 0.00000029609               0.000000000067482 
 0.0000002961                6.80174E-11 
 0.00000029611               6.86681E-11 
 0.00000029612               6.91217E-11 
 0.00000029613               6.93375E-11 
 0.00000029614               6.93626E-11 
 0.00000029615               6.92647E-11 
 0.00000029616               6.91645E-11 
 0.00000029617               6.89547E-11 
 0.00000029618               6.87065E-11 
 0.00000029619               6.84107E-11 
 0.0000002962                6.80332E-11 
 0.00000029621               6.74917E-11 
 0.00000029622               6.66214E-11 
 0.00000029623               6.50958E-11 
 0.00000029624               6.24989E-11 
 0.00000029625               5.90524E-11 
 0.00000029626               5.62843E-11 
 0.00000029627               5.53639E-11 
 0.00000029628               0.000000000046786 
 0.00000029629               4.92205E-12 
 0.0000002963                2.39365E-18 
 0.00000029631               2.58854E-40 
 0.00000029632               6.99592E-79 
 0.00000029633               1.1225E-102 
 0.00000029634               2.83082E-83 
 0.00000029635               2.89008E-44 
 0.00000029636               6.47523E-20 
 0.00000029637               2.41783E-12 
 0.00000029638               4.75353E-11 
 0.00000029639               6.33728E-11 
 0.0000002964                6.40302E-11 
 0.00000029641               6.36779E-11 
 0.00000029642               6.33232E-11 
 0.00000029643               6.30277E-11 
 0.00000029644               6.30202E-11 
 0.00000029645               6.32727E-11 
 0.00000029646               6.33413E-11 
 0.00000029647               6.30914E-11 
 0.00000029648               6.25169E-11 
 0.00000029649               6.13976E-11 
 0.0000002965                5.98302E-11 
 0.00000029651               5.87159E-11 
 0.00000029652               0.000000000058946 
 0.00000029653               6.02251E-11 
 0.00000029654               0.000000000061519 
 0.00000029655               6.22606E-11 
 0.00000029656               6.25079E-11 
 0.00000029657               0.000000000062445 
 0.00000029658               6.21969E-11 
 0.00000029659               6.18788E-11 
 0.0000002966                6.16131E-11 
 0.00000029661               6.14769E-11 
 0.00000029662               6.14483E-11 
 0.00000029663               6.14186E-11 
 0.00000029664               6.13096E-11 
 0.00000029665               6.11852E-11 
 0.00000029666               6.11194E-11 
 0.00000029667               6.10925E-11 
 0.00000029668               6.10416E-11 
 0.00000029669               6.09322E-11 
 0.0000002967                6.07927E-11 
 0.00000029671               0.000000000060652 
 0.00000029672               6.05004E-11 
 0.00000029673               6.03235E-11 
 0.00000029674               6.01358E-11 
 0.00000029675               5.99568E-11 
 0.00000029676               5.97806E-11 
 0.00000029677               0.000000000059581 
 0.00000029678               5.93478E-11 
 0.00000029679               0.000000000058613 
 0.0000002968                4.91704E-11 
 0.00000029681               8.18769E-12 
 0.00000029682               6.09596E-16 
 0.00000029683               1.80731E-26 
 0.00000029684               8.95091E-37 
 0.00000029685               6.03315E-34 
 0.00000029686               6.05336E-22 
 0.00000029687               7.80694E-14 
 0.00000029688               1.94875E-11 
 0.00000029689               4.60778E-11 
 0.0000002969                5.23061E-11 
 0.00000029691               5.49934E-11 
 0.00000029692               0.000000000056401 
 0.00000029693               5.68975E-11 
 0.00000029694               5.67345E-11 
 0.00000029695               5.59136E-11 
 0.00000029696               5.42714E-11 
 0.00000029697               5.17896E-11 
 0.00000029698               4.87528E-11 
 0.00000029699               0.000000000045555 
 0.000000297   4.26162E-11 
 0.00000029701               4.05634E-11 
 0.00000029702               4.00578E-11 
 0.00000029703               4.12668E-11 
 0.00000029704               4.35691E-11 
 0.00000029705               4.59214E-11 
 0.00000029706               4.74606E-11 
 0.00000029707               4.79219E-11 
 0.00000029708               4.75441E-11 
 0.00000029709               4.68039E-11 
 0.0000002971                4.61862E-11 
 0.00000029711               4.59406E-11 
 0.00000029712               4.60057E-11 
 0.00000029713               4.62108E-11 
 0.00000029714               0.000000000046466 
 0.00000029715               4.67402E-11 
 0.00000029716               4.69631E-11 
 0.00000029717               4.70803E-11 
 0.00000029718               4.71354E-11 
 0.00000029719               4.72183E-11 
 0.0000002972                4.74857E-11 
 0.00000029721               4.81451E-11 
 0.00000029722               4.91221E-11 
 0.00000029723               5.00613E-11 
 0.00000029724               5.08445E-11 
 0.00000029725               0.000000000051507 
 0.00000029726               5.19287E-11 
 0.00000029727               5.21047E-11 
 0.00000029728               5.21171E-11 
 0.00000029729               5.15002E-11 
 0.0000002973                4.89433E-11 
 0.00000029731               0.000000000043126 
 0.00000029732               3.49541E-11 
 0.00000029733               2.80386E-11 
 0.00000029734               2.53444E-11 
 0.00000029735               2.71713E-11 
 0.00000029736               3.06829E-11 
 0.00000029737               3.11114E-11 
 0.00000029738               2.92594E-11 
 0.00000029739               2.81256E-11 
 0.0000002974                1.00653E-11 
 0.00000029741               2.0884E-15 
 0.00000029742               4.74258E-30 
 0.00000029743               1.27443E-59 
 0.00000029744               2.04603E-83 
 0.00000029745               6.87602E-74 
 0.00000029746               7.52417E-43 
 0.00000029747               2.02038E-20 
 0.00000029748               1.17944E-12 
 0.00000029749               3.24789E-11 
 0.0000002975                4.53552E-11 
 0.00000029751               4.68307E-11 
 0.00000029752               4.79715E-11 
 0.00000029753               4.85742E-11 
 0.00000029754               4.83549E-11 
 0.00000029755               4.75569E-11 
 0.00000029756               4.63696E-11 
 0.00000029757               4.49762E-11 
 0.00000029758               4.40039E-11 
 0.00000029759               4.42385E-11 
 0.0000002976                4.55584E-11 
 0.00000029761               4.69709E-11 
 0.00000029762               4.78189E-11 
 0.00000029763               4.81741E-11 
 0.00000029764               4.82873E-11 
 0.00000029765               4.82705E-11 
 0.00000029766               4.80599E-11 
 0.00000029767               4.73523E-11 
 0.00000029768               4.58193E-11 
 0.00000029769               4.39215E-11 
 0.0000002977                4.30023E-11 
 0.00000029771               4.37452E-11 
 0.00000029772               4.52944E-11 
 0.00000029773               4.64601E-11 
 0.00000029774               4.69718E-11 
 0.00000029775               4.71306E-11 
 0.00000029776               4.71249E-11 
 0.00000029777               4.69829E-11 
 0.00000029778               4.67407E-11 
 0.00000029779               4.64244E-11 
 0.0000002978                4.58818E-11 
 0.00000029781               4.48201E-11 
 0.00000029782               4.31357E-11 
 0.00000029783               4.11734E-11 
 0.00000029784               3.96252E-11 
 0.00000029785               3.91166E-11 
 0.00000029786               0.000000000039816 
 0.00000029787               0.000000000041343 
 0.00000029788               4.30071E-11 
 0.00000029789               4.42204E-11 
 0.0000002979                4.46867E-11 
 0.00000029791               4.40225E-11 
 0.00000029792               3.71461E-11 
 0.00000029793               1.62599E-11 
 0.00000029794               2.49041E-12 
 0.00000029795               8.76765E-13 
 0.00000029796               3.81132E-12 
 0.00000029797               0.000000000022073 
 0.00000029798               4.07164E-11 
 0.00000029799               4.45229E-11 
 0.000000298   4.46515E-11 
 0.00000029801               4.39779E-11 
 0.00000029802               4.24193E-11 
 0.00000029803               4.02418E-11 
 0.00000029804               3.84561E-11 
 0.00000029805               3.76733E-11 
 0.00000029806               3.76097E-11 
 0.00000029807               3.81066E-11 
 0.00000029808               3.91602E-11 
 0.00000029809               4.04205E-11 
 0.0000002981                4.15036E-11 
 0.00000029811               0.000000000042233 
 0.00000029812               4.25955E-11 
 0.00000029813               4.27129E-11 
 0.00000029814               4.27242E-11 
 0.00000029815               4.26574E-11 
 0.00000029816               4.25201E-11 
 0.00000029817               4.24202E-11 
 0.00000029818               4.24217E-11 
 0.00000029819               4.24647E-11 
 0.0000002982                0.000000000042476 
 0.00000029821               0.000000000042442 
 0.00000029822               0.000000000042396 
 0.00000029823               4.23576E-11 
 0.00000029824               4.23029E-11 
 0.00000029825               4.21836E-11 
 0.00000029826               4.19932E-11 
 0.00000029827               4.18335E-11 
 0.00000029828               0.000000000041792 
 0.00000029829               4.17937E-11 
 0.0000002983                4.17386E-11 
 0.00000029831               4.16134E-11 
 0.00000029832               4.13993E-11 
 0.00000029833               4.10678E-11 
 0.00000029834               4.06637E-11 
 0.00000029835               3.99464E-11 
 0.00000029836               0.000000000038408 
 0.00000029837               0.000000000036173 
 0.00000029838               3.27176E-11 
 0.00000029839               2.42385E-11 
 0.0000002984                1.15042E-11 
 0.00000029841               3.86553E-12 
 0.00000029842               1.88098E-12 
 0.00000029843               2.53789E-12 
 0.00000029844               7.18174E-12 
 0.00000029845               1.89418E-11 
 0.00000029846               3.13532E-11 
 0.00000029847               0.00000000003669 
 0.00000029848               3.74209E-11 
 0.00000029849               3.69782E-11 
 0.0000002985                0.000000000036654 
 0.00000029851               3.67876E-11 
 0.00000029852               3.73152E-11 
 0.00000029853               3.79782E-11 
 0.00000029854               3.85328E-11 
 0.00000029855               3.88681E-11 
 0.00000029856               3.89935E-11 
 0.00000029857               3.89451E-11 
 0.00000029858               3.86631E-11 
 0.00000029859               3.82013E-11 
 0.0000002986                3.77091E-11 
 0.00000029861               3.72542E-11 
 0.00000029862               3.68372E-11 
 0.00000029863               3.65641E-11 
 0.00000029864               3.64304E-11 
 0.00000029865               3.60097E-11 
 0.00000029866               3.47385E-11 
 0.00000029867               3.27375E-11 
 0.00000029868               3.10403E-11 
 0.00000029869               3.06309E-11 
 0.0000002987                3.16158E-11 
 0.00000029871               3.34433E-11 
 0.00000029872               3.53458E-11 
 0.00000029873               3.65854E-11 
 0.00000029874               3.68782E-11 
 0.00000029875               3.64586E-11 
 0.00000029876               3.59201E-11 
 0.00000029877               3.58942E-11 
 0.00000029878               3.63609E-11 
 0.00000029879               3.67861E-11 
 0.0000002988                3.69052E-11 
 0.00000029881               3.68042E-11 
 0.00000029882               3.65908E-11 
 0.00000029883               3.63132E-11 
 0.00000029884               3.60194E-11 
 0.00000029885               0.00000000003577 
 0.00000029886               3.56154E-11 
 0.00000029887               3.55747E-11 
 0.00000029888               3.56259E-11 
 0.00000029889               3.56913E-11 
 0.0000002989                3.56299E-11 
 0.00000029891               3.52437E-11 
 0.00000029892               3.41796E-11 
 0.00000029893               3.18608E-11 
 0.00000029894               2.75226E-11 
 0.00000029895               2.09481E-11 
 0.00000029896               1.44764E-11 
 0.00000029897               1.17101E-11 
 0.00000029898               1.38034E-11 
 0.00000029899               0.00000000001963 
 0.000000299   2.50816E-11 
 0.00000029901               2.66132E-11 
 0.00000029902               2.32875E-11 
 0.00000029903               0.00000000001612 
 0.00000029904               8.8183E-12 
 0.00000029905               4.41895E-12 
 0.00000029906               2.73813E-12 
 0.00000029907               2.73572E-12 
 0.00000029908               4.38737E-12 
 0.00000029909               8.47945E-12 
 0.0000002991                0.000000000014259 
 0.00000029911               1.84697E-11 
 0.00000029912               0.000000000020426 
 0.00000029913               2.24497E-11 
 0.00000029914               2.56118E-11 
 0.00000029915               2.87949E-11 
 0.00000029916               3.03383E-11 
 0.00000029917               2.98349E-11 
 0.00000029918               2.84392E-11 
 0.00000029919               2.78159E-11 
 0.0000002992                2.87352E-11 
 0.00000029921               0.000000000030587 
 0.00000029922               3.21901E-11 
 0.00000029923               3.29969E-11 
 0.00000029924               3.32224E-11 
 0.00000029925               3.31957E-11 
 0.00000029926               3.30564E-11 
 0.00000029927               3.28201E-11 
 0.00000029928               3.25005E-11 
 0.00000029929               3.20833E-11 
 0.0000002993                0.000000000031315 
 0.00000029931               2.99722E-11 
 0.00000029932               2.90274E-11 
 0.00000029933               2.96466E-11 
 0.00000029934               3.09587E-11 
 0.00000029935               3.16196E-11 
 0.00000029936               3.16669E-11 
 0.00000029937               3.15012E-11 
 0.00000029938               3.13517E-11 
 0.00000029939               3.14345E-11 
 0.0000002994                3.16731E-11 
 0.00000029941               3.18212E-11 
 0.00000029942               3.18267E-11 
 0.00000029943               3.16554E-11 
 0.00000029944               0.000000000030471 
 0.00000029945               2.38606E-11 
 0.00000029946               7.91559E-12 
 0.00000029947               2.91437E-13 
 0.00000029948               5.52652E-16 
 0.00000029949               6.56413E-19 
 0.0000002995                8.47119E-20 
 0.00000029951               7.76607E-18 
 0.00000029952               9.38774E-15 
 0.00000029953               1.53775E-12 
 0.00000029954               1.38485E-11 
 0.00000029955               2.47909E-11 
 0.00000029956               2.36805E-11 
 0.00000029957               1.41519E-11 
 0.00000029958               4.94993E-12 
 0.00000029959               1.64217E-12 
 0.0000002996                1.32519E-12 
 0.00000029961               3.23014E-12 
 0.00000029962               1.04108E-11 
 0.00000029963               0.000000000021528 
 0.00000029964               2.80772E-11 
 0.00000029965               2.97822E-11 
 0.00000029966               2.99415E-11 
 0.00000029967               2.98222E-11 
 0.00000029968               2.96342E-11 
 0.00000029969               2.93815E-11 
 0.0000002997                2.90648E-11 
 0.00000029971               2.87162E-11 
 0.00000029972               2.84773E-11 
 0.00000029973               2.85722E-11 
 0.00000029974               2.89184E-11 
 0.00000029975               2.91809E-11 
 0.00000029976               2.92671E-11 
 0.00000029977               2.92481E-11 
 0.00000029978               2.91129E-11 
 0.00000029979               2.88802E-11 
 0.0000002998                2.87202E-11 
 0.00000029981               2.87088E-11 
 0.00000029982               0.000000000028694 
 0.00000029983               2.85103E-11 
 0.00000029984               2.81025E-11 
 0.00000029985               2.76915E-11 
 0.00000029986               2.76196E-11 
 0.00000029987               2.78389E-11 
 0.00000029988               2.80687E-11 
 0.00000029989               2.81928E-11 
 0.0000002999                2.82069E-11 
 0.00000029991               2.81365E-11 
 0.00000029992               2.80351E-11 
 0.00000029993               2.79447E-11 
 0.00000029994               2.78643E-11 
 0.00000029995               2.77718E-11 
 0.00000029996               2.76523E-11 
 0.00000029997               2.75106E-11 
 0.00000029998               0.000000000027373 
 0.00000029999               2.72653E-11 
 0.0000003     2.71755E-11 
