 0.000000294   5.93584E-54 
 0.00000029401               5.2222E-54 
 0.00000029402               4.41239E-54 
 0.00000029403               3.68322E-54 
 0.00000029404               3.15657E-54 
 0.00000029405               2.88839E-54 
 0.00000029406               2.888E-54 
 0.00000029407               3.15164E-54 
 0.00000029408               3.6596E-54 
 0.00000029409               4.32331E-54 
 0.0000002941                4.98554E-54 
 0.00000029411               5.50923E-54 
 0.00000029412               5.83836E-54 
 0.00000029413               5.99246E-54 
 0.00000029414               6.02675E-54 
 0.00000029415               5.9949E-54 
 0.00000029416               5.9342E-54 
 0.00000029417               5.86369E-54 
 0.00000029418               5.7899E-54 
 0.00000029419               5.71191E-54 
 0.0000002942                5.62419E-54 
 0.00000029421               5.52983E-54 
 0.00000029422               5.44556E-54 
 0.00000029423               5.37539E-54 
 0.00000029424               5.29388E-54 
 0.00000029425               5.17324E-54 
 0.00000029426               5.032E-54 
 0.00000029427               4.92274E-54 
 0.00000029428               4.85438E-54 
 0.00000029429               4.79773E-54 
 0.0000002943                4.74654E-54 
 0.00000029431               4.70944E-54 
 0.00000029432               4.68609E-54 
 0.00000029433               4.67134E-54 
 0.00000029434               4.6594E-54 
 0.00000029435               4.65379E-54 
 0.00000029436               4.6266E-54 
 0.00000029437               4.58671E-54 
 0.00000029438               4.53726E-54 
 0.00000029439               4.48312E-54 
 0.0000002944                4.42763E-54 
 0.00000029441               4.37197E-54 
 0.00000029442               4.31532E-54 
 0.00000029443               4.25158E-54 
 0.00000029444               4.1147E-54 
 0.00000029445               3.48334E-54 
 0.00000029446               2.16928E-54 
 0.00000029447               1.59947E-54 
 0.00000029448               2.31557E-54 
 0.00000029449               3.29922E-54 
 0.0000002945                3.02586E-54 
 0.00000029451               1.81572E-54 
 0.00000029452               8.12869E-55 
 0.00000029453               4.87785E-55 
 0.00000029454               6.58077E-55 
 0.00000029455               1.43037E-54 
 0.00000029456               2.59133E-54 
 0.00000029457               3.27387E-54 
 0.00000029458               3.3916E-54 
 0.00000029459               3.29241E-54 
 0.0000002946                3.14797E-54 
 0.00000029461               3.03272E-54 
 0.00000029462               2.98725E-54 
 0.00000029463               2.99995E-54 
 0.00000029464               2.99233E-54 
 0.00000029465               2.84307E-54 
 0.00000029466               2.50781E-54 
 0.00000029467               2.17939E-54 
 0.00000029468               2.09354E-54 
 0.00000029469               2.12255E-54 
 0.0000002947                1.70589E-54 
 0.00000029471               8.19747E-55 
 0.00000029472               1.90854E-55 
 0.00000029473               1.91989E-56 
 0.00000029474               1.73225E-57 
 0.00000029475               6.70652E-58 
 0.00000029476               2.42022E-57 
 0.00000029477               3.22506E-56 
 0.00000029478               3.38159E-55 
 0.00000029479               1.30108E-54 
 0.0000002948                2.16478E-54 
 0.00000029481               2.30661E-54 
 0.00000029482               1.79455E-54 
 0.00000029483               7.78995E-55 
 0.00000029484               1.02346E-55 
 0.00000029485               3.20881E-57 
 0.00000029486               1.01898E-58 
 0.00000029487               4.72186E-59 
 0.00000029488               6.96158E-58 
 0.00000029489               3.39819E-56 
 0.0000002949                5.04803E-55 
 0.00000029491               1.5738E-54 
 0.00000029492               2.14214E-54 
 0.00000029493               2.25113E-54 
 0.00000029494               2.24035E-54 
 0.00000029495               2.20625E-54 
 0.00000029496               2.16571E-54 
 0.00000029497               2.12798E-54 
 0.00000029498               2.09956E-54 
 0.00000029499               2.07855E-54 
 0.000000295   2.05936E-54 
 0.00000029501               2.03952E-54 
 0.00000029502               2.0191E-54 
 0.00000029503               1.99828E-54 
 0.00000029504               1.97691E-54 
 0.00000029505               1.95499E-54 
 0.00000029506               1.93256E-54 
 0.00000029507               1.90949E-54 
 0.00000029508               1.88485E-54 
 0.00000029509               1.85749E-54 
 0.0000002951                1.82953E-54 
 0.00000029511               1.80574E-54 
 0.00000029512               1.78633E-54 
 0.00000029513               1.76779E-54 
 0.00000029514               1.74777E-54 
 0.00000029515               1.72576E-54 
 0.00000029516               1.70331E-54 
 0.00000029517               1.68205E-54 
 0.00000029518               1.66145E-54 
 0.00000029519               1.64078E-54 
 0.0000002952                1.62056E-54 
 0.00000029521               1.60081E-54 
 0.00000029522               1.58042E-54 
 0.00000029523               1.55311E-54 
 0.00000029524               1.50765E-54 
 0.00000029525               1.46811E-54 
 0.00000029526               1.46873E-54 
 0.00000029527               1.47493E-54 
 0.00000029528               1.46275E-54 
 0.00000029529               1.44326E-54 
 0.0000002953                1.42303E-54 
 0.00000029531               1.40358E-54 
 0.00000029532               1.38568E-54 
 0.00000029533               1.36929E-54 
 0.00000029534               1.35296E-54 
 0.00000029535               1.33408E-54 
 0.00000029536               1.31231E-54 
 0.00000029537               1.29059E-54 
 0.00000029538               1.26595E-54 
 0.00000029539               1.2224E-54 
 0.0000002954                1.15982E-54 
 0.00000029541               1.12423E-54 
 0.00000029542               1.14426E-54 
 0.00000029543               1.1796E-54 
 0.00000029544               1.19055E-54 
 0.00000029545               1.1822E-54 
 0.00000029546               1.16837E-54 
 0.00000029547               1.15376E-54 
 0.00000029548               1.13909E-54 
 0.00000029549               1.12463E-54 
 0.0000002955                1.11047E-54 
 0.00000029551               1.09617E-54 
 0.00000029552               1.08044E-54 
 0.00000029553               1.0614E-54 
 0.00000029554               1.03731E-54 
 0.00000029555               1.00769E-54 
 0.00000029556               9.74579E-55 
 0.00000029557               9.43219E-55 
 0.00000029558               9.20421E-55 
 0.00000029559               9.10404E-55 
 0.0000002956                9.11121E-55 
 0.00000029561               9.15337E-55 
 0.00000029562               9.16898E-55 
 0.00000029563               9.14822E-55 
 0.00000029564               9.10666E-55 
 0.00000029565               9.05186E-55 
 0.00000029566               8.98072E-55 
 0.00000029567               8.85869E-55 
 0.00000029568               8.49792E-55 
 0.00000029569               7.35724E-55 
 0.0000002957                5.05241E-55 
 0.00000029571               2.70076E-55 
 0.00000029572               1.55096E-55 
 0.00000029573               1.50773E-55 
 0.00000029574               2.50226E-55 
 0.00000029575               4.49874E-55 
 0.00000029576               6.2332E-55 
 0.00000029577               6.68953E-55 
 0.00000029578               6.34186E-55 
 0.00000029579               5.80814E-55 
 0.0000002958                5.37127E-55 
 0.00000029581               5.15002E-55 
 0.00000029582               5.18244E-55 
 0.00000029583               5.43351E-55 
 0.00000029584               5.80288E-55 
 0.00000029585               6.16427E-55 
 0.00000029586               6.43149E-55 
 0.00000029587               6.57567E-55 
 0.00000029588               6.6134E-55 
 0.00000029589               6.55681E-55 
 0.0000002959                6.41403E-55 
 0.00000029591               6.23046E-55 
 0.00000029592               6.08671E-55 
 0.00000029593               6.00991E-55 
 0.00000029594               5.94941E-55 
 0.00000029595               5.87201E-55 
 0.00000029596               5.81397E-55 
 0.00000029597               5.81217E-55 
 0.00000029598               5.84704E-55 
 0.00000029599               5.87299E-55 
 0.000000296   5.86377E-55 
 0.00000029601               5.82068E-55 
 0.00000029602               5.7567E-55 
 0.00000029603               5.68223E-55 
 0.00000029604               5.60027E-55 
 0.00000029605               5.51136E-55 
 0.00000029606               5.41219E-55 
 0.00000029607               5.27185E-55 
 0.00000029608               5.02565E-55 
 0.00000029609               4.63841E-55 
 0.0000002961                4.12574E-55 
 0.00000029611               3.53068E-55 
 0.00000029612               2.94584E-55 
 0.00000029613               2.49331E-55 
 0.00000029614               2.25038E-55 
 0.00000029615               2.23336E-55 
 0.00000029616               2.42071E-55 
 0.00000029617               2.76156E-55 
 0.00000029618               3.1721E-55 
 0.00000029619               3.53466E-55 
 0.0000002962                3.70298E-55 
 0.00000029621               3.57931E-55 
 0.00000029622               3.22622E-55 
 0.00000029623               2.84921E-55 
 0.00000029624               2.6477E-55 
 0.00000029625               2.70161E-55 
 0.00000029626               2.95825E-55 
 0.00000029627               3.28165E-55 
 0.00000029628               3.54652E-55 
 0.00000029629               3.7107E-55 
 0.0000002963                3.7976E-55 
 0.00000029631               3.83967E-55 
 0.00000029632               3.85203E-55 
 0.00000029633               3.83699E-55 
 0.00000029634               3.79827E-55 
 0.00000029635               3.75256E-55 
 0.00000029636               3.71534E-55 
 0.00000029637               3.67737E-55 
 0.00000029638               3.62047E-55 
 0.00000029639               3.54499E-55 
 0.0000002964                3.47054E-55 
 0.00000029641               3.4221E-55 
 0.00000029642               3.40588E-55 
 0.00000029643               3.39821E-55 
 0.00000029644               3.37525E-55 
 0.00000029645               3.33724E-55 
 0.00000029646               3.29444E-55 
 0.00000029647               3.25169E-55 
 0.00000029648               3.2068E-55 
 0.00000029649               3.15959E-55 
 0.0000002965                3.12136E-55 
 0.00000029651               3.09107E-55 
 0.00000029652               3.05667E-55 
 0.00000029653               3.01865E-55 
 0.00000029654               2.9804E-55 
 0.00000029655               2.94222E-55 
 0.00000029656               2.90345E-55 
 0.00000029657               2.86352E-55 
 0.00000029658               2.82246E-55 
 0.00000029659               2.7823E-55 
 0.0000002966                2.74704E-55 
 0.00000029661               2.71783E-55 
 0.00000029662               2.68985E-55 
 0.00000029663               2.65815E-55 
 0.00000029664               2.62271E-55 
 0.00000029665               2.58599E-55 
 0.00000029666               2.54967E-55 
 0.00000029667               2.51375E-55 
 0.00000029668               2.47719E-55 
 0.00000029669               2.44014E-55 
 0.0000002967                2.4043E-55 
 0.00000029671               2.37188E-55 
 0.00000029672               2.3435E-55 
 0.00000029673               2.31711E-55 
 0.00000029674               2.28887E-55 
 0.00000029675               2.25772E-55 
 0.00000029676               2.21534E-55 
 0.00000029677               2.16282E-55 
 0.00000029678               2.10216E-55 
 0.00000029679               2.03933E-55 
 0.0000002968                1.9827E-55 
 0.00000029681               1.93975E-55 
 0.00000029682               1.91421E-55 
 0.00000029683               1.90519E-55 
 0.00000029684               1.90735E-55 
 0.00000029685               1.91198E-55 
 0.00000029686               1.90827E-55 
 0.00000029687               1.88012E-55 
 0.00000029688               1.80114E-55 
 0.00000029689               1.65269E-55 
 0.0000002969                1.46958E-55 
 0.00000029691               1.33912E-55 
 0.00000029692               1.32749E-55 
 0.00000029693               1.42684E-55 
 0.00000029694               1.55403E-55 
 0.00000029695               1.59871E-55 
 0.00000029696               1.50893E-55 
 0.00000029697               1.3353E-55 
 0.00000029698               1.18618E-55 
 0.00000029699               1.14024E-55 
 0.000000297   1.20935E-55 
 0.00000029701               1.34526E-55 
 0.00000029702               1.47057E-55 
 0.00000029703               1.54089E-55 
 0.00000029704               1.56156E-55 
 0.00000029705               1.55485E-55 
 0.00000029706               1.53752E-55 
 0.00000029707               1.51716E-55 
 0.00000029708               1.49596E-55 
 0.00000029709               1.47494E-55 
 0.0000002971                1.4552E-55 
 0.00000029711               1.43717E-55 
 0.00000029712               1.41915E-55 
 0.00000029713               1.39663E-55 
 0.00000029714               1.36173E-55 
 0.00000029715               1.30561E-55 
 0.00000029716               1.22044E-55 
 0.00000029717               1.10116E-55 
 0.00000029718               9.47423E-56 
 0.00000029719               7.71782E-56 
 0.0000002972                6.07228E-56 
 0.00000029721               4.94056E-56 
 0.00000029722               4.56905E-56 
 0.00000029723               5.02494E-56 
 0.00000029724               6.21857E-56 
 0.00000029725               7.76262E-56 
 0.00000029726               9.04646E-56 
 0.00000029727               9.76845E-56 
 0.00000029728               1.01354E-55 
 0.00000029729               1.03178E-55 
 0.0000002973                9.97351E-56 
 0.00000029731               8.4469E-56 
 0.00000029732               6.1737E-56 
 0.00000029733               4.84483E-56 
 0.00000029734               5.28231E-56 
 0.00000029735               7.06457E-56 
 0.00000029736               8.37701E-56 
 0.00000029737               8.13296E-56 
 0.00000029738               7.46167E-56 
 0.00000029739               7.43772E-56 
 0.0000002974                8.14118E-56 
 0.00000029741               8.99448E-56 
 0.00000029742               9.4668E-56 
 0.00000029743               9.55336E-56 
 0.00000029744               9.4695E-56 
 0.00000029745               9.33444E-56 
 0.00000029746               9.18095E-56 
 0.00000029747               9.02398E-56 
 0.00000029748               8.88312E-56 
 0.00000029749               8.77202E-56 
 0.0000002975                8.68156E-56 
 0.00000029751               8.58686E-56 
 0.00000029752               8.47395E-56 
 0.00000029753               8.35174E-56 
 0.00000029754               8.23512E-56 
 0.00000029755               8.13116E-56 
 0.00000029756               8.03983E-56 
 0.00000029757               7.9497E-56 
 0.00000029758               7.79536E-56 
 0.00000029759               7.43198E-56 
 0.0000002976                6.8881E-56 
 0.00000029761               6.43828E-56 
 0.00000029762               5.40745E-56 
 0.00000029763               2.46771E-56 
 0.00000029764               2.9873E-57 
 0.00000029765               9.91237E-59 
 0.00000029766               5.6003E-60 
 0.00000029767               5.53332E-60 
 0.00000029768               8.40275E-59 
 0.00000029769               1.60547E-57 
 0.0000002977                7.17055E-57 
 0.00000029771               1.19059E-56 
 0.00000029772               1.93781E-56 
 0.00000029773               3.49005E-56 
 0.00000029774               5.18969E-56 
 0.00000029775               6.04298E-56 
 0.00000029776               6.22435E-56 
 0.00000029777               6.18146E-56 
 0.00000029778               6.06295E-56 
 0.00000029779               5.88766E-56 
 0.0000002978                5.70741E-56 
 0.00000029781               5.59038E-56 
 0.00000029782               5.52476E-56 
 0.00000029783               5.47179E-56 
 0.00000029784               5.43914E-56 
 0.00000029785               5.43169E-56 
 0.00000029786               5.42724E-56 
 0.00000029787               5.4003E-56 
 0.00000029788               5.32902E-56 
 0.00000029789               5.19684E-56 
 0.0000002979                5.01227E-56 
 0.00000029791               4.82474E-56 
 0.00000029792               4.69045E-56 
 0.00000029793               4.62726E-56 
 0.00000029794               4.62493E-56 
 0.00000029795               4.64645E-56 
 0.00000029796               4.65218E-56 
 0.00000029797               4.65024E-56 
 0.00000029798               4.65059E-56 
 0.00000029799               4.62977E-56 
 0.000000298   4.55134E-56 
 0.00000029801               4.4001E-56 
 0.00000029802               4.24204E-56 
 0.00000029803               4.18168E-56 
 0.00000029804               4.20992E-56 
 0.00000029805               4.23204E-56 
 0.00000029806               4.21244E-56 
 0.00000029807               4.16384E-56 
 0.00000029808               4.07861E-56 
 0.00000029809               3.93596E-56 
 0.0000002981                3.75178E-56 
 0.00000029811               3.5967E-56 
 0.00000029812               3.53283E-56 
 0.00000029813               3.54031E-56 
 0.00000029814               3.53866E-56 
 0.00000029815               3.47524E-56 
 0.00000029816               3.34815E-56 
 0.00000029817               3.15626E-56 
 0.00000029818               2.90946E-56 
 0.00000029819               2.68653E-56 
 0.0000002982                2.60446E-56 
 0.00000029821               2.70957E-56 
 0.00000029822               2.90418E-56 
 0.00000029823               2.9908E-56 
 0.00000029824               2.85222E-56 
 0.00000029825               2.5793E-56 
 0.00000029826               2.35339E-56 
 0.00000029827               2.26114E-56 
 0.00000029828               2.29039E-56 
 0.00000029829               2.41209E-56 
 0.0000002983                2.5883E-56 
 0.00000029831               2.75478E-56 
 0.00000029832               2.86276E-56 
 0.00000029833               2.91585E-56 
 0.00000029834               2.93626E-56 
 0.00000029835               2.93316E-56 
 0.00000029836               2.91113E-56 
 0.00000029837               2.87705E-56 
 0.00000029838               2.83671E-56 
 0.00000029839               2.79308E-56 
 0.0000002984                2.74702E-56 
 0.00000029841               2.69556E-56 
 0.00000029842               2.6328E-56 
 0.00000029843               2.56863E-56 
 0.00000029844               2.53391E-56 
 0.00000029845               2.53366E-56 
 0.00000029846               2.53514E-56 
 0.00000029847               2.51896E-56 
 0.00000029848               2.49112E-56 
 0.00000029849               2.45978E-56 
 0.0000002985                2.42813E-56 
 0.00000029851               2.39676E-56 
 0.00000029852               2.36493E-56 
 0.00000029853               2.33161E-56 
 0.00000029854               2.29709E-56 
 0.00000029855               2.26345E-56 
 0.00000029856               2.23276E-56 
 0.00000029857               2.20519E-56 
 0.00000029858               2.17943E-56 
 0.00000029859               2.1543E-56 
 0.0000002986                2.1293E-56 
 0.00000029861               2.1044E-56 
 0.00000029862               2.07928E-56 
 0.00000029863               2.05217E-56 
 0.00000029864               2.01987E-56 
 0.00000029865               1.98275E-56 
 0.00000029866               1.94591E-56 
 0.00000029867               1.90633E-56 
 0.00000029868               1.85091E-56 
 0.00000029869               1.77593E-56 
 0.0000002987                1.69411E-56 
 0.00000029871               1.62559E-56 
 0.00000029872               1.58809E-56 
 0.00000029873               1.58768E-56 
 0.00000029874               1.61533E-56 
 0.00000029875               1.6523E-56 
 0.00000029876               1.68075E-56 
 0.00000029877               1.69211E-56 
 0.00000029878               1.68717E-56 
 0.00000029879               1.66954E-56 
 0.0000002988                1.61368E-56 
 0.00000029881               1.31287E-56 
 0.00000029882               7.50351E-57 
 0.00000029883               6.15041E-57 
 0.00000029884               1.02109E-56 
 0.00000029885               1.40551E-56 
 0.00000029886               1.4737E-56 
 0.00000029887               1.47037E-56 
 0.00000029888               1.46141E-56 
 0.00000029889               1.45021E-56 
 0.0000002989                1.43547E-56 
 0.00000029891               1.4196E-56 
 0.00000029892               1.40625E-56 
 0.00000029893               1.3946E-56 
 0.00000029894               1.38151E-56 
 0.00000029895               1.36566E-56 
 0.00000029896               1.34789E-56 
 0.00000029897               1.32966E-56 
 0.00000029898               1.31019E-56 
 0.00000029899               1.28159E-56 
 0.000000299   1.23237E-56 
 0.00000029901               1.17471E-56 
 0.00000029902               1.15001E-56 
 0.00000029903               1.16555E-56 
 0.00000029904               1.18615E-56 
 0.00000029905               1.18721E-56 
 0.00000029906               1.17626E-56 
 0.00000029907               1.16372E-56 
 0.00000029908               1.15169E-56 
 0.00000029909               1.13902E-56 
 0.0000002991                1.12508E-56 
 0.00000029911               1.11028E-56 
 0.00000029912               1.09541E-56 
 0.00000029913               1.08096E-56 
 0.00000029914               1.06626E-56 
 0.00000029915               1.04976E-56 
 0.00000029916               1.03242E-56 
 0.00000029917               1.01887E-56 
 0.00000029918               1.00976E-56 
 0.00000029919               1.00069E-56 
 0.0000002992                9.89748E-57 
 0.00000029921               9.77533E-57 
 0.00000029922               9.64649E-57 
 0.00000029923               9.51428E-57 
 0.00000029924               9.3812E-57 
 0.00000029925               9.25057E-57 
 0.00000029926               9.12417E-57 
 0.00000029927               9.00187E-57 
 0.00000029928               8.8828E-57 
 0.00000029929               8.7666E-57 
 0.0000002993                8.65295E-57 
 0.00000029931               8.5403E-57 
 0.00000029932               8.42475E-57 
 0.00000029933               8.30026E-57 
 0.00000029934               8.16332E-57 
 0.00000029935               8.02143E-57 
 0.00000029936               7.89287E-57 
 0.00000029937               7.79013E-57 
 0.00000029938               7.70851E-57 
 0.00000029939               7.63361E-57 
 0.0000002994                7.54258E-57 
 0.00000029941               7.39009E-57 
 0.00000029942               7.15604E-57 
 0.00000029943               6.91336E-57 
 0.00000029944               6.62559E-57 
 0.00000029945               5.7638E-57 
 0.00000029946               3.70738E-57 
 0.00000029947               1.47797E-57 
 0.00000029948               4.74039E-58 
 0.00000029949               2.7099E-58 
 0.0000002995                4.55544E-58 
 0.00000029951               1.40052E-57 
 0.00000029952               3.50746E-57 
 0.00000029953               5.40313E-57 
 0.00000029954               6.09827E-57 
 0.00000029955               6.15674E-57 
 0.00000029956               6.001E-57 
 0.00000029957               5.65498E-57 
 0.00000029958               5.13825E-57 
 0.00000029959               4.69246E-57 
 0.0000002996                4.57554E-57 
 0.00000029961               4.77242E-57 
 0.00000029962               5.02937E-57 
 0.00000029963               5.14484E-57 
 0.00000029964               5.11395E-57 
 0.00000029965               4.99055E-57 
 0.00000029966               4.80915E-57 
 0.00000029967               4.62002E-57 
 0.00000029968               4.49388E-57 
 0.00000029969               4.48578E-57 
 0.0000002997                4.57035E-57 
 0.00000029971               4.69222E-57 
 0.00000029972               4.7849E-57 
 0.00000029973               4.81944E-57 
 0.00000029974               4.80752E-57 
 0.00000029975               4.77473E-57 
 0.00000029976               4.73557E-57 
 0.00000029977               4.69111E-57 
 0.00000029978               4.64044E-57 
 0.00000029979               4.58494E-57 
 0.0000002998                4.52683E-57 
 0.00000029981               4.46846E-57 
 0.00000029982               4.41194E-57 
 0.00000029983               4.35817E-57 
 0.00000029984               4.30621E-57 
 0.00000029985               4.25369E-57 
 0.00000029986               4.19813E-57 
 0.00000029987               4.14013E-57 
 0.00000029988               4.08673E-57 
 0.00000029989               4.04145E-57 
 0.0000002999                3.99839E-57 
 0.00000029991               3.95215E-57 
 0.00000029992               3.9031E-57 
 0.00000029993               3.85267E-57 
 0.00000029994               3.80231E-57 
 0.00000029995               3.75238E-57 
 0.00000029996               3.70235E-57 
 0.00000029997               3.65084E-57 
 0.00000029998               3.5967E-57 
 0.00000029999               3.54065E-57 
 0.0000003     3.48597E-57 
