 0.000000294   2.09514E-11 
 0.00000029401               1.97905E-11 
 0.00000029402               1.82768E-11 
 0.00000029403               1.77566E-11 
 0.00000029404               1.83666E-11 
 0.00000029405               1.89792E-11 
 0.00000029406               1.92882E-11 
 0.00000029407               1.97154E-11 
 0.00000029408               2.02921E-11 
 0.00000029409               2.06943E-11 
 0.0000002941                2.06465E-11 
 0.00000029411               2.02169E-11 
 0.00000029412               1.98703E-11 
 0.00000029413               1.98935E-11 
 0.00000029414               2.00923E-11 
 0.00000029415               2.02881E-11 
 0.00000029416               2.04766E-11 
 0.00000029417               0.000000000020631 
 0.00000029418               2.07037E-11 
 0.00000029419               2.07084E-11 
 0.0000002942                2.06764E-11 
 0.00000029421               2.06328E-11 
 0.00000029422               2.05866E-11 
 0.00000029423               2.05274E-11 
 0.00000029424               0.000000000020418 
 0.00000029425               0.000000000020189 
 0.00000029426               0.000000000019781 
 0.00000029427               1.92771E-11 
 0.00000029428               1.89611E-11 
 0.00000029429               1.90599E-11 
 0.0000002943                1.94506E-11 
 0.00000029431               1.98016E-11 
 0.00000029432               1.99224E-11 
 0.00000029433               1.98501E-11 
 0.00000029434               1.97465E-11 
 0.00000029435               1.97383E-11 
 0.00000029436               1.97911E-11 
 0.00000029437               0.000000000019808 
 0.00000029438               1.97687E-11 
 0.00000029439               1.96913E-11 
 0.0000002944                1.95667E-11 
 0.00000029441               1.93517E-11 
 0.00000029442               1.90132E-11 
 0.00000029443               1.86023E-11 
 0.00000029444               1.82765E-11 
 0.00000029445               0.000000000018199 
 0.00000029446               1.83948E-11 
 0.00000029447               1.87205E-11 
 0.00000029448               1.89946E-11 
 0.00000029449               1.91373E-11 
 0.0000002945                1.91722E-11 
 0.00000029451               1.91511E-11 
 0.00000029452               1.91076E-11 
 0.00000029453               1.90462E-11 
 0.00000029454               1.89509E-11 
 0.00000029455               1.88273E-11 
 0.00000029456               1.86576E-11 
 0.00000029457               1.80421E-11 
 0.00000029458               1.68356E-11 
 0.00000029459               1.65159E-11 
 0.0000002946                1.69957E-11 
 0.00000029461               1.69813E-11 
 0.00000029462               1.68883E-11 
 0.00000029463               1.69516E-11 
 0.00000029464               1.70314E-11 
 0.00000029465               1.71792E-11 
 0.00000029466               0.000000000017419 
 0.00000029467               1.76896E-11 
 0.00000029468               1.79212E-11 
 0.00000029469               1.80683E-11 
 0.0000002947                1.81171E-11 
 0.00000029471               1.80671E-11 
 0.00000029472               1.79212E-11 
 0.00000029473               1.77084E-11 
 0.00000029474               1.75166E-11 
 0.00000029475               1.74456E-11 
 0.00000029476               1.75066E-11 
 0.00000029477               1.76151E-11 
 0.00000029478               1.76806E-11 
 0.00000029479               1.76533E-11 
 0.0000002948                1.74619E-11 
 0.00000029481               1.70574E-11 
 0.00000029482               1.66544E-11 
 0.00000029483               1.66049E-11 
 0.00000029484               1.68886E-11 
 0.00000029485               1.71487E-11 
 0.00000029486               1.71124E-11 
 0.00000029487               1.67305E-11 
 0.00000029488               1.60949E-11 
 0.00000029489               1.55007E-11 
 0.0000002949                1.52984E-11 
 0.00000029491               1.54287E-11 
 0.00000029492               1.50664E-11 
 0.00000029493               1.39199E-11 
 0.00000029494               1.37059E-11 
 0.00000029495               1.48978E-11 
 0.00000029496               1.50415E-11 
 0.00000029497               1.22088E-11 
 0.00000029498               7.68491E-12 
 0.00000029499               4.65642E-12 
 0.000000295   4.13955E-12 
 0.00000029501               6.06007E-12 
 0.00000029502               1.02141E-11 
 0.00000029503               0.000000000014198 
 0.00000029504               1.59898E-11 
 0.00000029505               1.63415E-11 
 0.00000029506               1.62591E-11 
 0.00000029507               1.60761E-11 
 0.00000029508               1.58529E-11 
 0.00000029509               1.56057E-11 
 0.0000002951                1.53387E-11 
 0.00000029511               1.50423E-11 
 0.00000029512               0.000000000014735 
 0.00000029513               1.45012E-11 
 0.00000029514               1.43903E-11 
 0.00000029515               0.000000000014248 
 0.00000029516               1.37511E-11 
 0.00000029517               1.27013E-11 
 0.00000029518               1.13849E-11 
 0.00000029519               1.06091E-11 
 0.0000002952                1.10784E-11 
 0.00000029521               1.26795E-11 
 0.00000029522               1.43853E-11 
 0.00000029523               1.52921E-11 
 0.00000029524               1.54506E-11 
 0.00000029525               1.51962E-11 
 0.00000029526               1.42569E-11 
 0.00000029527               1.11823E-11 
 0.00000029528               5.07886E-12 
 0.00000029529               6.47365E-13 
 0.0000002953                8.97074E-15 
 0.00000029531               8.47173E-18 
 0.00000029532               1.61279E-21 
 0.00000029533               1.18812E-24 
 0.00000029534               9.81501E-26 
 0.00000029535               3.38988E-24 
 0.00000029536               7.79142E-21 
 0.00000029537               3.63286E-17 
 0.00000029538               2.38213E-14 
 0.00000029539               1.06197E-12 
 0.0000002954                6.10895E-12 
 0.00000029541               0.000000000011625 
 0.00000029542               1.40108E-11 
 0.00000029543               1.45065E-11 
 0.00000029544               1.44059E-11 
 0.00000029545               1.42487E-11 
 0.00000029546               1.42385E-11 
 0.00000029547               1.43802E-11 
 0.00000029548               1.45621E-11 
 0.00000029549               1.46624E-11 
 0.0000002955                0.000000000014582 
 0.00000029551               1.42815E-11 
 0.00000029552               1.39161E-11 
 0.00000029553               1.37783E-11 
 0.00000029554               0.000000000013954 
 0.00000029555               1.42302E-11 
 0.00000029556               1.43943E-11 
 0.00000029557               1.44365E-11 
 0.00000029558               1.44298E-11 
 0.00000029559               0.000000000014388 
 0.0000002956                1.42768E-11 
 0.00000029561               1.40752E-11 
 0.00000029562               0.000000000013813 
 0.00000029563               1.35667E-11 
 0.00000029564               1.34092E-11 
 0.00000029565               1.33746E-11 
 0.00000029566               1.34608E-11 
 0.00000029567               1.36284E-11 
 0.00000029568               1.38127E-11 
 0.00000029569               1.39498E-11 
 0.0000002957                1.39555E-11 
 0.00000029571               1.36057E-11 
 0.00000029572               1.23583E-11 
 0.00000029573               9.75351E-12 
 0.00000029574               6.58045E-12 
 0.00000029575               4.35148E-12 
 0.00000029576               3.52141E-12 
 0.00000029577               3.83124E-12 
 0.00000029578               5.09307E-12 
 0.00000029579               7.12887E-12 
 0.0000002958                9.50887E-12 
 0.00000029581               1.15694E-11 
 0.00000029582               1.28546E-11 
 0.00000029583               1.34216E-11 
 0.00000029584               1.35864E-11 
 0.00000029585               1.35921E-11 
 0.00000029586               1.35371E-11 
 0.00000029587               1.34412E-11 
 0.00000029588               0.000000000013323 
 0.00000029589               1.32257E-11 
 0.0000002959                1.31717E-11 
 0.00000029591               1.31322E-11 
 0.00000029592               1.30492E-11 
 0.00000029593               1.25398E-11 
 0.00000029594               1.00397E-11 
 0.00000029595               5.27977E-12 
 0.00000029596               2.61062E-12 
 0.00000029597               3.04782E-12 
 0.00000029598               6.72726E-12 
 0.00000029599               1.12604E-11 
 0.000000296   1.29007E-11 
 0.00000029601               1.30725E-11 
 0.00000029602               1.30335E-11 
 0.00000029603               1.30177E-11 
 0.00000029604               1.30116E-11 
 0.00000029605               1.29883E-11 
 0.00000029606               0.000000000012952 
 0.00000029607               1.29133E-11 
 0.00000029608               1.28784E-11 
 0.00000029609               1.28426E-11 
 0.0000002961                1.27923E-11 
 0.00000029611               1.27201E-11 
 0.00000029612               1.26421E-11 
 0.00000029613               1.25541E-11 
 0.00000029614               1.23821E-11 
 0.00000029615               1.21481E-11 
 0.00000029616               1.20764E-11 
 0.00000029617               1.22383E-11 
 0.00000029618               1.24156E-11 
 0.00000029619               1.24703E-11 
 0.0000002962                1.24514E-11 
 0.00000029621               1.24233E-11 
 0.00000029622               1.24013E-11 
 0.00000029623               1.23784E-11 
 0.00000029624               1.23525E-11 
 0.00000029625               1.23139E-11 
 0.00000029626               1.22223E-11 
 0.00000029627               1.20758E-11 
 0.00000029628               1.19897E-11 
 0.00000029629               1.20204E-11 
 0.0000002963                0.000000000012079 
 0.00000029631               1.20964E-11 
 0.00000029632               1.20467E-11 
 0.00000029633               1.18995E-11 
 0.00000029634               1.16093E-11 
 0.00000029635               1.12018E-11 
 0.00000029636               1.08998E-11 
 0.00000029637               1.08817E-11 
 0.00000029638               1.10105E-11 
 0.00000029639               1.11279E-11 
 0.0000002964                1.12597E-11 
 0.00000029641               1.13786E-11 
 0.00000029642               1.13296E-11 
 0.00000029643               1.09949E-11 
 0.00000029644               1.04481E-11 
 0.00000029645               9.90618E-12 
 0.00000029646               9.21886E-12 
 0.00000029647               7.4141E-12 
 0.00000029648               4.84407E-12 
 0.00000029649               3.75267E-12 
 0.0000002965                4.68316E-12 
 0.00000029651               6.77226E-12 
 0.00000029652               8.59468E-12 
 0.00000029653               9.83231E-12 
 0.00000029654               1.05419E-11 
 0.00000029655               1.07219E-11 
 0.00000029656               0.00000000001053 
 0.00000029657               1.01725E-11 
 0.00000029658               9.81327E-12 
 0.00000029659               9.56497E-12 
 0.0000002966                9.48457E-12 
 0.00000029661               9.55842E-12 
 0.00000029662               9.65871E-12 
 0.00000029663               9.50637E-12 
 0.00000029664               8.92743E-12 
 0.00000029665               8.29452E-12 
 0.00000029666               8.22951E-12 
 0.00000029667               8.90812E-12 
 0.00000029668               9.88124E-12 
 0.00000029669               1.05447E-11 
 0.0000002967                1.07571E-11 
 0.00000029671               1.07396E-11 
 0.00000029672               1.06911E-11 
 0.00000029673               1.06828E-11 
 0.00000029674               1.07053E-11 
 0.00000029675               1.07327E-11 
 0.00000029676               1.07543E-11 
 0.00000029677               1.07651E-11 
 0.00000029678               1.07613E-11 
 0.00000029679               1.07472E-11 
 0.0000002968                0.000000000010729 
 0.00000029681               1.07021E-11 
 0.00000029682               1.06448E-11 
 0.00000029683               0.000000000010523 
 0.00000029684               1.03434E-11 
 0.00000029685               1.01949E-11 
 0.00000029686               1.01471E-11 
 0.00000029687               1.01871E-11 
 0.00000029688               1.02731E-11 
 0.00000029689               1.03448E-11 
 0.0000002969                1.03609E-11 
 0.00000029691               1.03127E-11 
 0.00000029692               1.01981E-11 
 0.00000029693               1.00453E-11 
 0.00000029694               9.93793E-12 
 0.00000029695               9.92708E-12 
 0.00000029696               9.96317E-12 
 0.00000029697               9.9805E-12 
 0.00000029698               9.95339E-12 
 0.00000029699               9.75812E-12 
 0.000000297   8.94965E-12 
 0.00000029701               6.92891E-12 
 0.00000029702               4.14418E-12 
 0.00000029703               2.12611E-12 
 0.00000029704               1.35036E-12 
 0.00000029705               1.47813E-12 
 0.00000029706               2.55294E-12 
 0.00000029707               4.51772E-12 
 0.00000029708               5.99967E-12 
 0.00000029709               6.59839E-12 
 0.0000002971                7.55826E-12 
 0.00000029711               8.82117E-12 
 0.00000029712               9.49501E-12 
 0.00000029713               9.57961E-12 
 0.00000029714               9.44002E-12 
 0.00000029715               9.22093E-12 
 0.00000029716               8.99458E-12 
 0.00000029717               8.86925E-12 
 0.00000029718               8.92581E-12 
 0.00000029719               9.12301E-12 
 0.0000002972                9.32797E-12 
 0.00000029721               9.45488E-12 
 0.00000029722               9.49643E-12 
 0.00000029723               9.48115E-12 
 0.00000029724               9.44085E-12 
 0.00000029725               9.40118E-12 
 0.00000029726               9.37734E-12 
 0.00000029727               9.37057E-12 
 0.00000029728               9.37671E-12 
 0.00000029729               9.38483E-12 
 0.0000002973                9.38789E-12 
 0.00000029731               9.38542E-12 
 0.00000029732               9.37866E-12 
 0.00000029733               9.36563E-12 
 0.00000029734               9.33864E-12 
 0.00000029735               9.2616E-12 
 0.00000029736               9.00381E-12 
 0.00000029737               8.33916E-12 
 0.00000029738               7.25981E-12 
 0.00000029739               6.24226E-12 
 0.0000002974                5.72605E-12 
 0.00000029741               5.55085E-12 
 0.00000029742               5.30423E-12 
 0.00000029743               5.17576E-12 
 0.00000029744               5.71967E-12 
 0.00000029745               6.94959E-12 
 0.00000029746               8.15966E-12 
 0.00000029747               8.77186E-12 
 0.00000029748               8.94003E-12 
 0.00000029749               8.96471E-12 
 0.0000002975                8.96441E-12 
 0.00000029751               8.95643E-12 
 0.00000029752               8.94109E-12 
 0.00000029753               8.92092E-12 
 0.00000029754               8.89901E-12 
 0.00000029755               8.87656E-12 
 0.00000029756               8.85303E-12 
 0.00000029757               8.82758E-12 
 0.00000029758               8.79958E-12 
 0.00000029759               8.76767E-12 
 0.0000002976                8.72986E-12 
 0.00000029761               8.6853E-12 
 0.00000029762               8.63536E-12 
 0.00000029763               8.58316E-12 
 0.00000029764               8.52785E-12 
 0.00000029765               8.45598E-12 
 0.00000029766               8.35546E-12 
 0.00000029767               8.25495E-12 
 0.00000029768               8.21649E-12 
 0.00000029769               8.2596E-12 
 0.0000002977                8.33447E-12 
 0.00000029771               8.38768E-12 
 0.00000029772               8.40936E-12 
 0.00000029773               8.41389E-12 
 0.00000029774               8.40528E-12 
 0.00000029775               8.35285E-12 
 0.00000029776               8.17368E-12 
 0.00000029777               7.82199E-12 
 0.00000029778               7.49248E-12 
 0.00000029779               7.48612E-12 
 0.0000002978                7.78136E-12 
 0.00000029781               8.07024E-12 
 0.00000029782               8.18353E-12 
 0.00000029783               8.16897E-12 
 0.00000029784               8.1065E-12 
 0.00000029785               8.03646E-12 
 0.00000029786               7.94692E-12 
 0.00000029787               0.00000000000782 
 0.00000029788               7.70809E-12 
 0.00000029789               7.69371E-12 
 0.0000002979                7.78075E-12 
 0.00000029791               7.86131E-12 
 0.00000029792               7.73484E-12 
 0.00000029793               7.0321E-12 
 0.00000029794               5.36005E-12 
 0.00000029795               3.25097E-12 
 0.00000029796               1.92271E-12 
 0.00000029797               1.67371E-12 
 0.00000029798               2.45545E-12 
 0.00000029799               4.32582E-12 
 0.000000298   6.37745E-12 
 0.00000029801               7.47302E-12 
 0.00000029802               7.78121E-12 
 0.00000029803               7.81559E-12 
 0.00000029804               7.77528E-12 
 0.00000029805               7.67969E-12 
 0.00000029806               7.52057E-12 
 0.00000029807               7.35654E-12 
 0.00000029808               7.30387E-12 
 0.00000029809               0.000000000007395 
 0.0000002981                7.52917E-12 
 0.00000029811               7.60925E-12 
 0.00000029812               7.63075E-12 
 0.00000029813               7.62086E-12 
 0.00000029814               7.58296E-12 
 0.00000029815               7.49273E-12 
 0.00000029816               7.28976E-12 
 0.00000029817               0.000000000006878 
 0.00000029818               6.24188E-12 
 0.00000029819               5.63534E-12 
 0.0000002982                5.38622E-12 
 0.00000029821               5.51484E-12 
 0.00000029822               5.83422E-12 
 0.00000029823               6.23466E-12 
 0.00000029824               6.65733E-12 
 0.00000029825               7.00465E-12 
 0.00000029826               7.21203E-12 
 0.00000029827               7.29915E-12 
 0.00000029828               7.32054E-12 
 0.00000029829               7.31456E-12 
 0.0000002983                7.29541E-12 
 0.00000029831               7.22257E-12 
 0.00000029832               6.84462E-12 
 0.00000029833               6.12372E-12 
 0.00000029834               6.04905E-12 
 0.00000029835               6.67843E-12 
 0.00000029836               6.92196E-12 
 0.00000029837               6.71738E-12 
 0.00000029838               6.36404E-12 
 0.00000029839               5.75899E-12 
 0.0000002984                4.6508E-12 
 0.00000029841               3.27801E-12 
 0.00000029842               2.33499E-12 
 0.00000029843               2.1626E-12 
 0.00000029844               2.80432E-12 
 0.00000029845               4.17409E-12 
 0.00000029846               5.67365E-12 
 0.00000029847               6.57617E-12 
 0.00000029848               6.89615E-12 
 0.00000029849               6.95461E-12 
 0.0000002985                6.94073E-12 
 0.00000029851               6.91634E-12 
 0.00000029852               6.89263E-12 
 0.00000029853               6.86291E-12 
 0.00000029854               6.81805E-12 
 0.00000029855               6.73956E-12 
 0.00000029856               6.6063E-12 
 0.00000029857               6.47086E-12 
 0.00000029858               6.45846E-12 
 0.00000029859               6.56914E-12 
 0.0000002986                6.66868E-12 
 0.00000029861               0.000000000006688 
 0.00000029862               6.6271E-12 
 0.00000029863               6.47169E-12 
 0.00000029864               6.22863E-12 
 0.00000029865               5.98596E-12 
 0.00000029866               5.78494E-12 
 0.00000029867               5.20155E-12 
 0.00000029868               3.40848E-12 
 0.00000029869               1.33304E-12 
 0.0000002987                4.79964E-13 
 0.00000029871               4.00921E-13 
 0.00000029872               8.9978E-13 
 0.00000029873               2.39693E-12 
 0.00000029874               4.30725E-12 
 0.00000029875               5.5287E-12 
 0.00000029876               6.11065E-12 
 0.00000029877               6.35572E-12 
 0.00000029878               0.00000000000643 
 0.00000029879               6.40656E-12 
 0.0000002988                6.18076E-12 
 0.00000029881               5.26296E-12 
 0.00000029882               3.21468E-12 
 0.00000029883               1.21156E-12 
 0.00000029884               3.94507E-13 
 0.00000029885               2.51988E-13 
 0.00000029886               4.72004E-13 
 0.00000029887               1.47529E-12 
 0.00000029888               3.52113E-12 
 0.00000029889               5.17208E-12 
 0.0000002989                5.76915E-12 
 0.00000029891               5.96553E-12 
 0.00000029892               6.06267E-12 
 0.00000029893               6.10254E-12 
 0.00000029894               6.12034E-12 
 0.00000029895               6.10066E-12 
 0.00000029896               5.95266E-12 
 0.00000029897               5.61282E-12 
 0.00000029898               5.29314E-12 
 0.00000029899               5.32359E-12 
 0.000000299   5.65626E-12 
 0.00000029901               5.94493E-12 
 0.00000029902               6.04864E-12 
 0.00000029903               6.05786E-12 
 0.00000029904               6.0469E-12 
 0.00000029905               6.03374E-12 
 0.00000029906               6.01848E-12 
 0.00000029907               5.99939E-12 
 0.00000029908               5.97679E-12 
 0.00000029909               5.95429E-12 
 0.0000002991                5.93615E-12 
 0.00000029911               5.92452E-12 
 0.00000029912               5.91693E-12 
 0.00000029913               5.90942E-12 
 0.00000029914               5.89972E-12 
 0.00000029915               5.88752E-12 
 0.00000029916               5.87354E-12 
 0.00000029917               5.85864E-12 
 0.00000029918               5.84151E-12 
 0.00000029919               5.81744E-12 
 0.0000002992                5.78309E-12 
 0.00000029921               5.74557E-12 
 0.00000029922               5.71989E-12 
 0.00000029923               5.71274E-12 
 0.00000029924               5.71643E-12 
 0.00000029925               5.71196E-12 
 0.00000029926               5.65658E-12 
 0.00000029927               5.42522E-12 
 0.00000029928               4.74839E-12 
 0.00000029929               3.4574E-12 
 0.0000002993                2.01581E-12 
 0.00000029931               1.10016E-12 
 0.00000029932               7.84619E-13 
 0.00000029933               9.1848E-13 
 0.00000029934               1.57029E-12 
 0.00000029935               2.8212E-12 
 0.00000029936               4.20679E-12 
 0.00000029937               5.08254E-12 
 0.00000029938               0.00000000000542 
 0.00000029939               5.50238E-12 
 0.0000002994                5.50555E-12 
 0.00000029941               5.47894E-12 
 0.00000029942               5.42741E-12 
 0.00000029943               5.36887E-12 
 0.00000029944               5.34035E-12 
 0.00000029945               5.3474E-12 
 0.00000029946               5.34194E-12 
 0.00000029947               5.24704E-12 
 0.00000029948               4.91338E-12 
 0.00000029949               4.10142E-12 
 0.0000002995                2.88149E-12 
 0.00000029951               1.8755E-12 
 0.00000029952               1.49754E-12 
 0.00000029953               1.76709E-12 
 0.00000029954               2.64926E-12 
 0.00000029955               3.75916E-12 
 0.00000029956               4.43652E-12 
 0.00000029957               4.6611E-12 
 0.00000029958               4.85881E-12 
 0.00000029959               5.06616E-12 
 0.0000002996                5.14094E-12 
 0.00000029961               5.13653E-12 
 0.00000029962               5.12507E-12 
 0.00000029963               5.11619E-12 
 0.00000029964               5.10273E-12 
 0.00000029965               5.09001E-12 
 0.00000029966               5.08636E-12 
 0.00000029967               5.09093E-12 
 0.00000029968               5.09383E-12 
 0.00000029969               5.08529E-12 
 0.0000002997                5.05456E-12 
 0.00000029971               4.96656E-12 
 0.00000029972               4.78534E-12 
 0.00000029973               4.59366E-12 
 0.00000029974               4.53462E-12 
 0.00000029975               4.58846E-12 
 0.00000029976               4.66454E-12 
 0.00000029977               4.75562E-12 
 0.00000029978               4.85373E-12 
 0.00000029979               4.92102E-12 
 0.0000002998                4.94746E-12 
 0.00000029981               4.95099E-12 
 0.00000029982               4.94639E-12 
 0.00000029983               4.93803E-12 
 0.00000029984               4.92691E-12 
 0.00000029985               4.91443E-12 
 0.00000029986               4.9014E-12 
 0.00000029987               4.88775E-12 
 0.00000029988               4.87364E-12 
 0.00000029989               4.8595E-12 
 0.0000002999                4.84579E-12 
 0.00000029991               4.8329E-12 
 0.00000029992               4.82085E-12 
 0.00000029993               4.80897E-12 
 0.00000029994               4.79551E-12 
 0.00000029995               4.77589E-12 
 0.00000029996               4.73908E-12 
 0.00000029997               4.66738E-12 
 0.00000029998               4.54726E-12 
 0.00000029999               4.39596E-12 
 0.0000003     4.26688E-12 
