 0.000000294   0.000000000697148 
 0.00000029401               0.000000000695716 
 0.00000029402               0.000000000693528 
 0.00000029403               0.000000000691154 
 0.00000029404               0.000000000688782 
 0.00000029405               0.000000000685879 
 0.00000029406               0.000000000681237 
 0.00000029407               0.000000000674279 
 0.00000029408               0.00000000066656 
 0.00000029409               0.00000000066003 
 0.0000002941                0.00000000065306 
 0.00000029411               0.000000000642773 
 0.00000029412               0.000000000634167 
 0.00000029413               0.000000000635831 
 0.00000029414               0.000000000645304 
 0.00000029415               0.000000000652713 
 0.00000029416               0.000000000653456 
 0.00000029417               0.000000000645091 
 0.00000029418               0.000000000623854 
 0.00000029419               0.000000000597641 
 0.0000002942                0.000000000588897 
 0.00000029421               0.000000000608984 
 0.00000029422               0.000000000639769 
 0.00000029423               0.000000000657664 
 0.00000029424               0.000000000661638 
 0.00000029425               0.000000000660139 
 0.00000029426               0.000000000656707 
 0.00000029427               0.000000000651337 
 0.00000029428               0.000000000644368 
 0.00000029429               0.00000000063856 
 0.0000002943                0.000000000636957 
 0.00000029431               0.000000000638943 
 0.00000029432               0.000000000641084 
 0.00000029433               0.000000000641449 
 0.00000029434               0.000000000640319 
 0.00000029435               0.000000000638019 
 0.00000029436               0.00000000063404 
 0.00000029437               0.000000000628016 
 0.00000029438               0.000000000620965 
 0.00000029439               0.000000000614766 
 0.0000002944                0.000000000610207 
 0.00000029441               0.000000000606026 
 0.00000029442               0.000000000600093 
 0.00000029443               0.000000000591608 
 0.00000029444               0.000000000582624 
 0.00000029445               0.000000000577339 
 0.00000029446               0.000000000579357 
 0.00000029447               0.000000000588837 
 0.00000029448               0.000000000601796 
 0.00000029449               0.000000000613057 
 0.0000002945                0.000000000619683 
 0.00000029451               0.000000000621326 
 0.00000029452               0.000000000618842 
 0.00000029453               0.000000000613334 
 0.00000029454               0.000000000606077 
 0.00000029455               0.000000000597898 
 0.00000029456               0.000000000586783 
 0.00000029457               0.000000000567915 
 0.00000029458               0.000000000544276 
 0.00000029459               0.000000000533617 
 0.0000002946                0.000000000548269 
 0.00000029461               0.000000000576196 
 0.00000029462               0.000000000597007 
 0.00000029463               0.000000000605423 
 0.00000029464               0.000000000607096 
 0.00000029465               0.000000000606611 
 0.00000029466               0.000000000605592 
 0.00000029467               0.000000000604209 
 0.00000029468               0.000000000601778 
 0.00000029469               0.000000000597959 
 0.0000002947                0.000000000594602 
 0.00000029471               0.000000000593922 
 0.00000029472               0.000000000594849 
 0.00000029473               0.000000000595421 
 0.00000029474               0.000000000595042 
 0.00000029475               0.000000000593544 
 0.00000029476               0.0000000005911 
 0.00000029477               0.000000000588846 
 0.00000029478               0.000000000587762 
 0.00000029479               0.00000000058725 
 0.0000002948                0.000000000586528 
 0.00000029481               0.000000000585881 
 0.00000029482               0.000000000585137 
 0.00000029483               0.000000000582594 
 0.00000029484               0.000000000574032 
 0.00000029485               0.000000000550815 
 0.00000029486               0.000000000505825 
 0.00000029487               0.00000000044999 
 0.00000029488               0.000000000412607 
 0.00000029489               0.000000000415137 
 0.0000002949                0.000000000452989 
 0.00000029491               0.000000000498642 
 0.00000029492               0.000000000527381 
 0.00000029493               0.000000000538534 
 0.00000029494               0.000000000544547 
 0.00000029495               0.000000000553264 
 0.00000029496               0.000000000560644 
 0.00000029497               0.000000000559682 
 0.00000029498               0.000000000548794 
 0.00000029499               0.000000000529386 
 0.000000295   0.000000000504112 
 0.00000029501               0.000000000467368 
 0.00000029502               0.000000000385548 
 0.00000029503               0.000000000218454 
 0.00000029504               5.15389E-11 
 0.00000029505               2.79052E-12 
 0.00000029506               3.23712E-14 
 0.00000029507               2.6705E-16 
 0.00000029508               1.33257E-17 
 0.00000029509               1.64457E-17 
 0.0000002951                3.05494E-16 
 0.00000029511               1.63447E-14 
 0.00000029512               6.43369E-13 
 0.00000029513               1.05943E-11 
 0.00000029514               6.92672E-11 
 0.00000029515               0.000000000209853 
 0.00000029516               0.00000000037005 
 0.00000029517               0.000000000474291 
 0.00000029518               0.000000000519888 
 0.00000029519               0.000000000534588 
 0.0000002952                0.000000000537679 
 0.00000029521               0.000000000536464 
 0.00000029522               0.000000000525243 
 0.00000029523               0.000000000454669 
 0.00000029524               0.000000000231569 
 0.00000029525               3.20485E-11 
 0.00000029526               1.06763E-12 
 0.00000029527               6.45606E-14 
 0.00000029528               9.79025E-14 
 0.00000029529               2.41888E-12 
 0.0000002953                5.70998E-11 
 0.00000029531               0.000000000282183 
 0.00000029532               0.000000000441255 
 0.00000029533               0.00000000045446 
 0.00000029534               0.000000000444723 
 0.00000029535               0.000000000459557 
 0.00000029536               0.000000000486808 
 0.00000029537               0.000000000502637 
 0.00000029538               0.000000000501575 
 0.00000029539               0.000000000487768 
 0.0000002954                0.000000000466491 
 0.00000029541               0.000000000447478 
 0.00000029542               0.000000000441087 
 0.00000029543               0.000000000450529 
 0.00000029544               0.000000000469931 
 0.00000029545               0.000000000489028 
 0.00000029546               0.000000000500618 
 0.00000029547               0.00000000050285 
 0.00000029548               0.000000000495337 
 0.00000029549               0.000000000476251 
 0.0000002955                0.000000000444351 
 0.00000029551               0.000000000404336 
 0.00000029552               0.000000000369112 
 0.00000029553               0.000000000353196 
 0.00000029554               0.000000000363609 
 0.00000029555               0.00000000039588 
 0.00000029556               0.000000000435711 
 0.00000029557               0.000000000467719 
 0.00000029558               0.000000000485615 
 0.00000029559               0.000000000492458 
 0.0000002956                0.000000000493669 
 0.00000029561               0.000000000492689 
 0.00000029562               0.00000000049089 
 0.00000029563               0.000000000488814 
 0.00000029564               0.00000000048689 
 0.00000029565               0.000000000485132 
 0.00000029566               0.000000000483006 
 0.00000029567               0.000000000479677 
 0.00000029568               0.000000000472047 
 0.00000029569               0.000000000449524 
 0.0000002957                0.000000000398731 
 0.00000029571               0.000000000329337 
 0.00000029572               0.000000000259707 
 0.00000029573               0.000000000170513 
 0.00000029574               6.55432E-11 
 0.00000029575               1.06803E-11 
 0.00000029576               7.06235E-13 
 0.00000029577               2.79423E-14 
 0.00000029578               1.52533E-15 
 0.00000029579               3.09811E-16 
 0.0000002958                4.34231E-16 
 0.00000029581               3.64554E-15 
 0.00000029582               8.18199E-14 
 0.00000029583               1.8424E-12 
 0.00000029584               2.12753E-11 
 0.00000029585               0.000000000103124 
 0.00000029586               0.000000000241065 
 0.00000029587               0.000000000353362 
 0.00000029588               0.000000000408193 
 0.00000029589               0.000000000427416 
 0.0000002959                0.000000000433818 
 0.00000029591               0.000000000437595 
 0.00000029592               0.00000000044045 
 0.00000029593               0.00000000044117 
 0.00000029594               0.00000000044004 
 0.00000029595               0.000000000439815 
 0.00000029596               0.000000000442401 
 0.00000029597               0.000000000446375 
 0.00000029598               0.000000000449368 
 0.00000029599               0.000000000450429 
 0.000000296   0.000000000450218 
 0.00000029601               0.000000000449163 
 0.00000029602               0.000000000447659 
 0.00000029603               0.000000000446137 
 0.00000029604               0.000000000444094 
 0.00000029605               0.000000000439041 
 0.00000029606               0.000000000426922 
 0.00000029607               0.000000000406238 
 0.00000029608               0.000000000383656 
 0.00000029609               0.000000000371481 
 0.0000002961                0.000000000376128 
 0.00000029611               0.000000000390504 
 0.00000029612               0.000000000399837 
 0.00000029613               0.00000000039655 
 0.00000029614               0.000000000385866 
 0.00000029615               0.000000000377744 
 0.00000029616               0.000000000378992 
 0.00000029617               0.000000000390168 
 0.00000029618               0.000000000404454 
 0.00000029619               0.000000000400278 
 0.0000002962                0.000000000287093 
 0.00000029621               4.15601E-11 
 0.00000029622               3.8528E-14 
 0.00000029623               5.53784E-21 
 0.00000029624               7.9739E-30 
 0.00000029625               3.62249E-34 
 0.00000029626               7.20424E-30 
 0.00000029627               5.0111E-21 
 0.00000029628               3.6633E-14 
 0.00000029629               0.000000000040576 
 0.0000002963                0.000000000279141 
 0.00000029631               0.000000000383208 
 0.00000029632               0.000000000388451 
 0.00000029633               0.000000000390231 
 0.00000029634               0.000000000400229 
 0.00000029635               0.00000000040976 
 0.00000029636               0.000000000412986 
 0.00000029637               0.000000000409404 
 0.00000029638               0.000000000404018 
 0.00000029639               0.000000000404541 
 0.0000002964                0.000000000409505 
 0.00000029641               0.000000000412618 
 0.00000029642               0.000000000413135 
 0.00000029643               0.000000000412694 
 0.00000029644               0.000000000411928 
 0.00000029645               0.000000000410704 
 0.00000029646               0.000000000408292 
 0.00000029647               0.000000000403058 
 0.00000029648               0.000000000391189 
 0.00000029649               0.000000000360544 
 0.0000002965                0.000000000291863 
 0.00000029651               0.000000000214126 
 0.00000029652               0.000000000196603 
 0.00000029653               0.000000000253501 
 0.00000029654               0.00000000033248 
 0.00000029655               0.000000000376846 
 0.00000029656               0.000000000392225 
 0.00000029657               0.000000000396625 
 0.00000029658               0.000000000397459 
 0.00000029659               0.000000000396855 
 0.0000002966                0.000000000395583 
 0.00000029661               0.000000000394118 
 0.00000029662               0.000000000392745 
 0.00000029663               0.000000000391478 
 0.00000029664               0.000000000389395 
 0.00000029665               0.000000000362012 
 0.00000029666               0.000000000132548 
 0.00000029667               3.05117E-13 
 0.00000029668               2.25622E-19 
 0.00000029669               1.90186E-22 
 0.0000002967                1.47437E-17 
 0.00000029671               2.0771E-12 
 0.00000029672               3.57515E-11 
 0.00000029673               5.37765E-12 
 0.00000029674               3.47654E-15 
 0.00000029675               6.81667E-30 
 0.00000029676               4.30761E-89 
 0.00000029677               6.09937E-244 
 0.00000029678               0 
 0.00000029679               0 
 0.0000002968                0 
 0.00000029681               2.37557E-273 
 0.00000029682               2.19792E-101 
 0.00000029683               5.19856E-31 
 0.00000029684               1.55871E-13 
 0.00000029685               0.000000000117052 
 0.00000029686               0.000000000289498 
 0.00000029687               0.000000000341474 
 0.00000029688               0.000000000357007 
 0.00000029689               0.000000000361693 
 0.0000002969                0.000000000363623 
 0.00000029691               0.000000000365124 
 0.00000029692               0.000000000365555 
 0.00000029693               0.000000000364497 
 0.00000029694               0.000000000362893 
 0.00000029695               0.000000000361876 
 0.00000029696               0.000000000361667 
 0.00000029697               0.000000000361741 
 0.00000029698               0.000000000361269 
 0.00000029699               0.00000000035952 
 0.000000297   0.000000000355931 
 0.00000029701               0.000000000350337 
 0.00000029702               0.000000000343433 
 0.00000029703               0.000000000336923 
 0.00000029704               0.000000000332968 
 0.00000029705               0.000000000333128 
 0.00000029706               0.000000000337385 
 0.00000029707               0.000000000343839 
 0.00000029708               0.000000000349567 
 0.00000029709               0.000000000352705 
 0.0000002971                0.000000000353048 
 0.00000029711               0.000000000351145 
 0.00000029712               0.00000000034788 
 0.00000029713               0.000000000344859 
 0.00000029714               0.000000000343806 
 0.00000029715               0.000000000345113 
 0.00000029716               0.000000000347447 
 0.00000029717               0.000000000349164 
 0.00000029718               0.000000000349662 
 0.00000029719               0.000000000349272 
 0.0000002972                0.000000000348483 
 0.00000029721               0.000000000347582 
 0.00000029722               0.000000000346701 
 0.00000029723               0.000000000345794 
 0.00000029724               0.000000000343868 
 0.00000029725               0.000000000334503 
 0.00000029726               0.000000000291503 
 0.00000029727               0.000000000171645 
 0.00000029728               3.82739E-11 
 0.00000029729               1.82165E-12 
 0.0000002973                2.69429E-14 
 0.00000029731               8.60844E-16 
 0.00000029732               5.69915E-16 
 0.00000029733               1.06974E-14 
 0.00000029734               7.67782E-13 
 0.00000029735               2.27083E-11 
 0.00000029736               0.000000000136343 
 0.00000029737               0.00000000026545 
 0.00000029738               0.000000000315983 
 0.00000029739               0.000000000325128 
 0.0000002974                0.000000000326584 
 0.00000029741               0.000000000328262 
 0.00000029742               0.000000000329405 
 0.00000029743               0.000000000329309 
 0.00000029744               0.00000000032847 
 0.00000029745               0.000000000327351 
 0.00000029746               0.000000000326871 
 0.00000029747               0.000000000327418 
 0.00000029748               0.000000000327936 
 0.00000029749               0.000000000327442 
 0.0000002975                0.00000000032584 
 0.00000029751               0.000000000323643 
 0.00000029752               0.00000000032154 
 0.00000029753               0.00000000031961 
 0.00000029754               0.000000000317723 
 0.00000029755               0.000000000316504 
 0.00000029756               0.000000000316486 
 0.00000029757               0.000000000317229 
 0.00000029758               0.000000000317974 
 0.00000029759               0.000000000318266 
 0.0000002976                0.000000000317269 
 0.00000029761               0.000000000310504 
 0.00000029762               0.000000000292323 
 0.00000029763               0.000000000277712 
 0.00000029764               0.000000000283432 
 0.00000029765               0.000000000294468 
 0.00000029766               0.000000000298837 
 0.00000029767               0.000000000299963 
 0.00000029768               0.00000000030096 
 0.00000029769               0.000000000302729 
 0.0000002977                0.000000000305119 
 0.00000029771               0.000000000307543 
 0.00000029772               0.000000000309338 
 0.00000029773               0.000000000309748 
 0.00000029774               0.000000000306732 
 0.00000029775               0.000000000293922 
 0.00000029776               0.000000000261168 
 0.00000029777               0.000000000209928 
 0.00000029778               0.000000000164224 
 0.00000029779               0.000000000147311 
 0.0000002978                0.0000000001656 
 0.00000029781               0.000000000211514 
 0.00000029782               0.000000000260855 
 0.00000029783               0.0000000002908 
 0.00000029784               0.000000000301548 
 0.00000029785               0.00000000030331 
 0.00000029786               0.00000000030081 
 0.00000029787               0.000000000293159 
 0.00000029788               0.000000000283811 
 0.00000029789               0.000000000283175 
 0.0000002979                0.000000000291192 
 0.00000029791               0.000000000297167 
 0.00000029792               0.000000000297675 
 0.00000029793               0.000000000296027 
 0.00000029794               0.000000000294731 
 0.00000029795               0.000000000293411 
 0.00000029796               0.000000000290345 
 0.00000029797               0.00000000028611 
 0.00000029798               0.000000000283432 
 0.00000029799               0.000000000282693 
 0.000000298   0.000000000280874 
 0.00000029801               0.00000000027575 
 0.00000029802               0.000000000268039 
 0.00000029803               0.000000000259425 
 0.00000029804               0.000000000250608 
 0.00000029805               0.000000000242607 
 0.00000029806               0.000000000236567 
 0.00000029807               0.000000000235673 
 0.00000029808               0.000000000240914 
 0.00000029809               0.000000000249896 
 0.0000002981                0.000000000257681 
 0.00000029811               0.000000000261707 
 0.00000029812               0.000000000264269 
 0.00000029813               0.000000000262098 
 0.00000029814               0.000000000239414 
 0.00000029815               0.00000000017687 
 0.00000029816               0.000000000080891 
 0.00000029817               1.43034E-11 
 0.00000029818               5.48438E-13 
 0.00000029819               3.19409E-15 
 0.0000002982                4.02964E-18 
 0.00000029821               4.34696E-21 
 0.00000029822               3.20071E-23 
 0.00000029823               9.69918E-24 
 0.00000029824               1.93227E-22 
 0.00000029825               7.99557E-20 
 0.00000029826               8.70636E-17 
 0.00000029827               3.90657E-14 
 0.00000029828               2.88663E-12 
 0.00000029829               3.58264E-11 
 0.0000002983                0.000000000124327 
 0.00000029831               0.00000000020976 
 0.00000029832               0.000000000251808 
 0.00000029833               0.000000000260528 
 0.00000029834               0.000000000249009 
 0.00000029835               0.00000000022812 
 0.00000029836               0.0000000002144 
 0.00000029837               0.000000000219549 
 0.00000029838               0.000000000238799 
 0.00000029839               0.000000000256742 
 0.0000002984                0.000000000265084 
 0.00000029841               0.000000000266906 
 0.00000029842               0.000000000266755 
 0.00000029843               0.000000000266183 
 0.00000029844               0.000000000264666 
 0.00000029845               0.000000000260435 
 0.00000029846               0.000000000250363 
 0.00000029847               0.000000000231366 
 0.00000029848               0.000000000207457 
 0.00000029849               0.000000000191505 
 0.0000002985                0.00000000018962 
 0.00000029851               0.000000000201084 
 0.00000029852               0.000000000219643 
 0.00000029853               0.000000000238257 
 0.00000029854               0.000000000251621 
 0.00000029855               0.000000000258358 
 0.00000029856               0.000000000260497 
 0.00000029857               0.000000000260581 
 0.00000029858               0.000000000260026 
 0.00000029859               0.000000000259183 
 0.0000002986                0.000000000257655 
 0.00000029861               0.000000000253845 
 0.00000029862               0.000000000247045 
 0.00000029863               0.000000000242405 
 0.00000029864               0.000000000244386 
 0.00000029865               0.000000000248584 
 0.00000029866               0.000000000250929 
 0.00000029867               0.000000000251716 
 0.00000029868               0.00000000025033 
 0.00000029869               0.000000000245018 
 0.0000002987                0.000000000234375 
 0.00000029871               0.000000000218089 
 0.00000029872               0.000000000197988 
 0.00000029873               0.000000000178075 
 0.00000029874               0.000000000162867 
 0.00000029875               0.000000000155514 
 0.00000029876               0.000000000157192 
 0.00000029877               0.000000000167313 
 0.00000029878               0.000000000183407 
 0.00000029879               0.000000000201121 
 0.0000002988                0.000000000215826 
 0.00000029881               0.000000000224847 
 0.00000029882               0.000000000228375 
 0.00000029883               0.000000000228474 
 0.00000029884               0.000000000227892 
 0.00000029885               0.000000000229037 
 0.00000029886               0.000000000232492 
 0.00000029887               0.00000000023659 
 0.00000029888               0.000000000239405 
 0.00000029889               0.000000000240121 
 0.0000002989                0.000000000238007 
 0.00000029891               0.000000000232873 
 0.00000029892               0.000000000227993 
 0.00000029893               0.000000000227816 
 0.00000029894               0.00000000023114 
 0.00000029895               0.000000000231154 
 0.00000029896               0.000000000221093 
 0.00000029897               0.000000000200727 
 0.00000029898               0.000000000182196 
 0.00000029899               0.000000000180254 
 0.000000299   0.000000000196167 
 0.00000029901               0.00000000021657 
 0.00000029902               0.000000000228725 
 0.00000029903               0.000000000232304 
 0.00000029904               0.00000000023225 
 0.00000029905               0.000000000231659 
 0.00000029906               0.000000000231499 
 0.00000029907               0.000000000231477 
 0.00000029908               0.000000000228165 
 0.00000029909               0.000000000189021 
 0.0000002991                3.28172E-11 
 0.00000029911               2.30537E-16 
 0.00000029912               1.62135E-41 
 0.00000029913               6.31567E-129 
 0.00000029914               0 
 0.00000029915               0 
 0.00000029916               0 
 0.00000029917               0 
 0.00000029918               0 
 0.00000029919               0 
 0.0000002992                1.06491E-238 
 0.00000029921               1.01518E-82 
 0.00000029922               3.54219E-27 
 0.00000029923               3.07501E-13 
 0.00000029924               9.73388E-11 
 0.00000029925               0.000000000204419 
 0.00000029926               0.00000000021872 
 0.00000029927               0.000000000218943 
 0.00000029928               0.000000000217064 
 0.00000029929               0.000000000213985 
 0.0000002993                0.000000000210282 
 0.00000029931               0.000000000206613 
 0.00000029932               0.000000000203626 
 0.00000029933               0.000000000202021 
 0.00000029934               0.000000000201874 
 0.00000029935               0.000000000200387 
 0.00000029936               0.000000000185522 
 0.00000029937               0.000000000141304 
 0.00000029938               9.24379E-11 
 0.00000029939               7.91735E-11 
 0.0000002994                0.000000000109717 
 0.00000029941               0.000000000166555 
 0.00000029942               0.000000000203751 
 0.00000029943               0.000000000213713 
 0.00000029944               0.000000000214712 
 0.00000029945               0.00000000021438 
 0.00000029946               0.000000000213921 
 0.00000029947               0.000000000213459 
 0.00000029948               0.000000000212991 
 0.00000029949               0.000000000212478 
 0.0000002995                0.000000000211853 
 0.00000029951               0.000000000211086 
 0.00000029952               0.000000000210271 
 0.00000029953               0.000000000209597 
 0.00000029954               0.000000000209188 
 0.00000029955               0.000000000208972 
 0.00000029956               0.000000000209057 
 0.00000029957               0.000000000208583 
 0.00000029958               0.00000000020746 
 0.00000029959               0.000000000204939 
 0.0000002996                0.00000000020143 
 0.00000029961               0.000000000200225 
 0.00000029962               0.000000000202161 
 0.00000029963               0.000000000203979 
 0.00000029964               0.000000000203919 
 0.00000029965               0.00000000020242 
 0.00000029966               0.000000000200748 
 0.00000029967               0.000000000200304 
 0.00000029968               0.000000000200658 
 0.00000029969               0.000000000200056 
 0.0000002997                0.000000000197738 
 0.00000029971               0.000000000194891 
 0.00000029972               0.000000000193817 
 0.00000029973               0.000000000195431 
 0.00000029974               0.000000000198085 
 0.00000029975               0.00000000019967 
 0.00000029976               0.000000000199471 
 0.00000029977               0.000000000197424 
 0.00000029978               0.000000000194204 
 0.00000029979               0.000000000192587 
 0.0000002998                0.000000000194147 
 0.00000029981               0.000000000196315 
 0.00000029982               0.000000000196992 
 0.00000029983               0.00000000019684 
 0.00000029984               0.000000000196622 
 0.00000029985               0.000000000196302 
 0.00000029986               0.0000000001956 
 0.00000029987               0.000000000194342 
 0.00000029988               0.000000000192489 
 0.00000029989               0.000000000190398 
 0.0000002999                0.000000000188227 
 0.00000029991               0.000000000184741 
 0.00000029992               0.000000000177765 
 0.00000029993               0.000000000166519 
 0.00000029994               0.000000000153803 
 0.00000029995               0.000000000145199 
 0.00000029996               0.000000000145052 
 0.00000029997               0.000000000153025 
 0.00000029998               0.00000000016398 
 0.00000029999               0.000000000172351 
 0.0000003     0.000000000177384 
