 0.000000294   0.0000000190498 
 0.00000029401               0.0000000210002 
 0.00000029402               0.0000000224634 
 0.00000029403               0.0000000228717 
 0.00000029404               0.0000000228587 
 0.00000029405               0.0000000227559 
 0.00000029406               0.0000000226297 
 0.00000029407               0.0000000225436 
 0.00000029408               0.0000000225751 
 0.00000029409               0.0000000226557 
 0.0000002941                0.0000000226719 
 0.00000029411               0.0000000225919 
 0.00000029412               0.0000000224365 
 0.00000029413               0.0000000223431 
 0.00000029414               0.0000000223888 
 0.00000029415               0.0000000224407 
 0.00000029416               0.0000000224129 
 0.00000029417               0.0000000222782 
 0.00000029418               0.0000000219917 
 0.00000029419               0.0000000215119 
 0.0000002942                0.0000000209339 
 0.00000029421               0.0000000205225 
 0.00000029422               0.0000000205328 
 0.00000029423               0.0000000209425 
 0.00000029424               0.0000000214085 
 0.00000029425               0.0000000216248 
 0.00000029426               0.0000000216556 
 0.00000029427               0.0000000217584 
 0.00000029428               0.0000000218204 
 0.00000029429               0.0000000217976 
 0.0000002943                0.0000000217203 
 0.00000029431               0.0000000216835 
 0.00000029432               0.0000000217154 
 0.00000029433               0.0000000217516 
 0.00000029434               0.0000000217473 
 0.00000029435               0.0000000217134 
 0.00000029436               0.0000000216609 
 0.00000029437               0.0000000215731 
 0.00000029438               0.0000000214115 
 0.00000029439               0.0000000211855 
 0.0000002944                0.000000020943 
 0.00000029441               0.0000000206297 
 0.00000029442               0.0000000201288 
 0.00000029443               0.0000000192828 
 0.00000029444               0.0000000176855 
 0.00000029445               0.0000000147325 
 0.00000029446               0.0000000105616 
 0.00000029447               0.00000000673061 
 0.00000029448               0.00000000456647 
 0.00000029449               0.00000000407948 
 0.0000002945                0.00000000494074 
 0.00000029451               0.00000000679515 
 0.00000029452               0.00000000887547 
 0.00000029453               0.0000000105251 
 0.00000029454               0.0000000117648 
 0.00000029455               0.00000001294 
 0.00000029456               0.0000000142443 
 0.00000029457               0.0000000156162 
 0.00000029458               0.0000000168538 
 0.00000029459               0.0000000175912 
 0.0000002946                0.0000000172017 
 0.00000029461               0.0000000154665 
 0.00000029462               0.000000013599 
 0.00000029463               0.0000000132553 
 0.00000029464               0.000000014905 
 0.00000029465               0.0000000175099 
 0.00000029466               0.0000000194466 
 0.00000029467               0.0000000202191 
 0.00000029468               0.000000020335 
 0.00000029469               0.0000000202281 
 0.0000002947                0.0000000200137 
 0.00000029471               0.0000000197325 
 0.00000029472               0.0000000194652 
 0.00000029473               0.000000019371 
 0.00000029474               0.0000000194593 
 0.00000029475               0.0000000192885 
 0.00000029476               0.0000000174607 
 0.00000029477               0.0000000128325 
 0.00000029478               0.00000000888666 
 0.00000029479               0.00000000874275 
 0.0000002948                0.0000000114838 
 0.00000029481               0.0000000140982 
 0.00000029482               0.0000000147926 
 0.00000029483               0.000000015026 
 0.00000029484               0.00000001629 
 0.00000029485               0.0000000180947 
 0.00000029486               0.0000000192845 
 0.00000029487               0.0000000196853 
 0.00000029488               0.0000000197322 
 0.00000029489               0.0000000196976 
 0.0000002949                0.0000000196588 
 0.00000029491               0.0000000196236 
 0.00000029492               0.0000000195767 
 0.00000029493               0.0000000194846 
 0.00000029494               0.0000000193181 
 0.00000029495               0.000000019101 
 0.00000029496               0.0000000189086 
 0.00000029497               0.0000000187969 
 0.00000029498               0.0000000187943 
 0.00000029499               0.000000018911 
 0.000000295   0.0000000190808 
 0.00000029501               0.0000000192015 
 0.00000029502               0.000000019243 
 0.00000029503               0.000000019234 
 0.00000029504               0.0000000192004 
 0.00000029505               0.0000000191501 
 0.00000029506               0.0000000190731 
 0.00000029507               0.0000000189557 
 0.00000029508               0.0000000188367 
 0.00000029509               0.0000000187686 
 0.0000002951                0.00000001865 
 0.00000029511               0.0000000182751 
 0.00000029512               0.0000000176058 
 0.00000029513               0.0000000169386 
 0.00000029514               0.0000000167138 
 0.00000029515               0.0000000170728 
 0.00000029516               0.0000000177143 
 0.00000029517               0.0000000182405 
 0.00000029518               0.0000000185169 
 0.00000029519               0.0000000186164 
 0.0000002952                0.0000000186007 
 0.00000029521               0.0000000184395 
 0.00000029522               0.0000000180364 
 0.00000029523               0.0000000173691 
 0.00000029524               0.0000000166643 
 0.00000029525               0.0000000163176 
 0.00000029526               0.0000000165385 
 0.00000029527               0.00000001714 
 0.00000029528               0.0000000177288 
 0.00000029529               0.0000000180751 
 0.0000002953                0.0000000182019 
 0.00000029531               0.0000000181504 
 0.00000029532               0.0000000177605 
 0.00000029533               0.0000000168727 
 0.00000029534               0.0000000160034 
 0.00000029535               0.0000000160079 
 0.00000029536               0.0000000167808 
 0.00000029537               0.0000000174916 
 0.00000029538               0.0000000178192 
 0.00000029539               0.000000017942 
 0.0000002954                0.0000000179608 
 0.00000029541               0.0000000179458 
 0.00000029542               0.0000000179206 
 0.00000029543               0.0000000178969 
 0.00000029544               0.0000000178766 
 0.00000029545               0.0000000178462 
 0.00000029546               0.0000000177696 
 0.00000029547               0.0000000176293 
 0.00000029548               0.0000000175267 
 0.00000029549               0.0000000175179 
 0.0000002955                0.0000000174733 
 0.00000029551               0.0000000173324 
 0.00000029552               0.0000000171525 
 0.00000029553               0.0000000169935 
 0.00000029554               0.0000000167146 
 0.00000029555               0.0000000156814 
 0.00000029556               0.0000000136175 
 0.00000029557               0.000000012154 
 0.00000029558               0.0000000128875 
 0.00000029559               0.0000000150057 
 0.0000002956                0.00000001626 
 0.00000029561               0.0000000158294 
 0.00000029562               0.000000014085 
 0.00000029563               0.0000000114581 
 0.00000029564               0.00000000869634 
 0.00000029565               0.00000000632627 
 0.00000029566               0.00000000369087 
 0.00000029567               0.000000000881233 
 0.00000029568               3.49702E-11 
 0.00000029569               2.7831E-13 
 0.0000002957                4.6734E-15 
 0.00000029571               3.21013E-15 
 0.00000029572               1.29855E-13 
 0.00000029573               0.000000000021774 
 0.00000029574               0.00000000102082 
 0.00000029575               0.00000000682937 
 0.00000029576               0.0000000130712 
 0.00000029577               0.0000000153012 
 0.00000029578               0.000000015812 
 0.00000029579               0.0000000160164 
 0.0000002958                0.000000016159 
 0.00000029581               0.0000000162321 
 0.00000029582               0.0000000162228 
 0.00000029583               0.0000000161271 
 0.00000029584               0.0000000159258 
 0.00000029585               0.0000000155481 
 0.00000029586               0.0000000149003 
 0.00000029587               0.0000000139504 
 0.00000029588               0.0000000127601 
 0.00000029589               0.0000000114513 
 0.0000002959                0.0000000101412 
 0.00000029591               0.00000000890078 
 0.00000029592               0.00000000778716 
 0.00000029593               0.0000000068536 
 0.00000029594               0.00000000613101 
 0.00000029595               0.0000000056942 
 0.00000029596               0.00000000569807 
 0.00000029597               0.00000000618698 
 0.00000029598               0.00000000701501 
 0.00000029599               0.00000000805625 
 0.000000296   0.00000000928163 
 0.00000029601               0.0000000106365 
 0.00000029602               0.0000000119916 
 0.00000029603               0.0000000131972 
 0.00000029604               0.0000000141596 
 0.00000029605               0.0000000148599 
 0.00000029606               0.0000000153239 
 0.00000029607               0.000000015598 
 0.00000029608               0.0000000157342 
 0.00000029609               0.0000000157814 
 0.0000002961                0.0000000157834 
 0.00000029611               0.0000000157607 
 0.00000029612               0.0000000156976 
 0.00000029613               0.0000000155394 
 0.00000029614               0.0000000146191 
 0.00000029615               0.00000000783557 
 0.00000029616               6.19548E-11 
 0.00000029617               7.84231E-22 
 0.00000029618               1.32297E-58 
 0.00000029619               1.94689E-136 
 0.0000002962                4.00038E-230 
 0.00000029621               6.82928E-269 
 0.00000029622               5.38808E-216 
 0.00000029623               1.204E-120 
 0.00000029624               1.26536E-49 
 0.00000029625               9.43825E-19 
 0.00000029626               0.000000000290683 
 0.00000029627               0.00000000968164 
 0.00000029628               0.000000014651 
 0.00000029629               0.0000000151288 
 0.0000002963                0.0000000151736 
 0.00000029631               0.0000000152018 
 0.00000029632               0.0000000152083 
 0.00000029633               0.0000000151729 
 0.00000029634               0.0000000150699 
 0.00000029635               0.0000000149105 
 0.00000029636               0.0000000148265 
 0.00000029637               0.0000000148584 
 0.00000029638               0.0000000148386 
 0.00000029639               0.000000014699 
 0.0000002964                0.0000000145048 
 0.00000029641               0.0000000143362 
 0.00000029642               0.0000000142869 
 0.00000029643               0.0000000143502 
 0.00000029644               0.0000000143709 
 0.00000029645               0.0000000143038 
 0.00000029646               0.0000000142989 
 0.00000029647               0.0000000143745 
 0.00000029648               0.0000000143642 
 0.00000029649               0.0000000142772 
 0.0000002965                0.0000000142638 
 0.00000029651               0.0000000142513 
 0.00000029652               0.0000000140268 
 0.00000029653               0.0000000137713 
 0.00000029654               0.0000000139279 
 0.00000029655               0.0000000142901 
 0.00000029656               0.0000000144612 
 0.00000029657               0.0000000144644 
 0.00000029658               0.0000000143586 
 0.00000029659               0.0000000141511 
 0.0000002966                0.0000000139746 
 0.00000029661               0.000000013973 
 0.00000029662               0.0000000140766 
 0.00000029663               0.0000000141905 
 0.00000029664               0.000000014288 
 0.00000029665               0.0000000143345 
 0.00000029666               0.0000000143374 
 0.00000029667               0.0000000143221 
 0.00000029668               0.0000000142802 
 0.00000029669               0.0000000140492 
 0.0000002967                0.0000000127004 
 0.00000029671               0.00000000800589 
 0.00000029672               0.000000002353 
 0.00000029673               0.000000000567253 
 0.00000029674               0.000000000542826 
 0.00000029675               0.00000000188776 
 0.00000029676               0.00000000580756 
 0.00000029677               0.00000000870357 
 0.00000029678               0.00000000624958 
 0.00000029679               0.00000000361063 
 0.0000002968                0.0000000043772 
 0.00000029681               0.00000000870848 
 0.00000029682               0.0000000126524 
 0.00000029683               0.0000000136323 
 0.00000029684               0.0000000136826 
 0.00000029685               0.000000013685 
 0.00000029686               0.0000000137284 
 0.00000029687               0.0000000137581 
 0.00000029688               0.0000000137362 
 0.00000029689               0.0000000136959 
 0.0000002969                0.0000000136803 
 0.00000029691               0.000000013675 
 0.00000029692               0.0000000136512 
 0.00000029693               0.0000000136045 
 0.00000029694               0.0000000135282 
 0.00000029695               0.0000000133993 
 0.00000029696               0.0000000132056 
 0.00000029697               0.0000000129803 
 0.00000029698               0.0000000127561 
 0.00000029699               0.000000012472 
 0.000000297   0.0000000120215 
 0.00000029701               0.0000000113891 
 0.00000029702               0.0000000106443 
 0.00000029703               0.0000000097644 
 0.00000029704               0.00000000857366 
 0.00000029705               0.00000000721532 
 0.00000029706               0.00000000646276 
 0.00000029707               0.00000000696885 
 0.00000029708               0.00000000864142 
 0.00000029709               0.0000000105608 
 0.0000002971                0.0000000118653 
 0.00000029711               0.000000012524 
 0.00000029712               0.0000000128074 
 0.00000029713               0.0000000129054 
 0.00000029714               0.0000000128314 
 0.00000029715               0.0000000118965 
 0.00000029716               0.00000000866437 
 0.00000029717               0.00000000470584 
 0.00000029718               0.00000000321154 
 0.00000029719               0.00000000446196 
 0.0000002972                0.00000000803693 
 0.00000029721               0.0000000108794 
 0.00000029722               0.0000000116001 
 0.00000029723               0.000000011787 
 0.00000029724               0.0000000120388 
 0.00000029725               0.000000012229 
 0.00000029726               0.0000000123345 
 0.00000029727               0.000000012436 
 0.00000029728               0.0000000125442 
 0.00000029729               0.0000000126138 
 0.0000002973                0.0000000126271 
 0.00000029731               0.0000000125436 
 0.00000029732               0.0000000124228 
 0.00000029733               0.0000000122368 
 0.00000029734               0.0000000119031 
 0.00000029735               0.0000000116266 
 0.00000029736               0.000000011721 
 0.00000029737               0.0000000120796 
 0.00000029738               0.0000000123586 
 0.00000029739               0.0000000124639 
 0.0000002974                0.0000000124927 
 0.00000029741               0.0000000125037 
 0.00000029742               0.0000000124987 
 0.00000029743               0.0000000124795 
 0.00000029744               0.0000000124466 
 0.00000029745               0.0000000123841 
 0.00000029746               0.0000000122388 
 0.00000029747               0.0000000119078 
 0.00000029748               0.0000000112879 
 0.00000029749               0.0000000104263 
 0.0000002975                0.00000000963077 
 0.00000029751               0.00000000930002 
 0.00000029752               0.00000000958737 
 0.00000029753               0.0000000102115 
 0.00000029754               0.0000000106066 
 0.00000029755               0.0000000105548 
 0.00000029756               0.0000000105035 
 0.00000029757               0.0000000108472 
 0.00000029758               0.0000000113919 
 0.00000029759               0.0000000117483 
 0.0000002976                0.0000000118605 
 0.00000029761               0.0000000118958 
 0.00000029762               0.0000000119349 
 0.00000029763               0.0000000119545 
 0.00000029764               0.0000000119286 
 0.00000029765               0.000000011873 
 0.00000029766               0.0000000118375 
 0.00000029767               0.00000001185 
 0.00000029768               0.0000000118825 
 0.00000029769               0.0000000118975 
 0.0000002977                0.0000000118887 
 0.00000029771               0.0000000118656 
 0.00000029772               0.0000000118322 
 0.00000029773               0.0000000117834 
 0.00000029774               0.0000000117095 
 0.00000029775               0.0000000116039 
 0.00000029776               0.0000000114715 
 0.00000029777               0.0000000113344 
 0.00000029778               0.0000000112264 
 0.00000029779               0.0000000111693 
 0.0000002978                0.0000000111585 
 0.00000029781               0.0000000111589 
 0.00000029782               0.0000000111424 
 0.00000029783               0.0000000111351 
 0.00000029784               0.0000000111853 
 0.00000029785               0.0000000112845 
 0.00000029786               0.0000000113795 
 0.00000029787               0.0000000114391 
 0.00000029788               0.0000000114618 
 0.00000029789               0.0000000114514 
 0.0000002979                0.0000000114074 
 0.00000029791               0.0000000113213 
 0.00000029792               0.0000000111695 
 0.00000029793               0.0000000109333 
 0.00000029794               0.0000000107239 
 0.00000029795               0.0000000107032 
 0.00000029796               0.0000000107996 
 0.00000029797               0.000000010895 
 0.00000029798               0.0000000109563 
 0.00000029799               0.000000010962 
 0.000000298   0.0000000109351 
 0.00000029801               0.0000000109247 
 0.00000029802               0.0000000109388 
 0.00000029803               0.0000000109613 
 0.00000029804               0.0000000109847 
 0.00000029805               0.0000000109896 
 0.00000029806               0.0000000109458 
 0.00000029807               0.0000000108311 
 0.00000029808               0.0000000106256 
 0.00000029809               0.0000000102953 
 0.0000002981                0.00000000978138 
 0.00000029811               0.00000000903112 
 0.00000029812               0.00000000804403 
 0.00000029813               0.00000000688459 
 0.00000029814               0.00000000567018 
 0.00000029815               0.00000000453582 
 0.00000029816               0.00000000358836 
 0.00000029817               0.00000000287953 
 0.00000029818               0.00000000241158 
 0.00000029819               0.00000000216311 
 0.0000002982                0.00000000211274 
 0.00000029821               0.0000000022397 
 0.00000029822               0.00000000241347 
 0.00000029823               0.00000000200837 
 0.00000029824               0.000000000687639 
 0.00000029825               6.57657E-11 
 0.00000029826               6.26194E-12 
 0.00000029827               6.18287E-12 
 0.00000029828               7.65768E-11 
 0.00000029829               0.00000000122944 
 0.0000002983                0.00000000558719 
 0.00000029831               0.00000000914448 
 0.00000029832               0.000000010183 
 0.00000029833               0.000000010376 
 0.00000029834               0.0000000103762 
 0.00000029835               0.0000000102963 
 0.00000029836               0.000000010199 
 0.00000029837               0.0000000101639 
 0.00000029838               0.0000000102065 
 0.00000029839               0.0000000102664 
 0.0000002984                0.0000000102963 
 0.00000029841               0.0000000103001 
 0.00000029842               0.0000000102975 
 0.00000029843               0.0000000102985 
 0.00000029844               0.0000000103025 
 0.00000029845               0.0000000103035 
 0.00000029846               0.0000000102838 
 0.00000029847               0.000000010181 
 0.00000029848               0.0000000098619 
 0.00000029849               0.00000000925861 
 0.0000002985                0.00000000855372 
 0.00000029851               0.00000000780162 
 0.00000029852               0.00000000648924 
 0.00000029853               0.00000000468343 
 0.00000029854               0.00000000359087 
 0.00000029855               0.00000000386375 
 0.00000029856               0.00000000548101 
 0.00000029857               0.00000000762075 
 0.00000029858               0.0000000090682 
 0.00000029859               0.00000000968781 
 0.0000002986                0.00000000991378 
 0.00000029861               0.00000000998368 
 0.00000029862               0.00000000996159 
 0.00000029863               0.00000000985727 
 0.00000029864               0.00000000966336 
 0.00000029865               0.00000000936705 
 0.00000029866               0.00000000903027 
 0.00000029867               0.00000000878502 
 0.00000029868               0.00000000865855 
 0.00000029869               0.00000000861258 
 0.0000002987                0.00000000868718 
 0.00000029871               0.00000000891207 
 0.00000029872               0.00000000921048 
 0.00000029873               0.00000000945784 
 0.00000029874               0.00000000958322 
 0.00000029875               0.00000000960718 
 0.00000029876               0.00000000957985 
 0.00000029877               0.00000000951872 
 0.00000029878               0.00000000931088 
 0.00000029879               0.00000000789561 
 0.0000002988                0.00000000234108 
 0.00000029881               2.72561E-12 
 0.00000029882               4.19534E-24 
 0.00000029883               5.19062E-58 
 0.00000029884               1.2957E-125 
 0.00000029885               1.02159E-213 
 0.00000029886               1.60955E-274 
 0.00000029887               1.62534E-263 
 0.00000029888               2.68475E-189 
 0.00000029889               2.4047E-103 
 0.0000002989                2.1358E-45 
 0.00000029891               2.9381E-19 
 0.00000029892               5.33997E-11 
 0.00000029893               0.00000000389201 
 0.00000029894               0.00000000777407 
 0.00000029895               0.00000000843461 
 0.00000029896               0.00000000858058 
 0.00000029897               0.00000000880451 
 0.00000029898               0.00000000905272 
 0.00000029899               0.00000000920641 
 0.000000299   0.00000000927823 
 0.00000029901               0.00000000930068 
 0.00000029902               0.0000000092881 
 0.00000029903               0.00000000924412 
 0.00000029904               0.00000000917564 
 0.00000029905               0.00000000910268 
 0.00000029906               0.00000000904795 
 0.00000029907               0.0000000090204 
 0.00000029908               0.00000000901903 
 0.00000029909               0.00000000903557 
 0.0000002991                0.00000000904392 
 0.00000029911               0.0000000090164 
 0.00000029912               0.00000000896318 
 0.00000029913               0.00000000892286 
 0.00000029914               0.0000000088988 
 0.00000029915               0.00000000885464 
 0.00000029916               0.00000000878322 
 0.00000029917               0.00000000872062 
 0.00000029918               0.00000000869914 
 0.00000029919               0.00000000871187 
 0.0000002992                0.00000000870885 
 0.00000029921               0.00000000864 
 0.00000029922               0.00000000854902 
 0.00000029923               0.00000000855847 
 0.00000029924               0.0000000086796 
 0.00000029925               0.00000000879578 
 0.00000029926               0.00000000881029 
 0.00000029927               0.00000000873883 
 0.00000029928               0.00000000864098 
 0.00000029929               0.00000000859914 
 0.0000002993                0.0000000086327 
 0.00000029931               0.00000000867351 
 0.00000029932               0.00000000865092 
 0.00000029933               0.00000000852175 
 0.00000029934               0.00000000827919 
 0.00000029935               0.00000000799711 
 0.00000029936               0.00000000773654 
 0.00000029937               0.00000000732797 
 0.00000029938               0.00000000637796 
 0.00000029939               0.0000000047811 
 0.0000002994                0.00000000312713 
 0.00000029941               0.00000000207225 
 0.00000029942               0.00000000173758 
 0.00000029943               0.00000000206481 
 0.00000029944               0.00000000313457 
 0.00000029945               0.00000000487672 
 0.00000029946               0.00000000665608 
 0.00000029947               0.0000000077865 
 0.00000029948               0.00000000821573 
 0.00000029949               0.00000000824954 
 0.0000002995                0.00000000813118 
 0.00000029951               0.00000000798313 
 0.00000029952               0.0000000078721 
 0.00000029953               0.00000000783756 
 0.00000029954               0.00000000788963 
 0.00000029955               0.00000000800417 
 0.00000029956               0.00000000813441 
 0.00000029957               0.00000000823507 
 0.00000029958               0.00000000828219 
 0.00000029959               0.00000000827628 
 0.0000002996                0.00000000823226 
 0.00000029961               0.0000000081644 
 0.00000029962               0.00000000807594 
 0.00000029963               0.00000000796303 
 0.00000029964               0.00000000782782 
 0.00000029965               0.00000000768887 
 0.00000029966               0.00000000757767 
 0.00000029967               0.00000000751375 
 0.00000029968               0.00000000749467 
 0.00000029969               0.00000000751708 
 0.0000002997                0.00000000758239 
 0.00000029971               0.00000000768115 
 0.00000029972               0.00000000777259 
 0.00000029973               0.00000000778766 
 0.00000029974               0.00000000768472 
 0.00000029975               0.00000000750229 
 0.00000029976               0.00000000735085 
 0.00000029977               0.00000000732874 
 0.00000029978               0.00000000744379 
 0.00000029979               0.0000000076231 
 0.0000002998                0.00000000776302 
 0.00000029981               0.00000000780924 
 0.00000029982               0.00000000776487 
 0.00000029983               0.0000000077128 
 0.00000029984               0.00000000769376 
 0.00000029985               0.00000000768537 
 0.00000029986               0.00000000765576 
 0.00000029987               0.00000000760083 
 0.00000029988               0.00000000753836 
 0.00000029989               0.00000000750771 
 0.0000002999                0.00000000754549 
 0.00000029991               0.00000000764139 
 0.00000029992               0.00000000774535 
 0.00000029993               0.0000000078146 
 0.00000029994               0.00000000783862 
 0.00000029995               0.00000000782793 
 0.00000029996               0.0000000077956 
 0.00000029997               0.0000000077464 
 0.00000029998               0.00000000767345 
 0.00000029999               0.00000000756333 
 0.0000003     0.00000000740793 
