 0.000000294   1.15781E-110 
 0.00000029401               1.27924E-110 
 0.00000029402               1.30759E-110 
 0.00000029403               1.29736E-110 
 0.00000029404               1.27136E-110 
 0.00000029405               1.24008E-110 
 0.00000029406               1.20794E-110 
 0.00000029407               1.17623E-110 
 0.00000029408               1.14533E-110 
 0.00000029409               1.11571E-110 
 0.0000002941                1.08728E-110 
 0.00000029411               1.05897E-110 
 0.00000029412               1.0297E-110 
 0.00000029413               1.00055E-110 
 0.00000029414               9.73942E-111 
 0.00000029415               9.49704E-111 
 0.00000029416               9.26532E-111 
 0.00000029417               9.03775E-111 
 0.00000029418               8.78016E-111 
 0.00000029419               8.45741E-111 
 0.0000002942                8.12292E-111 
 0.00000029421               7.90062E-111 
 0.00000029422               7.79261E-111 
 0.00000029423               7.65604E-111 
 0.00000029424               7.37062E-111 
 0.00000029425               6.82748E-111 
 0.00000029426               5.79379E-111 
 0.00000029427               3.94177E-111 
 0.00000029428               1.54238E-111 
 0.00000029429               1.60959E-112 
 0.0000002943                8.51305E-115 
 0.00000029431               7.80055E-120 
 0.00000029432               1.9195E-130 
 0.00000029433               1.09947E-151 
 0.00000029434               4.18494E-192 
 0.00000029435               3.69976E-265 
 0.00000029436               0 
 0.00000029437               0 
 0.00000029438               0 
 0.00000029439               0 
 0.0000002944                0 
 0.00000029441               0 
 0.00000029442               0 
 0.00000029443               0 
 0.00000029444               0 
 0.00000029445               0 
 0.00000029446               0 
 0.00000029447               0 
 0.00000029448               0 
 0.00000029449               0 
 0.0000002945                0 
 0.00000029451               0 
 0.00000029452               0 
 0.00000029453               0 
 0.00000029454               0 
 0.00000029455               0 
 0.00000029456               0 
 0.00000029457               0 
 0.00000029458               0 
 0.00000029459               0 
 0.0000002946                0 
 0.00000029461               1.77099E-272 
 0.00000029462               1.89507E-196 
 0.00000029463               3.32976E-154 
 0.00000029464               6.33307E-132 
 0.00000029465               9.07094E-121 
 0.00000029466               1.82674E-115 
 0.00000029467               4.51626E-113 
 0.00000029468               4.75574E-112 
 0.00000029469               1.21849E-111 
 0.0000002947                1.68879E-111 
 0.00000029471               1.81099E-111 
 0.00000029472               1.81603E-111 
 0.00000029473               1.86753E-111 
 0.00000029474               1.94734E-111 
 0.00000029475               1.98189E-111 
 0.00000029476               1.96443E-111 
 0.00000029477               1.92289E-111 
 0.00000029478               1.8739E-111 
 0.00000029479               1.82203E-111 
 0.0000002948                1.7652E-111 
 0.00000029481               1.70335E-111 
 0.00000029482               1.64468E-111 
 0.00000029483               1.59394E-111 
 0.00000029484               1.55024E-111 
 0.00000029485               1.51479E-111 
 0.00000029486               1.4869E-111 
 0.00000029487               1.46242E-111 
 0.00000029488               1.43664E-111 
 0.00000029489               1.40721E-111 
 0.0000002949                1.37488E-111 
 0.00000029491               1.34141E-111 
 0.00000029492               1.30788E-111 
 0.00000029493               1.27467E-111 
 0.00000029494               1.24198E-111 
 0.00000029495               1.21002E-111 
 0.00000029496               1.17887E-111 
 0.00000029497               1.1484E-111 
 0.00000029498               1.11785E-111 
 0.00000029499               1.08592E-111 
 0.000000295   1.05239E-111 
 0.00000029501               1.0187E-111 
 0.00000029502               9.88566E-112 
 0.00000029503               9.66271E-112 
 0.00000029504               9.47794E-112 
 0.00000029505               9.26662E-112 
 0.00000029506               9.03987E-112 
 0.00000029507               8.82181E-112 
 0.00000029508               8.60864E-112 
 0.00000029509               8.39417E-112 
 0.0000002951                8.17923E-112 
 0.00000029511               7.96293E-112 
 0.00000029512               7.74249E-112 
 0.00000029513               7.51616E-112 
 0.00000029514               7.27248E-112 
 0.00000029515               6.93584E-112 
 0.00000029516               6.26086E-112 
 0.00000029517               4.9054E-112 
 0.00000029518               3.07242E-112 
 0.00000029519               1.63111E-112 
 0.0000002952                9.65836E-113 
 0.00000029521               8.52117E-113 
 0.00000029522               1.10873E-112 
 0.00000029523               1.58554E-112 
 0.00000029524               1.88949E-112 
 0.00000029525               1.52306E-112 
 0.00000029526               5.29923E-113 
 0.00000029527               2.6863E-114 
 0.00000029528               1.99045E-117 
 0.00000029529               2.06725E-124 
 0.0000002953                3.91345E-139 
 0.00000029531               1.27391E-168 
 0.00000029532               9.5153E-225 
 0.00000029533               0 
 0.00000029534               0 
 0.00000029535               0 
 0.00000029536               0 
 0.00000029537               0 
 0.00000029538               0 
 0.00000029539               0 
 0.0000002954                0 
 0.00000029541               0 
 0.00000029542               0 
 0.00000029543               0 
 0.00000029544               0 
 0.00000029545               0 
 0.00000029546               0 
 0.00000029547               0 
 0.00000029548               0 
 0.00000029549               0 
 0.0000002955                0 
 0.00000029551               0 
 0.00000029552               0 
 0.00000029553               0 
 0.00000029554               0 
 0.00000029555               0 
 0.00000029556               0 
 0.00000029557               0 
 0.00000029558               0 
 0.00000029559               0 
 0.0000002956                0 
 0.00000029561               0 
 0.00000029562               0 
 0.00000029563               0 
 0.00000029564               0 
 0.00000029565               0 
 0.00000029566               0 
 0.00000029567               0 
 0.00000029568               0 
 0.00000029569               0 
 0.0000002957                0 
 0.00000029571               2.88471E-221 
 0.00000029572               4.03641E-157 
 0.00000029573               3.05917E-128 
 0.00000029574               2.67247E-117 
 0.00000029575               8.50249E-114 
 0.00000029576               7.52079E-113 
 0.00000029577               1.22609E-112 
 0.00000029578               1.32797E-112 
 0.00000029579               1.31996E-112 
 0.0000002958                1.28263E-112 
 0.00000029581               1.22012E-112 
 0.00000029582               1.11575E-112 
 0.00000029583               9.69325E-113 
 0.00000029584               8.41921E-113 
 0.00000029585               8.06096E-113 
 0.00000029586               8.63363E-113 
 0.00000029587               9.50992E-113 
 0.00000029588               1.01036E-112 
 0.00000029589               1.02599E-112 
 0.0000002959                1.01272E-112 
 0.00000029591               9.89389E-113 
 0.00000029592               9.64347E-113 
 0.00000029593               9.3937E-113 
 0.00000029594               9.14424E-113 
 0.00000029595               8.88886E-113 
 0.00000029596               8.61878E-113 
 0.00000029597               8.32819E-113 
 0.00000029598               8.01512E-113 
 0.00000029599               7.67479E-113 
 0.000000296   7.28147E-113 
 0.00000029601               6.77546E-113 
 0.00000029602               6.14541E-113 
 0.00000029603               5.60901E-113 
 0.00000029604               5.49264E-113 
 0.00000029605               5.7849E-113 
 0.00000029606               6.10798E-113 
 0.00000029607               6.2012E-113 
 0.00000029608               6.09249E-113 
 0.00000029609               5.87397E-113 
 0.0000002961                5.62243E-113 
 0.00000029611               5.4105E-113 
 0.00000029612               5.24225E-113 
 0.00000029613               5.04384E-113 
 0.00000029614               4.81272E-113 
 0.00000029615               4.62981E-113 
 0.00000029616               4.47821E-113 
 0.00000029617               4.28119E-113 
 0.00000029618               4.07775E-113 
 0.00000029619               3.97317E-113 
 0.0000002962                4.00322E-113 
 0.00000029621               4.10824E-113 
 0.00000029622               4.19357E-113 
 0.00000029623               4.20288E-113 
 0.00000029624               4.13991E-113 
 0.00000029625               4.04198E-113 
 0.00000029626               3.94342E-113 
 0.00000029627               3.84945E-113 
 0.00000029628               3.74772E-113 
 0.00000029629               3.63525E-113 
 0.0000002963                3.52268E-113 
 0.00000029631               3.41892E-113 
 0.00000029632               3.3205E-113 
 0.00000029633               3.22115E-113 
 0.00000029634               3.11741E-113 
 0.00000029635               3.00089E-113 
 0.00000029636               2.88056E-113 
 0.00000029637               2.79804E-113 
 0.00000029638               2.77162E-113 
 0.00000029639               2.7627E-113 
 0.0000002964                2.73003E-113 
 0.00000029641               2.66975E-113 
 0.00000029642               2.59405E-113 
 0.00000029643               2.51339E-113 
 0.00000029644               2.4377E-113 
 0.00000029645               2.37176E-113 
 0.00000029646               2.30967E-113 
 0.00000029647               2.24084E-113 
 0.00000029648               2.16054E-113 
 0.00000029649               2.07038E-113 
 0.0000002965                1.97176E-113 
 0.00000029651               1.87061E-113 
 0.00000029652               1.78035E-113 
 0.00000029653               1.71374E-113 
 0.00000029654               1.6759E-113 
 0.00000029655               1.66277E-113 
 0.00000029656               1.66363E-113 
 0.00000029657               1.6659E-113 
 0.00000029658               1.66001E-113 
 0.00000029659               1.64143E-113 
 0.0000002966                1.61017E-113 
 0.00000029661               1.57105E-113 
 0.00000029662               1.53073E-113 
 0.00000029663               1.49055E-113 
 0.00000029664               1.45026E-113 
 0.00000029665               1.4043E-113 
 0.00000029666               1.33131E-113 
 0.00000029667               1.18897E-113 
 0.00000029668               9.06824E-114 
 0.00000029669               4.61608E-114 
 0.0000002967                8.57659E-115 
 0.00000029671               1.43968E-116 
 0.00000029672               1.0583E-120 
 0.00000029673               6.8979E-130 
 0.00000029674               2.45281E-149 
 0.00000029675               1.57119E-188 
 0.00000029676               1.20626E-263 
 0.00000029677               0 
 0.00000029678               0 
 0.00000029679               0 
 0.0000002968                0 
 0.00000029681               0 
 0.00000029682               0 
 0.00000029683               0 
 0.00000029684               0 
 0.00000029685               0 
 0.00000029686               0 
 0.00000029687               0 
 0.00000029688               0 
 0.00000029689               0 
 0.0000002969                0 
 0.00000029691               0 
 0.00000029692               0 
 0.00000029693               0 
 0.00000029694               0 
 0.00000029695               0 
 0.00000029696               0 
 0.00000029697               0 
 0.00000029698               0 
 0.00000029699               0 
 0.000000297   0 
 0.00000029701               0 
 0.00000029702               0 
 0.00000029703               0 
 0.00000029704               0 
 0.00000029705               2.32642E-246 
 0.00000029706               1.63122E-179 
 0.00000029707               5.73253E-145 
 0.00000029708               5.36123E-128 
 0.00000029709               4.53742E-120 
 0.0000002971                1.50238E-116 
 0.00000029711               4.56005E-115 
 0.00000029712               1.75984E-114 
 0.00000029713               2.85705E-114 
 0.00000029714               3.28229E-114 
 0.00000029715               3.342E-114 
 0.00000029716               3.32308E-114 
 0.00000029717               3.32626E-114 
 0.00000029718               3.33344E-114 
 0.00000029719               3.30247E-114 
 0.0000002972                3.21284E-114 
 0.00000029721               3.06208E-114 
 0.00000029722               2.85702E-114 
 0.00000029723               2.59275E-114 
 0.00000029724               2.24667E-114 
 0.00000029725               1.82439E-114 
 0.00000029726               1.39111E-114 
 0.00000029727               1.01158E-114 
 0.00000029728               7.24515E-115 
 0.00000029729               5.55088E-115 
 0.0000002973                4.95767E-115 
 0.00000029731               5.16155E-115 
 0.00000029732               5.77881E-115 
 0.00000029733               6.22956E-115 
 0.00000029734               5.47429E-115 
 0.00000029735               2.92183E-115 
 0.00000029736               6.86691E-116 
 0.00000029737               7.94121E-117 
 0.00000029738               1.19468E-117 
 0.00000029739               8.72153E-118 
 0.0000002974                4.31456E-117 
 0.00000029741               4.98371E-116 
 0.00000029742               3.62209E-115 
 0.00000029743               1.04001E-114 
 0.00000029744               1.52815E-114 
 0.00000029745               1.66648E-114 
 0.00000029746               1.65892E-114 
 0.00000029747               1.62175E-114 
 0.00000029748               1.58464E-114 
 0.00000029749               1.54811E-114 
 0.0000002975                1.50463E-114 
 0.00000029751               1.44385E-114 
 0.00000029752               1.36094E-114 
 0.00000029753               1.27393E-114 
 0.00000029754               1.21652E-114 
 0.00000029755               1.20066E-114 
 0.00000029756               1.20247E-114 
 0.00000029757               1.19198E-114 
 0.00000029758               1.16072E-114 
 0.00000029759               1.11944E-114 
 0.0000002976                1.08413E-114 
 0.00000029761               1.06374E-114 
 0.00000029762               1.05449E-114 
 0.00000029763               1.04405E-114 
 0.00000029764               1.03127E-114 
 0.00000029765               1.00509E-114 
 0.00000029766               9.72427E-115 
 0.00000029767               9.17511E-115 
 0.00000029768               8.10394E-115 
 0.00000029769               6.2704E-115 
 0.0000002977                3.88976E-115 
 0.00000029771               1.73764E-115 
 0.00000029772               5.23927E-116 
 0.00000029773               1.25436E-116 
 0.00000029774               4.77231E-117 
 0.00000029775               4.49153E-117 
 0.00000029776               8.23988E-117 
 0.00000029777               2.16129E-116 
 0.00000029778               6.49527E-116 
 0.00000029779               1.46786E-115 
 0.0000002978                1.0757E-115 
 0.00000029781               6.19654E-117 
 0.00000029782               1.43871E-119 
 0.00000029783               2.80932E-122 
 0.00000029784               1.12445E-122 
 0.00000029785               2.3708E-120 
 0.00000029786               1.85466E-117 
 0.00000029787               9.87046E-116 
 0.00000029788               3.93669E-115 
 0.00000029789               5.19537E-115 
 0.0000002979                5.23008E-115 
 0.00000029791               5.06336E-115 
 0.00000029792               4.87944E-115 
 0.00000029793               4.69452E-115 
 0.00000029794               4.53421E-115 
 0.00000029795               4.40699E-115 
 0.00000029796               4.29737E-115 
 0.00000029797               4.18806E-115 
 0.00000029798               4.07214E-115 
 0.00000029799               3.97865E-115 
 0.000000298   3.92246E-115 
 0.00000029801               3.869E-115 
 0.00000029802               3.79347E-115 
 0.00000029803               3.71693E-115 
 0.00000029804               3.65277E-115 
 0.00000029805               3.58677E-115 
 0.00000029806               3.50633E-115 
 0.00000029807               3.41653E-115 
 0.00000029808               3.3274E-115 
 0.00000029809               3.24527E-115 
 0.0000002981                3.16803E-115 
 0.00000029811               3.08687E-115 
 0.00000029812               2.98655E-115 
 0.00000029813               2.84187E-115 
 0.00000029814               2.60257E-115 
 0.00000029815               2.21595E-115 
 0.00000029816               1.79332E-115 
 0.00000029817               1.58448E-115 
 0.00000029818               1.69559E-115 
 0.00000029819               2.00577E-115 
 0.0000002982                2.25682E-115 
 0.00000029821               2.33004E-115 
 0.00000029822               2.29442E-115 
 0.00000029823               2.21865E-115 
 0.00000029824               2.12735E-115 
 0.00000029825               2.03673E-115 
 0.00000029826               1.96306E-115 
 0.00000029827               1.9105E-115 
 0.00000029828               1.86895E-115 
 0.00000029829               1.82617E-115 
 0.0000002983                1.77645E-115 
 0.00000029831               1.71868E-115 
 0.00000029832               1.65363E-115 
 0.00000029833               1.58442E-115 
 0.00000029834               1.5168E-115 
 0.00000029835               1.4589E-115 
 0.00000029836               1.42514E-115 
 0.00000029837               1.42202E-115 
 0.00000029838               1.4296E-115 
 0.00000029839               1.4271E-115 
 0.0000002984                1.40765E-115 
 0.00000029841               1.37066E-115 
 0.00000029842               1.31843E-115 
 0.00000029843               1.2571E-115 
 0.00000029844               1.19714E-115 
 0.00000029845               1.14974E-115 
 0.00000029846               1.12035E-115 
 0.00000029847               1.10521E-115 
 0.00000029848               1.09402E-115 
 0.00000029849               1.0766E-115 
 0.0000002985                1.04869E-115 
 0.00000029851               1.01244E-115 
 0.00000029852               9.71286E-116 
 0.00000029853               9.02647E-116 
 0.00000029854               7.18641E-116 
 0.00000029855               4.76126E-116 
 0.00000029856               4.21621E-116 
 0.00000029857               5.93903E-116 
 0.00000029858               7.86895E-116 
 0.00000029859               8.32474E-116 
 0.0000002986                8.06699E-116 
 0.00000029861               7.6638E-116 
 0.00000029862               7.29357E-116 
 0.00000029863               6.66566E-116 
 0.00000029864               5.38305E-116 
 0.00000029865               4.31117E-116 
 0.00000029866               4.45495E-116 
 0.00000029867               5.55257E-116 
 0.00000029868               6.41628E-116 
 0.00000029869               6.56121E-116 
 0.0000002987                6.28034E-116 
 0.00000029871               5.57408E-116 
 0.00000029872               4.6192E-116 
 0.00000029873               4.16297E-116 
 0.00000029874               4.50857E-116 
 0.00000029875               5.09112E-116 
 0.00000029876               5.29486E-116 
 0.00000029877               5.19677E-116 
 0.00000029878               5.04121E-116 
 0.00000029879               4.90919E-116 
 0.0000002988                4.79835E-116 
 0.00000029881               4.6954E-116 
 0.00000029882               4.59104E-116 
 0.00000029883               4.46179E-116 
 0.00000029884               4.25917E-116 
 0.00000029885               3.93993E-116 
 0.00000029886               3.52577E-116 
 0.00000029887               3.13456E-116 
 0.00000029888               2.89155E-116 
 0.00000029889               2.83112E-116 
 0.0000002989                2.88037E-116 
 0.00000029891               2.86969E-116 
 0.00000029892               2.54432E-116 
 0.00000029893               1.67121E-116 
 0.00000029894               5.26654E-117 
 0.00000029895               2.78204E-118 
 0.00000029896               2.22589E-121 
 0.00000029897               1.53988E-128 
 0.00000029898               2.57662E-144 
 0.00000029899               1.95907E-177 
 0.000000299   1.24143E-243 
 0.00000029901               0 
 0.00000029902               0 
 0.00000029903               0 
 0.00000029904               0 
 0.00000029905               0 
 0.00000029906               0 
 0.00000029907               0 
 0.00000029908               0 
 0.00000029909               0 
 0.0000002991                0 
 0.00000029911               0 
 0.00000029912               0 
 0.00000029913               0 
 0.00000029914               0 
 0.00000029915               0 
 0.00000029916               0 
 0.00000029917               0 
 0.00000029918               0 
 0.00000029919               0 
 0.0000002992                0 
 0.00000029921               0 
 0.00000029922               0 
 0.00000029923               0 
 0.00000029924               0 
 0.00000029925               0 
 0.00000029926               0 
 0.00000029927               0 
 0.00000029928               0 
 0.00000029929               0 
 0.0000002993                0 
 0.00000029931               6.40726E-238 
 0.00000029932               7.12865E-175 
 0.00000029933               2.47428E-144 
 0.00000029934               3.11731E-132 
 0.00000029935               1.95723E-128 
 0.00000029936               1.48731E-124 
 0.00000029937               6.01336E-120 
 0.00000029938               1.60512E-117 
 0.00000029939               6.60675E-117 
 0.0000002994                8.25504E-117 
 0.00000029941               8.70971E-117 
 0.00000029942               8.95875E-117 
 0.00000029943               9.00747E-117 
 0.00000029944               8.88073E-117 
 0.00000029945               8.66546E-117 
 0.00000029946               8.41724E-117 
 0.00000029947               8.16047E-117 
 0.00000029948               7.90872E-117 
 0.00000029949               7.64917E-117 
 0.0000002995                7.35962E-117 
 0.00000029951               7.09147E-117 
 0.00000029952               6.93759E-117 
 0.00000029953               6.87274E-117 
 0.00000029954               6.77481E-117 
 0.00000029955               6.57893E-117 
 0.00000029956               6.32049E-117 
 0.00000029957               6.10079E-117 
 0.00000029958               5.97895E-117 
 0.00000029959               5.8956E-117 
 0.0000002996                5.77984E-117 
 0.00000029961               5.63582E-117 
 0.00000029962               5.48399E-117 
 0.00000029963               5.32415E-117 
 0.00000029964               5.16593E-117 
 0.00000029965               5.01203E-117 
 0.00000029966               4.86129E-117 
 0.00000029967               4.72871E-117 
 0.00000029968               4.62322E-117 
 0.00000029969               4.53288E-117 
 0.0000002997                4.43744E-117 
 0.00000029971               4.32754E-117 
 0.00000029972               4.20689E-117 
 0.00000029973               4.08142E-117 
 0.00000029974               3.94533E-117 
 0.00000029975               3.76934E-117 
 0.00000029976               3.55992E-117 
 0.00000029977               3.42585E-117 
 0.00000029978               3.3973E-117 
 0.00000029979               3.35363E-117 
 0.0000002998                3.2419E-117 
 0.00000029981               3.10627E-117 
 0.00000029982               3.00473E-117 
 0.00000029983               2.95871E-117 
 0.00000029984               2.93487E-117 
 0.00000029985               2.89763E-117 
 0.00000029986               2.84312E-117 
 0.00000029987               2.7807E-117 
 0.00000029988               2.71561E-117 
 0.00000029989               2.64691E-117 
 0.0000002999                2.57365E-117 
 0.00000029991               2.49901E-117 
 0.00000029992               2.43065E-117 
 0.00000029993               2.37322E-117 
 0.00000029994               2.32261E-117 
 0.00000029995               2.27057E-117 
 0.00000029996               2.21186E-117 
 0.00000029997               2.14483E-117 
 0.00000029998               2.07124E-117 
 0.00000029999               1.99509E-117 
 0.0000003     1.91211E-117 
