 0.000000294   0.000392922 
 0.00000029401               0.000533325 
 0.00000029402               0.000656155 
 0.00000029403               0.000705056 
 0.00000029404               0.000623326 
 0.00000029405               0.000279984 
 0.00000029406               0.0000137671 
 0.00000029407               0.00000000757166 
 0.00000029408               5.72783E-14 
 0.00000029409               2.96658E-18 
 0.0000002941                2.95348E-18 
 0.00000029411               5.77928E-14 
 0.00000029412               0.00000000794487 
 0.00000029413               0.0000148903 
 0.00000029414               0.000306762 
 0.00000029415               0.000687229 
 0.00000029416               0.000794669 
 0.00000029417               0.000807579 
 0.00000029418               0.000806564 
 0.00000029419               0.00080498 
 0.0000002942                0.000804844 
 0.00000029421               0.000805496 
 0.00000029422               0.000805121 
 0.00000029423               0.00080216 
 0.00000029424               0.000794391 
 0.00000029425               0.000773967 
 0.00000029426               0.000724179 
 0.00000029427               0.000624871 
 0.00000029428               0.000472608 
 0.00000029429               0.000300063 
 0.0000002943                0.000161642 
 0.00000029431               0.0000845838 
 0.00000029432               0.0000540137 
 0.00000029433               0.0000482324 
 0.00000029434               0.0000577697 
 0.00000029435               0.0000803968 
 0.00000029436               0.000117174 
 0.00000029437               0.000187014 
 0.00000029438               0.000326209 
 0.00000029439               0.000513914 
 0.0000002944                0.000655377 
 0.00000029441               0.000728158 
 0.00000029442               0.000765866 
 0.00000029443               0.000785492 
 0.00000029444               0.000792541 
 0.00000029445               0.000790253 
 0.00000029446               0.000780693 
 0.00000029447               0.000767783 
 0.00000029448               0.000758746 
 0.00000029449               0.000759016 
 0.0000002945                0.000766642 
 0.00000029451               0.000775255 
 0.00000029452               0.000781097 
 0.00000029453               0.000784244 
 0.00000029454               0.00078502 
 0.00000029455               0.000782835 
 0.00000029456               0.000777364 
 0.00000029457               0.000768468 
 0.00000029458               0.000755953 
 0.00000029459               0.000739925 
 0.0000002946                0.000720594 
 0.00000029461               0.000698194 
 0.00000029462               0.000673543 
 0.00000029463               0.000648169 
 0.00000029464               0.000624057 
 0.00000029465               0.000603379 
 0.00000029466               0.000588305 
 0.00000029467               0.00058054 
 0.00000029468               0.000580906 
 0.00000029469               0.0005902 
 0.0000002947                0.000604866 
 0.00000029471               0.00062227 
 0.00000029472               0.000631508 
 0.00000029473               0.000602113 
 0.00000029474               0.000481563 
 0.00000029475               0.000266029 
 0.00000029476               0.000087379 
 0.00000029477               0.0000215987 
 0.00000029478               0.00000855365 
 0.00000029479               0.0000108255 
 0.0000002948                0.0000376736 
 0.00000029481               0.000156017 
 0.00000029482               0.000400349 
 0.00000029483               0.000591964 
 0.00000029484               0.00063497 
 0.00000029485               0.000607167 
 0.00000029486               0.000571327 
 0.00000029487               0.000562634 
 0.00000029488               0.000608376 
 0.00000029489               0.00068135 
 0.0000002949                0.000727068 
 0.00000029491               0.000745639 
 0.00000029492               0.000755406 
 0.00000029493               0.00076085 
 0.00000029494               0.000763264 
 0.00000029495               0.000764635 
 0.00000029496               0.0007657 
 0.00000029497               0.000766085 
 0.00000029498               0.000765726 
 0.00000029499               0.000765293 
 0.000000295   0.000765262 
 0.00000029501               0.000765332 
 0.00000029502               0.000763993 
 0.00000029503               0.000760399 
 0.00000029504               0.000754656 
 0.00000029505               0.000748889 
 0.00000029506               0.00074535 
 0.00000029507               0.000743564 
 0.00000029508               0.00074385 
 0.00000029509               0.000748934 
 0.0000002951                0.000755641 
 0.00000029511               0.000758614 
 0.00000029512               0.000758913 
 0.00000029513               0.000758981 
 0.00000029514               0.000757758 
 0.00000029515               0.000749653 
 0.00000029516               0.000723834 
 0.00000029517               0.000674472 
 0.00000029518               0.000644763 
 0.00000029519               0.000662102 
 0.0000002952                0.000691002 
 0.00000029521               0.000710781 
 0.00000029522               0.000723136 
 0.00000029523               0.00072996 
 0.00000029524               0.000732336 
 0.00000029525               0.00072881 
 0.00000029526               0.000719414 
 0.00000029527               0.000711048 
 0.00000029528               0.000711931 
 0.00000029529               0.000720706 
 0.0000002953                0.000729368 
 0.00000029531               0.00073415 
 0.00000029532               0.000735355 
 0.00000029533               0.000726742 
 0.00000029534               0.000691304 
 0.00000029535               0.000640583 
 0.00000029536               0.00063176 
 0.00000029537               0.000674926 
 0.00000029538               0.000715689 
 0.00000029539               0.000730176 
 0.0000002954                0.000733346 
 0.00000029541               0.000734305 
 0.00000029542               0.000734403 
 0.00000029543               0.000734056 
 0.00000029544               0.00073374 
 0.00000029545               0.000732705 
 0.00000029546               0.000729383 
 0.00000029547               0.000724881 
 0.00000029548               0.000723021 
 0.00000029549               0.000723943 
 0.0000002955                0.000721857 
 0.00000029551               0.000712184 
 0.00000029552               0.000696697 
 0.00000029553               0.000683286 
 0.00000029554               0.000680139 
 0.00000029555               0.000688176 
 0.00000029556               0.000700163 
 0.00000029557               0.000708026 
 0.00000029558               0.000709218 
 0.00000029559               0.000705636 
 0.0000002956                0.00069924 
 0.00000029561               0.000688518 
 0.00000029562               0.000636663 
 0.00000029563               0.000191458 
 0.00000029564               5.67194E-11 
 0.00000029565               1.40284E-61 
 0.00000029566               1.5811E-294 
 0.00000029567               0 
 0.00000029568               0 
 0.00000029569               0 
 0.0000002957                0 
 0.00000029571               0 
 0.00000029572               5.45446E-181 
 0.00000029573               1.06022E-33 
 0.00000029574               0.000000528067 
 0.00000029575               0.000419267 
 0.00000029576               0.00066468 
 0.00000029577               0.000686835 
 0.00000029578               0.000692408 
 0.00000029579               0.000691841 
 0.0000002958                0.000681019 
 0.00000029581               0.000653611 
 0.00000029582               0.000607829 
 0.00000029583               0.000559656 
 0.00000029584               0.000543956 
 0.00000029585               0.000579888 
 0.00000029586               0.000642014 
 0.00000029587               0.000687627 
 0.00000029588               0.000705636 
 0.00000029589               0.000708704 
 0.0000002959                0.00070629 
 0.00000029591               0.00070141 
 0.00000029592               0.000695476 
 0.00000029593               0.000689588 
 0.00000029594               0.000685594 
 0.00000029595               0.000685502 
 0.00000029596               0.000687095 
 0.00000029597               0.000684002 
 0.00000029598               0.00066709 
 0.00000029599               0.000630174 
 0.000000296   0.000591551 
 0.00000029601               0.000583316 
 0.00000029602               0.000603879 
 0.00000029603               0.000627268 
 0.00000029604               0.000645783 
 0.00000029605               0.000664001 
 0.00000029606               0.000681128 
 0.00000029607               0.000694008 
 0.00000029608               0.000701641 
 0.00000029609               0.00070505 
 0.0000002961                0.00070443 
 0.00000029611               0.000694216 
 0.00000029612               0.000669498 
 0.00000029613               0.000651296 
 0.00000029614               0.000663201 
 0.00000029615               0.000682712 
 0.00000029616               0.000671562 
 0.00000029617               0.000602262 
 0.00000029618               0.00045967 
 0.00000029619               0.000289338 
 0.0000002962                0.00017117 
 0.00000029621               0.000126897 
 0.00000029622               0.000144744 
 0.00000029623               0.000231311 
 0.00000029624               0.000386281 
 0.00000029625               0.000546084 
 0.00000029626               0.000639286 
 0.00000029627               0.000672681 
 0.00000029628               0.000684565 
 0.00000029629               0.000690452 
 0.0000002963                0.000691136 
 0.00000029631               0.000683086 
 0.00000029632               0.000651354 
 0.00000029633               0.00058907 
 0.00000029634               0.000535504 
 0.00000029635               0.000536992 
 0.00000029636               0.000577218 
 0.00000029637               0.000594405 
 0.00000029638               0.000581121 
 0.00000029639               0.000585776 
 0.0000002964                0.000621152 
 0.00000029641               0.000650401 
 0.00000029642               0.000644414 
 0.00000029643               0.000626323 
 0.00000029644               0.000634381 
 0.00000029645               0.000662406 
 0.00000029646               0.000679844 
 0.00000029647               0.000678176 
 0.00000029648               0.000661846 
 0.00000029649               0.000632241 
 0.0000002965                0.000591385 
 0.00000029651               0.000545663 
 0.00000029652               0.000504059 
 0.00000029653               0.000474483 
 0.00000029654               0.00046295 
 0.00000029655               0.000474203 
 0.00000029656               0.000507907 
 0.00000029657               0.000552842 
 0.00000029658               0.000589846 
 0.00000029659               0.000606961 
 0.0000002966                0.000609489 
 0.00000029661               0.000609454 
 0.00000029662               0.000613565 
 0.00000029663               0.000622882 
 0.00000029664               0.00063575 
 0.00000029665               0.000649342 
 0.00000029666               0.000659315 
 0.00000029667               0.000660362 
 0.00000029668               0.000650161 
 0.00000029669               0.000635707 
 0.0000002967                0.000630785 
 0.00000029671               0.000640904 
 0.00000029672               0.000656606 
 0.00000029673               0.000666048 
 0.00000029674               0.000667172 
 0.00000029675               0.000664479 
 0.00000029676               0.000659795 
 0.00000029677               0.000643868 
 0.00000029678               0.000595012 
 0.00000029679               0.000521198 
 0.0000002968                0.000492854 
 0.00000029681               0.000543259 
 0.00000029682               0.000613771 
 0.00000029683               0.000649113 
 0.00000029684               0.000659082 
 0.00000029685               0.000661899 
 0.00000029686               0.000663052 
 0.00000029687               0.000663841 
 0.00000029688               0.000664988 
 0.00000029689               0.000666536 
 0.0000002969                0.000667667 
 0.00000029691               0.000667704 
 0.00000029692               0.000666451 
 0.00000029693               0.000663613 
 0.00000029694               0.000658627 
 0.00000029695               0.000651105 
 0.00000029696               0.00064091 
 0.00000029697               0.000627502 
 0.00000029698               0.00060928 
 0.00000029699               0.000584476 
 0.000000297   0.000555043 
 0.00000029701               0.000525451 
 0.00000029702               0.000504195 
 0.00000029703               0.000501479 
 0.00000029704               0.000510449 
 0.00000029705               0.000535725 
 0.00000029706               0.000572379 
 0.00000029707               0.000608632 
 0.00000029708               0.000635393 
 0.00000029709               0.000650169 
 0.0000002971                0.000649843 
 0.00000029711               0.000625652 
 0.00000029712               0.000588392 
 0.00000029713               0.000577403 
 0.00000029714               0.000601926 
 0.00000029715               0.000624251 
 0.00000029716               0.000625353 
 0.00000029717               0.000624591 
 0.00000029718               0.000634028 
 0.00000029719               0.000645344 
 0.0000002972                0.000650611 
 0.00000029721               0.000653316 
 0.00000029722               0.000655059 
 0.00000029723               0.000656436 
 0.00000029724               0.000657364 
 0.00000029725               0.000657311 
 0.00000029726               0.000656263 
 0.00000029727               0.00065489 
 0.00000029728               0.000653834 
 0.00000029729               0.000653178 
 0.0000002973                0.000652544 
 0.00000029731               0.000651541 
 0.00000029732               0.000649974 
 0.00000029733               0.00064752 
 0.00000029734               0.000643431 
 0.00000029735               0.000637607 
 0.00000029736               0.000632424 
 0.00000029737               0.000631525 
 0.00000029738               0.000635791 
 0.00000029739               0.00064185 
 0.0000002974                0.000645088 
 0.00000029741               0.000643133 
 0.00000029742               0.00063912 
 0.00000029743               0.000638377 
 0.00000029744               0.000628585 
 0.00000029745               0.000561927 
 0.00000029746               0.000401534 
 0.00000029747               0.000239611 
 0.00000029748               0.000179998 
 0.00000029749               0.0002321 
 0.0000002975                0.000379886 
 0.00000029751               0.000501887 
 0.00000029752               0.000494577 
 0.00000029753               0.000426793 
 0.00000029754               0.000372735 
 0.00000029755               0.000347712 
 0.00000029756               0.0003559 
 0.00000029757               0.000408261 
 0.00000029758               0.000495281 
 0.00000029759               0.000574472 
 0.0000002976                0.000614527 
 0.00000029761               0.00062407 
 0.00000029762               0.000622593 
 0.00000029763               0.000618818 
 0.00000029764               0.000612493 
 0.00000029765               0.000603777 
 0.00000029766               0.000598293 
 0.00000029767               0.000601208 
 0.00000029768               0.000611011 
 0.00000029769               0.000621874 
 0.0000002977                0.000629008 
 0.00000029771               0.000631139 
 0.00000029772               0.000629493 
 0.00000029773               0.000625668 
 0.00000029774               0.000620334 
 0.00000029775               0.000615747 
 0.00000029776               0.000616857 
 0.00000029777               0.000621396 
 0.00000029778               0.000621478 
 0.00000029779               0.000614068 
 0.0000002978                0.000600682 
 0.00000029781               0.000586643 
 0.00000029782               0.000579216 
 0.00000029783               0.000581703 
 0.00000029784               0.000590919 
 0.00000029785               0.000601729 
 0.00000029786               0.00061154 
 0.00000029787               0.000619087 
 0.00000029788               0.00062327 
 0.00000029789               0.000624541 
 0.0000002979                0.000624474 
 0.00000029791               0.000624049 
 0.00000029792               0.000623044 
 0.00000029793               0.000621438 
 0.00000029794               0.000619787 
 0.00000029795               0.000618732 
 0.00000029796               0.000618205 
 0.00000029797               0.000617631 
 0.00000029798               0.000616345 
 0.00000029799               0.000614974 
 0.000000298   0.00061476 
 0.00000029801               0.000614286 
 0.00000029802               0.000611025 
 0.00000029803               0.000604807 
 0.00000029804               0.000590912 
 0.00000029805               0.000563839 
 0.00000029806               0.000530382 
 0.00000029807               0.000507042 
 0.00000029808               0.000507009 
 0.00000029809               0.000530023 
 0.0000002981                0.000562727 
 0.00000029811               0.000587881 
 0.00000029812               0.000595482 
 0.00000029813               0.000586413 
 0.00000029814               0.000571104 
 0.00000029815               0.000561429 
 0.00000029816               0.00055285 
 0.00000029817               0.000515047 
 0.00000029818               0.000416788 
 0.00000029819               0.000276359 
 0.0000002982                0.000156743 
 0.00000029821               0.0000917468 
 0.00000029822               0.0000714934 
 0.00000029823               0.000084977 
 0.00000029824               0.000139653 
 0.00000029825               0.000248248 
 0.00000029826               0.000389381 
 0.00000029827               0.000506231 
 0.00000029828               0.000566836 
 0.00000029829               0.000572726 
 0.0000002983                0.000526839 
 0.00000029831               0.00046429 
 0.00000029832               0.000452404 
 0.00000029833               0.000497798 
 0.00000029834               0.000536334 
 0.00000029835               0.000534201 
 0.00000029836               0.000519819 
 0.00000029837               0.000524829 
 0.00000029838               0.000551985 
 0.00000029839               0.000580451 
 0.0000002984                0.000596372 
 0.00000029841               0.000601466 
 0.00000029842               0.000601578 
 0.00000029843               0.00060037 
 0.00000029844               0.000598873 
 0.00000029845               0.000597466 
 0.00000029846               0.000596884 
 0.00000029847               0.000597615 
 0.00000029848               0.0005992 
 0.00000029849               0.000600339 
 0.0000002985                0.000597994 
 0.00000029851               0.000582716 
 0.00000029852               0.00054404 
 0.00000029853               0.000502245 
 0.00000029854               0.000499223 
 0.00000029855               0.00053546 
 0.00000029856               0.000570249 
 0.00000029857               0.000584066 
 0.00000029858               0.000587517 
 0.00000029859               0.000588556 
 0.0000002986                0.000587371 
 0.00000029861               0.000583165 
 0.00000029862               0.000576385 
 0.00000029863               0.000568181 
 0.00000029864               0.000559818 
 0.00000029865               0.000552411 
 0.00000029866               0.00054683 
 0.00000029867               0.000543555 
 0.00000029868               0.00054268 
 0.00000029869               0.000544524 
 0.0000002987                0.000548877 
 0.00000029871               0.000558384 
 0.00000029872               0.00055938 
 0.00000029873               0.000554235 
 0.00000029874               0.0005473 
 0.00000029875               0.000550057 
 0.00000029876               0.000564654 
 0.00000029877               0.000579465 
 0.00000029878               0.000585421 
 0.00000029879               0.000571651 
 0.0000002988                0.000509833 
 0.00000029881               0.000408849 
 0.00000029882               0.000362653 
 0.00000029883               0.000419699 
 0.00000029884               0.00051814 
 0.00000029885               0.000571396 
 0.00000029886               0.000583699 
 0.00000029887               0.000584725 
 0.00000029888               0.000584511 
 0.00000029889               0.000584223 
 0.0000002989                0.000582191 
 0.00000029891               0.000574074 
 0.00000029892               0.000555288 
 0.00000029893               0.000531481 
 0.00000029894               0.000519361 
 0.00000029895               0.00052705 
 0.00000029896               0.000542667 
 0.00000029897               0.000554036 
 0.00000029898               0.00055188 
 0.00000029899               0.000549234 
 0.000000299   0.000548421 
 0.00000029901               0.000541825 
 0.00000029902               0.000517505 
 0.00000029903               0.000457972 
 0.00000029904               0.000381807 
 0.00000029905               0.000361221 
 0.00000029906               0.000420627 
 0.00000029907               0.00049533 
 0.00000029908               0.00053238 
 0.00000029909               0.000550049 
 0.0000002991                0.000562636 
 0.00000029911               0.000570365 
 0.00000029912               0.000573519 
 0.00000029913               0.000573167 
 0.00000029914               0.000570862 
 0.00000029915               0.000567927 
 0.00000029916               0.000565723 
 0.00000029917               0.000565027 
 0.00000029918               0.00056606 
 0.00000029919               0.000568514 
 0.0000002992                0.000571651 
 0.00000029921               0.000574477 
 0.00000029922               0.00057621 
 0.00000029923               0.000576802 
 0.00000029924               0.000576853 
 0.00000029925               0.000576938 
 0.00000029926               0.000577481 
 0.00000029927               0.000577357 
 0.00000029928               0.000576614 
 0.00000029929               0.000575334 
 0.0000002993                0.000573958 
 0.00000029931               0.000572507 
 0.00000029932               0.00056984 
 0.00000029933               0.000564074 
 0.00000029934               0.000554351 
 0.00000029935               0.000543246 
 0.00000029936               0.000536843 
 0.00000029937               0.000539643 
 0.00000029938               0.000549004 
 0.00000029939               0.000555598 
 0.0000002994                0.000547497 
 0.00000029941               0.000522294 
 0.00000029942               0.000504866 
 0.00000029943               0.000516274 
 0.00000029944               0.000536672 
 0.00000029945               0.00054564 
 0.00000029946               0.000547753 
 0.00000029947               0.00055016 
 0.00000029948               0.000553419 
 0.00000029949               0.00055738 
 0.0000002995                0.000561572 
 0.00000029951               0.00056491 
 0.00000029952               0.000566524 
 0.00000029953               0.000566198 
 0.00000029954               0.000564599 
 0.00000029955               0.000562843 
 0.00000029956               0.000560978 
 0.00000029957               0.00055498 
 0.00000029958               0.000535361 
 0.00000029959               0.000491626 
 0.0000002996                0.00044198 
 0.00000029961               0.000429553 
 0.00000029962               0.000466861 
 0.00000029963               0.000516644 
 0.00000029964               0.000534295 
 0.00000029965               0.000510982 
 0.00000029966               0.000473271 
 0.00000029967               0.000461366 
 0.00000029968               0.000487303 
 0.00000029969               0.000525042 
 0.0000002997                0.000548665 
 0.00000029971               0.000557409 
 0.00000029972               0.000559053 
 0.00000029973               0.000556826 
 0.00000029974               0.000551213 
 0.00000029975               0.000544474 
 0.00000029976               0.000541252 
 0.00000029977               0.000543416 
 0.00000029978               0.000547719 
 0.00000029979               0.000550651 
 0.0000002998                0.000551847 
 0.00000029981               0.000552231 
 0.00000029982               0.00055241 
 0.00000029983               0.000552752 
 0.00000029984               0.000553261 
 0.00000029985               0.000553598 
 0.00000029986               0.000553581 
 0.00000029987               0.000553283 
 0.00000029988               0.000552554 
 0.00000029989               0.000550617 
 0.0000002999                0.000546872 
 0.00000029991               0.000542191 
 0.00000029992               0.000532239 
 0.00000029993               0.000493767 
 0.00000029994               0.000393114 
 0.00000029995               0.000240296 
 0.00000029996               0.000107852 
 0.00000029997               0.000042287 
 0.00000029998               0.0000229309 
 0.00000029999               0.0000259129 
 0.0000003     0.0000560334 
