 0.000000294   1.4924E-89 
 0.00000029401               1.46262E-89 
 0.00000029402               1.43293E-89 
 0.00000029403               1.3905E-89 
 0.00000029404               1.34045E-89 
 0.00000029405               1.28708E-89 
 0.00000029406               1.22351E-89 
 0.00000029407               1.13823E-89 
 0.00000029408               1.02897E-89 
 0.00000029409               9.14949E-90 
 0.0000002941                8.30802E-90 
 0.00000029411               8.02121E-90 
 0.00000029412               8.28997E-90 
 0.00000029413               8.88395E-90 
 0.00000029414               9.50609E-90 
 0.00000029415               9.96274E-90 
 0.00000029416               1.02065E-89 
 0.00000029417               1.02796E-89 
 0.00000029418               1.02463E-89 
 0.00000029419               1.01564E-89 
 0.0000002942                1.00382E-89 
 0.00000029421               9.89872E-90 
 0.00000029422               9.72556E-90 
 0.00000029423               9.52277E-90 
 0.00000029424               9.33729E-90 
 0.00000029425               9.19546E-90 
 0.00000029426               9.06315E-90 
 0.00000029427               8.90762E-90 
 0.00000029428               8.72948E-90 
 0.00000029429               8.5282E-90 
 0.0000002943                8.30567E-90 
 0.00000029431               8.09528E-90 
 0.00000029432               7.92775E-90 
 0.00000029433               7.78318E-90 
 0.00000029434               7.63426E-90 
 0.00000029435               7.47658E-90 
 0.00000029436               7.30805E-90 
 0.00000029437               7.11289E-90 
 0.00000029438               6.87908E-90 
 0.00000029439               6.63102E-90 
 0.0000002944                6.40244E-90 
 0.00000029441               6.21463E-90 
 0.00000029442               6.09954E-90 
 0.00000029443               6.06017E-90 
 0.00000029444               6.04654E-90 
 0.00000029445               6.0151E-90 
 0.00000029446               5.9483E-90 
 0.00000029447               5.85273E-90 
 0.00000029448               5.74348E-90 
 0.00000029449               5.62788E-90 
 0.0000002945                5.5092E-90 
 0.00000029451               5.38912E-90 
 0.00000029452               5.24909E-90 
 0.00000029453               4.98463E-90 
 0.00000029454               4.41314E-90 
 0.00000029455               3.72456E-90 
 0.00000029456               3.51313E-90 
 0.00000029457               3.89255E-90 
 0.00000029458               4.30585E-90 
 0.00000029459               4.31066E-90 
 0.0000002946                3.94851E-90 
 0.00000029461               3.35065E-90 
 0.00000029462               2.71377E-90 
 0.00000029463               2.17049E-90 
 0.00000029464               1.58698E-90 
 0.00000029465               8.82623E-91 
 0.00000029466               3.66422E-91 
 0.00000029467               1.64781E-91 
 0.00000029468               1.35305E-91 
 0.00000029469               2.36763E-91 
 0.0000002947                6.15981E-91 
 0.00000029471               1.44637E-90 
 0.00000029472               2.40536E-90 
 0.00000029473               2.97051E-90 
 0.00000029474               3.14398E-90 
 0.00000029475               3.149E-90 
 0.00000029476               3.10078E-90 
 0.00000029477               3.03876E-90 
 0.00000029478               2.98939E-90 
 0.00000029479               2.95371E-90 
 0.0000002948                2.90766E-90 
 0.00000029481               2.83754E-90 
 0.00000029482               2.74751E-90 
 0.00000029483               2.64734E-90 
 0.00000029484               2.55106E-90 
 0.00000029485               2.47547E-90 
 0.00000029486               2.42361E-90 
 0.00000029487               2.37024E-90 
 0.00000029488               2.27699E-90 
 0.00000029489               2.12573E-90 
 0.0000002949                1.94087E-90 
 0.00000029491               1.7793E-90 
 0.00000029492               1.69261E-90 
 0.00000029493               1.69119E-90 
 0.00000029494               1.71774E-90 
 0.00000029495               1.62609E-90 
 0.00000029496               1.2866E-90 
 0.00000029497               8.61055E-91 
 0.00000029498               6.28721E-91 
 0.00000029499               6.53409E-91 
 0.000000295   8.94819E-91 
 0.00000029501               1.19949E-90 
 0.00000029502               1.34697E-90 
 0.00000029503               1.28133E-90 
 0.00000029504               1.11346E-90 
 0.00000029505               1.06521E-90 
 0.00000029506               1.1419E-90 
 0.00000029507               1.18729E-90 
 0.00000029508               1.16496E-90 
 0.00000029509               1.06997E-90 
 0.0000002951                9.27206E-91 
 0.00000029511               8.39542E-91 
 0.00000029512               8.80955E-91 
 0.00000029513               1.02967E-90 
 0.00000029514               1.17841E-90 
 0.00000029515               1.24328E-90 
 0.00000029516               1.24869E-90 
 0.00000029517               1.24906E-90 
 0.00000029518               1.25809E-90 
 0.00000029519               1.26224E-90 
 0.0000002952                1.25225E-90 
 0.00000029521               1.22766E-90 
 0.00000029522               1.18716E-90 
 0.00000029523               1.12673E-90 
 0.00000029524               1.04277E-90 
 0.00000029525               9.36393E-91 
 0.00000029526               8.16993E-91 
 0.00000029527               6.92193E-91 
 0.00000029528               5.60414E-91 
 0.00000029529               4.59137E-91 
 0.0000002953                4.64716E-91 
 0.00000029531               6.02573E-91 
 0.00000029532               7.84073E-91 
 0.00000029533               8.88049E-91 
 0.00000029534               9.08946E-91 
 0.00000029535               8.57899E-91 
 0.00000029536               6.64652E-91 
 0.00000029537               2.93927E-91 
 0.00000029538               4.36788E-92 
 0.00000029539               2.26482E-93 
 0.0000002954                1.69494E-94 
 0.00000029541               1.23829E-94 
 0.00000029542               1.08312E-93 
 0.00000029543               1.92003E-92 
 0.00000029544               1.33809E-91 
 0.00000029545               3.01323E-91 
 0.00000029546               3.94132E-91 
 0.00000029547               4.55353E-91 
 0.00000029548               4.98344E-91 
 0.00000029549               5.14202E-91 
 0.0000002955                5.3549E-91 
 0.00000029551               5.74764E-91 
 0.00000029552               5.94525E-91 
 0.00000029553               5.75347E-91 
 0.00000029554               5.48323E-91 
 0.00000029555               5.42435E-91 
 0.00000029556               5.52168E-91 
 0.00000029557               5.61019E-91 
 0.00000029558               5.62331E-91 
 0.00000029559               5.55561E-91 
 0.0000002956                5.28036E-91 
 0.00000029561               4.38412E-91 
 0.00000029562               3.16158E-91 
 0.00000029563               2.8507E-91 
 0.00000029564               3.66024E-91 
 0.00000029565               4.53579E-91 
 0.00000029566               4.7405E-91 
 0.00000029567               4.66171E-91 
 0.00000029568               4.56214E-91 
 0.00000029569               4.47186E-91 
 0.0000002957                4.37734E-91 
 0.00000029571               4.26458E-91 
 0.00000029572               4.12353E-91 
 0.00000029573               3.94792E-91 
 0.00000029574               3.6746E-91 
 0.00000029575               3.23212E-91 
 0.00000029576               2.88997E-91 
 0.00000029577               2.98339E-91 
 0.00000029578               3.3021E-91 
 0.00000029579               3.37703E-91 
 0.0000002958                3.13E-91 
 0.00000029581               2.75552E-91 
 0.00000029582               2.45745E-91 
 0.00000029583               2.32274E-91 
 0.00000029584               2.22173E-91 
 0.00000029585               1.94271E-91 
 0.00000029586               1.4384E-91 
 0.00000029587               2.98224E-92 
 0.00000029588               1.53221E-97 
 0.00000029589               6.11353E-125 
 0.0000002959                1.40183E-211 
 0.00000029591               0 
 0.00000029592               0 
 0.00000029593               0 
 0.00000029594               0 
 0.00000029595               1.03107E-193 
 0.00000029596               4.07218E-118 
 0.00000029597               6.99405E-96 
 0.00000029598               7.25072E-92 
 0.00000029599               2.0319E-91 
 0.000000296   2.16661E-91 
 0.00000029601               2.16132E-91 
 0.00000029602               2.13788E-91 
 0.00000029603               2.09912E-91 
 0.00000029604               2.05108E-91 
 0.00000029605               2.00025E-91 
 0.00000029606               1.95376E-91 
 0.00000029607               1.91614E-91 
 0.00000029608               1.88537E-91 
 0.00000029609               1.85783E-91 
 0.0000002961                1.83107E-91 
 0.00000029611               1.79081E-91 
 0.00000029612               1.69394E-91 
 0.00000029613               1.48816E-91 
 0.00000029614               1.19797E-91 
 0.00000029615               9.50121E-92 
 0.00000029616               8.49412E-92 
 0.00000029617               9.17167E-92 
 0.00000029618               1.11329E-91 
 0.00000029619               1.32819E-91 
 0.0000002962                1.45008E-91 
 0.00000029621               1.47351E-91 
 0.00000029622               1.45406E-91 
 0.00000029623               1.42714E-91 
 0.00000029624               1.40127E-91 
 0.00000029625               1.37536E-91 
 0.00000029626               1.34804E-91 
 0.00000029627               1.31924E-91 
 0.00000029628               1.28892E-91 
 0.00000029629               1.25583E-91 
 0.0000002963                1.21741E-91 
 0.00000029631               1.17266E-91 
 0.00000029632               1.12229E-91 
 0.00000029633               1.07006E-91 
 0.00000029634               1.01642E-91 
 0.00000029635               9.7225E-92 
 0.00000029636               9.41109E-92 
 0.00000029637               8.82705E-92 
 0.00000029638               7.80599E-92 
 0.00000029639               7.13529E-92 
 0.0000002964                7.4732E-92 
 0.00000029641               8.4651E-92 
 0.00000029642               9.20322E-92 
 0.00000029643               9.35627E-92 
 0.00000029644               9.20171E-92 
 0.00000029645               8.95928E-92 
 0.00000029646               8.70561E-92 
 0.00000029647               8.50779E-92 
 0.00000029648               8.38778E-92 
 0.00000029649               8.2747E-92 
 0.0000002965                8.10513E-92 
 0.00000029651               7.90422E-92 
 0.00000029652               7.72509E-92 
 0.00000029653               7.56266E-92 
 0.00000029654               7.37878E-92 
 0.00000029655               7.15685E-92 
 0.00000029656               6.89803E-92 
 0.00000029657               6.60977E-92 
 0.00000029658               6.33429E-92 
 0.00000029659               6.14731E-92 
 0.0000002966                6.05562E-92 
 0.00000029661               6.00753E-92 
 0.00000029662               5.97751E-92 
 0.00000029663               5.94602E-92 
 0.00000029664               5.8902E-92 
 0.00000029665               5.82253E-92 
 0.00000029666               5.75074E-92 
 0.00000029667               5.65282E-92 
 0.00000029668               5.53264E-92 
 0.00000029669               5.40598E-92 
 0.0000002967                5.28302E-92 
 0.00000029671               5.16918E-92 
 0.00000029672               5.06157E-92 
 0.00000029673               4.93773E-92 
 0.00000029674               4.749E-92 
 0.00000029675               4.44033E-92 
 0.00000029676               4.00711E-92 
 0.00000029677               3.55468E-92 
 0.00000029678               3.24304E-92 
 0.00000029679               3.17286E-92 
 0.0000002968                3.32199E-92 
 0.00000029681               3.55086E-92 
 0.00000029682               3.71316E-92 
 0.00000029683               3.79145E-92 
 0.00000029684               3.83427E-92 
 0.00000029685               3.84063E-92 
 0.00000029686               3.79941E-92 
 0.00000029687               3.72927E-92 
 0.00000029688               3.6484E-92 
 0.00000029689               3.56212E-92 
 0.0000002969                3.47652E-92 
 0.00000029691               3.40218E-92 
 0.00000029692               3.34002E-92 
 0.00000029693               3.27734E-92 
 0.00000029694               3.19016E-92 
 0.00000029695               2.9974E-92 
 0.00000029696               2.46754E-92 
 0.00000029697               1.42116E-92 
 0.00000029698               4.34988E-93 
 0.00000029699               7.45131E-94 
 0.000000297   1.49739E-94 
 0.00000029701               9.57024E-95 
 0.00000029702               2.23312E-94 
 0.00000029703               8.6614E-94 
 0.00000029704               3.60089E-93 
 0.00000029705               1.18471E-92 
 0.00000029706               2.06615E-92 
 0.00000029707               2.33624E-92 
 0.00000029708               2.33492E-92 
 0.00000029709               2.25678E-92 
 0.0000002971                2.06022E-92 
 0.00000029711               1.67079E-92 
 0.00000029712               1.18602E-92 
 0.00000029713               8.08148E-93 
 0.00000029714               6.30832E-93 
 0.00000029715               6.55463E-93 
 0.00000029716               8.68993E-93 
 0.00000029717               1.19115E-92 
 0.00000029718               1.37778E-92 
 0.00000029719               1.17048E-92 
 0.0000002972                6.96592E-93 
 0.00000029721               3.66261E-93 
 0.00000029722               2.81839E-93 
 0.00000029723               4.04121E-93 
 0.00000029724               7.68364E-93 
 0.00000029725               1.23438E-92 
 0.00000029726               1.50478E-92 
 0.00000029727               1.56787E-92 
 0.00000029728               1.5491E-92 
 0.00000029729               1.50191E-92 
 0.0000002973                1.42861E-92 
 0.00000029731               1.33309E-92 
 0.00000029732               1.24698E-92 
 0.00000029733               1.20874E-92 
 0.00000029734               1.22383E-92 
 0.00000029735               1.25971E-92 
 0.00000029736               1.2796E-92 
 0.00000029737               1.2723E-92 
 0.00000029738               1.24712E-92 
 0.00000029739               1.22344E-92 
 0.0000002974                1.19637E-92 
 0.00000029741               1.1706E-92 
 0.00000029742               1.13725E-92 
 0.00000029743               1.09839E-92 
 0.00000029744               1.07253E-92 
 0.00000029745               1.06494E-92 
 0.00000029746               1.05857E-92 
 0.00000029747               1.0424E-92 
 0.00000029748               1.01756E-92 
 0.00000029749               9.83399E-93 
 0.0000002975                1.0274E-92 
 0.00000029751               9.71025E-93 
 0.00000029752               9.2808E-93 
 0.00000029753               9.13301E-93 
 0.00000029754               9.20967E-93 
 0.00000029755               9.308E-93 
 0.00000029756               9.19769E-93 
 0.00000029757               7.72065E-93 
 0.00000029758               2.17075E-93 
 0.00000029759               1.34171E-95 
 0.0000002976                5.93083E-100 
 0.00000029761               6.39299E-103 
 0.00000029762               9.27684E-101 
 0.00000029763               2.73951E-96 
 0.00000029764               1.14731E-93 
 0.00000029765               6.0408E-93 
 0.00000029766               7.54128E-93 
 0.00000029767               7.51417E-93 
 0.00000029768               7.34152E-93 
 0.00000029769               7.16058E-93 
 0.0000002977                6.98772E-93 
 0.00000029771               6.83383E-93 
 0.00000029772               6.69945E-93 
 0.00000029773               6.57322E-93 
 0.00000029774               6.43106E-93 
 0.00000029775               6.22395E-93 
 0.00000029776               5.89257E-93 
 0.00000029777               5.46108E-93 
 0.00000029778               5.07993E-93 
 0.00000029779               4.87835E-93 
 0.0000002978                4.85375E-93 
 0.00000029781               4.81126E-93 
 0.00000029782               4.39409E-93 
 0.00000029783               3.53261E-93 
 0.00000029784               2.47894E-93 
 0.00000029785               1.35081E-93 
 0.00000029786               5.02937E-94 
 0.00000029787               1.92534E-94 
 0.00000029788               1.79444E-94 
 0.00000029789               4.75764E-94 
 0.0000002979                1.56008E-93 
 0.00000029791               3.17533E-93 
 0.00000029792               4.05035E-93 
 0.00000029793               4.20595E-93 
 0.00000029794               4.14158E-93 
 0.00000029795               4.04397E-93 
 0.00000029796               3.9542E-93 
 0.00000029797               3.88055E-93 
 0.00000029798               3.81277E-93 
 0.00000029799               3.73157E-93 
 0.000000298   3.6258E-93 
 0.00000029801               3.50572E-93 
 0.00000029802               3.4012E-93 
 0.00000029803               3.33398E-93 
 0.00000029804               3.28244E-93 
 0.00000029805               3.18142E-93 
 0.00000029806               3.03372E-93 
 0.00000029807               2.96735E-93 
 0.00000029808               2.99484E-93 
 0.00000029809               2.98594E-93 
 0.0000002981                2.91212E-93 
 0.00000029811               2.82686E-93 
 0.00000029812               2.75966E-93 
 0.00000029813               2.71126E-93 
 0.00000029814               2.66482E-93 
 0.00000029815               2.59999E-93 
 0.00000029816               2.51765E-93 
 0.00000029817               2.43895E-93 
 0.00000029818               2.38553E-93 
 0.00000029819               2.36188E-93 
 0.0000002982                2.35266E-93 
 0.00000029821               2.33677E-93 
 0.00000029822               2.30495E-93 
 0.00000029823               2.26238E-93 
 0.00000029824               2.21717E-93 
 0.00000029825               2.1729E-93 
 0.00000029826               2.12915E-93 
 0.00000029827               2.08525E-93 
 0.00000029828               2.04132E-93 
 0.00000029829               1.99767E-93 
 0.0000002983                1.95437E-93 
 0.00000029831               1.91124E-93 
 0.00000029832               1.86775E-93 
 0.00000029833               1.82331E-93 
 0.00000029834               1.77789E-93 
 0.00000029835               1.73216E-93 
 0.00000029836               1.68709E-93 
 0.00000029837               1.64361E-93 
 0.00000029838               1.60249E-93 
 0.00000029839               1.55461E-93 
 0.0000002984                1.47685E-93 
 0.00000029841               1.35433E-93 
 0.00000029842               1.23305E-93 
 0.00000029843               1.18558E-93 
 0.00000029844               1.22025E-93 
 0.00000029845               1.2806E-93 
 0.00000029846               1.3182E-93 
 0.00000029847               1.32589E-93 
 0.00000029848               1.31074E-93 
 0.00000029849               1.26987E-93 
 0.0000002985                1.18917E-93 
 0.00000029851               1.07101E-93 
 0.00000029852               9.59897E-94 
 0.00000029853               9.08678E-94 
 0.00000029854               9.18974E-94 
 0.00000029855               9.22635E-94 
 0.00000029856               8.28177E-94 
 0.00000029857               6.1454E-94 
 0.00000029858               3.85141E-94 
 0.00000029859               2.52647E-94 
 0.0000002986                2.3246E-94 
 0.00000029861               3.18387E-94 
 0.00000029862               5.08777E-94 
 0.00000029863               7.26556E-94 
 0.00000029864               8.60893E-94 
 0.00000029865               9.0196E-94 
 0.00000029866               8.98544E-94 
 0.00000029867               8.82161E-94 
 0.00000029868               8.62553E-94 
 0.00000029869               8.40196E-94 
 0.0000002987                8.12494E-94 
 0.00000029871               7.78488E-94 
 0.00000029872               7.43564E-94 
 0.00000029873               7.17542E-94 
 0.00000029874               7.05446E-94 
 0.00000029875               7.02601E-94 
 0.00000029876               7.01108E-94 
 0.00000029877               6.95875E-94 
 0.00000029878               6.83454E-94 
 0.00000029879               6.62916E-94 
 0.0000002988                6.36086E-94 
 0.00000029881               6.05394E-94 
 0.00000029882               5.7161E-94 
 0.00000029883               5.27471E-94 
 0.00000029884               4.53587E-94 
 0.00000029885               3.46487E-94 
 0.00000029886               2.52217E-94 
 0.00000029887               2.15935E-94 
 0.00000029888               2.45615E-94 
 0.00000029889               3.26345E-94 
 0.0000002989                4.1238E-94 
 0.00000029891               4.62886E-94 
 0.00000029892               4.81841E-94 
 0.00000029893               4.86558E-94 
 0.00000029894               4.84835E-94 
 0.00000029895               4.79218E-94 
 0.00000029896               4.7133E-94 
 0.00000029897               4.62288E-94 
 0.00000029898               4.52713E-94 
 0.00000029899               4.42952E-94 
 0.000000299   4.33202E-94 
 0.00000029901               4.23611E-94 
 0.00000029902               4.14262E-94 
 0.00000029903               4.05004E-94 
 0.00000029904               3.95551E-94 
 0.00000029905               3.85934E-94 
 0.00000029906               3.76548E-94 
 0.00000029907               3.68035E-94 
 0.00000029908               3.60494E-94 
 0.00000029909               3.5302E-94 
 0.0000002991                3.4204E-94 
 0.00000029911               3.09952E-94 
 0.00000029912               2.06145E-94 
 0.00000029913               5.18426E-95 
 0.00000029914               1.89468E-96 
 0.00000029915               9.8677E-99 
 0.00000029916               7.80553E-101 
 0.00000029917               2.99333E-101 
 0.00000029918               1.20143E-99 
 0.00000029919               2.82473E-97 
 0.0000002992                1.69348E-95 
 0.00000029921               1.19171E-94 
 0.00000029922               2.22844E-94 
 0.00000029923               2.54276E-94 
 0.00000029924               2.55748E-94 
 0.00000029925               2.50234E-94 
 0.00000029926               2.42401E-94 
 0.00000029927               2.33401E-94 
 0.00000029928               2.23899E-94 
 0.00000029929               2.16097E-94 
 0.0000002993                2.11484E-94 
 0.00000029931               2.09874E-94 
 0.00000029932               2.09522E-94 
 0.00000029933               2.08521E-94 
 0.00000029934               2.05823E-94 
 0.00000029935               2.01384E-94 
 0.00000029936               1.96194E-94 
 0.00000029937               1.91608E-94 
 0.00000029938               1.88155E-94 
 0.00000029939               1.85261E-94 
 0.0000002994                1.82209E-94 
 0.00000029941               1.78795E-94 
 0.00000029942               1.75165E-94 
 0.00000029943               1.71465E-94 
 0.00000029944               1.67767E-94 
 0.00000029945               1.64074E-94 
 0.00000029946               1.60327E-94 
 0.00000029947               1.56371E-94 
 0.00000029948               1.51967E-94 
 0.00000029949               1.47015E-94 
 0.0000002995                1.41884E-94 
 0.00000029951               1.37297E-94 
 0.00000029952               1.33639E-94 
 0.00000029953               1.30552E-94 
 0.00000029954               1.27449E-94 
 0.00000029955               1.2423E-94 
 0.00000029956               1.21297E-94 
 0.00000029957               1.1901E-94 
 0.00000029958               1.18395E-94 
 0.00000029959               1.15856E-94 
 0.0000002996                1.08989E-94 
 0.00000029961               9.16341E-95 
 0.00000029962               6.42466E-95 
 0.00000029963               4.0372E-95 
 0.00000029964               2.93882E-95 
 0.00000029965               3.06556E-95 
 0.00000029966               4.29791E-95 
 0.00000029967               6.24855E-95 
 0.00000029968               7.75108E-95 
 0.00000029969               8.20947E-95 
 0.0000002997                8.18762E-95 
 0.00000029971               8.0942E-95 
 0.00000029972               7.97903E-95 
 0.00000029973               7.93004E-95 
 0.00000029974               8.00308E-95 
 0.00000029975               8.11508E-95 
 0.00000029976               8.1522E-95 
 0.00000029977               8.08578E-95 
 0.00000029978               7.94788E-95 
 0.00000029979               7.76342E-95 
 0.0000002998                7.55207E-95 
 0.00000029981               7.3471E-95 
 0.00000029982               7.17724E-95 
 0.00000029983               7.04526E-95 
 0.00000029984               6.94401E-95 
 0.00000029985               6.86E-95 
 0.00000029986               6.76718E-95 
 0.00000029987               6.64166E-95 
 0.00000029988               6.49004E-95 
 0.00000029989               6.33355E-95 
 0.0000002999                6.11933E-95 
 0.00000029991               5.61753E-95 
 0.00000029992               4.58225E-95 
 0.00000029993               3.34584E-95 
 0.00000029994               2.6418E-95 
 0.00000029995               2.76337E-95 
 0.00000029996               3.57267E-95 
 0.00000029997               4.50123E-95 
 0.00000029998               4.96262E-95 
 0.00000029999               4.99633E-95 
 0.0000003     4.8759E-95 
