 0.000000294   4.08651E-39 
 0.00000029401               3.99079E-39 
 0.00000029402               3.88967E-39 
 0.00000029403               3.80894E-39 
 0.00000029404               3.69436E-39 
 0.00000029405               3.39663E-39 
 0.00000029406               2.77995E-39 
 0.00000029407               1.9069E-39 
 0.00000029408               1.0803E-39 
 0.00000029409               5.48909E-40 
 0.0000002941                3.02281E-40 
 0.00000029411               2.24993E-40 
 0.00000029412               2.55745E-40 
 0.00000029413               4.18664E-40 
 0.00000029414               8.08539E-40 
 0.00000029415               1.48359E-39 
 0.00000029416               2.27134E-39 
 0.00000029417               2.82466E-39 
 0.00000029418               2.893E-39 
 0.00000029419               2.37982E-39 
 0.0000002942                1.46232E-39 
 0.00000029421               6.58701E-40 
 0.00000029422               2.57172E-40 
 0.00000029423               1.24853E-40 
 0.00000029424               1.07482E-40 
 0.00000029425               1.77629E-40 
 0.00000029426               4.33162E-40 
 0.00000029427               1.04975E-39 
 0.00000029428               1.95665E-39 
 0.00000029429               2.7222E-39 
 0.0000002943                3.11244E-39 
 0.00000029431               3.2341E-39 
 0.00000029432               3.24447E-39 
 0.00000029433               3.22182E-39 
 0.00000029434               3.19147E-39 
 0.00000029435               3.15772E-39 
 0.00000029436               3.12067E-39 
 0.00000029437               3.07084E-39 
 0.00000029438               2.71388E-39 
 0.00000029439               5.76122E-40 
 0.0000002944                2.79767E-45 
 0.00000029441               9.65858E-70 
 0.00000029442               1.60394E-132 
 0.00000029443               6.464E-212 
 0.00000029444               1.06263E-232 
 0.00000029445               2.01608E-170 
 0.00000029446               4.34727E-93 
 0.00000029447               1.22303E-52 
 0.00000029448               2.74539E-41 
 0.00000029449               1.81348E-39 
 0.0000002945                2.65339E-39 
 0.00000029451               2.66288E-39 
 0.00000029452               2.61826E-39 
 0.00000029453               2.58484E-39 
 0.00000029454               2.5632E-39 
 0.00000029455               2.55141E-39 
 0.00000029456               2.54331E-39 
 0.00000029457               2.53649E-39 
 0.00000029458               2.53019E-39 
 0.00000029459               2.52148E-39 
 0.0000002946                2.50682E-39 
 0.00000029461               2.48465E-39 
 0.00000029462               2.45385E-39 
 0.00000029463               2.41117E-39 
 0.00000029464               2.35268E-39 
 0.00000029465               2.27867E-39 
 0.00000029466               2.19628E-39 
 0.00000029467               2.11297E-39 
 0.00000029468               2.02904E-39 
 0.00000029469               1.95202E-39 
 0.0000002947                1.91316E-39 
 0.00000029471               1.93941E-39 
 0.00000029472               2.01643E-39 
 0.00000029473               2.10024E-39 
 0.00000029474               2.15473E-39 
 0.00000029475               2.17205E-39 
 0.00000029476               2.16328E-39 
 0.00000029477               2.14078E-39 
 0.00000029478               2.11195E-39 
 0.00000029479               2.08249E-39 
 0.0000002948                2.05806E-39 
 0.00000029481               2.04141E-39 
 0.00000029482               2.03052E-39 
 0.00000029483               2.02061E-39 
 0.00000029484               2.0056E-39 
 0.00000029485               1.97798E-39 
 0.00000029486               1.93624E-39 
 0.00000029487               1.89608E-39 
 0.00000029488               1.87982E-39 
 0.00000029489               1.8891E-39 
 0.0000002949                1.90313E-39 
 0.00000029491               1.90481E-39 
 0.00000029492               1.89366E-39 
 0.00000029493               1.87562E-39 
 0.00000029494               1.85318E-39 
 0.00000029495               1.8239E-39 
 0.00000029496               1.7819E-39 
 0.00000029497               1.71683E-39 
 0.00000029498               1.60845E-39 
 0.00000029499               1.43075E-39 
 0.000000295   1.17648E-39 
 0.00000029501               8.81545E-40 
 0.00000029502               6.10692E-40 
 0.00000029503               4.11755E-40 
 0.00000029504               2.92841E-40 
 0.00000029505               2.38922E-40 
 0.00000029506               2.36316E-40 
 0.00000029507               2.8452E-40 
 0.00000029508               3.961E-40 
 0.00000029509               5.83176E-40 
 0.0000002951                8.29463E-40 
 0.00000029511               1.07834E-39 
 0.00000029512               1.2726E-39 
 0.00000029513               1.39805E-39 
 0.00000029514               1.47012E-39 
 0.00000029515               1.50433E-39 
 0.00000029516               1.51251E-39 
 0.00000029517               1.50532E-39 
 0.00000029518               1.4895E-39 
 0.00000029519               1.46659E-39 
 0.0000002952                1.4359E-39 
 0.00000029521               1.39986E-39 
 0.00000029522               1.36669E-39 
 0.00000029523               1.34651E-39 
 0.00000029524               1.34347E-39 
 0.00000029525               1.35254E-39 
 0.00000029526               1.36261E-39 
 0.00000029527               1.36395E-39 
 0.00000029528               1.35133E-39 
 0.00000029529               1.32295E-39 
 0.0000002953                1.28058E-39 
 0.00000029531               1.22581E-39 
 0.00000029532               1.15958E-39 
 0.00000029533               1.11287E-39 
 0.00000029534               1.13166E-39 
 0.00000029535               1.19171E-39 
 0.00000029536               1.2279E-39 
 0.00000029537               1.23035E-39 
 0.00000029538               1.2214E-39 
 0.00000029539               1.20739E-39 
 0.0000002954                1.14879E-39 
 0.00000029541               9.40308E-40 
 0.00000029542               6.68661E-40 
 0.00000029543               6.18457E-40 
 0.00000029544               8.31308E-40 
 0.00000029545               1.06598E-39 
 0.00000029546               1.14157E-39 
 0.00000029547               1.1429E-39 
 0.00000029548               1.13138E-39 
 0.00000029549               1.11833E-39 
 0.0000002955                1.10381E-39 
 0.00000029551               1.08668E-39 
 0.00000029552               1.0689E-39 
 0.00000029553               1.05381E-39 
 0.00000029554               1.04297E-39 
 0.00000029555               1.03496E-39 
 0.00000029556               1.0263E-39 
 0.00000029557               1.01464E-39 
 0.00000029558               1.00137E-39 
 0.00000029559               9.90469E-40 
 0.0000002956                9.83388E-40 
 0.00000029561               9.74858E-40 
 0.00000029562               9.60147E-40 
 0.00000029563               9.45085E-40 
 0.00000029564               9.33279E-40 
 0.00000029565               9.13837E-40 
 0.00000029566               8.59285E-40 
 0.00000029567               7.17974E-40 
 0.00000029568               4.54922E-40 
 0.00000029569               1.66E-40 
 0.0000002957                2.33779E-41 
 0.00000029571               8.13529E-43 
 0.00000029572               5.25146E-45 
 0.00000029573               7.43027E-48 
 0.00000029574               5.39308E-51 
 0.00000029575               8.7406E-54 
 0.00000029576               1.63118E-55 
 0.00000029577               1.10032E-55 
 0.00000029578               3.01649E-54 
 0.00000029579               1.27055E-51 
 0.0000002958                1.66236E-48 
 0.00000029581               1.44342E-45 
 0.00000029582               3.08162E-43 
 0.00000029583               1.19128E-41 
 0.00000029584               1.0351E-40 
 0.00000029585               3.17301E-40 
 0.00000029586               5.34243E-40 
 0.00000029587               6.71805E-40 
 0.00000029588               7.40326E-40 
 0.00000029589               7.65583E-40 
 0.0000002959                7.63452E-40 
 0.00000029591               7.40275E-40 
 0.00000029592               7.03885E-40 
 0.00000029593               6.71747E-40 
 0.00000029594               6.61249E-40 
 0.00000029595               6.70927E-40 
 0.00000029596               6.84796E-40 
 0.00000029597               6.95107E-40 
 0.00000029598               7.02536E-40 
 0.00000029599               7.05889E-40 
 0.000000296   7.04063E-40 
 0.00000029601               6.98539E-40 
 0.00000029602               6.91066E-40 
 0.00000029603               6.82996E-40 
 0.00000029604               6.74293E-40 
 0.00000029605               6.65448E-40 
 0.00000029606               6.57702E-40 
 0.00000029607               6.51674E-40 
 0.00000029608               6.46051E-40 
 0.00000029609               6.31513E-40 
 0.0000002961                5.89872E-40 
 0.00000029611               5.36787E-40 
 0.00000029612               5.29352E-40 
 0.00000029613               5.69772E-40 
 0.00000029614               6.02379E-40 
 0.00000029615               6.08404E-40 
 0.00000029616               6.01456E-40 
 0.00000029617               5.86258E-40 
 0.00000029618               5.64562E-40 
 0.00000029619               5.4299E-40 
 0.0000002962                5.2941E-40 
 0.00000029621               5.2649E-40 
 0.00000029622               5.30984E-40 
 0.00000029623               5.38407E-40 
 0.00000029624               5.45695E-40 
 0.00000029625               5.50539E-40 
 0.00000029626               5.51545E-40 
 0.00000029627               5.492E-40 
 0.00000029628               5.44956E-40 
 0.00000029629               5.3978E-40 
 0.0000002963                5.33652E-40 
 0.00000029631               5.25125E-40 
 0.00000029632               5.10659E-40 
 0.00000029633               4.86604E-40 
 0.00000029634               4.55821E-40 
 0.00000029635               4.25203E-40 
 0.00000029636               3.90352E-40 
 0.00000029637               3.25014E-40 
 0.00000029638               2.00999E-40 
 0.00000029639               6.46729E-41 
 0.0000002964                6.40699E-42 
 0.00000029641               9.78587E-44 
 0.00000029642               1.12961E-46 
 0.00000029643               6.85677E-51 
 0.00000029644               6.28763E-56 
 0.00000029645               2.05163E-60 
 0.00000029646               6.62545E-63 
 0.00000029647               5.54141E-63 
 0.00000029648               5.24596E-61 
 0.00000029649               1.63086E-57 
 0.0000002965                3.09392E-53 
 0.00000029651               4.93287E-49 
 0.00000029652               1.43465E-45 
 0.00000029653               4.08149E-43 
 0.00000029654               1.33718E-41 
 0.00000029655               8.81819E-41 
 0.00000029656               2.13441E-40 
 0.00000029657               3.02043E-40 
 0.00000029658               3.37593E-40 
 0.00000029659               3.50904E-40 
 0.0000002966                3.60667E-40 
 0.00000029661               3.68909E-40 
 0.00000029662               3.74239E-40 
 0.00000029663               3.77524E-40 
 0.00000029664               3.80232E-40 
 0.00000029665               3.82625E-40 
 0.00000029666               3.83559E-40 
 0.00000029667               3.82383E-40 
 0.00000029668               3.79496E-40 
 0.00000029669               3.74457E-40 
 0.0000002967                3.62511E-40 
 0.00000029671               3.30886E-40 
 0.00000029672               2.6712E-40 
 0.00000029673               1.846E-40 
 0.00000029674               1.20795E-40 
 0.00000029675               9.49776E-41 
 0.00000029676               1.06203E-40 
 0.00000029677               1.54444E-40 
 0.00000029678               2.28651E-40 
 0.00000029679               2.93608E-40 
 0.0000002968                3.26433E-40 
 0.00000029681               3.35375E-40 
 0.00000029682               3.34293E-40 
 0.00000029683               3.29512E-40 
 0.00000029684               3.2352E-40 
 0.00000029685               3.18716E-40 
 0.00000029686               3.16558E-40 
 0.00000029687               3.16176E-40 
 0.00000029688               3.15757E-40 
 0.00000029689               3.14382E-40 
 0.0000002969                3.12007E-40 
 0.00000029691               3.08711E-40 
 0.00000029692               3.0493E-40 
 0.00000029693               3.0159E-40 
 0.00000029694               2.9883E-40 
 0.00000029695               2.95904E-40 
 0.00000029696               2.92472E-40 
 0.00000029697               2.88734E-40 
 0.00000029698               2.85129E-40 
 0.00000029699               2.82289E-40 
 0.000000297   2.80588E-40 
 0.00000029701               2.79511E-40 
 0.00000029702               2.77956E-40 
 0.00000029703               2.75249E-40 
 0.00000029704               2.71631E-40 
 0.00000029705               2.67644E-40 
 0.00000029706               2.62971E-40 
 0.00000029707               2.55733E-40 
 0.00000029708               2.43824E-40 
 0.00000029709               2.2862E-40 
 0.0000002971                2.16318E-40 
 0.00000029711               2.12969E-40 
 0.00000029712               2.19054E-40 
 0.00000029713               2.29391E-40 
 0.00000029714               2.37127E-40 
 0.00000029715               2.39463E-40 
 0.00000029716               2.38987E-40 
 0.00000029717               2.38392E-40 
 0.00000029718               2.37388E-40 
 0.00000029719               2.34179E-40 
 0.0000002972                2.26631E-40 
 0.00000029721               2.11847E-40 
 0.00000029722               1.85973E-40 
 0.00000029723               1.47453E-40 
 0.00000029724               1.01869E-40 
 0.00000029725               6.07725E-41 
 0.00000029726               3.26327E-41 
 0.00000029727               1.7394E-41 
 0.00000029728               1.05296E-41 
 0.00000029729               8.27122E-42 
 0.0000002973                9.15637E-42 
 0.00000029731               1.4007E-41 
 0.00000029732               2.59466E-41 
 0.00000029733               4.85276E-41 
 0.00000029734               7.84916E-41 
 0.00000029735               9.78174E-41 
 0.00000029736               8.19837E-41 
 0.00000029737               3.55109E-41 
 0.00000029738               4.81718E-42 
 0.00000029739               9.57066E-44 
 0.0000002974                1.18601E-46 
 0.00000029741               5.33969E-51 
 0.00000029742               1.23057E-56 
 0.00000029743               7.62881E-63 
 0.00000029744               2.25001E-68 
 0.00000029745               8.05088E-72 
 0.00000029746               3.42395E-72 
 0.00000029747               2.24891E-69 
 0.00000029748               3.46074E-64 
 0.00000029749               5.35319E-58 
 0.0000002975                3.76693E-52 
 0.00000029751               1.51745E-47 
 0.00000029752               1.54841E-44 
 0.00000029753               4.9467E-43 
 0.00000029754               1.41319E-42 
 0.00000029755               1.79376E-42 
 0.00000029756               3.59857E-42 
 0.00000029757               1.22365E-41 
 0.00000029758               3.28322E-41 
 0.00000029759               4.70159E-41 
 0.0000002976                5.52684E-41 
 0.00000029761               7.96901E-41 
 0.00000029762               1.17033E-40 
 0.00000029763               1.40612E-40 
 0.00000029764               1.4557E-40 
 0.00000029765               1.43351E-40 
 0.00000029766               1.40633E-40 
 0.00000029767               1.40173E-40 
 0.00000029768               1.42185E-40 
 0.00000029769               1.44972E-40 
 0.0000002977                1.46577E-40 
 0.00000029771               1.46158E-40 
 0.00000029772               1.44173E-40 
 0.00000029773               1.41668E-40 
 0.00000029774               1.38975E-40 
 0.00000029775               1.35394E-40 
 0.00000029776               1.31123E-40 
 0.00000029777               1.28349E-40 
 0.00000029778               1.28266E-40 
 0.00000029779               1.29055E-40 
 0.0000002978                1.28694E-40 
 0.00000029781               1.26334E-40 
 0.00000029782               1.15208E-40 
 0.00000029783               7.28651E-41 
 0.00000029784               1.81941E-41 
 0.00000029785               2.16353E-42 
 0.00000029786               8.06686E-43 
 0.00000029787               3.08334E-42 
 0.00000029788               2.49997E-41 
 0.00000029789               8.20173E-41 
 0.0000002979                1.15799E-40 
 0.00000029791               1.22021E-40 
 0.00000029792               1.21872E-40 
 0.00000029793               1.2088E-40 
 0.00000029794               1.19567E-40 
 0.00000029795               1.17868E-40 
 0.00000029796               1.15943E-40 
 0.00000029797               1.14214E-40 
 0.00000029798               1.12893E-40 
 0.00000029799               1.11751E-40 
 0.000000298   1.10575E-40 
 0.00000029801               1.09469E-40 
 0.00000029802               1.08495E-40 
 0.00000029803               1.07447E-40 
 0.00000029804               1.0617E-40 
 0.00000029805               1.04783E-40 
 0.00000029806               1.03571E-40 
 0.00000029807               1.02757E-40 
 0.00000029808               1.0234E-40 
 0.00000029809               1.02107E-40 
 0.0000002981                1.01807E-40 
 0.00000029811               1.01321E-40 
 0.00000029812               1.00688E-40 
 0.00000029813               9.99602E-41 
 0.00000029814               9.90001E-41 
 0.00000029815               9.7606E-41 
 0.00000029816               9.60276E-41 
 0.00000029817               9.4884E-41 
 0.00000029818               9.41631E-41 
 0.00000029819               9.309E-41 
 0.0000002982                8.87318E-41 
 0.00000029821               7.25175E-41 
 0.00000029822               4.77068E-41 
 0.00000029823               3.76931E-41 
 0.00000029824               5.00878E-41 
 0.00000029825               7.31364E-41 
 0.00000029826               8.37985E-41 
 0.00000029827               8.35572E-41 
 0.00000029828               8.19303E-41 
 0.00000029829               8.182E-41 
 0.0000002983                8.2842E-41 
 0.00000029831               8.38241E-41 
 0.00000029832               8.39997E-41 
 0.00000029833               8.34915E-41 
 0.00000029834               8.26648E-41 
 0.00000029835               8.16065E-41 
 0.00000029836               8.03209E-41 
 0.00000029837               7.89874E-41 
 0.00000029838               7.80195E-41 
 0.00000029839               7.75787E-41 
 0.0000002984                7.7406E-41 
 0.00000029841               7.71253E-41 
 0.00000029842               7.66709E-41 
 0.00000029843               7.61302E-41 
 0.00000029844               7.55217E-41 
 0.00000029845               7.47692E-41 
 0.00000029846               7.38166E-41 
 0.00000029847               7.27534E-41 
 0.00000029848               7.18332E-41 
 0.00000029849               7.12453E-41 
 0.0000002985                7.08813E-41 
 0.00000029851               7.04557E-41 
 0.00000029852               6.96491E-41 
 0.00000029853               6.76084E-41 
 0.00000029854               6.33591E-41 
 0.00000029855               5.93493E-41 
 0.00000029856               5.97814E-41 
 0.00000029857               6.33133E-41 
 0.00000029858               6.55048E-41 
 0.00000029859               6.56705E-41 
 0.0000002986                6.51553E-41 
 0.00000029861               6.45558E-41 
 0.00000029862               6.39552E-41 
 0.00000029863               6.33695E-41 
 0.00000029864               6.28049E-41 
 0.00000029865               6.22389E-41 
 0.00000029866               6.1678E-41 
 0.00000029867               6.11284E-41 
 0.00000029868               6.05719E-41 
 0.00000029869               6.00024E-41 
 0.0000002987                5.93711E-41 
 0.00000029871               5.84833E-41 
 0.00000029872               5.69288E-41 
 0.00000029873               5.46144E-41 
 0.00000029874               5.14077E-41 
 0.00000029875               4.89511E-41 
 0.00000029876               4.84663E-41 
 0.00000029877               4.97453E-41 
 0.00000029878               5.09741E-41 
 0.00000029879               4.94295E-41 
 0.0000002988                4.18191E-41 
 0.00000029881               2.57917E-41 
 0.00000029882               7.80333E-42 
 0.00000029883               5.5352E-43 
 0.00000029884               2.98678E-45 
 0.00000029885               3.23347E-49 
 0.00000029886               2.55903E-55 
 0.00000029887               1.70668E-63 
 0.00000029888               7.3869E-73 
 0.00000029889               1.12796E-81 
 0.0000002989                8.18856E-88 
 0.00000029891               1.43267E-89 
 0.00000029892               1.98239E-86 
 0.00000029893               2.6205E-79 
 0.00000029894               3.97609E-70 
 0.00000029895               5.6441E-61 
 0.00000029896               2.30704E-53 
 0.00000029897               6.45169E-48 
 0.00000029898               1.64392E-44 
 0.00000029899               1.24095E-42 
 0.000000299   1.02373E-41 
 0.00000029901               2.54978E-41 
 0.00000029902               3.61016E-41 
 0.00000029903               3.95874E-41 
 0.00000029904               3.6668E-41 
 0.00000029905               2.91043E-41 
 0.00000029906               2.27749E-41 
 0.00000029907               2.22712E-41 
 0.00000029908               2.76137E-41 
 0.00000029909               3.48216E-41 
 0.0000002991                3.90972E-41 
 0.00000029911               4.02501E-41 
 0.00000029912               4.02077E-41 
 0.00000029913               3.99051E-41 
 0.00000029914               3.94845E-41 
 0.00000029915               3.88369E-41 
 0.00000029916               3.77896E-41 
 0.00000029917               3.64007E-41 
 0.00000029918               3.51707E-41 
 0.00000029919               3.46354E-41 
 0.0000002992                3.47804E-41 
 0.00000029921               3.51585E-41 
 0.00000029922               3.54227E-41 
 0.00000029923               3.55281E-41 
 0.00000029924               3.55184E-41 
 0.00000029925               3.53397E-41 
 0.00000029926               3.4844E-41 
 0.00000029927               3.41926E-41 
 0.00000029928               3.39226E-41 
 0.00000029929               3.3936E-41 
 0.0000002993                3.37691E-41 
 0.00000029931               3.34462E-41 
 0.00000029932               3.31294E-41 
 0.00000029933               3.2836E-41 
 0.00000029934               3.24694E-41 
 0.00000029935               3.18875E-41 
 0.00000029936               3.09866E-41 
 0.00000029937               2.97431E-41 
 0.00000029938               2.83838E-41 
 0.00000029939               2.76224E-41 
 0.0000002994                2.79671E-41 
 0.00000029941               2.88857E-41 
 0.00000029942               2.95537E-41 
 0.00000029943               2.97501E-41 
 0.00000029944               2.96428E-41 
 0.00000029945               2.94135E-41 
 0.00000029946               2.91614E-41 
 0.00000029947               2.89201E-41 
 0.00000029948               2.86898E-41 
 0.00000029949               2.84589E-41 
 0.0000002995                2.82031E-41 
 0.00000029951               2.78231E-41 
 0.00000029952               2.68939E-41 
 0.00000029953               2.39782E-41 
 0.00000029954               1.59744E-41 
 0.00000029955               4.11085E-42 
 0.00000029956               7.72232E-44 
 0.00000029957               5.07202E-48 
 0.00000029958               4.19928E-56 
 0.00000029959               3.76591E-68 
 0.0000002996                3.07979E-81 
 0.00000029961               6.09414E-90 
 0.00000029962               8.68499E-90 
 0.00000029963               7.39538E-81 
 0.00000029964               1.02507E-67 
 0.00000029965               9.55911E-56 
 0.00000029966               8.825E-48 
 0.00000029967               1.05896E-43 
 0.00000029968               4.62774E-42 
 0.00000029969               1.5044E-41 
 0.0000002997                1.8992E-41 
 0.00000029971               1.81298E-41 
 0.00000029972               1.67761E-41 
 0.00000029973               1.66972E-41 
 0.00000029974               1.79743E-41 
 0.00000029975               1.97234E-41 
 0.00000029976               2.09818E-41 
 0.00000029977               2.14633E-41 
 0.00000029978               2.14233E-41 
 0.00000029979               2.11479E-41 
 0.0000002998                2.07577E-41 
 0.00000029981               2.02693E-41 
 0.00000029982               1.97272E-41 
 0.00000029983               1.92943E-41 
 0.00000029984               1.91452E-41 
 0.00000029985               1.92539E-41 
 0.00000029986               1.93964E-41 
 0.00000029987               1.93479E-41 
 0.00000029988               1.89766E-41 
 0.00000029989               1.82515E-41 
 0.0000002999                1.7321E-41 
 0.00000029991               1.65242E-41 
 0.00000029992               1.61873E-41 
 0.00000029993               1.63746E-41 
 0.00000029994               1.6813E-41 
 0.00000029995               1.70941E-41 
 0.00000029996               1.70726E-41 
 0.00000029997               1.69932E-41 
 0.00000029998               1.70949E-41 
 0.00000029999               1.72857E-41 
 0.0000003     1.73186E-41 
