 0.000000294   9.76609E-237 
 0.00000029401               9.33019E-237 
 0.00000029402               8.87429E-237 
 0.00000029403               8.39686E-237 
 0.00000029404               7.71258E-237 
 0.00000029405               5.77456E-237 
 0.00000029406               2.28889E-237 
 0.00000029407               5.36193E-238 
 0.00000029408               3.08507E-238 
 0.00000029409               6.53326E-238 
 0.0000002941                1.13021E-237 
 0.00000029411               9.91179E-238 
 0.00000029412               9.39305E-238 
 0.00000029413               1.37218E-237 
 0.00000029414               2.33749E-237 
 0.00000029415               3.34277E-237 
 0.00000029416               3.79159E-237 
 0.00000029417               3.77636E-237 
 0.00000029418               3.60813E-237 
 0.00000029419               3.42741E-237 
 0.0000002942                3.25821E-237 
 0.00000029421               3.09136E-237 
 0.00000029422               2.891E-237 
 0.00000029423               2.49699E-237 
 0.00000029424               1.68492E-237 
 0.00000029425               8.38479E-238 
 0.00000029426               4.85508E-238 
 0.00000029427               5.46585E-238 
 0.00000029428               9.37485E-238 
 0.00000029429               1.45181E-237 
 0.0000002943                1.7305E-237 
 0.00000029431               1.74405E-237 
 0.00000029432               1.66433E-237 
 0.00000029433               1.57355E-237 
 0.00000029434               1.48581E-237 
 0.00000029435               1.39826E-237 
 0.00000029436               1.31491E-237 
 0.00000029437               1.24084E-237 
 0.00000029438               1.17483E-237 
 0.00000029439               1.11511E-237 
 0.0000002944                1.06127E-237 
 0.00000029441               1.01089E-237 
 0.00000029442               9.61155E-238 
 0.00000029443               9.11641E-238 
 0.00000029444               8.60024E-238 
 0.00000029445               7.86681E-238 
 0.00000029446               6.33778E-238 
 0.00000029447               3.79384E-238 
 0.00000029448               1.69774E-238 
 0.00000029449               9.21378E-239 
 0.0000002945                1.03513E-238 
 0.00000029451               1.98148E-238 
 0.00000029452               3.28906E-238 
 0.00000029453               3.17924E-238 
 0.00000029454               1.7474E-238 
 0.00000029455               7.08354E-239 
 0.00000029456               3.77675E-239 
 0.00000029457               4.30581E-239 
 0.00000029458               8.95929E-239 
 0.00000029459               1.88996E-238 
 0.0000002946                2.83408E-238 
 0.00000029461               3.16725E-238 
 0.00000029462               3.11329E-238 
 0.00000029463               2.95863E-238 
 0.00000029464               2.79533E-238 
 0.00000029465               2.63836E-238 
 0.00000029466               2.4898E-238 
 0.00000029467               2.35244E-238 
 0.00000029468               2.22862E-238 
 0.00000029469               2.11533E-238 
 0.0000002947                2.00604E-238 
 0.00000029471               1.89706E-238 
 0.00000029472               1.79146E-238 
 0.00000029473               1.69583E-238 
 0.00000029474               1.61137E-238 
 0.00000029475               1.5326E-238 
 0.00000029476               1.45489E-238 
 0.00000029477               1.37814E-238 
 0.00000029478               1.30389E-238 
 0.00000029479               1.23265E-238 
 0.0000002948                1.1635E-238 
 0.00000029481               1.07734E-238 
 0.00000029482               7.15266E-239 
 0.00000029483               4.7644E-240 
 0.00000029484               3.09226E-243 
 0.00000029485               3.65902E-245 
 0.00000029486               1.31657E-242 
 0.00000029487               8.88825E-240 
 0.00000029488               5.92165E-239 
 0.00000029489               6.96685E-239 
 0.0000002949                6.65896E-239 
 0.00000029491               6.30216E-239 
 0.00000029492               5.96566E-239 
 0.00000029493               5.64806E-239 
 0.00000029494               5.34347E-239 
 0.00000029495               5.04454E-239 
 0.00000029496               4.74166E-239 
 0.00000029497               4.43395E-239 
 0.00000029498               4.14379E-239 
 0.00000029499               3.8968E-239 
 0.000000295   3.67878E-239 
 0.00000029501               3.46011E-239 
 0.00000029502               3.26737E-239 
 0.00000029503               3.15513E-239 
 0.00000029504               3.02649E-239 
 0.00000029505               2.88538E-239 
 0.00000029506               2.74104E-239 
 0.00000029507               2.60036E-239 
 0.00000029508               2.46393E-239 
 0.00000029509               2.33087E-239 
 0.0000002951                2.20052E-239 
 0.00000029511               2.07318E-239 
 0.00000029512               1.94536E-239 
 0.00000029513               1.79552E-239 
 0.00000029514               1.5991E-239 
 0.00000029515               1.38948E-239 
 0.00000029516               1.25774E-239 
 0.00000029517               1.24192E-239 
 0.00000029518               1.27933E-239 
 0.00000029519               1.28128E-239 
 0.0000002952                1.22742E-239 
 0.00000029521               1.15016E-239 
 0.00000029522               1.0693E-239 
 0.00000029523               9.79961E-240 
 0.00000029524               8.80698E-240 
 0.00000029525               7.53097E-240 
 0.00000029526               5.18117E-240 
 0.00000029527               2.48759E-240 
 0.00000029528               1.14169E-240 
 0.00000029529               4.61074E-241 
 0.0000002953                4.89773E-242 
 0.00000029531               1.06021E-243 
 0.00000029532               3.59333E-245 
 0.00000029533               2.34346E-245 
 0.00000029534               4.0818E-244 
 0.00000029535               2.35074E-242 
 0.00000029536               5.04868E-241 
 0.00000029537               2.20708E-240 
 0.00000029538               3.33829E-240 
 0.00000029539               3.35496E-240 
 0.0000002954                3.23508E-240 
 0.00000029541               3.29599E-240 
 0.00000029542               3.39271E-240 
 0.00000029543               3.37331E-240 
 0.00000029544               3.24776E-240 
 0.00000029545               3.0832E-240 
 0.00000029546               2.91445E-240 
 0.00000029547               2.7519E-240 
 0.00000029548               2.59445E-240 
 0.00000029549               2.4065E-240 
 0.0000002955                2.05549E-240 
 0.00000029551               1.35839E-240 
 0.00000029552               5.58503E-241 
 0.00000029553               1.57972E-241 
 0.00000029554               6.18462E-242 
 0.00000029555               6.93455E-242 
 0.00000029556               1.91602E-241 
 0.00000029557               5.70115E-241 
 0.00000029558               1.06656E-240 
 0.00000029559               1.30759E-240 
 0.0000002956                1.32163E-240 
 0.00000029561               1.26545E-240 
 0.00000029562               1.19982E-240 
 0.00000029563               1.13602E-240 
 0.00000029564               1.07493E-240 
 0.00000029565               1.01656E-240 
 0.00000029566               9.60923E-241 
 0.00000029567               9.052E-241 
 0.00000029568               8.3923E-241 
 0.00000029569               7.54803E-241 
 0.0000002957                6.76821E-241 
 0.00000029571               6.34125E-241 
 0.00000029572               6.0077E-241 
 0.00000029573               5.43781E-241 
 0.00000029574               4.69057E-241 
 0.00000029575               3.92653E-241 
 0.00000029576               3.24681E-241 
 0.00000029577               2.70794E-241 
 0.00000029578               2.33119E-241 
 0.00000029579               2.11283E-241 
 0.0000002958                2.03607E-241 
 0.00000029581               2.07758E-241 
 0.00000029582               2.20727E-241 
 0.00000029583               2.38472E-241 
 0.00000029584               2.56047E-241 
 0.00000029585               2.68891E-241 
 0.00000029586               2.74675E-241 
 0.00000029587               2.73463E-241 
 0.00000029588               2.66725E-241 
 0.00000029589               2.56116E-241 
 0.0000002959                2.43435E-241 
 0.00000029591               2.2945E-241 
 0.00000029592               2.10125E-241 
 0.00000029593               1.80752E-241 
 0.00000029594               1.52259E-241 
 0.00000029595               1.4223E-241 
 0.00000029596               1.49726E-241 
 0.00000029597               1.57529E-241 
 0.00000029598               1.54415E-241 
 0.00000029599               1.41343E-241 
 0.000000296   1.22272E-241 
 0.00000029601               1.05339E-241 
 0.00000029602               9.86311E-242 
 0.00000029603               1.01487E-241 
 0.00000029604               1.05766E-241 
 0.00000029605               1.05294E-241 
 0.00000029606               1.00596E-241 
 0.00000029607               9.40203E-242 
 0.00000029608               8.66043E-242 
 0.00000029609               7.76922E-242 
 0.0000002961                6.37061E-242 
 0.00000029611               4.21499E-242 
 0.00000029612               2.05692E-242 
 0.00000029613               8.15897E-243 
 0.00000029614               3.43283E-243 
 0.00000029615               1.66545E-243 
 0.00000029616               6.3804E-244 
 0.00000029617               1.39524E-244 
 0.00000029618               3.28304E-245 
 0.00000029619               2.96897E-245 
 0.0000002962                1.48166E-244 
 0.00000029621               1.45107E-243 
 0.00000029622               8.57199E-243 
 0.00000029623               2.17604E-242 
 0.00000029624               3.08061E-242 
 0.00000029625               3.3288E-242 
 0.00000029626               3.26527E-242 
 0.00000029627               3.11208E-242 
 0.00000029628               2.94378E-242 
 0.00000029629               2.77897E-242 
 0.0000002963                2.62148E-242 
 0.00000029631               2.47063E-242 
 0.00000029632               2.32385E-242 
 0.00000029633               2.18228E-242 
 0.00000029634               2.05221E-242 
 0.00000029635               1.93783E-242 
 0.00000029636               1.83531E-242 
 0.00000029637               1.73017E-242 
 0.00000029638               1.49079E-242 
 0.00000029639               6.45574E-243 
 0.0000002964                4.34068E-244 
 0.00000029641               2.52641E-245 
 0.00000029642               8.40827E-245 
 0.00000029643               2.01331E-243 
 0.00000029644               8.35342E-243 
 0.00000029645               9.43929E-243 
 0.00000029646               7.46969E-243 
 0.00000029647               4.49917E-243 
 0.00000029648               1.44938E-243 
 0.00000029649               1.1357E-244 
 0.0000002965                5.94951E-247 
 0.00000029651               3.9992E-251 
 0.00000029652               5.39225E-258 
 0.00000029653               3.00971E-268 
 0.00000029654               6.55172E-282 
 0.00000029655               7.73525E-298 
 0.00000029656              1.30657e-313
 0.00000029657               0 
 0.00000029658               0 
 0.00000029659               0 
 0.0000002966               2.68772e-321
 0.00000029661               4.77038E-307 
 0.00000029662               7.27392E-291 
 0.00000029663               1.0782E-275 
 0.00000029664               1.97422E-263 
 0.00000029665               1.03298E-254 
 0.00000029666               3.31801E-249 
 0.00000029667               4.15129E-246 
 0.00000029668               1.41605E-244 
 0.00000029669               5.99678E-244 
 0.0000002967                8.39742E-244 
 0.00000029671               6.85961E-244 
 0.00000029672               4.52781E-244 
 0.00000029673               2.9624E-244 
 0.00000029674               2.20964E-244 
 0.00000029675               2.0437E-244 
 0.00000029676               2.37606E-244 
 0.00000029677               3.2785E-244 
 0.00000029678               4.87147E-244 
 0.00000029679               7.09388E-244 
 0.0000002968                9.48968E-244 
 0.00000029681               1.13769E-243 
 0.00000029682               1.23731E-243 
 0.00000029683               1.25719E-243 
 0.00000029684               1.22759E-243 
 0.00000029685               1.17416E-243 
 0.00000029686               1.11113E-243 
 0.00000029687               1.04244E-243 
 0.00000029688               9.69842E-244 
 0.00000029689               9.02699E-244 
 0.0000002969                8.52622E-244 
 0.00000029691               8.17261E-244 
 0.00000029692               7.82754E-244 
 0.00000029693               7.32216E-244 
 0.00000029694               6.2117E-244 
 0.00000029695               3.69691E-244 
 0.00000029696               9.08869E-245 
 0.00000029697               6.6127E-246 
 0.00000029698               3.9568E-247 
 0.00000029699               1.77728E-247 
 0.000000297   1.21451E-246 
 0.00000029701               2.02336E-245 
 0.00000029702               1.3491E-244 
 0.00000029703               2.93939E-244 
 0.00000029704               3.5913E-244 
 0.00000029705               3.63299E-244 
 0.00000029706               3.4916E-244 
 0.00000029707               3.29422E-244 
 0.00000029708               3.07996E-244 
 0.00000029709               2.87027E-244 
 0.0000002971                2.66852E-244 
 0.00000029711               2.45451E-244 
 0.00000029712               2.21676E-244 
 0.00000029713               1.98396E-244 
 0.00000029714               1.8007E-244 
 0.00000029715               1.69332E-244 
 0.00000029716               1.65954E-244 
 0.00000029717               1.6676E-244 
 0.00000029718               1.6735E-244 
 0.00000029719               1.65173E-244 
 0.0000002972                1.60098E-244 
 0.00000029721               1.52891E-244 
 0.00000029722               1.4359E-244 
 0.00000029723               1.29636E-244 
 0.00000029724               1.09359E-244 
 0.00000029725               8.8357E-245 
 0.00000029726               7.05766E-245 
 0.00000029727               5.82271E-245 
 0.00000029728               5.48834E-245 
 0.00000029729               6.02156E-245 
 0.0000002973                6.94901E-245 
 0.00000029731               7.62779E-245 
 0.00000029732               7.7934E-245 
 0.00000029733               7.6105E-245 
 0.00000029734               7.2777E-245 
 0.00000029735               6.89198E-245 
 0.00000029736               6.49815E-245 
 0.00000029737               6.12195E-245 
 0.00000029738               5.77835E-245 
 0.00000029739               5.47211E-245 
 0.0000002974                5.19573E-245 
 0.00000029741               4.93498E-245 
 0.00000029742               4.68007E-245 
 0.00000029743               4.43042E-245 
 0.00000029744               4.19046E-245 
 0.00000029745               3.95924E-245 
 0.00000029746               3.73441E-245 
 0.00000029747               3.51033E-245 
 0.00000029748               3.28939E-245 
 0.00000029749               3.09E-245 
 0.0000002975                2.92574E-245 
 0.00000029751               2.78571E-245 
 0.00000029752               2.65033E-245 
 0.00000029753               2.51241E-245 
 0.00000029754               2.37524E-245 
 0.00000029755               2.24245E-245 
 0.00000029756               2.11637E-245 
 0.00000029757               1.99886E-245 
 0.00000029758               1.88934E-245 
 0.00000029759               1.78496E-245 
 0.0000002976                1.68257E-245 
 0.00000029761               1.58123E-245 
 0.00000029762               1.48415E-245 
 0.00000029763               1.39604E-245 
 0.00000029764               1.31746E-245 
 0.00000029765               1.24459E-245 
 0.00000029766               1.17177E-245 
 0.00000029767               1.09629E-245 
 0.00000029768               1.02486E-245 
 0.00000029769               9.67879E-246 
 0.0000002977                9.25795E-246 
 0.00000029771               8.8875E-246 
 0.00000029772               8.48656E-246 
 0.00000029773               8.05085E-246 
 0.00000029774               7.6109E-246 
 0.00000029775               7.18853E-246 
 0.00000029776               6.7911E-246 
 0.00000029777               6.41902E-246 
 0.00000029778               6.06762E-246 
 0.00000029779               5.73283E-246 
 0.0000002978                5.40704E-246 
 0.00000029781               5.08271E-246 
 0.00000029782               4.76188E-246 
 0.00000029783               4.44567E-246 
 0.00000029784               4.12533E-246 
 0.00000029785               3.81146E-246 
 0.00000029786               3.50817E-246 
 0.00000029787               3.05859E-246 
 0.00000029788               2.06586E-246 
 0.00000029789               7.92278E-247 
 0.0000002979                1.89321E-247 
 0.00000029791               7.14818E-248 
 0.00000029792               1.01086E-247 
 0.00000029793               3.43781E-247 
 0.00000029794               9.75527E-247 
 0.00000029795               1.62743E-246 
 0.00000029796               1.94339E-246 
 0.00000029797               1.96861E-246 
 0.00000029798               1.83606E-246 
 0.00000029799               1.57522E-246 
 0.000000298   9.84672E-247 
 0.00000029801               2.62233E-247 
 0.00000029802               3.98578E-248 
 0.00000029803               2.53526E-248 
 0.00000029804               1.2101E-247 
 0.00000029805               5.86611E-247 
 0.00000029806               1.04519E-246 
 0.00000029807               1.10848E-246 
 0.00000029808               1.06012E-246 
 0.00000029809               1.006E-246 
 0.0000002981                9.53957E-247 
 0.00000029811               9.03635E-247 
 0.00000029812               8.55059E-247 
 0.00000029813               8.08806E-247 
 0.00000029814               7.65313E-247 
 0.00000029815               7.24429E-247 
 0.00000029816               6.85879E-247 
 0.00000029817               6.49583E-247 
 0.00000029818               6.15659E-247 
 0.00000029819               5.83636E-247 
 0.0000002982                5.52154E-247 
 0.00000029821               5.19933E-247 
 0.00000029822               4.86902E-247 
 0.00000029823               4.54776E-247 
 0.00000029824               4.23253E-247 
 0.00000029825               3.87323E-247 
 0.00000029826               3.44657E-247 
 0.00000029827               3.02267E-247 
 0.00000029828               2.70901E-247 
 0.00000029829               2.56066E-247 
 0.0000002983                2.55091E-247 
 0.00000029831               2.5952E-247 
 0.00000029832               2.60026E-247 
 0.00000029833               2.5204E-247 
 0.00000029834               2.38529E-247 
 0.00000029835               2.25491E-247 
 0.00000029836               2.14854E-247 
 0.00000029837               2.04994E-247 
 0.00000029838               1.94674E-247 
 0.00000029839               1.83423E-247 
 0.0000002984                1.71355E-247 
 0.00000029841               1.58639E-247 
 0.00000029842               1.42462E-247 
 0.00000029843               1.1796E-247 
 0.00000029844               9.01256E-248 
 0.00000029845               7.3484E-248 
 0.00000029846               7.44107E-248 
 0.00000029847               8.72711E-248 
 0.00000029848               9.88607E-248 
 0.00000029849               9.92424E-248 
 0.0000002985                9.21129E-248 
 0.00000029851               8.23728E-248 
 0.00000029852               7.24397E-248 
 0.00000029853               6.36149E-248 
 0.00000029854               5.67357E-248 
 0.00000029855               5.21977E-248 
 0.00000029856               4.99334E-248 
 0.00000029857               4.91774E-248 
 0.00000029858               4.85444E-248 
 0.00000029859               4.69638E-248 
 0.0000002986                4.47251E-248 
 0.00000029861               4.31362E-248 
 0.00000029862               4.28326E-248 
 0.00000029863               4.31158E-248 
 0.00000029864               4.28508E-248 
 0.00000029865               4.16039E-248 
 0.00000029866               3.94718E-248 
 0.00000029867               3.65097E-248 
 0.00000029868               3.28863E-248 
 0.00000029869               2.9212E-248 
 0.0000002987                2.61698E-248 
 0.00000029871               2.40992E-248 
 0.00000029872               2.3058E-248 
 0.00000029873               2.27649E-248 
 0.00000029874               2.27171E-248 
 0.00000029875               2.25488E-248 
 0.00000029876               2.20814E-248 
 0.00000029877               2.12752E-248 
 0.00000029878               2.01915E-248 
 0.00000029879               1.89623E-248 
 0.0000002988                1.77242E-248 
 0.00000029881               1.66186E-248 
 0.00000029882               1.56815E-248 
 0.00000029883               1.48151E-248 
 0.00000029884               1.38937E-248 
 0.00000029885               1.2835E-248 
 0.00000029886               1.1622E-248 
 0.00000029887               1.03354E-248 
 0.00000029888               9.15685E-249 
 0.00000029889               8.27449E-249 
 0.0000002989                7.76638E-249 
 0.00000029891               7.58018E-249 
 0.00000029892               7.58213E-249 
 0.00000029893               7.61323E-249 
 0.00000029894               7.5502E-249 
 0.00000029895               7.34893E-249 
 0.00000029896               7.02462E-249 
 0.00000029897               6.56906E-249 
 0.00000029898               5.76844E-249 
 0.00000029899               4.34328E-249 
 0.000000299   2.94794E-249 
 0.00000029901               2.51073E-249 
 0.00000029902               3.02256E-249 
 0.00000029903               3.75473E-249 
 0.00000029904               3.99841E-249 
 0.00000029905               3.94117E-249 
 0.00000029906               3.8527E-249 
 0.00000029907               3.74336E-249 
 0.00000029908               3.58678E-249 
 0.00000029909               3.39893E-249 
 0.0000002991                3.19631E-249 
 0.00000029911               2.94885E-249 
 0.00000029912               2.56607E-249 
 0.00000029913               1.99229E-249 
 0.00000029914               1.38898E-249 
 0.00000029915               1.01292E-249 
 0.00000029916               9.41096E-250 
 0.00000029917               1.12017E-249 
 0.00000029918               1.39031E-249 
 0.00000029919               1.39752E-249 
 0.0000002992                8.1734E-250 
 0.00000029921               1.68794E-250 
 0.00000029922               1.05388E-251 
 0.00000029923               6.23183E-253 
 0.00000029924               2.64851E-253 
 0.00000029925               1.60799E-252 
 0.00000029926               2.98767E-251 
 0.00000029927               2.69662E-250 
 0.00000029928               7.35769E-250 
 0.00000029929               9.70362E-250 
 0.0000002993                9.87501E-250 
 0.00000029931               9.45603E-250 
 0.00000029932               8.96449E-250 
 0.00000029933               8.47977E-250 
 0.00000029934               7.95047E-250 
 0.00000029935               7.22517E-250 
 0.00000029936               6.15214E-250 
 0.00000029937               4.94078E-250 
 0.00000029938               4.17359E-250 
 0.00000029939               3.99627E-250 
 0.0000002994                4.14186E-250 
 0.00000029941               4.15916E-250 
 0.00000029942               4.00651E-250 
 0.00000029943               3.91431E-250 
 0.00000029944               3.94495E-250 
 0.00000029945               3.96876E-250 
 0.00000029946               3.83711E-250 
 0.00000029947               3.51543E-250 
 0.00000029948               3.13661E-250 
 0.00000029949               2.90137E-250 
 0.0000002995                2.86222E-250 
 0.00000029951               2.88327E-250 
 0.00000029952               2.82555E-250 
 0.00000029953               2.67949E-250 
 0.00000029954               2.49867E-250 
 0.00000029955               2.32978E-250 
 0.00000029956               2.17681E-250 
 0.00000029957               1.97574E-250 
 0.00000029958               1.66662E-250 
 0.00000029959               1.32051E-250 
 0.0000002996                1.09538E-250 
 0.00000029961               1.06548E-250 
 0.00000029962               1.18301E-250 
 0.00000029963               1.31585E-250 
 0.00000029964               1.3553E-250 
 0.00000029965               1.30686E-250 
 0.00000029966               1.22278E-250 
 0.00000029967               1.13E-250 
 0.00000029968               1.02639E-250 
 0.00000029969               9.07843E-251 
 0.0000002997                7.98161E-251 
 0.00000029971               7.36955E-251 
 0.00000029972               7.36217E-251 
 0.00000029973               7.65947E-251 
 0.00000029974               7.81717E-251 
 0.00000029975               7.65258E-251 
 0.00000029976               7.25111E-251 
 0.00000029977               6.71039E-251 
 0.00000029978               6.09459E-251 
 0.00000029979               5.53237E-251 
 0.0000002998                5.17117E-251 
 0.00000029981               5.01976E-251 
 0.00000029982               4.94296E-251 
 0.00000029983               4.80619E-251 
 0.00000029984               4.56407E-251 
 0.00000029985               4.22727E-251 
 0.00000029986               3.85194E-251 
 0.00000029987               3.55086E-251 
 0.00000029988               3.39262E-251 
 0.00000029989               3.31483E-251 
 0.0000002999                3.21553E-251 
 0.00000029991               3.07152E-251 
 0.00000029992               2.90984E-251 
 0.00000029993               2.74279E-251 
 0.00000029994               2.56321E-251 
 0.00000029995               2.3616E-251 
 0.00000029996               2.14213E-251 
 0.00000029997               1.93353E-251 
 0.00000029998               1.78038E-251 
 0.00000029999               1.70712E-251 
 0.0000003     1.68716E-251 
