 0.000000294   1.51429E-144 
 0.00000029401               4.47814E-201 
 0.00000029402               1.41352E-250 
 0.00000029403               1.51653E-258 
 0.00000029404               1.06588E-218 
 0.00000029405               1.62755E-160 
 0.00000029406               6.35239E-116 
 0.00000029407               1.09877E-93 
 0.00000029408               5.11504E-86 
 0.00000029409               3.80894E-84 
 0.0000002941                8.07927E-84 
 0.00000029411               8.87451E-84 
 0.00000029412               8.71249E-84 
 0.00000029413               7.83881E-84 
 0.00000029414               6.19708E-84 
 0.00000029415               4.28606E-84 
 0.00000029416               2.77849E-84 
 0.00000029417               1.94648E-84 
 0.00000029418               1.70501E-84 
 0.00000029419               1.96865E-84 
 0.0000002942                2.77219E-84 
 0.00000029421               4.08338E-84 
 0.00000029422               5.53894E-84 
 0.00000029423               6.63567E-84 
 0.00000029424               7.17588E-84 
 0.00000029425               7.23072E-84 
 0.00000029426               6.87021E-84 
 0.00000029427               6.17309E-84 
 0.00000029428               5.4143E-84 
 0.00000029429               4.97524E-84 
 0.0000002943                5.04562E-84 
 0.00000029431               5.51237E-84 
 0.00000029432               6.05049E-84 
 0.00000029433               6.38533E-84 
 0.00000029434               6.4847E-84 
 0.00000029435               6.45164E-84 
 0.00000029436               6.36689E-84 
 0.00000029437               6.25965E-84 
 0.00000029438               6.13351E-84 
 0.00000029439               5.98221E-84 
 0.0000002944                5.79743E-84 
 0.00000029441               5.59873E-84 
 0.00000029442               5.45158E-84 
 0.00000029443               5.39508E-84 
 0.00000029444               5.3802E-84 
 0.00000029445               5.33764E-84 
 0.00000029446               5.2592E-84 
 0.00000029447               5.16465E-84 
 0.00000029448               5.06374E-84 
 0.00000029449               4.95488E-84 
 0.0000002945                4.8383E-84 
 0.00000029451               4.72486E-84 
 0.00000029452               4.62977E-84 
 0.00000029453               4.55233E-84 
 0.00000029454               4.46875E-84 
 0.00000029455               4.35305E-84 
 0.00000029456               4.21284E-84 
 0.00000029457               4.09859E-84 
 0.00000029458               4.04483E-84 
 0.00000029459               4.02261E-84 
 0.0000002946                3.98586E-84 
 0.00000029461               3.9242E-84 
 0.00000029462               3.84917E-84 
 0.00000029463               3.76937E-84 
 0.00000029464               3.68824E-84 
 0.00000029465               3.60758E-84 
 0.00000029466               3.5287E-84 
 0.00000029467               3.45236E-84 
 0.00000029468               3.37918E-84 
 0.00000029469               3.30619E-84 
 0.0000002947                3.22378E-84 
 0.00000029471               3.12053E-84 
 0.00000029472               2.9938E-84 
 0.00000029473               2.85668E-84 
 0.00000029474               2.72675E-84 
 0.00000029475               2.61214E-84 
 0.00000029476               2.51162E-84 
 0.00000029477               2.42578E-84 
 0.00000029478               2.36154E-84 
 0.00000029479               2.32597E-84 
 0.0000002948                2.31741E-84 
 0.00000029481               2.32411E-84 
 0.00000029482               2.33243E-84 
 0.00000029483               2.34027E-84 
 0.00000029484               2.35212E-84 
 0.00000029485               2.36103E-84 
 0.00000029486               2.35426E-84 
 0.00000029487               2.33072E-84 
 0.00000029488               2.29747E-84 
 0.00000029489               2.25433E-84 
 0.0000002949                2.1653E-84 
 0.00000029491               1.9172E-84 
 0.00000029492               1.4593E-84 
 0.00000029493               1.05191E-84 
 0.00000029494               9.1818E-85 
 0.00000029495               9.67207E-85 
 0.00000029496               9.73074E-85 
 0.00000029497               9.09673E-85 
 0.00000029498               9.2231E-85 
 0.00000029499               1.07019E-84 
 0.000000295   1.30636E-84 
 0.00000029501               1.52356E-84 
 0.00000029502               1.64749E-84 
 0.00000029503               1.67885E-84 
 0.00000029504               1.64054E-84 
 0.00000029505               1.55118E-84 
 0.00000029506               1.46244E-84 
 0.00000029507               1.43852E-84 
 0.00000029508               1.47333E-84 
 0.00000029509               1.50357E-84 
 0.0000002951                1.49832E-84 
 0.00000029511               1.47057E-84 
 0.00000029512               1.43481E-84 
 0.00000029513               1.39536E-84 
 0.00000029514               1.35234E-84 
 0.00000029515               1.30854E-84 
 0.00000029516               1.2723E-84 
 0.00000029517               1.25039E-84 
 0.00000029518               1.23942E-84 
 0.00000029519               1.22931E-84 
 0.0000002952                1.21472E-84 
 0.00000029521               1.19717E-84 
 0.00000029522               1.17895E-84 
 0.00000029523               1.16044E-84 
 0.00000029524               1.14115E-84 
 0.00000029525               1.12044E-84 
 0.00000029526               1.09799E-84 
 0.00000029527               1.07376E-84 
 0.00000029528               1.04801E-84 
 0.00000029529               1.01836E-84 
 0.0000002953                9.80324E-85 
 0.00000029531               9.43482E-85 
 0.00000029532               9.28219E-85 
 0.00000029533               9.28658E-85 
 0.00000029534               9.18202E-85 
 0.00000029535               8.84383E-85 
 0.00000029536               8.25518E-85 
 0.00000029537               7.41931E-85 
 0.00000029538               6.52324E-85 
 0.00000029539               5.95461E-85 
 0.0000002954                5.88316E-85 
 0.00000029541               6.04937E-85 
 0.00000029542               6.0509E-85 
 0.00000029543               5.87324E-85 
 0.00000029544               5.95582E-85 
 0.00000029545               6.4531E-85 
 0.00000029546               6.94865E-85 
 0.00000029547               7.10674E-85 
 0.00000029548               7.01413E-85 
 0.00000029549               6.83626E-85 
 0.0000002955                6.66527E-85 
 0.00000029551               6.54558E-85 
 0.00000029552               6.47248E-85 
 0.00000029553               6.40825E-85 
 0.00000029554               6.32353E-85 
 0.00000029555               6.21471E-85 
 0.00000029556               6.09041E-85 
 0.00000029557               5.96015E-85 
 0.00000029558               5.83536E-85 
 0.00000029559               5.72335E-85 
 0.0000002956                5.61629E-85 
 0.00000029561               5.49506E-85 
 0.00000029562               5.34294E-85 
 0.00000029563               5.16977E-85 
 0.00000029564               5.02219E-85 
 0.00000029565               4.93195E-85 
 0.00000029566               4.85408E-85 
 0.00000029567               4.68736E-85 
 0.00000029568               4.40316E-85 
 0.00000029569               4.1513E-85 
 0.0000002957                4.10007E-85 
 0.00000029571               4.20912E-85 
 0.00000029572               4.30828E-85 
 0.00000029573               4.31731E-85 
 0.00000029574               4.26183E-85 
 0.00000029575               4.17968E-85 
 0.00000029576               4.08887E-85 
 0.00000029577               3.99605E-85 
 0.00000029578               3.9082E-85 
 0.00000029579               3.83248E-85 
 0.0000002958                3.76822E-85 
 0.00000029581               3.70509E-85 
 0.00000029582               3.63016E-85 
 0.00000029583               3.53504E-85 
 0.00000029584               3.42002E-85 
 0.00000029585               3.2986E-85 
 0.00000029586               3.19487E-85 
 0.00000029587               3.12513E-85 
 0.00000029588               3.08549E-85 
 0.00000029589               3.06123E-85 
 0.0000002959                3.03899E-85 
 0.00000029591               3.00832E-85 
 0.00000029592               2.96602E-85 
 0.00000029593               2.91759E-85 
 0.00000029594               2.8658E-85 
 0.00000029595               2.8057E-85 
 0.00000029596               2.7329E-85 
 0.00000029597               2.65177E-85 
 0.00000029598               2.57618E-85 
 0.00000029599               2.52056E-85 
 0.000000296   2.48737E-85 
 0.00000029601               2.46442E-85 
 0.00000029602               2.43563E-85 
 0.00000029603               2.3946E-85 
 0.00000029604               2.34642E-85 
 0.00000029605               2.29907E-85 
 0.00000029606               2.25587E-85 
 0.00000029607               2.21553E-85 
 0.00000029608               2.17592E-85 
 0.00000029609               2.1344E-85 
 0.0000002961                2.07864E-85 
 0.00000029611               1.97144E-85 
 0.00000029612               1.79692E-85 
 0.00000029613               1.66146E-85 
 0.00000029614               1.6725E-85 
 0.00000029615               1.75385E-85 
 0.00000029616               1.77658E-85 
 0.00000029617               1.74471E-85 
 0.00000029618               1.7133E-85 
 0.00000029619               1.69927E-85 
 0.0000002962                1.69198E-85 
 0.00000029621               1.67845E-85 
 0.00000029622               1.65483E-85 
 0.00000029623               1.62369E-85 
 0.00000029624               1.58765E-85 
 0.00000029625               1.54795E-85 
 0.00000029626               1.50691E-85 
 0.00000029627               1.46944E-85 
 0.00000029628               1.43768E-85 
 0.00000029629               1.40225E-85 
 0.0000002963                1.34525E-85 
 0.00000029631               1.26477E-85 
 0.00000029632               1.18603E-85 
 0.00000029633               1.13219E-85 
 0.00000029634               1.10665E-85 
 0.00000029635               1.10716E-85 
 0.00000029636               1.12423E-85 
 0.00000029637               1.13266E-85 
 0.00000029638               1.11641E-85 
 0.00000029639               1.09215E-85 
 0.0000002964                1.08487E-85 
 0.00000029641               1.09316E-85 
 0.00000029642               1.09724E-85 
 0.00000029643               1.08769E-85 
 0.00000029644               1.06899E-85 
 0.00000029645               1.04695E-85 
 0.00000029646               1.02418E-85 
 0.00000029647               1.00158E-85 
 0.00000029648               9.79509E-86 
 0.00000029649               9.58585E-86 
 0.0000002965                9.39821E-86 
 0.00000029651               9.23159E-86 
 0.00000029652               9.07539E-86 
 0.00000029653               8.92451E-86 
 0.00000029654               8.77544E-86 
 0.00000029655               8.6233E-86 
 0.00000029656               8.46722E-86 
 0.00000029657               8.30856E-86 
 0.00000029658               8.14819E-86 
 0.00000029659               7.9862E-86 
 0.0000002966                7.82173E-86 
 0.00000029661               7.65374E-86 
 0.00000029662               7.48275E-86 
 0.00000029663               7.30817E-86 
 0.00000029664               7.11477E-86 
 0.00000029665               6.85985E-86 
 0.00000029666               6.50635E-86 
 0.00000029667               6.11863E-86 
 0.00000029668               5.86257E-86 
 0.00000029669               5.81248E-86 
 0.0000002967                5.85954E-86 
 0.00000029671               5.86565E-86 
 0.00000029672               5.79405E-86 
 0.00000029673               5.68458E-86 
 0.00000029674               5.59042E-86 
 0.00000029675               5.52545E-86 
 0.00000029676               5.44101E-86 
 0.00000029677               5.28586E-86 
 0.00000029678               5.11013E-86 
 0.00000029679               5.0241E-86 
 0.0000002968                5.03411E-86 
 0.00000029681               5.0406E-86 
 0.00000029682               4.98905E-86 
 0.00000029683               4.90412E-86 
 0.00000029684               4.81173E-86 
 0.00000029685               4.71368E-86 
 0.00000029686               4.60352E-86 
 0.00000029687               4.46196E-86 
 0.00000029688               4.26655E-86 
 0.00000029689               4.05969E-86 
 0.0000002969                3.93924E-86 
 0.00000029691               3.92109E-86 
 0.00000029692               3.89995E-86 
 0.00000029693               3.76923E-86 
 0.00000029694               3.53324E-86 
 0.00000029695               3.31363E-86 
 0.00000029696               3.23158E-86 
 0.00000029697               3.22258E-86 
 0.00000029698               2.84668E-86 
 0.00000029699               1.58465E-86 
 0.000000297   3.49425E-87 
 0.00000029701               3.06287E-88 
 0.00000029702               3.486E-89 
 0.00000029703               2.66386E-89 
 0.00000029704               1.64604E-88 
 0.00000029705               1.82764E-87 
 0.00000029706               9.42135E-87 
 0.00000029707               1.92407E-86 
 0.00000029708               2.42008E-86 
 0.00000029709               2.6137E-86 
 0.0000002971                2.70413E-86 
 0.00000029711               2.72211E-86 
 0.00000029712               2.67312E-86 
 0.00000029713               2.58067E-86 
 0.00000029714               2.48132E-86 
 0.00000029715               2.4095E-86 
 0.00000029716               2.37981E-86 
 0.00000029717               2.381E-86 
 0.00000029718               2.38471E-86 
 0.00000029719               2.34782E-86 
 0.0000002972                2.13895E-86 
 0.00000029721               1.5293E-86 
 0.00000029722               7.0276E-87 
 0.00000029723               2.50849E-87 
 0.00000029724               1.50594E-87 
 0.00000029725               2.46034E-87 
 0.00000029726               6.6391E-87 
 0.00000029727               1.37628E-86 
 0.00000029728               1.8253E-86 
 0.00000029729               1.89739E-86 
 0.0000002973                1.83373E-86 
 0.00000029731               1.75913E-86 
 0.00000029732               1.70938E-86 
 0.00000029733               1.68993E-86 
 0.00000029734               1.6879E-86 
 0.00000029735               1.68537E-86 
 0.00000029736               1.67477E-86 
 0.00000029737               1.65727E-86 
 0.00000029738               1.63217E-86 
 0.00000029739               1.59685E-86 
 0.0000002974                1.55251E-86 
 0.00000029741               1.50359E-86 
 0.00000029742               1.45327E-86 
 0.00000029743               1.40301E-86 
 0.00000029744               1.35645E-86 
 0.00000029745               1.32343E-86 
 0.00000029746               1.31484E-86 
 0.00000029747               1.32593E-86 
 0.00000029748               1.33574E-86 
 0.00000029749               1.3303E-86 
 0.0000002975                1.31193E-86 
 0.00000029751               1.28697E-86 
 0.00000029752               1.25939E-86 
 0.00000029753               1.23113E-86 
 0.00000029754               1.20145E-86 
 0.00000029755               1.16723E-86 
 0.00000029756               1.12811E-86 
 0.00000029757               1.09075E-86 
 0.00000029758               1.06464E-86 
 0.00000029759               1.05229E-86 
 0.0000002976                1.04623E-86 
 0.00000029761               1.03759E-86 
 0.00000029762               1.02368E-86 
 0.00000029763               1.00611E-86 
 0.00000029764               9.85482E-87 
 0.00000029765               9.59333E-87 
 0.00000029766               9.24832E-87 
 0.00000029767               8.83733E-87 
 0.00000029768               8.42207E-87 
 0.00000029769               8.02498E-87 
 0.0000002977                7.6212E-87 
 0.00000029771               7.29925E-87 
 0.00000029772               7.25142E-87 
 0.00000029773               7.48255E-87 
 0.00000029774               7.74551E-87 
 0.00000029775               7.8418E-87 
 0.00000029776               7.78013E-87 
 0.00000029777               7.63569E-87 
 0.00000029778               7.44682E-87 
 0.00000029779               7.22943E-87 
 0.0000002978                7.01171E-87 
 0.00000029781               6.83644E-87 
 0.00000029782               6.72669E-87 
 0.00000029783               6.65882E-87 
 0.00000029784               6.58067E-87 
 0.00000029785               6.452E-87 
 0.00000029786               6.2898E-87 
 0.00000029787               6.17244E-87 
 0.00000029788               6.11073E-87 
 0.00000029789               6.03438E-87 
 0.0000002979                5.92836E-87 
 0.00000029791               5.81369E-87 
 0.00000029792               5.69971E-87 
 0.00000029793               5.58768E-87 
 0.00000029794               5.47544E-87 
 0.00000029795               5.35724E-87 
 0.00000029796               5.22944E-87 
 0.00000029797               5.09783E-87 
 0.00000029798               4.98258E-87 
 0.00000029799               4.88764E-87 
 0.000000298   4.80348E-87 
 0.00000029801               4.72492E-87 
 0.00000029802               4.64757E-87 
 0.00000029803               4.5659E-87 
 0.00000029804               4.47965E-87 
 0.00000029805               4.3919E-87 
 0.00000029806               4.30478E-87 
 0.00000029807               4.2189E-87 
 0.00000029808               4.13405E-87 
 0.00000029809               4.06174E-87 
 0.0000002981                3.97684E-87 
 0.00000029811               3.89291E-87 
 0.00000029812               3.80819E-87 
 0.00000029813               3.71555E-87 
 0.00000029814               3.62139E-87 
 0.00000029815               3.55039E-87 
 0.00000029816               3.49437E-87 
 0.00000029817               3.39576E-87 
 0.00000029818               3.10898E-87 
 0.00000029819               2.26984E-87 
 0.0000002982                9.08433E-88 
 0.00000029821               1.52009E-88 
 0.00000029822               2.06218E-89 
 0.00000029823               1.06225E-89 
 0.00000029824               3.86663E-89 
 0.00000029825               3.01112E-88 
 0.00000029826               1.26603E-87 
 0.00000029827               2.27543E-87 
 0.00000029828               2.62771E-87 
 0.00000029829               2.65098E-87 
 0.0000002983                2.53851E-87 
 0.00000029831               2.2583E-87 
 0.00000029832               1.95233E-87 
 0.00000029833               1.92523E-87 
 0.00000029834               2.15348E-87 
 0.00000029835               2.32784E-87 
 0.00000029836               2.34754E-87 
 0.00000029837               2.30456E-87 
 0.00000029838               2.23879E-87 
 0.00000029839               2.14473E-87 
 0.0000002984                2.02052E-87 
 0.00000029841               1.88881E-87 
 0.00000029842               1.7893E-87 
 0.00000029843               1.75002E-87 
 0.00000029844               1.7671E-87 
 0.00000029845               1.81002E-87 
 0.00000029846               1.84477E-87 
 0.00000029847               1.85421E-87 
 0.00000029848               1.84012E-87 
 0.00000029849               1.8122E-87 
 0.0000002985                1.77868E-87 
 0.00000029851               1.74322E-87 
 0.00000029852               1.70368E-87 
 0.00000029853               1.65296E-87 
 0.00000029854               1.57565E-87 
 0.00000029855               1.44651E-87 
 0.00000029856               1.2404E-87 
 0.00000029857               9.61057E-88 
 0.00000029858               6.64496E-88 
 0.00000029859               4.18734E-88 
 0.0000002986                2.62363E-88 
 0.00000029861               1.84511E-88 
 0.00000029862               1.6211E-88 
 0.00000029863               1.84695E-88 
 0.00000029864               2.58714E-88 
 0.00000029865               3.97882E-88 
 0.00000029866               5.98019E-88 
 0.00000029867               8.10996E-88 
 0.00000029868               9.60101E-88 
 0.00000029869               1.00068E-87 
 0.0000002987                9.69388E-88 
 0.00000029871               9.50943E-88 
 0.00000029872               9.85353E-88 
 0.00000029873               1.04141E-87 
 0.00000029874               1.07341E-87 
 0.00000029875               1.07332E-87 
 0.00000029876               1.05499E-87 
 0.00000029877               1.02739E-87 
 0.00000029878               9.99768E-88 
 0.00000029879               9.56573E-88 
 0.0000002988                9.07415E-88 
 0.00000029881               8.62959E-88 
 0.00000029882               8.37815E-88 
 0.00000029883               8.3374E-88 
 0.00000029884               8.35255E-88 
 0.00000029885               8.27486E-88 
 0.00000029886               8.10329E-88 
 0.00000029887               7.91544E-88 
 0.00000029888               7.75798E-88 
 0.00000029889               7.62807E-88 
 0.0000002989                7.50262E-88 
 0.00000029891               7.35974E-88 
 0.00000029892               7.18795E-88 
 0.00000029893               6.99622E-88 
 0.00000029894               6.82467E-88 
 0.00000029895               6.72907E-88 
 0.00000029896               6.7284E-88 
 0.00000029897               6.75984E-88 
 0.00000029898               6.74173E-88 
 0.00000029899               6.65293E-88 
 0.000000299   6.51715E-88 
 0.00000029901               6.35561E-88 
 0.00000029902               6.17702E-88 
 0.00000029903               5.98167E-88 
 0.00000029904               5.76573E-88 
 0.00000029905               5.52515E-88 
 0.00000029906               5.2622E-88 
 0.00000029907               4.98495E-88 
 0.00000029908               4.69304E-88 
 0.00000029909               4.37637E-88 
 0.0000002991                4.04283E-88 
 0.00000029911               3.7295E-88 
 0.00000029912               3.46525E-88 
 0.00000029913               3.24208E-88 
 0.00000029914               3.03663E-88 
 0.00000029915               2.83975E-88 
 0.00000029916               2.65715E-88 
 0.00000029917               2.49699E-88 
 0.00000029918               2.36428E-88 
 0.00000029919               2.25804E-88 
 0.0000002992                2.15684E-88 
 0.00000029921               2.02425E-88 
 0.00000029922               1.89051E-88 
 0.00000029923               1.86766E-88 
 0.00000029924               1.98374E-88 
 0.00000029925               2.1135E-88 
 0.00000029926               2.15458E-88 
 0.00000029927               2.15176E-88 
 0.00000029928               2.19388E-88 
 0.00000029929               2.3194E-88 
 0.0000002993                2.50183E-88 
 0.00000029931               2.67723E-88 
 0.00000029932               2.79751E-88 
 0.00000029933               2.85892E-88 
 0.00000029934               2.88307E-88 
 0.00000029935               2.88906E-88 
 0.00000029936               2.88344E-88 
 0.00000029937               2.86099E-88 
 0.00000029938               2.80613E-88 
 0.00000029939               2.69455E-88 
 0.0000002994                2.50226E-88 
 0.00000029941               2.22473E-88 
 0.00000029942               1.89121E-88 
 0.00000029943               1.55694E-88 
 0.00000029944               1.27267E-88 
 0.00000029945               1.0465E-88 
 0.00000029946               8.00444E-89 
 0.00000029947               4.18756E-89 
 0.00000029948               8.98105E-90 
 0.00000029949               7.02068E-91 
 0.0000002995                5.98398E-92 
 0.00000029951               3.39494E-92 
 0.00000029952               2.25062E-91 
 0.00000029953               4.27883E-90 
 0.00000029954               4.23741E-89 
 0.00000029955               1.31374E-88 
 0.00000029956               1.905E-88 
 0.00000029957               2.05159E-88 
 0.00000029958               2.04459E-88 
 0.00000029959               2.00855E-88 
 0.0000002996                1.9684E-88 
 0.00000029961               1.92747E-88 
 0.00000029962               1.88627E-88 
 0.00000029963               1.84425E-88 
 0.00000029964               1.79958E-88 
 0.00000029965               1.7483E-88 
 0.00000029966               1.68808E-88 
 0.00000029967               1.62537E-88 
 0.00000029968               1.57618E-88 
 0.00000029969               1.55069E-88 
 0.0000002997                1.54293E-88 
 0.00000029971               1.53822E-88 
 0.00000029972               1.52559E-88 
 0.00000029973               1.50335E-88 
 0.00000029974               1.47595E-88 
 0.00000029975               1.44678E-88 
 0.00000029976               1.41316E-88 
 0.00000029977               1.3675E-88 
 0.00000029978               1.31751E-88 
 0.00000029979               1.27518E-88 
 0.0000002998                1.22258E-88 
 0.00000029981               1.12873E-88 
 0.00000029982               8.89889E-89 
 0.00000029983               4.70653E-89 
 0.00000029984               1.97718E-89 
 0.00000029985               1.62839E-89 
 0.00000029986               3.32011E-89 
 0.00000029987               6.76178E-89 
 0.00000029988               8.65936E-89 
 0.00000029989               8.80322E-89 
 0.0000002999                8.80532E-89 
 0.00000029991               9.06611E-89 
 0.00000029992               9.40825E-89 
 0.00000029993               9.53783E-89 
 0.00000029994               9.34245E-89 
 0.00000029995               9.14049E-89 
 0.00000029996               9.16528E-89 
 0.00000029997               9.18492E-89 
 0.00000029998               9.07095E-89 
 0.00000029999               8.9173E-89 
 0.0000003     8.76228E-89 
