 0.000000294   3.28426E-115 
 0.00000029401               3.2041E-115 
 0.00000029402               3.06102E-115 
 0.00000029403               2.87092E-115 
 0.00000029404               2.65953E-115 
 0.00000029405               2.48094E-115 
 0.00000029406               2.38668E-115 
 0.00000029407               2.36873E-115 
 0.00000029408               2.35811E-115 
 0.00000029409               2.27981E-115 
 0.0000002941                2.10677E-115 
 0.00000029411               1.86779E-115 
 0.00000029412               1.61826E-115 
 0.00000029413               1.40794E-115 
 0.00000029414               1.2662E-115 
 0.00000029415               1.20247E-115 
 0.00000029416               1.2125E-115 
 0.00000029417               1.28274E-115 
 0.00000029418               1.39183E-115 
 0.00000029419               1.51307E-115 
 0.0000002942                1.59936E-115 
 0.00000029421               1.37827E-115 
 0.00000029422               4.59141E-116 
 0.00000029423               4.3438E-117 
 0.00000029424               1.99794E-117 
 0.00000029425               1.60879E-116 
 0.00000029426               9.46719E-116 
 0.00000029427               1.49468E-115 
 0.00000029428               1.52266E-115 
 0.00000029429               1.46574E-115 
 0.0000002943                1.4092E-115 
 0.00000029431               1.36582E-115 
 0.00000029432               1.33793E-115 
 0.00000029433               1.32062E-115 
 0.00000029434               1.30559E-115 
 0.00000029435               1.28602E-115 
 0.00000029436               1.25902E-115 
 0.00000029437               1.22717E-115 
 0.00000029438               1.19687E-115 
 0.00000029439               1.1708E-115 
 0.0000002944                1.14552E-115 
 0.00000029441               1.11809E-115 
 0.00000029442               1.08919E-115 
 0.00000029443               1.06021E-115 
 0.00000029444               1.03063E-115 
 0.00000029445               9.91208E-116 
 0.00000029446               9.01542E-116 
 0.00000029447               6.86355E-116 
 0.00000029448               3.88051E-116 
 0.00000029449               1.94654E-116 
 0.0000002945                1.46521E-116 
 0.00000029451               2.12269E-116 
 0.00000029452               3.98251E-116 
 0.00000029453               6.06124E-116 
 0.00000029454               6.99913E-116 
 0.00000029455               7.07474E-116 
 0.00000029456               6.90902E-116 
 0.00000029457               6.69964E-116 
 0.00000029458               6.50509E-116 
 0.00000029459               6.38897E-116 
 0.0000002946                6.33398E-116 
 0.00000029461               6.24239E-116 
 0.00000029462               6.05005E-116 
 0.00000029463               5.76578E-116 
 0.00000029464               5.47037E-116 
 0.00000029465               5.265E-116 
 0.00000029466               5.16405E-116 
 0.00000029467               5.09727E-116 
 0.00000029468               5.00452E-116 
 0.00000029469               4.87233E-116 
 0.0000002947                4.71389E-116 
 0.00000029471               4.5562E-116 
 0.00000029472               4.43025E-116 
 0.00000029473               4.34708E-116 
 0.00000029474               4.28978E-116 
 0.00000029475               4.23639E-116 
 0.00000029476               4.17704E-116 
 0.00000029477               4.11023E-116 
 0.00000029478               4.03626E-116 
 0.00000029479               3.95284E-116 
 0.0000002948                3.80084E-116 
 0.00000029481               3.29823E-116 
 0.00000029482               2.5909E-116 
 0.00000029483               2.59076E-116 
 0.00000029484               2.98062E-116 
 0.00000029485               2.82769E-116 
 0.00000029486               2.26781E-116 
 0.00000029487               1.65434E-116 
 0.00000029488               1.21455E-116 
 0.00000029489               1.03326E-116 
 0.0000002949                1.10355E-116 
 0.00000029491               1.40196E-116 
 0.00000029492               1.83283E-116 
 0.00000029493               2.1851E-116 
 0.00000029494               2.32224E-116 
 0.00000029495               2.34045E-116 
 0.00000029496               2.36314E-116 
 0.00000029497               2.3737E-116 
 0.00000029498               3.03699E-116 
 0.00000029499               2.92569E-116 
 0.000000295   2.78622E-116 
 0.00000029501               2.62743E-116 
 0.00000029502               2.45552E-116 
 0.00000029503               2.29235E-116 
 0.00000029504               2.17177E-116 
 0.00000029505               2.10678E-116 
 0.00000029506               2.0777E-116 
 0.00000029507               2.05945E-116 
 0.00000029508               2.04317E-116 
 0.00000029509               2.03253E-116 
 0.0000002951                2.0317E-116 
 0.00000029511               2.03746E-116 
 0.00000029512               2.03816E-116 
 0.00000029513               2.01419E-116 
 0.00000029514               1.93665E-116 
 0.00000029515               1.80691E-116 
 0.00000029516               1.70752E-116 
 0.00000029517               1.70061E-116 
 0.00000029518               1.70296E-116 
 0.00000029519               1.31166E-116 
 0.0000002952                2.74036E-117 
 0.00000029521               9.60146E-119 
 0.00000029522               2.95122E-119 
 0.00000029523               5.5255E-118 
 0.00000029524               7.10814E-117 
 0.00000029525               1.39323E-116 
 0.00000029526               1.4597E-116 
 0.00000029527               1.42488E-116 
 0.00000029528               1.38585E-116 
 0.00000029529               1.34392E-116 
 0.0000002953                1.29553E-116 
 0.00000029531               1.24095E-116 
 0.00000029532               1.1885E-116 
 0.00000029533               1.15079E-116 
 0.00000029534               1.13049E-116 
 0.00000029535               1.1191E-116 
 0.00000029536               1.10452E-116 
 0.00000029537               1.08185E-116 
 0.00000029538               1.05319E-116 
 0.00000029539               1.02215E-116 
 0.0000002954                9.90455E-117 
 0.00000029541               9.59838E-117 
 0.00000029542               9.34085E-117 
 0.00000029543               9.14088E-117 
 0.00000029544               8.95378E-117 
 0.00000029545               8.74591E-117 
 0.00000029546               8.52175E-117 
 0.00000029547               8.29729E-117 
 0.00000029548               8.07127E-117 
 0.00000029549               7.81975E-117 
 0.0000002955                7.47388E-117 
 0.00000029551               6.94442E-117 
 0.00000029552               6.26032E-117 
 0.00000029553               5.65074E-117 
 0.00000029554               5.33263E-117 
 0.00000029555               5.29219E-117 
 0.00000029556               5.38559E-117 
 0.00000029557               5.5411E-117 
 0.00000029558               5.71769E-117 
 0.00000029559               5.81265E-117 
 0.0000002956                5.73892E-117 
 0.00000029561               5.36137E-117 
 0.00000029562               4.40918E-117 
 0.00000029563               3.15947E-117 
 0.00000029564               2.50759E-117 
 0.00000029565               2.79067E-117 
 0.00000029566               3.6945E-117 
 0.00000029567               4.41559E-117 
 0.00000029568               4.59833E-117 
 0.00000029569               4.51127E-117 
 0.0000002957                4.34373E-117 
 0.00000029571               4.13357E-117 
 0.00000029572               3.89479E-117 
 0.00000029573               3.66326E-117 
 0.00000029574               3.49182E-117 
 0.00000029575               3.41563E-117 
 0.00000029576               3.42183E-117 
 0.00000029577               3.45576E-117 
 0.00000029578               3.45731E-117 
 0.00000029579               3.39401E-117 
 0.0000002958                3.27337E-117 
 0.00000029581               3.1401E-117 
 0.00000029582               3.04413E-117 
 0.00000029583               2.99317E-117 
 0.00000029584               2.95265E-117 
 0.00000029585               2.89126E-117 
 0.00000029586               2.80259E-117 
 0.00000029587               2.68974E-117 
 0.00000029588               2.55151E-117 
 0.00000029589               2.41171E-117 
 0.0000002959                2.33483E-117 
 0.00000029591               2.3038E-117 
 0.00000029592               2.24877E-117 
 0.00000029593               2.18058E-117 
 0.00000029594               2.13275E-117 
 0.00000029595               2.11083E-117 
 0.00000029596               2.10255E-117 
 0.00000029597               2.08568E-117 
 0.00000029598               2.04584E-117 
 0.00000029599               1.98404E-117 
 0.000000296   1.89331E-117 
 0.00000029601               1.73971E-117 
 0.00000029602               1.51554E-117 
 0.00000029603               1.32696E-117 
 0.00000029604               1.29831E-117 
 0.00000029605               1.41637E-117 
 0.00000029606               1.54462E-117 
 0.00000029607               1.58734E-117 
 0.00000029608               1.56367E-117 
 0.00000029609               1.51738E-117 
 0.0000002961                1.47536E-117 
 0.00000029611               1.4444E-117 
 0.00000029612               1.41439E-117 
 0.00000029613               1.38441E-117 
 0.00000029614               1.34707E-117 
 0.00000029615               1.30938E-117 
 0.00000029616               1.27205E-117 
 0.00000029617               1.23587E-117 
 0.00000029618               1.20201E-117 
 0.00000029619               1.17054E-117 
 0.0000002962                1.13966E-117 
 0.00000029621               1.10486E-117 
 0.00000029622               1.04775E-117 
 0.00000029623               9.39379E-118 
 0.00000029624               8.04973E-118 
 0.00000029625               7.35785E-118 
 0.00000029626               7.71322E-118 
 0.00000029627               8.4955E-118 
 0.00000029628               8.89857E-118 
 0.00000029629               8.86345E-118 
 0.0000002963                8.67053E-118 
 0.00000029631               8.4478E-118 
 0.00000029632               8.2093E-118 
 0.00000029633               7.95177E-118 
 0.00000029634               7.70012E-118 
 0.00000029635               7.47764E-118 
 0.00000029636               7.25921E-118 
 0.00000029637               7.01538E-118 
 0.00000029638               6.75754E-118 
 0.00000029639               6.51439E-118 
 0.0000002964                6.30583E-118 
 0.00000029641               6.13542E-118 
 0.00000029642               5.99229E-118 
 0.00000029643               5.86065E-118 
 0.00000029644               5.7287E-118 
 0.00000029645               5.59486E-118 
 0.00000029646               5.46344E-118 
 0.00000029647               5.32981E-118 
 0.00000029648               5.17022E-118 
 0.00000029649               4.96272E-118 
 0.0000002965                4.74661E-118 
 0.00000029651               4.61097E-118 
 0.00000029652               4.56552E-118 
 0.00000029653               4.51651E-118 
 0.00000029654               4.29514E-118 
 0.00000029655               3.72468E-118 
 0.00000029656               3.10625E-118 
 0.00000029657               3.0433E-118 
 0.00000029658               3.45589E-118 
 0.00000029659               3.73282E-118 
 0.0000002966                3.68273E-118 
 0.00000029661               3.43806E-118 
 0.00000029662               3.02359E-118 
 0.00000029663               2.04913E-118 
 0.00000029664               2.93921E-119 
 0.00000029665               2.45452E-121 
 0.00000029666               1.71372E-122 
 0.00000029667               8.28581E-121 
 0.00000029668               6.38969E-119 
 0.00000029669               2.50475E-118 
 0.0000002967                2.89983E-118 
 0.00000029671               2.84689E-118 
 0.00000029672               2.76901E-118 
 0.00000029673               2.69075E-118 
 0.00000029674               2.61047E-118 
 0.00000029675               2.52469E-118 
 0.00000029676               2.42711E-118 
 0.00000029677               2.29687E-118 
 0.00000029678               2.12925E-118 
 0.00000029679               2.00201E-118 
 0.0000002968                1.97284E-118 
 0.00000029681               1.98148E-118 
 0.00000029682               1.97101E-118 
 0.00000029683               1.95017E-118 
 0.00000029684               1.92928E-118 
 0.00000029685               1.90404E-118 
 0.00000029686               1.87032E-118 
 0.00000029687               1.82921E-118 
 0.00000029688               1.78394E-118 
 0.00000029689               1.7371E-118 
 0.0000002969                1.68976E-118 
 0.00000029691               1.64098E-118 
 0.00000029692               1.58831E-118 
 0.00000029693               1.53099E-118 
 0.00000029694               1.47303E-118 
 0.00000029695               1.42146E-118 
 0.00000029696               1.38085E-118 
 0.00000029697               1.34851E-118 
 0.00000029698               1.31107E-118 
 0.00000029699               1.25348E-118 
 0.000000297   1.18302E-118 
 0.00000029701               1.13405E-118 
 0.00000029702               1.12467E-118 
 0.00000029703               1.13216E-118 
 0.00000029704               1.12762E-118 
 0.00000029705               1.10748E-118 
 0.00000029706               1.08107E-118 
 0.00000029707               1.05399E-118 
 0.00000029708               1.02715E-118 
 0.00000029709               1.00027E-118 
 0.0000002971                9.73117E-119 
 0.00000029711               9.45158E-119 
 0.00000029712               9.15515E-119 
 0.00000029713               8.84446E-119 
 0.00000029714               8.54686E-119 
 0.00000029715               8.2806E-119 
 0.00000029716               8.01203E-119 
 0.00000029717               7.67234E-119 
 0.00000029718               7.2057E-119 
 0.00000029719               6.60957E-119 
 0.0000002972                6.00622E-119 
 0.00000029721               5.62558E-119 
 0.00000029722               5.56507E-119 
 0.00000029723               5.64143E-119 
 0.00000029724               5.59807E-119 
 0.00000029725               5.37337E-119 
 0.00000029726               5.05953E-119 
 0.00000029727               4.75295E-119 
 0.00000029728               4.51293E-119 
 0.00000029729               4.36928E-119 
 0.0000002973                4.32553E-119 
 0.00000029731               4.36084E-119 
 0.00000029732               4.44004E-119 
 0.00000029733               4.52694E-119 
 0.00000029734               4.5932E-119 
 0.00000029735               4.62216E-119 
 0.00000029736               4.60865E-119 
 0.00000029737               4.55602E-119 
 0.00000029738               4.47271E-119 
 0.00000029739               4.36207E-119 
 0.0000002974                4.21179E-119 
 0.00000029741               4.0342E-119 
 0.00000029742               3.90163E-119 
 0.00000029743               3.83956E-119 
 0.00000029744               3.7866E-119 
 0.00000029745               3.70871E-119 
 0.00000029746               3.61788E-119 
 0.00000029747               3.52818E-119 
 0.00000029748               3.43004E-119 
 0.00000029749               3.32705E-119 
 0.0000002975                3.22257E-119 
 0.00000029751               3.12161E-119 
 0.00000029752               3.02351E-119 
 0.00000029753               2.91691E-119 
 0.00000029754               2.78131E-119 
 0.00000029755               2.63579E-119 
 0.00000029756               2.55845E-119 
 0.00000029757               2.54737E-119 
 0.00000029758               2.52925E-119 
 0.00000029759               2.48274E-119 
 0.0000002976                2.40469E-119 
 0.00000029761               2.27932E-119 
 0.00000029762               2.10916E-119 
 0.00000029763               1.94213E-119 
 0.00000029764               1.74608E-119 
 0.00000029765               1.18609E-119 
 0.00000029766               3.91068E-120 
 0.00000029767               9.50068E-121 
 0.00000029768               8.21904E-121 
 0.00000029769               3.0665E-120 
 0.0000002977                1.00561E-119 
 0.00000029771               1.37581E-119 
 0.00000029772               1.15186E-119 
 0.00000029773               1.03559E-119 
 0.00000029774               1.21911E-119 
 0.00000029775               1.46111E-119 
 0.00000029776               1.53624E-119 
 0.00000029777               1.51139E-119 
 0.00000029778               1.4692E-119 
 0.00000029779               1.42853E-119 
 0.0000002978                1.38508E-119 
 0.00000029781               1.31895E-119 
 0.00000029782               1.21216E-119 
 0.00000029783               1.0751E-119 
 0.00000029784               9.48886E-120 
 0.00000029785               8.76757E-120 
 0.00000029786               8.75636E-120 
 0.00000029787               9.29567E-120 
 0.00000029788               9.98548E-120 
 0.00000029789               1.04103E-119 
 0.0000002979                1.02443E-119 
 0.00000029791               8.8219E-120 
 0.00000029792               5.35342E-120 
 0.00000029793               1.7731E-120 
 0.00000029794               3.9926E-121 
 0.00000029795               1.60702E-121 
 0.00000029796               2.50639E-121 
 0.00000029797               9.59954E-121 
 0.00000029798               3.17184E-120 
 0.00000029799               5.80052E-120 
 0.000000298   7.08015E-120 
 0.00000029801               7.44777E-120 
 0.00000029802               7.51697E-120 
 0.00000029803               7.45445E-120 
 0.00000029804               7.30156E-120 
 0.00000029805               7.04026E-120 
 0.00000029806               6.54009E-120 
 0.00000029807               5.77461E-120 
 0.00000029808               5.1804E-120 
 0.00000029809               5.1806E-120 
 0.0000002981                5.54902E-120 
 0.00000029811               5.75487E-120 
 0.00000029812               5.69927E-120 
 0.00000029813               5.57435E-120 
 0.00000029814               5.45878E-120 
 0.00000029815               5.33948E-120 
 0.00000029816               5.20991E-120 
 0.00000029817               5.06726E-120 
 0.00000029818               4.88091E-120 
 0.00000029819               4.59465E-120 
 0.0000002982                4.19222E-120 
 0.00000029821               3.78187E-120 
 0.00000029822               3.5384E-120 
 0.00000029823               3.53122E-120 
 0.00000029824               3.66185E-120 
 0.00000029825               3.76976E-120 
 0.00000029826               3.78163E-120 
 0.00000029827               3.71642E-120 
 0.00000029828               3.59902E-120 
 0.00000029829               3.45255E-120 
 0.0000002983                3.3301E-120 
 0.00000029831               3.26886E-120 
 0.00000029832               3.23462E-120 
 0.00000029833               3.1725E-120 
 0.00000029834               3.07467E-120 
 0.00000029835               2.96614E-120 
 0.00000029836               2.86874E-120 
 0.00000029837               2.7924E-120 
 0.00000029838               2.73659E-120 
 0.00000029839               2.69274E-120 
 0.0000002984                2.65067E-120 
 0.00000029841               2.6018E-120 
 0.00000029842               2.5321E-120 
 0.00000029843               2.41727E-120 
 0.00000029844               2.25362E-120 
 0.00000029845               2.10324E-120 
 0.00000029846               2.04245E-120 
 0.00000029847               2.06236E-120 
 0.00000029848               2.08579E-120 
 0.00000029849               2.06589E-120 
 0.0000002985                2.012E-120 
 0.00000029851               1.9445E-120 
 0.00000029852               1.87129E-120 
 0.00000029853               1.78607E-120 
 0.00000029854               1.66654E-120 
 0.00000029855               1.47441E-120 
 0.00000029856               1.18317E-120 
 0.00000029857               8.35065E-121 
 0.00000029858               5.34334E-121 
 0.00000029859               3.44959E-121 
 0.0000002986                2.5015E-121 
 0.00000029861               1.97253E-121 
 0.00000029862               1.30866E-121 
 0.00000029863               4.89458E-122 
 0.00000029864               8.72354E-123 
 0.00000029865               1.50042E-123 
 0.00000029866               1.05148E-123 
 0.00000029867               5.27666E-123 
 0.00000029868               6.00206E-122 
 0.00000029869               3.69754E-121 
 0.0000002987                8.51277E-121 
 0.00000029871               1.07853E-120 
 0.00000029872               1.10752E-120 
 0.00000029873               1.08492E-120 
 0.00000029874               1.05641E-120 
 0.00000029875               1.0293E-120 
 0.00000029876               1.00309E-120 
 0.00000029877               9.76824E-121 
 0.00000029878               9.50563E-121 
 0.00000029879               9.24686E-121 
 0.0000002988                8.99381E-121 
 0.00000029881               8.74617E-121 
 0.00000029882               8.50281E-121 
 0.00000029883               8.2635E-121 
 0.00000029884               8.0278E-121 
 0.00000029885               7.78127E-121 
 0.00000029886               7.43647E-121 
 0.00000029887               6.47258E-121 
 0.00000029888               2.75438E-121 
 0.00000029889               4.68787E-123 
 0.0000002989                1.16533E-126 
 0.00000029891               6.03732E-128 
 0.00000029892               8.6865E-125 
 0.00000029893               6.79591E-122 
 0.00000029894               4.5946E-121 
 0.00000029895               5.64917E-121 
 0.00000029896               5.56153E-121 
 0.00000029897               4.93455E-121 
 0.00000029898               2.12626E-121 
 0.00000029899               1.00083E-122 
 0.000000299   1.65855E-124 
 0.00000029901               1.40649E-124 
 0.00000029902               1.77795E-123 
 0.00000029903               2.94164E-123 
 0.00000029904               1.04874E-123 
 0.00000029905               6.35793E-124 
 0.00000029906               1.30618E-123 
 0.00000029907               6.33673E-123 
 0.00000029908               3.40594E-122 
 0.00000029909               1.15893E-121 
 0.0000002991                2.21721E-121 
 0.00000029911               2.84848E-121 
 0.00000029912               3.06241E-121 
 0.00000029913               3.12916E-121 
 0.00000029914               3.16288E-121 
 0.00000029915               3.1748E-121 
 0.00000029916               3.15584E-121 
 0.00000029917               3.07037E-121 
 0.00000029918               2.80849E-121 
 0.00000029919               2.33962E-121 
 0.0000002992                1.97885E-121 
 0.00000029921               2.01349E-121 
 0.00000029922               2.31844E-121 
 0.00000029923               2.50133E-121 
 0.00000029924               2.43395E-121 
 0.00000029925               2.25651E-121 
 0.00000029926               2.1298E-121 
 0.00000029927               2.12398E-121 
 0.00000029928               2.18474E-121 
 0.00000029929               2.21901E-121 
 0.0000002993                2.19926E-121 
 0.00000029931               2.14756E-121 
 0.00000029932               2.07908E-121 
 0.00000029933               1.99632E-121 
 0.00000029934               1.90569E-121 
 0.00000029935               1.82357E-121 
 0.00000029936               1.76613E-121 
 0.00000029937               1.7337E-121 
 0.00000029938               1.71181E-121 
 0.00000029939               1.68576E-121 
 0.0000002994                1.65182E-121 
 0.00000029941               1.61602E-121 
 0.00000029942               1.58147E-121 
 0.00000029943               1.5457E-121 
 0.00000029944               1.50548E-121 
 0.00000029945               1.45884E-121 
 0.00000029946               1.40659E-121 
 0.00000029947               1.35671E-121 
 0.00000029948               1.31734E-121 
 0.00000029949               1.28346E-121 
 0.0000002995                1.24257E-121 
 0.00000029951               1.17455E-121 
 0.00000029952               1.0856E-121 
 0.00000029953               9.98074E-122 
 0.00000029954               9.42579E-122 
 0.00000029955               9.32474E-122 
 0.00000029956               9.52816E-122 
 0.00000029957               9.74678E-122 
 0.00000029958               9.77453E-122 
 0.00000029959               9.47733E-122 
 0.0000002996                8.51738E-122 
 0.00000029961               6.17912E-122 
 0.00000029962               2.57361E-122 
 0.00000029963               3.85459E-123 
 0.00000029964               2.40233E-124 
 0.00000029965               2.94371E-125 
 0.00000029966               4.23534E-125 
 0.00000029967               5.3368E-124 
 0.00000029968               7.81285E-123 
 0.00000029969               3.63573E-122 
 0.0000002997                6.22948E-122 
 0.00000029971               6.92572E-122 
 0.00000029972               6.86326E-122 
 0.00000029973               6.65927E-122 
 0.00000029974               6.44422E-122 
 0.00000029975               6.23146E-122 
 0.00000029976               5.98604E-122 
 0.00000029977               5.64697E-122 
 0.00000029978               5.18613E-122 
 0.00000029979               4.65816E-122 
 0.0000002998                4.18065E-122 
 0.00000029981               3.87657E-122 
 0.00000029982               3.82941E-122 
 0.00000029983               4.02693E-122 
 0.00000029984               4.31052E-122 
 0.00000029985               4.43304E-122 
 0.00000029986               4.20724E-122 
 0.00000029987               3.62682E-122 
 0.00000029988               2.94142E-122 
 0.00000029989               2.49262E-122 
 0.0000002999                2.43657E-122 
 0.00000029991               2.70568E-122 
 0.00000029992               3.06681E-122 
 0.00000029993               3.28733E-122 
 0.00000029994               3.34133E-122 
 0.00000029995               3.3286E-122 
 0.00000029996               3.30217E-122 
 0.00000029997               3.26782E-122 
 0.00000029998               3.21501E-122 
 0.00000029999               3.13214E-122 
 0.0000003     3.01343E-122 
