 0.000000294   0.0000000580485 
 0.00000029401               0.0000000581773 
 0.00000029402               0.0000000582135 
 0.00000029403               0.0000000580624 
 0.00000029404               0.0000000576203 
 0.00000029405               0.000000056736 
 0.00000029406               0.0000000553214 
 0.00000029407               0.0000000535504 
 0.00000029408               0.0000000518932 
 0.00000029409               0.0000000508364 
 0.0000002941                0.0000000505429 
 0.00000029411               0.0000000508262 
 0.00000029412               0.0000000514302 
 0.00000029413               0.0000000522391 
 0.00000029414               0.0000000532054 
 0.00000029415               0.0000000539094 
 0.00000029416               0.0000000524966 
 0.00000029417               0.000000046202 
 0.00000029418               0.0000000378152 
 0.00000029419               0.0000000352476 
 0.0000002942                0.0000000410481 
 0.00000029421               0.0000000497571 
 0.00000029422               0.0000000545675 
 0.00000029423               0.000000055693 
 0.00000029424               0.0000000556602 
 0.00000029425               0.000000055428 
 0.00000029426               0.0000000551621 
 0.00000029427               0.0000000549108 
 0.00000029428               0.0000000546947 
 0.00000029429               0.0000000544725 
 0.0000002943                0.0000000542397 
 0.00000029431               0.0000000541128 
 0.00000029432               0.0000000542079 
 0.00000029433               0.0000000544737 
 0.00000029434               0.0000000547733 
 0.00000029435               0.0000000549809 
 0.00000029436               0.0000000550146 
 0.00000029437               0.0000000546973 
 0.00000029438               0.0000000538005 
 0.00000029439               0.000000052792 
 0.0000002944                0.0000000527668 
 0.00000029441               0.0000000536357 
 0.00000029442               0.0000000543007 
 0.00000029443               0.0000000544265 
 0.00000029444               0.0000000542548 
 0.00000029445               0.000000053829 
 0.00000029446               0.000000052843 
 0.00000029447               0.0000000509327 
 0.00000029448               0.0000000485681 
 0.00000029449               0.0000000469623 
 0.0000002945                0.0000000465149 
 0.00000029451               0.0000000464111 
 0.00000029452               0.0000000460077 
 0.00000029453               0.0000000455497 
 0.00000029454               0.0000000455201 
 0.00000029455               0.0000000461012 
 0.00000029456               0.0000000471965 
 0.00000029457               0.0000000484791 
 0.00000029458               0.0000000496741 
 0.00000029459               0.0000000505115 
 0.0000002946                0.0000000507427 
 0.00000029461               0.000000050206 
 0.00000029462               0.0000000489676 
 0.00000029463               0.0000000474443 
 0.00000029464               0.0000000465031 
 0.00000029465               0.0000000469105 
 0.00000029466               0.000000048141 
 0.00000029467               0.0000000487539 
 0.00000029468               0.0000000488201 
 0.00000029469               0.0000000496837 
 0.0000002947                0.0000000510234 
 0.00000029471               0.0000000516966 
 0.00000029472               0.0000000517002 
 0.00000029473               0.0000000513664 
 0.00000029474               0.0000000505564 
 0.00000029475               0.0000000486438 
 0.00000029476               0.0000000447871 
 0.00000029477               0.0000000386737 
 0.00000029478               0.0000000313285 
 0.00000029479               0.0000000247684 
 0.0000002948                0.0000000206127 
 0.00000029481               0.0000000194583 
 0.00000029482               0.0000000213657 
 0.00000029483               0.000000026148 
 0.00000029484               0.0000000328982 
 0.00000029485               0.000000039691 
 0.00000029486               0.0000000445149 
 0.00000029487               0.0000000464983 
 0.00000029488               0.0000000461001 
 0.00000029489               0.0000000447227 
 0.0000002949                0.0000000439141 
 0.00000029491               0.000000044312 
 0.00000029492               0.000000045415 
 0.00000029493               0.0000000463242 
 0.00000029494               0.0000000466024 
 0.00000029495               0.0000000463381 
 0.00000029496               0.0000000459371 
 0.00000029497               0.0000000453271 
 0.00000029498               0.0000000434886 
 0.00000029499               0.000000041813 
 0.000000295   0.0000000434649 
 0.00000029501               0.0000000465742 
 0.00000029502               0.0000000481378 
 0.00000029503               0.0000000485604 
 0.00000029504               0.0000000484258 
 0.00000029505               0.0000000471695 
 0.00000029506               0.0000000439553 
 0.00000029507               0.0000000400671 
 0.00000029508               0.0000000388507 
 0.00000029509               0.0000000414799 
 0.0000002951                0.0000000453574 
 0.00000029511               0.0000000476132 
 0.00000029512               0.00000004819 
 0.00000029513               0.0000000481551 
 0.00000029514               0.0000000480676 
 0.00000029515               0.000000048026 
 0.00000029516               0.0000000478337 
 0.00000029517               0.0000000470632 
 0.00000029518               0.0000000452177 
 0.00000029519               0.0000000423226 
 0.0000002952                0.0000000393756 
 0.00000029521               0.0000000372318 
 0.00000029522               0.0000000357046 
 0.00000029523               0.0000000358008 
 0.00000029524               0.0000000392011 
 0.00000029525               0.000000043699 
 0.00000029526               0.0000000458139 
 0.00000029527               0.000000045847 
 0.00000029528               0.0000000452484 
 0.00000029529               0.0000000446395 
 0.0000002953                0.0000000443421 
 0.00000029531               0.0000000444742 
 0.00000029532               0.0000000469743 
 0.00000029533               0.0000000474733 
 0.00000029534               0.0000000479305 
 0.00000029535               0.0000000481951 
 0.00000029536               0.0000000481956 
 0.00000029537               0.0000000479091 
 0.00000029538               0.0000000471233 
 0.00000029539               0.0000000454191 
 0.0000002954                0.0000000427336 
 0.00000029541               0.0000000399601 
 0.00000029542               0.0000000384118 
 0.00000029543               0.0000000386733 
 0.00000029544               0.000000040307 
 0.00000029545               0.0000000424277 
 0.00000029546               0.0000000443029 
 0.00000029547               0.0000000454593 
 0.00000029548               0.0000000454288 
 0.00000029549               0.0000000429911 
 0.0000002955                0.00000003488 
 0.00000029551               0.000000018944 
 0.00000029552               0.00000000470195 
 0.00000029553               0.000000000425941 
 0.00000029554               2.16744E-11 
 0.00000029555               2.09695E-12 
 0.00000029556               1.37911E-12 
 0.00000029557               7.90882E-12 
 0.00000029558               0.000000000144284 
 0.00000029559               0.00000000214042 
 0.0000002956                0.0000000122668 
 0.00000029561               0.0000000279583 
 0.00000029562               0.0000000367924 
 0.00000029563               0.0000000391949 
 0.00000029564               0.0000000404846 
 0.00000029565               0.0000000424283 
 0.00000029566               0.0000000443412 
 0.00000029567               0.0000000454798 
 0.00000029568               0.000000045886 
 0.00000029569               0.000000045898 
 0.0000002957                0.000000045769 
 0.00000029571               0.0000000456469 
 0.00000029572               0.0000000455984 
 0.00000029573               0.0000000455957 
 0.00000029574               0.0000000455714 
 0.00000029575               0.0000000454979 
 0.00000029576               0.0000000453974 
 0.00000029577               0.0000000453126 
 0.00000029578               0.0000000452661 
 0.00000029579               0.0000000452397 
 0.0000002958                0.000000045204 
 0.00000029581               0.0000000451474 
 0.00000029582               0.0000000450751 
 0.00000029583               0.0000000449914 
 0.00000029584               0.0000000448859 
 0.00000029585               0.0000000447205 
 0.00000029586               0.0000000444187 
 0.00000029587               0.000000043891 
 0.00000029588               0.0000000431348 
 0.00000029589               0.0000000423435 
 0.0000002959                0.0000000418516 
 0.00000029591               0.0000000418809 
 0.00000029592               0.0000000423321 
 0.00000029593               0.0000000428923 
 0.00000029594               0.000000043335 
 0.00000029595               0.000000043615 
 0.00000029596               0.0000000437465 
 0.00000029597               0.0000000437441 
 0.00000029598               0.0000000436183 
 0.00000029599               0.0000000433403 
 0.000000296   0.0000000428248 
 0.00000029601               0.0000000419608 
 0.00000029602               0.0000000407251 
 0.00000029603               0.0000000394353 
 0.00000029604               0.0000000387989 
 0.00000029605               0.0000000392912 
 0.00000029606               0.0000000404576 
 0.00000029607               0.00000004101 
 0.00000029608               0.0000000389951 
 0.00000029609               0.000000032059 
 0.0000002961                0.0000000215395 
 0.00000029611               0.000000013768 
 0.00000029612               0.0000000118897 
 0.00000029613               0.0000000159645 
 0.00000029614               0.0000000254122 
 0.00000029615               0.0000000351809 
 0.00000029616               0.0000000402417 
 0.00000029617               0.0000000416345 
 0.00000029618               0.0000000417057 
 0.00000029619               0.0000000413917 
 0.0000002962                0.0000000407705 
 0.00000029621               0.0000000392163 
 0.00000029622               0.0000000358041 
 0.00000029623               0.0000000313943 
 0.00000029624               0.000000028979 
 0.00000029625               0.0000000302806 
 0.00000029626               0.0000000336032 
 0.00000029627               0.0000000349617 
 0.00000029628               0.0000000320401 
 0.00000029629               0.0000000260931 
 0.0000002963                0.0000000203146 
 0.00000029631               0.0000000172419 
 0.00000029632               0.0000000176833 
 0.00000029633               0.0000000215075 
 0.00000029634               0.0000000276141 
 0.00000029635               0.0000000336132 
 0.00000029636               0.00000003755 
 0.00000029637               0.0000000393989 
 0.00000029638               0.0000000398721 
 0.00000029639               0.0000000388918 
 0.0000002964                0.0000000360911 
 0.00000029641               0.0000000333625 
 0.00000029642               0.0000000336727 
 0.00000029643               0.0000000365796 
 0.00000029644               0.0000000390791 
 0.00000029645               0.0000000400176 
 0.00000029646               0.0000000401617 
 0.00000029647               0.0000000400907 
 0.00000029648               0.0000000399549 
 0.00000029649               0.0000000397675 
 0.0000002965                0.000000039605 
 0.00000029651               0.0000000395925 
 0.00000029652               0.0000000396985 
 0.00000029653               0.0000000397746 
 0.00000029654               0.0000000397474 
 0.00000029655               0.0000000396189 
 0.00000029656               0.0000000393603 
 0.00000029657               0.0000000388757 
 0.00000029658               0.0000000381005 
 0.00000029659               0.000000037177 
 0.0000002966                0.0000000364802 
 0.00000029661               0.000000036362 
 0.00000029662               0.0000000368468 
 0.00000029663               0.0000000376056 
 0.00000029664               0.0000000382326 
 0.00000029665               0.0000000385289 
 0.00000029666               0.0000000385348 
 0.00000029667               0.0000000383895 
 0.00000029668               0.0000000382098 
 0.00000029669               0.0000000380377 
 0.0000002967                0.0000000378651 
 0.00000029671               0.0000000377248 
 0.00000029672               0.0000000376523 
 0.00000029673               0.0000000375554 
 0.00000029674               0.000000037361 
 0.00000029675               0.0000000371405 
 0.00000029676               0.0000000369757 
 0.00000029677               0.0000000369032 
 0.00000029678               0.000000036944 
 0.00000029679               0.0000000370783 
 0.0000002968                0.0000000372148 
 0.00000029681               0.0000000372401 
 0.00000029682               0.000000037094 
 0.00000029683               0.0000000364269 
 0.00000029684               0.0000000341639 
 0.00000029685               0.0000000296981 
 0.00000029686               0.000000024851 
 0.00000029687               0.0000000226205 
 0.00000029688               0.0000000243356 
 0.00000029689               0.0000000289233 
 0.0000002969                0.0000000334291 
 0.00000029691               0.000000035742 
 0.00000029692               0.0000000362176 
 0.00000029693               0.0000000359362 
 0.00000029694               0.0000000355524 
 0.00000029695               0.0000000354056 
 0.00000029696               0.0000000356038 
 0.00000029697               0.0000000359979 
 0.00000029698               0.0000000363355 
 0.00000029699               0.0000000364659 
 0.000000297   0.0000000363723 
 0.00000029701               0.0000000360952 
 0.00000029702               0.0000000357112 
 0.00000029703               0.0000000353567 
 0.00000029704               0.0000000351881 
 0.00000029705               0.0000000352842 
 0.00000029706               0.0000000355265 
 0.00000029707               0.0000000357586 
 0.00000029708               0.0000000358721 
 0.00000029709               0.0000000358789 
 0.0000002971                0.0000000358507 
 0.00000029711               0.0000000357281 
 0.00000029712               0.0000000346368 
 0.00000029713               0.0000000288673 
 0.00000029714               0.0000000144841 
 0.00000029715               0.00000000275332 
 0.00000029716               0.000000000257912 
 0.00000029717               5.71428E-11 
 0.00000029718               0.000000000118772 
 0.00000029719               0.00000000114745 
 0.0000002972                0.0000000086601 
 0.00000029721               0.0000000235448 
 0.00000029722               0.0000000314136 
 0.00000029723               0.0000000316285 
 0.00000029724               0.0000000295035 
 0.00000029725               0.0000000279213 
 0.00000029726               0.0000000280465 
 0.00000029727               0.0000000295993 
 0.00000029728               0.0000000314961 
 0.00000029729               0.000000032963 
 0.0000002973                0.0000000339108 
 0.00000029731               0.0000000344543 
 0.00000029732               0.0000000346773 
 0.00000029733               0.0000000346981 
 0.00000029734               0.0000000346219 
 0.00000029735               0.0000000344846 
 0.00000029736               0.0000000343119 
 0.00000029737               0.0000000341457 
 0.00000029738               0.0000000340407 
 0.00000029739               0.0000000339921 
 0.0000002974                0.0000000339043 
 0.00000029741               0.0000000336886 
 0.00000029742               0.0000000332844 
 0.00000029743               0.0000000326827 
 0.00000029744               0.0000000320344 
 0.00000029745               0.0000000316133 
 0.00000029746               0.0000000315999 
 0.00000029747               0.0000000319256 
 0.00000029748               0.0000000322762 
 0.00000029749               0.0000000322096 
 0.0000002975                0.0000000313867 
 0.00000029751               0.000000029883 
 0.00000029752               0.0000000282617 
 0.00000029753               0.0000000272292 
 0.00000029754               0.000000027448 
 0.00000029755               0.0000000284358 
 0.00000029756               0.000000029779 
 0.00000029757               0.0000000303965 
 0.00000029758               0.0000000301012 
 0.00000029759               0.000000029638 
 0.0000002976                0.0000000296016 
 0.00000029761               0.0000000300495 
 0.00000029762               0.000000030815 
 0.00000029763               0.0000000317301 
 0.00000029764               0.0000000325121 
 0.00000029765               0.0000000329337 
 0.00000029766               0.0000000330545 
 0.00000029767               0.0000000330451 
 0.00000029768               0.0000000330019 
 0.00000029769               0.0000000329508 
 0.0000002977                0.0000000328795 
 0.00000029771               0.000000032745 
 0.00000029772               0.000000032555 
 0.00000029773               0.0000000324533 
 0.00000029774               0.0000000324966 
 0.00000029775               0.000000032539 
 0.00000029776               0.0000000324915 
 0.00000029777               0.0000000323718 
 0.00000029778               0.0000000321423 
 0.00000029779               0.0000000316567 
 0.0000002978                0.0000000308392 
 0.00000029781               0.0000000300624 
 0.00000029782               0.0000000298087 
 0.00000029783               0.0000000300483 
 0.00000029784               0.0000000303524 
 0.00000029785               0.0000000297734 
 0.00000029786               0.0000000264581 
 0.00000029787               0.0000000211171 
 0.00000029788               0.0000000184664 
 0.00000029789               0.0000000195257 
 0.0000002979                0.0000000191084 
 0.00000029791               0.0000000145708 
 0.00000029792               0.0000000110316 
 0.00000029793               0.000000011834 
 0.00000029794               0.0000000174123 
 0.00000029795               0.0000000248871 
 0.00000029796               0.0000000293529 
 0.00000029797               0.0000000306959 
 0.00000029798               0.0000000309571 
 0.00000029799               0.0000000310112 
 0.000000298   0.0000000310263 
 0.00000029801               0.0000000309965 
 0.00000029802               0.0000000308967 
 0.00000029803               0.0000000307833 
 0.00000029804               0.000000030724 
 0.00000029805               0.0000000305864 
 0.00000029806               0.0000000300149 
 0.00000029807               0.0000000286863 
 0.00000029808               0.0000000267937 
 0.00000029809               0.0000000252707 
 0.0000002981                0.0000000250891 
 0.00000029811               0.0000000263468 
 0.00000029812               0.000000028165 
 0.00000029813               0.0000000295326 
 0.00000029814               0.0000000301689 
 0.00000029815               0.0000000303422 
 0.00000029816               0.0000000303235 
 0.00000029817               0.0000000302196 
 0.00000029818               0.0000000299758 
 0.00000029819               0.0000000295304 
 0.0000002982                0.0000000291276 
 0.00000029821               0.000000028992 
 0.00000029822               0.0000000286371 
 0.00000029823               0.0000000272104 
 0.00000029824               0.0000000237816 
 0.00000029825               0.0000000188512 
 0.00000029826               0.0000000157333 
 0.00000029827               0.0000000158693 
 0.00000029828               0.0000000171125 
 0.00000029829               0.0000000174112 
 0.0000002983                0.0000000176661 
 0.00000029831               0.0000000191159 
 0.00000029832               0.0000000217012 
 0.00000029833               0.0000000245275 
 0.00000029834               0.0000000266619 
 0.00000029835               0.0000000277916 
 0.00000029836               0.0000000282071 
 0.00000029837               0.0000000283131 
 0.00000029838               0.0000000283448 
 0.00000029839               0.0000000284021 
 0.0000002984                0.0000000285183 
 0.00000029841               0.0000000286682 
 0.00000029842               0.0000000287931 
 0.00000029843               0.0000000288478 
 0.00000029844               0.0000000288186 
 0.00000029845               0.000000028703 
 0.00000029846               0.0000000284955 
 0.00000029847               0.0000000282134 
 0.00000029848               0.0000000279386 
 0.00000029849               0.0000000277914 
 0.0000002985                0.000000027833 
 0.00000029851               0.0000000280072 
 0.00000029852               0.0000000281951 
 0.00000029853               0.0000000283132 
 0.00000029854               0.0000000283476 
 0.00000029855               0.0000000283145 
 0.00000029856               0.0000000281915 
 0.00000029857               0.0000000278189 
 0.00000029858               0.0000000267497 
 0.00000029859               0.0000000242113 
 0.0000002986                0.0000000196635 
 0.00000029861               0.0000000139046 
 0.00000029862               0.00000000889265 
 0.00000029863               0.00000000583494 
 0.00000029864               0.00000000456568 
 0.00000029865               0.00000000451715 
 0.00000029866               0.00000000520157 
 0.00000029867               0.00000000607708 
 0.00000029868               0.00000000680915 
 0.00000029869               0.00000000775409 
 0.0000002987                0.00000000967185 
 0.00000029871               0.0000000130795 
 0.00000029872               0.0000000176249 
 0.00000029873               0.0000000219704 
 0.00000029874               0.0000000249011 
 0.00000029875               0.0000000262946 
 0.00000029876               0.0000000266562 
 0.00000029877               0.0000000265813 
 0.00000029878               0.0000000265316 
 0.00000029879               0.0000000266959 
 0.0000002988                0.0000000269023 
 0.00000029881               0.0000000269983 
 0.00000029882               0.0000000270139 
 0.00000029883               0.0000000270002 
 0.00000029884               0.0000000269673 
 0.00000029885               0.0000000269128 
 0.00000029886               0.0000000268306 
 0.00000029887               0.0000000266893 
 0.00000029888               0.0000000264582 
 0.00000029889               0.0000000261157 
 0.0000002989                0.0000000256038 
 0.00000029891               0.0000000249288 
 0.00000029892               0.0000000243064 
 0.00000029893               0.0000000239828 
 0.00000029894               0.0000000239574 
 0.00000029895               0.0000000238775 
 0.00000029896               0.0000000230517 
 0.00000029897               0.0000000208771 
 0.00000029898               0.00000001762 
 0.00000029899               0.0000000144305 
 0.000000299   0.0000000123493 
 0.00000029901               0.000000011686 
 0.00000029902               0.0000000121757 
 0.00000029903               0.0000000132646 
 0.00000029904               0.0000000144348 
 0.00000029905               0.0000000155417 
 0.00000029906               0.000000016728 
 0.00000029907               0.0000000180573 
 0.00000029908               0.0000000194402 
 0.00000029909               0.0000000208478 
 0.0000002991                0.0000000222526 
 0.00000029911               0.0000000234275 
 0.00000029912               0.0000000241431 
 0.00000029913               0.0000000243949 
 0.00000029914               0.0000000243647 
 0.00000029915               0.0000000242536 
 0.00000029916               0.0000000238262 
 0.00000029917               0.000000020769 
 0.00000029918               0.0000000100876 
 0.00000029919               0.000000000843945 
 0.0000002992                3.60176E-12 
 0.00000029921               2.96815E-15 
 0.00000029922               6.20595E-17 
 0.00000029923               1.07506E-15 
 0.00000029924               1.12545E-12 
 0.00000029925               0.000000000421384 
 0.00000029926               0.00000000774038 
 0.00000029927               0.0000000192384 
 0.00000029928               0.0000000233289 
 0.00000029929               0.0000000241537 
 0.0000002993                0.000000024429 
 0.00000029931               0.0000000245817 
 0.00000029932               0.0000000246345 
 0.00000029933               0.0000000245961 
 0.00000029934               0.0000000244785 
 0.00000029935               0.0000000242994 
 0.00000029936               0.0000000241101 
 0.00000029937               0.0000000239921 
 0.00000029938               0.0000000239968 
 0.00000029939               0.0000000240931 
 0.0000002994                0.0000000241909 
 0.00000029941               0.0000000242218 
 0.00000029942               0.0000000242013 
 0.00000029943               0.0000000241845 
 0.00000029944               0.0000000242025 
 0.00000029945               0.0000000242234 
 0.00000029946               0.0000000242155 
 0.00000029947               0.0000000241796 
 0.00000029948               0.0000000241261 
 0.00000029949               0.0000000240466 
 0.0000002995                0.0000000238379 
 0.00000029951               0.0000000229084 
 0.00000029952               0.0000000193559 
 0.00000029953               0.0000000119285 
 0.00000029954               0.00000000540472 
 0.00000029955               0.00000000324102 
 0.00000029956               0.00000000450449 
 0.00000029957               0.00000000988063 
 0.00000029958               0.0000000171053 
 0.00000029959               0.0000000198158 
 0.0000002996                0.0000000168085 
 0.00000029961               0.0000000101722 
 0.00000029962               0.00000000401107 
 0.00000029963               0.00000000111298 
 0.00000029964               0.000000000323708 
 0.00000029965               0.000000000175437 
 0.00000029966               0.000000000248023 
 0.00000029967               0.000000000754019 
 0.00000029968               0.0000000028273 
 0.00000029969               0.00000000808705 
 0.0000002997                0.0000000150599 
 0.00000029971               0.000000020029 
 0.00000029972               0.0000000222145 
 0.00000029973               0.0000000228878 
 0.00000029974               0.0000000230298 
 0.00000029975               0.0000000230287 
 0.00000029976               0.0000000229916 
 0.00000029977               0.0000000229361 
 0.00000029978               0.0000000228339 
 0.00000029979               0.0000000226201 
 0.0000002998                0.0000000222793 
 0.00000029981               0.000000021982 
 0.00000029982               0.0000000219665 
 0.00000029983               0.000000022213 
 0.00000029984               0.000000022467 
 0.00000029985               0.0000000225678 
 0.00000029986               0.0000000225375 
 0.00000029987               0.0000000224341 
 0.00000029988               0.0000000223259 
 0.00000029989               0.0000000222695 
 0.0000002999                0.0000000222729 
 0.00000029991               0.0000000222762 
 0.00000029992               0.0000000222113 
 0.00000029993               0.0000000220022 
 0.00000029994               0.0000000214872 
 0.00000029995               0.0000000203361 
 0.00000029996               0.0000000181331 
 0.00000029997               0.0000000148715 
 0.00000029998               0.0000000114102 
 0.00000029999               0.00000000890065 
 0.0000003     0.00000000791906 
