 0.000000294   2.20268E-188 
 0.00000029401               2.50301E-188 
 0.00000029402               2.77026E-188 
 0.00000029403               2.94324E-188 
 0.00000029404               2.99791E-188 
 0.00000029405               2.94554E-188 
 0.00000029406               2.82818E-188 
 0.00000029407               2.70842E-188 
 0.00000029408               2.62768E-188 
 0.00000029409               2.57676E-188 
 0.0000002941                2.52186E-188 
 0.00000029411               2.44641E-188 
 0.00000029412               2.35573E-188 
 0.00000029413               2.25918E-188 
 0.00000029414               2.16248E-188 
 0.00000029415               2.07243E-188 
 0.00000029416               1.99176E-188 
 0.00000029417               1.91356E-188 
 0.00000029418               1.83365E-188 
 0.00000029419               1.75239E-188 
 0.0000002942                1.67428E-188 
 0.00000029421               1.60485E-188 
 0.00000029422               1.54083E-188 
 0.00000029423               1.4713E-188 
 0.00000029424               1.3751E-188 
 0.00000029425               1.20405E-188 
 0.00000029426               9.25197E-189 
 0.00000029427               6.3688E-189 
 0.00000029428               4.85963E-189 
 0.00000029429               5.08905E-189 
 0.0000002943                6.62201E-189 
 0.00000029431               8.25821E-189 
 0.00000029432               8.98477E-189 
 0.00000029433               9.01813E-189 
 0.00000029434               8.79298E-189 
 0.00000029435               8.41634E-189 
 0.00000029436               7.86802E-189 
 0.00000029437               7.17374E-189 
 0.00000029438               6.46371E-189 
 0.00000029439               5.88978E-189 
 0.0000002944                5.5379E-189 
 0.00000029441               5.45599E-189 
 0.00000029442               5.59754E-189 
 0.00000029443               5.74449E-189 
 0.00000029444               5.71737E-189 
 0.00000029445               5.5411E-189 
 0.00000029446               5.30449E-189 
 0.00000029447               5.05319E-189 
 0.00000029448               4.8E-189 
 0.00000029449               4.54722E-189 
 0.0000002945                4.29657E-189 
 0.00000029451               4.05254E-189 
 0.00000029452               3.82284E-189 
 0.00000029453               3.61496E-189 
 0.00000029454               3.40423E-189 
 0.00000029455               3.00022E-189 
 0.00000029456               1.80715E-189 
 0.00000029457               2.0398E-190 
 0.00000029458               8.37243E-194 
 0.00000029459               6.17418E-203 
 0.0000002946                1.41688E-220 
 0.00000029461               1.64873E-243 
 0.00000029462               3.06819E-260 
 0.00000029463               2.22394E-259 
 0.00000029464               1.43173E-241 
 0.00000029465               9.34141E-219 
 0.00000029466               7.12516E-202 
 0.00000029467               2.04645E-193 
 0.00000029468               2.1058E-190 
 0.00000029469               1.24467E-189 
 0.0000002947                1.69388E-189 
 0.00000029471               1.71311E-189 
 0.00000029472               1.66226E-189 
 0.00000029473               1.60518E-189 
 0.00000029474               1.54194E-189 
 0.00000029475               1.47075E-189 
 0.00000029476               1.40362E-189 
 0.00000029477               1.34915E-189 
 0.00000029478               1.29796E-189 
 0.00000029479               1.24231E-189 
 0.0000002948                1.18163E-189 
 0.00000029481               1.12314E-189 
 0.00000029482               1.07608E-189 
 0.00000029483               1.03641E-189 
 0.00000029484               9.96656E-190 
 0.00000029485               9.55747E-190 
 0.00000029486               9.14348E-190 
 0.00000029487               8.72333E-190 
 0.00000029488               8.2928E-190 
 0.00000029489               7.85223E-190 
 0.0000002949                7.41259E-190 
 0.00000029491               6.99795E-190 
 0.00000029492               6.63767E-190 
 0.00000029493               6.33717E-190 
 0.00000029494               6.07261E-190 
 0.00000029495               5.83199E-190 
 0.00000029496               5.62067E-190 
 0.00000029497               5.42768E-190 
 0.00000029498               5.23209E-190 
 0.00000029499               5.02377E-190 
 0.000000295   4.80656E-190 
 0.00000029501               4.58879E-190 
 0.00000029502               4.37374E-190 
 0.00000029503               4.15704E-190 
 0.00000029504               3.92986E-190 
 0.00000029505               3.69021E-190 
 0.00000029506               3.45251E-190 
 0.00000029507               3.23672E-190 
 0.00000029508               3.05169E-190 
 0.00000029509               2.89281E-190 
 0.0000002951                2.7467E-190 
 0.00000029511               2.57488E-190 
 0.00000029512               2.3023E-190 
 0.00000029513               1.8906E-190 
 0.00000029514               1.44322E-190 
 0.00000029515               1.12847E-190 
 0.00000029516               1.02132E-190 
 0.00000029517               1.09564E-190 
 0.00000029518               1.25325E-190 
 0.00000029519               1.33612E-190 
 0.0000002952                1.23778E-190 
 0.00000029521               1.04707E-190 
 0.00000029522               9.50394E-191 
 0.00000029523               1.02585E-190 
 0.00000029524               1.21012E-190 
 0.00000029525               1.36044E-190 
 0.00000029526               1.40177E-190 
 0.00000029527               1.36002E-190 
 0.00000029528               1.27538E-190 
 0.00000029529               1.17984E-190 
 0.0000002953                1.10427E-190 
 0.00000029531               1.06625E-190 
 0.00000029532               1.05905E-190 
 0.00000029533               1.05909E-190 
 0.00000029534               1.04582E-190 
 0.00000029535               1.01351E-190 
 0.00000029536               9.6817E-191 
 0.00000029537               9.19818E-191 
 0.00000029538               8.77745E-191 
 0.00000029539               8.44509E-191 
 0.0000002954                8.13123E-191 
 0.00000029541               7.74391E-191 
 0.00000029542               7.31395E-191 
 0.00000029543               6.98119E-191 
 0.00000029544               6.76958E-191 
 0.00000029545               6.55545E-191 
 0.00000029546               6.26754E-191 
 0.00000029547               5.93552E-191 
 0.00000029548               5.59667E-191 
 0.00000029549               5.25624E-191 
 0.0000002955                4.91008E-191 
 0.00000029551               4.58796E-191 
 0.00000029552               4.35417E-191 
 0.00000029553               4.24065E-191 
 0.00000029554               4.20165E-191 
 0.00000029555               4.15453E-191 
 0.00000029556               4.05362E-191 
 0.00000029557               3.9076E-191 
 0.00000029558               3.7426E-191 
 0.00000029559               3.57481E-191 
 0.0000002956                3.40956E-191 
 0.00000029561               3.24737E-191 
 0.00000029562               3.08713E-191 
 0.00000029563               2.92875E-191 
 0.00000029564               2.7756E-191 
 0.00000029565               2.63438E-191 
 0.00000029566               2.50496E-191 
 0.00000029567               2.36431E-191 
 0.00000029568               2.19928E-191 
 0.00000029569               2.07706E-191 
 0.0000002957                2.04915E-191 
 0.00000029571               2.04239E-191 
 0.00000029572               1.99173E-191 
 0.00000029573               1.91251E-191 
 0.00000029574               1.8282E-191 
 0.00000029575               1.74538E-191 
 0.00000029576               1.66332E-191 
 0.00000029577               1.58293E-191 
 0.00000029578               1.50806E-191 
 0.00000029579               1.43986E-191 
 0.0000002958                1.37631E-191 
 0.00000029581               1.31634E-191 
 0.00000029582               1.25875E-191 
 0.00000029583               1.20234E-191 
 0.00000029584               1.14739E-191 
 0.00000029585               1.09525E-191 
 0.00000029586               1.04687E-191 
 0.00000029587               1.00226E-191 
 0.00000029588               9.60817E-192 
 0.00000029589               9.21464E-192 
 0.0000002959                8.82883E-192 
 0.00000029591               8.43319E-192 
 0.00000029592               8.02194E-192 
 0.00000029593               7.63827E-192 
 0.00000029594               7.32917E-192 
 0.00000029595               7.06813E-192 
 0.00000029596               6.80376E-192 
 0.00000029597               6.51931E-192 
 0.00000029598               6.14181E-192 
 0.00000029599               5.13205E-192 
 0.000000296   2.09625E-192 
 0.00000029601               3.5762E-194 
 0.00000029602               2.47342E-200 
 0.00000029603               4.3509E-216 
 0.00000029604               1.01825E-244 
 0.00000029605               2.27931E-279 
 0.00000029606               1.25668E-301 
 0.00000029607               3.79344E-296 
 0.00000029608               6.32795E-267 
 0.00000029609               7.53614E-233 
 0.0000002961                6.254E-209 
 0.00000029611               2.06059E-197 
 0.00000029612               1.9115E-193 
 0.00000029613               1.80672E-192 
 0.00000029614               2.48945E-192 
 0.00000029615               2.31925E-192 
 0.00000029616               2.09538E-192 
 0.00000029617               1.99204E-192 
 0.00000029618               1.98818E-192 
 0.00000029619               1.95791E-192 
 0.0000002962                1.737E-192 
 0.00000029621               1.48555E-192 
 0.00000029622               1.51966E-192 
 0.00000029623               1.70224E-192 
 0.00000029624               1.75674E-192 
 0.00000029625               1.71737E-192 
 0.00000029626               1.67146E-192 
 0.00000029627               1.62542E-192 
 0.00000029628               1.57071E-192 
 0.00000029629               1.51247E-192 
 0.0000002963                1.45482E-192 
 0.00000029631               1.39805E-192 
 0.00000029632               1.33506E-192 
 0.00000029633               1.26495E-192 
 0.00000029634               1.19003E-192 
 0.00000029635               1.11872E-192 
 0.00000029636               1.06015E-192 
 0.00000029637               1.01768E-192 
 0.00000029638               9.89934E-193 
 0.00000029639               9.69412E-193 
 0.0000002964                9.43649E-193 
 0.00000029641               9.08485E-193 
 0.00000029642               8.67704E-193 
 0.00000029643               8.25743E-193 
 0.00000029644               7.85308E-193 
 0.00000029645               7.47369E-193 
 0.00000029646               7.15587E-193 
 0.00000029647               6.81658E-193 
 0.00000029648               6.48878E-193 
 0.00000029649               6.16838E-193 
 0.0000002965                5.8482E-193 
 0.00000029651               5.52344E-193 
 0.00000029652               5.20597E-193 
 0.00000029653               4.91963E-193 
 0.00000029654               4.68292E-193 
 0.00000029655               4.53592E-193 
 0.00000029656               4.37063E-193 
 0.00000029657               4.18849E-193 
 0.00000029658               3.9507E-193 
 0.00000029659               3.64145E-193 
 0.0000002966                3.27517E-193 
 0.00000029661               2.8964E-193 
 0.00000029662               2.57891E-193 
 0.00000029663               2.37806E-193 
 0.00000029664               2.27687E-193 
 0.00000029665               2.22137E-193 
 0.00000029666               2.18974E-193 
 0.00000029667               2.19269E-193 
 0.00000029668               2.23531E-193 
 0.00000029669               2.29949E-193 
 0.0000002967                2.34336E-193 
 0.00000029671               2.32627E-193 
 0.00000029672               2.24076E-193 
 0.00000029673               2.10852E-193 
 0.00000029674               1.96028E-193 
 0.00000029675               1.82339E-193 
 0.00000029676               1.71828E-193 
 0.00000029677               1.65378E-193 
 0.00000029678               1.6199E-193 
 0.00000029679               1.59256E-193 
 0.0000002968                1.55263E-193 
 0.00000029681               1.49664E-193 
 0.00000029682               1.41647E-193 
 0.00000029683               1.28776E-193 
 0.00000029684               1.09975E-193 
 0.00000029685               8.85246E-194 
 0.00000029686               7.04242E-194 
 0.00000029687               5.97044E-194 
 0.00000029688               5.68674E-194 
 0.00000029689               6.05048E-194 
 0.0000002969                6.82206E-194 
 0.00000029691               7.6625E-194 
 0.00000029692               8.2363E-194 
 0.00000029693               8.4067E-194 
 0.00000029694               8.27288E-194 
 0.00000029695               8.0108E-194 
 0.00000029696               7.73029E-194 
 0.00000029697               7.4515E-194 
 0.00000029698               7.15923E-194 
 0.00000029699               6.8512E-194 
 0.000000297   6.5425E-194 
 0.00000029701               6.24949E-194 
 0.00000029702               5.97877E-194 
 0.00000029703               5.7249E-194 
 0.00000029704               5.47515E-194 
 0.00000029705               5.21836E-194 
 0.00000029706               4.95176E-194 
 0.00000029707               4.68167E-194 
 0.00000029708               4.42007E-194 
 0.00000029709               4.18055E-194 
 0.0000002971                3.97392E-194 
 0.00000029711               3.8033E-194 
 0.00000029712               3.66228E-194 
 0.00000029713               3.53898E-194 
 0.00000029714               3.4229E-194 
 0.00000029715               3.30755E-194 
 0.00000029716               3.18924E-194 
 0.00000029717               3.06672E-194 
 0.00000029718               2.94005E-194 
 0.00000029719               2.81158E-194 
 0.0000002972                2.68332E-194 
 0.00000029721               2.55816E-194 
 0.00000029722               2.43997E-194 
 0.00000029723               2.33103E-194 
 0.00000029724               2.23099E-194 
 0.00000029725               2.13596E-194 
 0.00000029726               2.03159E-194 
 0.00000029727               1.85112E-194 
 0.00000029728               1.42851E-194 
 0.00000029729               8.374E-195 
 0.0000002973                5.1132E-195 
 0.00000029731               5.37525E-195 
 0.00000029732               8.00825E-195 
 0.00000029733               1.04793E-194 
 0.00000029734               1.15145E-194 
 0.00000029735               1.18952E-194 
 0.00000029736               1.19383E-194 
 0.00000029737               1.17228E-194 
 0.00000029738               1.14403E-194 
 0.00000029739               1.11766E-194 
 0.0000002974                1.08513E-194 
 0.00000029741               1.04397E-194 
 0.00000029742               9.99803E-195 
 0.00000029743               9.56274E-195 
 0.00000029744               9.13745E-195 
 0.00000029745               8.72132E-195 
 0.00000029746               8.31749E-195 
 0.00000029747               7.91659E-195 
 0.00000029748               7.50406E-195 
 0.00000029749               7.10179E-195 
 0.0000002975                6.76885E-195 
 0.00000029751               6.52331E-195 
 0.00000029752               6.30661E-195 
 0.00000029753               6.07352E-195 
 0.00000029754               5.82971E-195 
 0.00000029755               5.58605E-195 
 0.00000029756               5.34483E-195 
 0.00000029757               5.10752E-195 
 0.00000029758               4.87611E-195 
 0.00000029759               4.65122E-195 
 0.0000002976                4.42979E-195 
 0.00000029761               4.20146E-195 
 0.00000029762               3.94506E-195 
 0.00000029763               3.62791E-195 
 0.00000029764               3.21366E-195 
 0.00000029765               2.68792E-195 
 0.00000029766               2.0924E-195 
 0.00000029767               1.52085E-195 
 0.00000029768               1.06546E-195 
 0.00000029769               7.57136E-196 
 0.0000002977                5.75392E-196 
 0.00000029771               4.93592E-196 
 0.00000029772               4.92618E-196 
 0.00000029773               5.65046E-196 
 0.00000029774               7.12067E-196 
 0.00000029775               9.30782E-196 
 0.00000029776               1.19541E-195 
 0.00000029777               1.44894E-195 
 0.00000029778               1.62479E-195 
 0.00000029779               1.66109E-195 
 0.0000002978                1.52201E-195 
 0.00000029781               1.33574E-195 
 0.00000029782               1.25168E-195 
 0.00000029783               1.16667E-195 
 0.00000029784               9.91507E-196 
 0.00000029785               8.31221E-196 
 0.00000029786               7.7125E-196 
 0.00000029787               8.17486E-196 
 0.00000029788               9.23646E-196 
 0.00000029789               1.01276E-195 
 0.0000002979                1.03415E-195 
 0.00000029791               1.0078E-195 
 0.00000029792               9.79835E-196 
 0.00000029793               9.57568E-196 
 0.00000029794               9.19007E-196 
 0.00000029795               8.48485E-196 
 0.00000029796               7.62089E-196 
 0.00000029797               7.09841E-196 
 0.00000029798               7.07145E-196 
 0.00000029799               7.13407E-196 
 0.000000298   7.00717E-196 
 0.00000029801               6.78011E-196 
 0.00000029802               6.54278E-196 
 0.00000029803               6.30233E-196 
 0.00000029804               6.05693E-196 
 0.00000029805               5.81121E-196 
 0.00000029806               5.56567E-196 
 0.00000029807               5.31488E-196 
 0.00000029808               5.05854E-196 
 0.00000029809               4.81523E-196 
 0.0000002981                4.5992E-196 
 0.00000029811               4.3911E-196 
 0.00000029812               4.16965E-196 
 0.00000029813               3.93915E-196 
 0.00000029814               3.71509E-196 
 0.00000029815               3.50958E-196 
 0.00000029816               3.32808E-196 
 0.00000029817               3.17026E-196 
 0.00000029818               3.03154E-196 
 0.00000029819               2.90677E-196 
 0.0000002982                2.79345E-196 
 0.00000029821               2.68698E-196 
 0.00000029822               2.5559E-196 
 0.00000029823               2.20947E-196 
 0.00000029824               1.0314E-196 
 0.00000029825               2.31019E-198 
 0.00000029826               9.37417E-205 
 0.00000029827               3.96358E-223 
 0.00000029828               2.5278E-261 
 0.00000029829              2.8216e-316
 0.0000002983                0 
 0.00000029831               0 
 0.00000029832               0 
 0.00000029833               3.16042E-286 
 0.00000029834               1.4638E-238 
 0.00000029835               1.62509E-211 
 0.00000029836               1.28244E-200 
 0.00000029837               2.02344E-197 
 0.00000029838               9.75239E-197 
 0.00000029839               1.21221E-196 
 0.0000002984                1.19416E-196 
 0.00000029841               1.1405E-196 
 0.00000029842               1.08133E-196 
 0.00000029843               1.01742E-196 
 0.00000029844               9.54513E-197 
 0.00000029845               9.0522E-197 
 0.00000029846               8.72275E-197 
 0.00000029847               8.44095E-197 
 0.00000029848               8.09036E-197 
 0.00000029849               7.67619E-197 
 0.0000002985                7.32831E-197 
 0.00000029851               7.06076E-197 
 0.00000029852               6.73516E-197 
 0.00000029853               6.31282E-197 
 0.00000029854               5.85198E-197 
 0.00000029855               5.42256E-197 
 0.00000029856               5.08765E-197 
 0.00000029857               4.85833E-197 
 0.00000029858               4.66861E-197 
 0.00000029859               4.4475E-197 
 0.0000002986                4.20822E-197 
 0.00000029861               4.02415E-197 
 0.00000029862               3.87639E-197 
 0.00000029863               3.69968E-197 
 0.00000029864               3.44638E-197 
 0.00000029865               3.21164E-197 
 0.00000029866               3.11738E-197 
 0.00000029867               3.1342E-197 
 0.00000029868               3.12953E-197 
 0.00000029869               3.02824E-197 
 0.0000002987                2.78514E-197 
 0.00000029871               2.15488E-197 
 0.00000029872               9.08892E-198 
 0.00000029873               9.04449E-199 
 0.00000029874               1.29584E-200 
 0.00000029875               1.07549E-202 
 0.00000029876               1.2269E-203 
 0.00000029877               1.11303E-202 
 0.00000029878               1.26776E-200 
 0.00000029879               7.77543E-199 
 0.0000002988                6.80766E-198 
 0.00000029881               1.42499E-197 
 0.00000029882               1.61831E-197 
 0.00000029883               1.49608E-197 
 0.00000029884               1.26927E-197 
 0.00000029885               1.07156E-197 
 0.00000029886               9.93825E-198 
 0.00000029887               1.04154E-197 
 0.00000029888               1.1448E-197 
 0.00000029889               1.20602E-197 
 0.0000002989                1.1839E-197 
 0.00000029891               1.11728E-197 
 0.00000029892               1.06073E-197 
 0.00000029893               1.02408E-197 
 0.00000029894               9.69614E-198 
 0.00000029895               8.42148E-198 
 0.00000029896               6.32369E-198 
 0.00000029897               4.38379E-198 
 0.00000029898               3.52846E-198 
 0.00000029899               3.89021E-198 
 0.000000299   5.19863E-198 
 0.00000029901               6.4692E-198 
 0.00000029902               6.8808E-198 
 0.00000029903               6.75502E-198 
 0.00000029904               6.50872E-198 
 0.00000029905               6.24681E-198 
 0.00000029906               5.96927E-198 
 0.00000029907               5.64305E-198 
 0.00000029908               5.23581E-198 
 0.00000029909               4.83713E-198 
 0.0000002991                4.61509E-198 
 0.00000029911               4.55211E-198 
 0.00000029912               4.47853E-198 
 0.00000029913               4.32986E-198 
 0.00000029914               4.14552E-198 
 0.00000029915               3.94928E-198 
 0.00000029916               3.71773E-198 
 0.00000029917               3.40519E-198 
 0.00000029918               3.04552E-198 
 0.00000029919               2.76001E-198 
 0.0000002992                2.34548E-198 
 0.00000029921               1.02303E-198 
 0.00000029922               7.22673E-200 
 0.00000029923               1.35169E-201 
 0.00000029924               3.00886E-202 
 0.00000029925               4.82778E-201 
 0.00000029926               1.77986E-199 
 0.00000029927               9.95672E-199 
 0.00000029928               1.33756E-198 
 0.00000029929               1.11293E-198 
 0.0000002993                8.61407E-199 
 0.00000029931               7.42719E-199 
 0.00000029932               7.70181E-199 
 0.00000029933               9.14919E-199 
 0.00000029934               1.10605E-198 
 0.00000029935               1.25077E-198 
 0.00000029936               1.31089E-198 
 0.00000029937               1.31253E-198 
 0.00000029938               1.29059E-198 
 0.00000029939               1.26E-198 
 0.0000002994                1.22354E-198 
 0.00000029941               1.18161E-198 
 0.00000029942               1.13161E-198 
 0.00000029943               1.06538E-198 
 0.00000029944               9.855E-199 
 0.00000029945               9.22613E-199 
 0.00000029946               8.98316E-199 
 0.00000029947               8.92394E-199 
 0.00000029948               8.73979E-199 
 0.00000029949               8.38269E-199 
 0.0000002995                7.92261E-199 
 0.00000029951               7.38368E-199 
 0.00000029952               6.79334E-199 
 0.00000029953               6.26308E-199 
 0.00000029954               5.91701E-199 
 0.00000029955               5.76933E-199 
 0.00000029956               5.72487E-199 
 0.00000029957               5.66085E-199 
 0.00000029958               5.51704E-199 
 0.00000029959               5.30805E-199 
 0.0000002996                5.0687E-199 
 0.00000029961               4.81034E-199 
 0.00000029962               4.53576E-199 
 0.00000029963               4.29491E-199 
 0.00000029964               4.13289E-199 
 0.00000029965               3.99887E-199 
 0.00000029966               3.82404E-199 
 0.00000029967               3.60078E-199 
 0.00000029968               3.36979E-199 
 0.00000029969               3.18886E-199 
 0.0000002997                3.06918E-199 
 0.00000029971               2.9672E-199 
 0.00000029972               2.8535E-199 
 0.00000029973               2.73339E-199 
 0.00000029974               2.61345E-199 
 0.00000029975               2.49656E-199 
 0.00000029976               2.39248E-199 
 0.00000029977               2.2924E-199 
 0.00000029978               2.17286E-199 
 0.00000029979               2.04868E-199 
 0.0000002998                1.95865E-199 
 0.00000029981               1.90283E-199 
 0.00000029982               1.84675E-199 
 0.00000029983               1.77324E-199 
 0.00000029984               1.69064E-199 
 0.00000029985               1.60892E-199 
 0.00000029986               1.5296E-199 
 0.00000029987               1.44999E-199 
 0.00000029988               1.37075E-199 
 0.00000029989               1.29755E-199 
 0.0000002999                1.2317E-199 
 0.00000029991               1.16787E-199 
 0.00000029992               1.10955E-199 
 0.00000029993               1.06718E-199 
 0.00000029994               1.03656E-199 
 0.00000029995               1.00351E-199 
 0.00000029996               9.62718E-200 
 0.00000029997               9.16705E-200 
 0.00000029998               8.68007E-200 
 0.00000029999               8.18226E-200 
 0.0000003     7.68451E-200 
