 0.000000294   0.00000167151 
 0.00000029401               0.00000129625 
 0.00000029402               0.000000750928 
 0.00000029403               0.000000264144 
 0.00000029404               0.0000000629888 
 0.00000029405               0.0000000177444 
 0.00000029406               0.0000000110076 
 0.00000029407               0.0000000196679 
 0.00000029408               0.0000000739936 
 0.00000029409               0.000000305336 
 0.0000002941                0.000000855446 
 0.00000029411               0.00000148399 
 0.00000029412               0.00000184705 
 0.00000029413               0.00000196195 
 0.00000029414               0.00000197299 
 0.00000029415               0.00000194138 
 0.00000029416               0.00000186646 
 0.00000029417               0.00000174775 
 0.00000029418               0.0000016041 
 0.00000029419               0.0000014661 
 0.0000002942                0.00000136751 
 0.00000029421               0.00000133707 
 0.00000029422               0.00000137997 
 0.00000029423               0.00000147815 
 0.00000029424               0.0000016081 
 0.00000029425               0.00000174366 
 0.00000029426               0.00000186228 
 0.00000029427               0.00000195419 
 0.00000029428               0.00000201014 
 0.00000029429               0.00000201733 
 0.0000002943                0.00000196346 
 0.00000029431               0.00000182388 
 0.00000029432               0.00000155832 
 0.00000029433               0.00000114493 
 0.00000029434               0.000000649938 
 0.00000029435               0.000000244888 
 0.00000029436               0.0000000505952 
 0.00000029437               0.00000000465681 
 0.00000029438               0.000000000159735 
 0.00000029439               1.89713E-12 
 0.0000002944                8.79301E-15 
 0.00000029441               2.2847E-17 
 0.00000029442               5.93022E-20 
 0.00000029443               3.12735E-22 
 0.00000029444               6.92816E-24 
 0.00000029445               1.16429E-24 
 0.00000029446               2.00074E-24 
 0.00000029447               3.23343E-23 
 0.00000029448               3.14911E-21 
 0.00000029449               9.29662E-19 
 0.0000002945                3.89304E-16 
 0.00000029451               1.18517E-13 
 0.00000029452               1.64308E-11 
 0.00000029453               0.000000000822578 
 0.00000029454               0.0000000144722 
 0.00000029455               0.000000100334 
 0.00000029456               0.000000334172 
 0.00000029457               0.000000677241 
 0.00000029458               0.0000010372 
 0.00000029459               0.0000013745 
 0.0000002946                0.00000165438 
 0.00000029461               0.0000018362 
 0.00000029462               0.00000192125 
 0.00000029463               0.00000194512 
 0.00000029464               0.00000194152 
 0.00000029465               0.00000193153 
 0.00000029466               0.00000192807 
 0.00000029467               0.00000193396 
 0.00000029468               0.00000194238 
 0.00000029469               0.00000194587 
 0.0000002947                0.00000194384 
 0.00000029471               0.00000193549 
 0.00000029472               0.00000188035 
 0.00000029473               0.00000164147 
 0.00000029474               0.00000114358 
 0.00000029475               0.000000691254 
 0.00000029476               0.000000551989 
 0.00000029477               0.000000744859 
 0.00000029478               0.00000123094 
 0.00000029479               0.00000169625 
 0.0000002948                0.00000188386 
 0.00000029481               0.0000019061 
 0.00000029482               0.00000190505 
 0.00000029483               0.00000192127 
 0.00000029484               0.00000193854 
 0.00000029485               0.00000194452 
 0.00000029486               0.00000194342 
 0.00000029487               0.0000019399 
 0.00000029488               0.00000193445 
 0.00000029489               0.00000192514 
 0.0000002949                0.0000019088 
 0.00000029491               0.00000188343 
 0.00000029492               0.00000185181 
 0.00000029493               0.00000182215 
 0.00000029494               0.00000180292 
 0.00000029495               0.00000179493 
 0.00000029496               0.00000178034 
 0.00000029497               0.00000172045 
 0.00000029498               0.00000162586 
 0.00000029499               0.00000160516 
 0.000000295   0.00000170589 
 0.00000029501               0.00000182574 
 0.00000029502               0.00000187891 
 0.00000029503               0.00000188546 
 0.00000029504               0.00000188168 
 0.00000029505               0.00000187997 
 0.00000029506               0.00000187975 
 0.00000029507               0.00000187867 
 0.00000029508               0.0000018763 
 0.00000029509               0.0000018715 
 0.0000002951                0.00000186195 
 0.00000029511               0.00000185116 
 0.00000029512               0.00000184685 
 0.00000029513               0.00000184538 
 0.00000029514               0.00000183908 
 0.00000029515               0.0000018302 
 0.00000029516               0.00000182466 
 0.00000029517               0.00000182555 
 0.00000029518               0.00000183199 
 0.00000029519               0.00000184009 
 0.0000002952                0.00000184521 
 0.00000029521               0.00000184427 
 0.00000029522               0.00000183807 
 0.00000029523               0.00000183032 
 0.00000029524               0.00000182345 
 0.00000029525               0.00000181531 
 0.00000029526               0.00000179875 
 0.00000029527               0.00000176083 
 0.00000029528               0.00000167901 
 0.00000029529               0.00000151417 
 0.0000002953                0.00000122213 
 0.00000029531               0.000000803008 
 0.00000029532               0.000000369537 
 0.00000029533               0.0000000960926 
 0.00000029534               0.0000000107798 
 0.00000029535               0.000000000390194 
 0.00000029536               3.55613E-12 
 0.00000029537               7.28924E-15 
 0.00000029538               3.83288E-18 
 0.00000029539               8.16104E-22 
 0.0000002954                1.53882E-25 
 0.00000029541               7.03225E-29 
 0.00000029542               2.15669E-31 
 0.00000029543               9.28075E-33 
 0.00000029544               7.46497E-33 
 0.00000029545               1.21105E-31 
 0.00000029546               4.29196E-29 
 0.00000029547               1.97489E-25 
 0.00000029548               2.59737E-21 
 0.00000029549               1.98724E-17 
 0.0000002955                3.76929E-14 
 0.00000029551               1.38484E-11 
 0.00000029552               0.00000000103166 
 0.00000029553               0.0000000191339 
 0.00000029554               0.000000118965 
 0.00000029555               0.000000347942 
 0.00000029556               0.000000654529 
 0.00000029557               0.000000969971 
 0.00000029558               0.00000122901 
 0.00000029559               0.00000138746 
 0.0000002956                0.00000145722 
 0.00000029561               0.00000144803 
 0.00000029562               0.00000136813 
 0.00000029563               0.00000129719 
 0.00000029564               0.00000132327 
 0.00000029565               0.00000144257 
 0.00000029566               0.00000157419 
 0.00000029567               0.00000165764 
 0.00000029568               0.00000169279 
 0.00000029569               0.00000169717 
 0.0000002957                0.00000168379 
 0.00000029571               0.00000167018 
 0.00000029572               0.00000166964 
 0.00000029573               0.00000168234 
 0.00000029574               0.00000169968 
 0.00000029575               0.00000171311 
 0.00000029576               0.00000171959 
 0.00000029577               0.00000172085 
 0.00000029578               0.00000171946 
 0.00000029579               0.00000171688 
 0.0000002958                0.0000017137 
 0.00000029581               0.00000171003 
 0.00000029582               0.00000170521 
 0.00000029583               0.00000169671 
 0.00000029584               0.00000167646 
 0.00000029585               0.00000163056 
 0.00000029586               0.00000156742 
 0.00000029587               0.00000153493 
 0.00000029588               0.00000155296 
 0.00000029589               0.00000159107 
 0.0000002959                0.0000016261 
 0.00000029591               0.00000165199 
 0.00000029592               0.00000166787 
 0.00000029593               0.00000167639 
 0.00000029594               0.00000168026 
 0.00000029595               0.00000168098 
 0.00000029596               0.00000167981 
 0.00000029597               0.00000167778 
 0.00000029598               0.00000167538 
 0.00000029599               0.00000167263 
 0.000000296   0.00000166962 
 0.00000029601               0.00000166682 
 0.00000029602               0.00000166458 
 0.00000029603               0.00000166258 
 0.00000029604               0.00000166024 
 0.00000029605               0.00000165764 
 0.00000029606               0.00000165547 
 0.00000029607               0.00000165383 
 0.00000029608               0.00000165185 
 0.00000029609               0.00000164791 
 0.0000002961                0.00000164073 
 0.00000029611               0.00000163327 
 0.00000029612               0.00000164316 
 0.00000029613               0.00000164091 
 0.00000029614               0.00000163747 
 0.00000029615               0.0000016361 
 0.00000029616               0.00000163802 
 0.00000029617               0.0000016398 
 0.00000029618               0.00000163952 
 0.00000029619               0.00000163776 
 0.0000002962                0.00000163488 
 0.00000029621               0.00000163168 
 0.00000029622               0.0000016297 
 0.00000029623               0.00000162863 
 0.00000029624               0.00000162635 
 0.00000029625               0.0000016221 
 0.00000029626               0.00000161757 
 0.00000029627               0.00000161297 
 0.00000029628               0.00000160586 
 0.00000029629               0.00000159611 
 0.0000002963                0.00000158723 
 0.00000029631               0.00000158168 
 0.00000029632               0.00000157544 
 0.00000029633               0.00000156049 
 0.00000029634               0.00000153591 
 0.00000029635               0.00000151226 
 0.00000029636               0.00000149596 
 0.00000029637               0.0000014828 
 0.00000029638               0.0000014843 
 0.00000029639               0.00000150708 
 0.0000002964                0.00000149275 
 0.00000029641               0.00000128799 
 0.00000029642               0.000000774618 
 0.00000029643               0.000000301825 
 0.00000029644               0.000000136373 
 0.00000029645               0.000000157829 
 0.00000029646               0.000000391292 
 0.00000029647               0.000000885043 
 0.00000029648               0.00000128422 
 0.00000029649               0.00000143257 
 0.0000002965                0.00000148283 
 0.00000029651               0.00000151062 
 0.00000029652               0.00000152146 
 0.00000029653               0.00000149882 
 0.00000029654               0.00000140515 
 0.00000029655               0.00000121027 
 0.00000029656               0.000000962548 
 0.00000029657               0.000000774671 
 0.00000029658               0.000000719057 
 0.00000029659               0.000000794946 
 0.0000002966                0.00000094904 
 0.00000029661               0.00000110714 
 0.00000029662               0.00000123301 
 0.00000029663               0.00000133167 
 0.00000029664               0.00000140987 
 0.00000029665               0.00000146585 
 0.00000029666               0.00000149895 
 0.00000029667               0.00000151411 
 0.00000029668               0.0000015183 
 0.00000029669               0.00000151273 
 0.0000002967                0.00000148734 
 0.00000029671               0.00000142121 
 0.00000029672               0.00000129181 
 0.00000029673               0.00000108713 
 0.00000029674               0.000000805131 
 0.00000029675               0.00000046706 
 0.00000029676               0.000000170612 
 0.00000029677               0.0000000284481 
 0.00000029678               0.00000000145067 
 0.00000029679               1.62141E-11 
 0.0000002968                2.17007E-14 
 0.00000029681               3.08257E-18 
 0.00000029682               5.15999E-23 
 0.00000029683               1.7947E-28 
 0.00000029684               3.7846E-34 
 0.00000029685               2.1112E-39 
 0.00000029686               1.57933E-43 
 0.00000029687               6.56523E-46 
 0.00000029688               3.62768E-46 
 0.00000029689               2.93102E-44 
 0.0000002969                1.70766E-40 
 0.00000029691               1.91143E-35 
 0.00000029692               8.23495E-30 
 0.00000029693               2.95162E-24 
 0.00000029694               2.70955E-19 
 0.00000029695               3.18957E-15 
 0.00000029696               3.86232E-12 
 0.00000029697               0.00000000055363 
 0.00000029698               0.0000000135401 
 0.00000029699               0.0000000915031 
 0.000000297   0.000000281199 
 0.00000029701               0.000000573452 
 0.00000029702               0.00000092816 
 0.00000029703               0.00000125197 
 0.00000029704               0.00000145554 
 0.00000029705               0.00000153702 
 0.00000029706               0.00000154418 
 0.00000029707               0.00000151653 
 0.00000029708               0.00000148153 
 0.00000029709               0.00000146943 
 0.0000002971                0.00000149547 
 0.00000029711               0.00000153678 
 0.00000029712               0.00000156557 
 0.00000029713               0.00000157976 
 0.00000029714               0.00000158759 
 0.00000029715               0.00000159231 
 0.00000029716               0.00000159436 
 0.00000029717               0.00000159438 
 0.00000029718               0.0000015927 
 0.00000029719               0.00000158934 
 0.0000002972                0.00000158533 
 0.00000029721               0.00000158164 
 0.00000029722               0.0000015781 
 0.00000029723               0.00000157535 
 0.00000029724               0.00000157431 
 0.00000029725               0.00000157409 
 0.00000029726               0.00000156891 
 0.00000029727               0.00000152723 
 0.00000029728               0.0000013448 
 0.00000029729               0.000000938123 
 0.0000002973                0.000000501477 
 0.00000029731               0.000000252662 
 0.00000029732               0.000000174593 
 0.00000029733               0.000000220456 
 0.00000029734               0.000000435353 
 0.00000029735               0.000000841877 
 0.00000029736               0.00000122586 
 0.00000029737               0.00000141278 
 0.00000029738               0.00000146824 
 0.00000029739               0.00000148738 
 0.0000002974                0.000001505 
 0.00000029741               0.00000152167 
 0.00000029742               0.00000152848 
 0.00000029743               0.00000149663 
 0.00000029744               0.00000132927 
 0.00000029745               0.000000941055 
 0.00000029746               0.000000546432 
 0.00000029747               0.000000391824 
 0.00000029748               0.000000493705 
 0.00000029749               0.000000843182 
 0.0000002975                0.00000123511 
 0.00000029751               0.00000140779 
 0.00000029752               0.00000141188 
 0.00000029753               0.00000135178 
 0.00000029754               0.00000126122 
 0.00000029755               0.00000118761 
 0.00000029756               0.00000118374 
 0.00000029757               0.00000123487 
 0.00000029758               0.00000130102 
 0.00000029759               0.00000136311 
 0.0000002976                0.00000140344 
 0.00000029761               0.00000141148 
 0.00000029762               0.00000139982 
 0.00000029763               0.00000139397 
 0.00000029764               0.00000140809 
 0.00000029765               0.0000014349 
 0.00000029766               0.0000014588 
 0.00000029767               0.00000147236 
 0.00000029768               0.0000014775 
 0.00000029769               0.00000147738 
 0.0000002977                0.00000147405 
 0.00000029771               0.00000147101 
 0.00000029772               0.00000146991 
 0.00000029773               0.00000146857 
 0.00000029774               0.00000146547 
 0.00000029775               0.00000146162 
 0.00000029776               0.00000145682 
 0.00000029777               0.00000145048 
 0.00000029778               0.00000144314 
 0.00000029779               0.00000143685 
 0.0000002978                0.00000143165 
 0.00000029781               0.00000141993 
 0.00000029782               0.00000139181 
 0.00000029783               0.00000135243 
 0.00000029784               0.00000130381 
 0.00000029785               0.00000119374 
 0.00000029786               0.000000850216 
 0.00000029787               0.000000331121 
 0.00000029788               0.0000000769641 
 0.00000029789               0.0000000322387 
 0.0000002979                0.0000000623139 
 0.00000029791               0.000000277931 
 0.00000029792               0.00000083442 
 0.00000029793               0.00000128056 
 0.00000029794               0.00000140538 
 0.00000029795               0.0000014189 
 0.00000029796               0.00000142365 
 0.00000029797               0.00000142858 
 0.00000029798               0.00000142892 
 0.00000029799               0.00000142665 
 0.000000298   0.00000142066 
 0.00000029801               0.00000139716 
 0.00000029802               0.00000132405 
 0.00000029803               0.00000117222 
 0.00000029804               0.00000097699 
 0.00000029805               0.000000836915 
 0.00000029806               0.000000820252 
 0.00000029807               0.000000922632 
 0.00000029808               0.00000107482 
 0.00000029809               0.00000119405 
 0.0000002981                0.00000126098 
 0.00000029811               0.0000012951 
 0.00000029812               0.00000130818 
 0.00000029813               0.00000130924 
 0.00000029814               0.00000130873 
 0.00000029815               0.00000131442 
 0.00000029816               0.00000132824 
 0.00000029817               0.00000134664 
 0.00000029818               0.00000136369 
 0.00000029819               0.00000137365 
 0.0000002982                0.00000137361 
 0.00000029821               0.00000136586 
 0.00000029822               0.00000135696 
 0.00000029823               0.00000135194 
 0.00000029824               0.00000134939 
 0.00000029825               0.00000132137 
 0.00000029826               0.00000112987 
 0.00000029827               0.000000446514 
 0.00000029828               0.0000000120237 
 0.00000029829               2.78644E-12 
 0.0000002983                1.15351E-16 
 0.00000029831               6.34146E-18 
 0.00000029832               1.11131E-14 
 0.00000029833               0.000000000296367 
 0.00000029834               0.000000120126 
 0.00000029835               0.000000865485 
 0.00000029836               0.00000127224 
 0.00000029837               0.00000132406 
 0.00000029838               0.00000131565 
 0.00000029839               0.00000130465 
 0.0000002984                0.00000130022 
 0.00000029841               0.00000130182 
 0.00000029842               0.00000130747 
 0.00000029843               0.00000132221 
 0.00000029844               0.00000133251 
 0.00000029845               0.00000134014 
 0.00000029846               0.00000134371 
 0.00000029847               0.00000134439 
 0.00000029848               0.0000013439 
 0.00000029849               0.00000134285 
 0.0000002985                0.00000133947 
 0.00000029851               0.00000132716 
 0.00000029852               0.00000129648 
 0.00000029853               0.00000125185 
 0.00000029854               0.0000012186 
 0.00000029855               0.00000120897 
 0.00000029856               0.00000120712 
 0.00000029857               0.00000121163 
 0.00000029858               0.00000123674 
 0.00000029859               0.00000127166 
 0.0000002986                0.00000129704 
 0.00000029861               0.00000130911 
 0.00000029862               0.00000131118 
 0.00000029863               0.00000130841 
 0.00000029864               0.00000130485 
 0.00000029865               0.00000129891 
 0.00000029866               0.00000128715 
 0.00000029867               0.00000127169 
 0.00000029868               0.00000126033 
 0.00000029869               0.00000126019 
 0.0000002987                0.0000012702 
 0.00000029871               0.00000128272 
 0.00000029872               0.00000129184 
 0.00000029873               0.00000129622 
 0.00000029874               0.00000129747 
 0.00000029875               0.00000129726 
 0.00000029876               0.00000129581 
 0.00000029877               0.00000129012 
 0.00000029878               0.00000126136 
 0.00000029879               0.00000113936 
 0.0000002988                0.000000797985 
 0.00000029881               0.000000307284 
 0.00000029882               0.0000000470194 
 0.00000029883               0.00000000378002 
 0.00000029884               0.000000000539427 
 0.00000029885               0.000000000511078 
 0.00000029886               0.00000000336614 
 0.00000029887               0.0000000425817 
 0.00000029888               0.000000292322 
 0.00000029889               0.000000782923 
 0.0000002989                0.00000112078 
 0.00000029891               0.00000123259 
 0.00000029892               0.00000125492 
 0.00000029893               0.00000125527 
 0.00000029894               0.00000124683 
 0.00000029895               0.00000122384 
 0.00000029896               0.00000116703 
 0.00000029897               0.00000103915 
 0.00000029898               0.000000799759 
 0.00000029899               0.000000468101 
 0.000000299   0.000000171016 
 0.00000029901               0.0000000285959 
 0.00000029902               0.00000000137253 
 0.00000029903               1.01341E-11 
 0.00000029904               5.61611E-15 
 0.00000029905               1.20444E-19 
 0.00000029906               6.87995E-26 
 0.00000029907               1.24147E-33 
 0.00000029908               1.74966E-42 
 0.00000029909               1.05074E-51 
 0.0000002991                2.88343E-60 
 0.00000029911               5.19197E-67 
 0.00000029912               6.10508E-71 
 0.00000029913               1.83241E-71 
 0.00000029914               1.66472E-68 
 0.00000029915               1.58017E-62 
 0.00000029916               1.98972E-54 
 0.00000029917               2.56753E-45 
 0.00000029918               2.8445E-36 
 0.00000029919               3.90693E-28 
 0.0000002992                2.09474E-21 
 0.00000029921               2.95159E-16 
 0.00000029922               1.30237E-12 
 0.00000029923               0.00000000030906 
 0.00000029924               0.00000000838173 
 0.00000029925               0.0000000582152 
 0.00000029926               0.000000196477 
 0.00000029927               0.000000445772 
 0.00000029928               0.000000742549 
 0.00000029929               0.000000947972 
 0.0000002993                0.00000101894 
 0.00000029931               0.00000103932 
 0.00000029932               0.000001073 
 0.00000029933               0.00000109412 
 0.00000029934               0.00000106075 
 0.00000029935               0.00000100413 
 0.00000029936               0.000000990295 
 0.00000029937               0.0000010323 
 0.00000029938               0.0000010796 
 0.00000029939               0.00000109527 
 0.0000002994                0.00000110574 
 0.00000029941               0.00000113 
 0.00000029942               0.00000114746 
 0.00000029943               0.00000115123 
 0.00000029944               0.00000115323 
 0.00000029945               0.0000011554 
 0.00000029946               0.00000115329 
 0.00000029947               0.0000011494 
 0.00000029948               0.00000114662 
 0.00000029949               0.00000113973 
 0.0000002995                0.00000112425 
 0.00000029951               0.00000110354 
 0.00000029952               0.00000108493 
 0.00000029953               0.00000107516 
 0.00000029954               0.00000107692 
 0.00000029955               0.00000108808 
 0.00000029956               0.00000110385 
 0.00000029957               0.00000111961 
 0.00000029958               0.00000113253 
 0.00000029959               0.00000114174 
 0.0000002996                0.00000114587 
 0.00000029961               0.00000113698 
 0.00000029962               0.00000110446 
 0.00000029963               0.00000107011 
 0.00000029964               0.00000107573 
 0.00000029965               0.00000110815 
 0.00000029966               0.00000112758 
 0.00000029967               0.00000113111 
 0.00000029968               0.00000113053 
 0.00000029969               0.00000112953 
 0.0000002997                0.00000112374 
 0.00000029971               0.00000110435 
 0.00000029972               0.00000106073 
 0.00000029973               0.000000983237 
 0.00000029974               0.00000087014 
 0.00000029975               0.000000734424 
 0.00000029976               0.000000599173 
 0.00000029977               0.000000486541 
 0.00000029978               0.000000415933 
 0.00000029979               0.000000398184 
 0.0000002998                0.000000421683 
 0.00000029981               0.000000469464 
 0.00000029982               0.000000562754 
 0.00000029983               0.000000721808 
 0.00000029984               0.00000088816 
 0.00000029985               0.000000990731 
 0.00000029986               0.00000103686 
 0.00000029987               0.00000105938 
 0.00000029988               0.00000107395 
 0.00000029989               0.00000108383 
 0.0000002999                0.00000108815 
 0.00000029991               0.00000108762 
 0.00000029992               0.00000108108 
 0.00000029993               0.0000010569 
 0.00000029994               0.0000010085 
 0.00000029995               0.000000969589 
 0.00000029996               0.000000980575 
 0.00000029997               0.00000102334 
 0.00000029998               0.00000105498 
 0.00000029999               0.00000106642 
 0.0000003     0.00000106932 
