 0.000000294   1.95047E-145 
 0.00000029401               1.88909E-145 
 0.00000029402               1.83375E-145 
 0.00000029403               1.76408E-145 
 0.00000029404               1.65286E-145 
 0.00000029405               1.47739E-145 
 0.00000029406               1.22693E-145 
 0.00000029407               9.14305E-146 
 0.00000029408               5.89688E-146 
 0.00000029409               3.26502E-146 
 0.0000002941                1.6581E-146 
 0.00000029411               9.00498E-147 
 0.00000029412               6.28342E-147 
 0.00000029413               6.33641E-147 
 0.00000029414               9.10017E-147 
 0.00000029415               1.62888E-146 
 0.00000029416               3.04862E-146 
 0.00000029417               5.15654E-146 
 0.00000029418               7.30863E-146 
 0.00000029419               8.61407E-146 
 0.0000002942                8.6643E-146 
 0.00000029421               7.86414E-146 
 0.00000029422               7.13356E-146 
 0.00000029423               7.05744E-146 
 0.00000029424               7.40667E-146 
 0.00000029425               7.12874E-146 
 0.00000029426               5.64453E-146 
 0.00000029427               4.46233E-146 
 0.00000029428               4.79181E-146 
 0.00000029429               6.10082E-146 
 0.0000002943                6.8701E-146 
 0.00000029431               6.78655E-146 
 0.00000029432               6.46068E-146 
 0.00000029433               6.18884E-146 
 0.00000029434               6.04063E-146 
 0.00000029435               5.98212E-146 
 0.00000029436               5.9196E-146 
 0.00000029437               5.79167E-146 
 0.00000029438               5.60285E-146 
 0.00000029439               5.38163E-146 
 0.0000002944                5.14129E-146 
 0.00000029441               4.87518E-146 
 0.00000029442               4.59172E-146 
 0.00000029443               4.33999E-146 
 0.00000029444               4.14393E-146 
 0.00000029445               3.96021E-146 
 0.00000029446               3.76545E-146 
 0.00000029447               3.6033E-146 
 0.00000029448               3.52099E-146 
 0.00000029449               3.5148E-146 
 0.0000002945                3.53407E-146 
 0.00000029451               3.52588E-146 
 0.00000029452               3.47085E-146 
 0.00000029453               3.37973E-146 
 0.00000029454               3.27136E-146 
 0.00000029455               3.15259E-146 
 0.00000029456               3.00952E-146 
 0.00000029457               2.83279E-146 
 0.00000029458               2.65006E-146 
 0.00000029459               2.50067E-146 
 0.0000002946                2.38892E-146 
 0.00000029461               2.29977E-146 
 0.00000029462               2.22772E-146 
 0.00000029463               2.17207E-146 
 0.00000029464               2.14075E-146 
 0.00000029465               2.13192E-146 
 0.00000029466               2.11698E-146 
 0.00000029467               2.07837E-146 
 0.00000029468               2.02365E-146 
 0.00000029469               1.96151E-146 
 0.0000002947                1.89606E-146 
 0.00000029471               1.82923E-146 
 0.00000029472               1.7619E-146 
 0.00000029473               1.69552E-146 
 0.00000029474               1.63192E-146 
 0.00000029475               1.57256E-146 
 0.00000029476               1.51813E-146 
 0.00000029477               1.46581E-146 
 0.00000029478               1.40635E-146 
 0.00000029479               1.33294E-146 
 0.0000002948                1.25625E-146 
 0.00000029481               1.19913E-146 
 0.00000029482               1.17441E-146 
 0.00000029483               1.16547E-146 
 0.00000029484               1.15547E-146 
 0.00000029485               1.13285E-146 
 0.00000029486               1.09839E-146 
 0.00000029487               1.05887E-146 
 0.00000029488               1.01928E-146 
 0.00000029489               9.81737E-147 
 0.0000002949                9.44267E-147 
 0.00000029491               9.02176E-147 
 0.00000029492               8.54761E-147 
 0.00000029493               8.10232E-147 
 0.00000029494               7.79136E-147 
 0.00000029495               7.63175E-147 
 0.00000029496               7.54084E-147 
 0.00000029497               7.42701E-147 
 0.00000029498               7.25773E-147 
 0.00000029499               7.04806E-147 
 0.000000295   6.82203E-147 
 0.00000029501               6.59382E-147 
 0.00000029502               6.36952E-147 
 0.00000029503               6.15297E-147 
 0.00000029504               5.94644E-147 
 0.00000029505               5.74941E-147 
 0.00000029506               5.56012E-147 
 0.00000029507               5.3772E-147 
 0.00000029508               5.19959E-147 
 0.00000029509               5.02648E-147 
 0.0000002951                4.85752E-147 
 0.00000029511               4.69215E-147 
 0.00000029512               4.52743E-147 
 0.00000029513               4.35694E-147 
 0.00000029514               4.18232E-147 
 0.00000029515               4.02444E-147 
 0.00000029516               3.89757E-147 
 0.00000029517               3.77975E-147 
 0.00000029518               3.6429E-147 
 0.00000029519               3.48004E-147 
 0.0000002952                3.30638E-147 
 0.00000029521               3.15212E-147 
 0.00000029522               3.04201E-147 
 0.00000029523               2.97289E-147 
 0.00000029524               2.9188E-147 
 0.00000029525               2.85708E-147 
 0.00000029526               2.78006E-147 
 0.00000029527               2.6908E-147 
 0.00000029528               2.59825E-147 
 0.00000029529               2.51075E-147 
 0.0000002953                2.42863E-147 
 0.00000029531               2.34387E-147 
 0.00000029532               2.24533E-147 
 0.00000029533               2.12345E-147 
 0.00000029534               1.97413E-147 
 0.00000029535               1.80772E-147 
 0.00000029536               1.63956E-147 
 0.00000029537               1.47286E-147 
 0.00000029538               1.29384E-147 
 0.00000029539               1.09133E-147 
 0.0000002954                8.81604E-148 
 0.00000029541               6.94372E-148 
 0.00000029542               5.40731E-148 
 0.00000029543               4.18214E-148 
 0.00000029544               3.26606E-148 
 0.00000029545               2.6497E-148 
 0.00000029546               2.28791E-148 
 0.00000029547               2.13602E-148 
 0.00000029548               2.17221E-148 
 0.00000029549               2.39463E-148 
 0.0000002955                2.80982E-148 
 0.00000029551               3.41849E-148 
 0.00000029552               4.19982E-148 
 0.00000029553               5.10322E-148 
 0.00000029554               6.0493E-148 
 0.00000029555               6.93244E-148 
 0.00000029556               7.64862E-148 
 0.00000029557               8.14288E-148 
 0.00000029558               8.41617E-148 
 0.00000029559               8.49215E-148 
 0.0000002956                8.37633E-148 
 0.00000029561               8.06982E-148 
 0.00000029562               7.70221E-148 
 0.00000029563               7.47625E-148 
 0.00000029564               7.37644E-148 
 0.00000029565               7.25421E-148 
 0.00000029566               7.07229E-148 
 0.00000029567               6.85866E-148 
 0.00000029568               6.63062E-148 
 0.00000029569               6.3995E-148 
 0.0000002957                6.17458E-148 
 0.00000029571               5.96043E-148 
 0.00000029572               5.7575E-148 
 0.00000029573               5.56339E-148 
 0.00000029574               5.37473E-148 
 0.00000029575               5.19032E-148 
 0.00000029576               5.01175E-148 
 0.00000029577               4.84003E-148 
 0.00000029578               4.67483E-148 
 0.00000029579               4.51667E-148 
 0.0000002958                4.36674E-148 
 0.00000029581               4.22614E-148 
 0.00000029582               4.09347E-148 
 0.00000029583               3.96334E-148 
 0.00000029584               3.83138E-148 
 0.00000029585               3.69633E-148 
 0.00000029586               3.55653E-148 
 0.00000029587               3.41304E-148 
 0.00000029588               3.27175E-148 
 0.00000029589               3.14178E-148 
 0.0000002959                3.02893E-148 
 0.00000029591               2.9321E-148 
 0.00000029592               2.84279E-148 
 0.00000029593               2.75279E-148 
 0.00000029594               2.64128E-148 
 0.00000029595               2.49918E-148 
 0.00000029596               2.28888E-148 
 0.00000029597               1.98257E-148 
 0.00000029598               1.74097E-148 
 0.00000029599               1.76694E-148 
 0.000000296   1.92895E-148 
 0.00000029601               1.99331E-148 
 0.00000029602               1.95757E-148 
 0.00000029603               1.91371E-148 
 0.00000029604               1.87778E-148 
 0.00000029605               1.83438E-148 
 0.00000029606               1.78084E-148 
 0.00000029607               1.7253E-148 
 0.00000029608               1.67261E-148 
 0.00000029609               1.62148E-148 
 0.0000002961                1.56957E-148 
 0.00000029611               1.51713E-148 
 0.00000029612               1.46554E-148 
 0.00000029613               1.41491E-148 
 0.00000029614               1.36487E-148 
 0.00000029615               1.31442E-148 
 0.00000029616               1.25876E-148 
 0.00000029617               1.19058E-148 
 0.00000029618               1.11625E-148 
 0.00000029619               1.05825E-148 
 0.0000002962                1.01924E-148 
 0.00000029621               9.59991E-149 
 0.00000029622               8.54988E-149 
 0.00000029623               7.5877E-149 
 0.00000029624               7.38901E-149 
 0.00000029625               7.87851E-149 
 0.00000029626               8.39456E-149 
 0.00000029627               8.5147E-149 
 0.00000029628               8.34753E-149 
 0.00000029629               8.07734E-149 
 0.0000002963                7.7678E-149 
 0.00000029631               7.42398E-149 
 0.00000029632               6.94317E-149 
 0.00000029633               5.97464E-149 
 0.00000029634               4.37384E-149 
 0.00000029635               2.94906E-149 
 0.00000029636               2.39111E-149 
 0.00000029637               2.57003E-149 
 0.00000029638               3.00015E-149 
 0.00000029639               3.27751E-149 
 0.0000002964                3.50612E-149 
 0.00000029641               3.88511E-149 
 0.00000029642               4.33427E-149 
 0.00000029643               4.64587E-149 
 0.00000029644               4.73661E-149 
 0.00000029645               4.67135E-149 
 0.00000029646               4.53855E-149 
 0.00000029647               4.3872E-149 
 0.00000029648               4.23549E-149 
 0.00000029649               4.09035E-149 
 0.0000002965                3.95418E-149 
 0.00000029651               3.82449E-149 
 0.00000029652               3.69738E-149 
 0.00000029653               3.57231E-149 
 0.00000029654               3.45138E-149 
 0.00000029655               3.33507E-149 
 0.00000029656               3.22126E-149 
 0.00000029657               3.10807E-149 
 0.00000029658               2.99585E-149 
 0.00000029659               2.88787E-149 
 0.0000002966                2.78796E-149 
 0.00000029661               2.69599E-149 
 0.00000029662               2.60775E-149 
 0.00000029663               2.51862E-149 
 0.00000029664               2.42781E-149 
 0.00000029665               2.33815E-149 
 0.00000029666               2.25289E-149 
 0.00000029667               2.1737E-149 
 0.00000029668               2.10009E-149 
 0.00000029669               2.03237E-149 
 0.0000002967                1.96992E-149 
 0.00000029671               1.90899E-149 
 0.00000029672               1.8462E-149 
 0.00000029673               1.7797E-149 
 0.00000029674               1.70303E-149 
 0.00000029675               1.60295E-149 
 0.00000029676               1.47996E-149 
 0.00000029677               1.37129E-149 
 0.00000029678               1.32036E-149 
 0.00000029679               1.32289E-149 
 0.0000002968                1.33236E-149 
 0.00000029681               1.31649E-149 
 0.00000029682               1.28325E-149 
 0.00000029683               1.24836E-149 
 0.00000029684               1.21173E-149 
 0.00000029685               1.17261E-149 
 0.00000029686               1.13447E-149 
 0.00000029687               1.09732E-149 
 0.00000029688               1.0604E-149 
 0.00000029689               1.02449E-149 
 0.0000002969                9.92637E-150 
 0.00000029691               9.59547E-150 
 0.00000029692               9.27326E-150 
 0.00000029693               8.95645E-150 
 0.00000029694               8.64168E-150 
 0.00000029695               8.32555E-150 
 0.00000029696               8.01586E-150 
 0.00000029697               7.7291E-150 
 0.00000029698               7.47104E-150 
 0.00000029699               7.21554E-150 
 0.000000297   6.92771E-150 
 0.00000029701               6.59161E-150 
 0.00000029702               6.21962E-150 
 0.00000029703               5.85306E-150 
 0.00000029704               5.54762E-150 
 0.00000029705               5.34089E-150 
 0.00000029706               5.22584E-150 
 0.00000029707               5.14648E-150 
 0.00000029708               4.97353E-150 
 0.00000029709               4.39334E-150 
 0.0000002971                3.0862E-150 
 0.00000029711               1.6258E-150 
 0.00000029712               8.76734E-151 
 0.00000029713               8.10729E-151 
 0.00000029714               1.34271E-150 
 0.00000029715               2.43769E-150 
 0.00000029716               3.39111E-150 
 0.00000029717               3.70955E-150 
 0.00000029718               3.67018E-150 
 0.00000029719               3.55295E-150 
 0.0000002972                3.44418E-150 
 0.00000029721               3.34395E-150 
 0.00000029722               3.24397E-150 
 0.00000029723               3.14167E-150 
 0.00000029724               3.02479E-150 
 0.00000029725               2.87269E-150 
 0.00000029726               2.68307E-150 
 0.00000029727               2.451E-150 
 0.00000029728               2.179E-150 
 0.00000029729               1.95549E-150 
 0.0000002973                1.87442E-150 
 0.00000029731               1.93547E-150 
 0.00000029732               2.05212E-150 
 0.00000029733               2.12596E-150 
 0.00000029734               2.12468E-150 
 0.00000029735               2.07468E-150 
 0.00000029736               2.00699E-150 
 0.00000029737               1.93542E-150 
 0.00000029738               1.86434E-150 
 0.00000029739               1.79781E-150 
 0.0000002974                1.73848E-150 
 0.00000029741               1.68417E-150 
 0.00000029742               1.63128E-150 
 0.00000029743               1.57638E-150 
 0.00000029744               1.52109E-150 
 0.00000029745               1.46671E-150 
 0.00000029746               1.41364E-150 
 0.00000029747               1.36204E-150 
 0.00000029748               1.31287E-150 
 0.00000029749               1.26725E-150 
 0.0000002975                1.22532E-150 
 0.00000029751               1.18572E-150 
 0.00000029752               1.14805E-150 
 0.00000029753               1.11108E-150 
 0.00000029754               1.07399E-150 
 0.00000029755               1.03729E-150 
 0.00000029756               1.00182E-150 
 0.00000029757               9.67869E-151 
 0.00000029758               9.34603E-151 
 0.00000029759               8.97353E-151 
 0.0000002976                8.43956E-151 
 0.00000029761               7.73485E-151 
 0.00000029762               7.21549E-151 
 0.00000029763               7.13072E-151 
 0.00000029764               7.20719E-151 
 0.00000029765               7.15273E-151 
 0.00000029766               6.97823E-151 
 0.00000029767               6.76231E-151 
 0.00000029768               6.54341E-151 
 0.00000029769               6.33142E-151 
 0.0000002977                6.12238E-151 
 0.00000029771               5.91688E-151 
 0.00000029772               5.71956E-151 
 0.00000029773               5.52687E-151 
 0.00000029774               5.32224E-151 
 0.00000029775               5.06213E-151 
 0.00000029776               4.64174E-151 
 0.00000029777               3.91865E-151 
 0.00000029778               2.91449E-151 
 0.00000029779               1.95218E-151 
 0.0000002978                1.34631E-151 
 0.00000029781               1.14673E-151 
 0.00000029782               1.30428E-151 
 0.00000029783               1.78598E-151 
 0.00000029784               2.44203E-151 
 0.00000029785               2.96669E-151 
 0.00000029786               3.19619E-151 
 0.00000029787               3.21466E-151 
 0.00000029788               3.14758E-151 
 0.00000029789               3.06219E-151 
 0.0000002979                2.98602E-151 
 0.00000029791               2.91106E-151 
 0.00000029792               2.82387E-151 
 0.00000029793               2.72266E-151 
 0.00000029794               2.60618E-151 
 0.00000029795               2.48633E-151 
 0.00000029796               2.38835E-151 
 0.00000029797               2.31309E-151 
 0.00000029798               2.23857E-151 
 0.00000029799               2.15103E-151 
 0.000000298   2.06707E-151 
 0.00000029801               2.01265E-151 
 0.00000029802               1.97846E-151 
 0.00000029803               1.93479E-151 
 0.00000029804               1.87379E-151 
 0.00000029805               1.80789E-151 
 0.00000029806               1.74724E-151 
 0.00000029807               1.69125E-151 
 0.00000029808               1.63525E-151 
 0.00000029809               1.57764E-151 
 0.0000002981                1.51999E-151 
 0.00000029811               1.46437E-151 
 0.00000029812               1.41137E-151 
 0.00000029813               1.36028E-151 
 0.00000029814               1.31102E-151 
 0.00000029815               1.2638E-151 
 0.00000029816               1.21841E-151 
 0.00000029817               1.17187E-151 
 0.00000029818               1.12139E-151 
 0.00000029819               1.06159E-151 
 0.0000002982                9.89155E-152 
 0.00000029821               9.11787E-152 
 0.00000029822               8.47096E-152 
 0.00000029823               8.03393E-152 
 0.00000029824               7.58584E-152 
 0.00000029825               6.59872E-152 
 0.00000029826               4.70831E-152 
 0.00000029827               2.44986E-152 
 0.00000029828               8.81359E-153 
 0.00000029829               2.41944E-153 
 0.0000002983                6.76869E-154 
 0.00000029831               2.83645E-154 
 0.00000029832               2.38378E-154 
 0.00000029833               4.32958E-154 
 0.00000029834               1.40485E-153 
 0.00000029835               5.29963E-153 
 0.00000029836               1.54725E-152 
 0.00000029837               3.03611E-152 
 0.00000029838               4.28397E-152 
 0.00000029839               4.90861E-152 
 0.0000002984                5.03468E-152 
 0.00000029841               4.9089E-152 
 0.00000029842               4.70962E-152 
 0.00000029843               4.52896E-152 
 0.00000029844               4.38811E-152 
 0.00000029845               4.27051E-152 
 0.00000029846               4.1496E-152 
 0.00000029847               3.99343E-152 
 0.00000029848               3.75143E-152 
 0.00000029849               3.33593E-152 
 0.0000002985                2.74214E-152 
 0.00000029851               2.2466E-152 
 0.00000029852               2.14961E-152 
 0.00000029853               2.43331E-152 
 0.00000029854               2.76E-152 
 0.00000029855               2.81462E-152 
 0.00000029856               2.64233E-152 
 0.00000029857               2.4764E-152 
 0.00000029858               2.46673E-152 
 0.00000029859               2.54844E-152 
 0.0000002986                2.57579E-152 
 0.00000029861               2.51885E-152 
 0.00000029862               2.42667E-152 
 0.00000029863               2.33436E-152 
 0.00000029864               2.25452E-152 
 0.00000029865               2.18661E-152 
 0.00000029866               2.12416E-152 
 0.00000029867               2.06178E-152 
 0.00000029868               1.99686E-152 
 0.00000029869               1.92798E-152 
 0.0000002987                1.856E-152 
 0.00000029871               1.78542E-152 
 0.00000029872               1.72112E-152 
 0.00000029873               1.66356E-152 
 0.00000029874               1.60955E-152 
 0.00000029875               1.55662E-152 
 0.00000029876               1.50397E-152 
 0.00000029877               1.45169E-152 
 0.00000029878               1.40078E-152 
 0.00000029879               1.35275E-152 
 0.0000002988                1.3076E-152 
 0.00000029881               1.26371E-152 
 0.00000029882               1.21867E-152 
 0.00000029883               1.17359E-152 
 0.00000029884               1.13063E-152 
 0.00000029885               1.09119E-152 
 0.00000029886               1.05296E-152 
 0.00000029887               1.01139E-152 
 0.00000029888               9.66303E-153 
 0.00000029889               9.24032E-153 
 0.0000002989                8.86384E-153 
 0.00000029891               8.53248E-153 
 0.00000029892               8.27859E-153 
 0.00000029893               8.0641E-153 
 0.00000029894               7.80613E-153 
 0.00000029895               7.47694E-153 
 0.00000029896               7.11447E-153 
 0.00000029897               6.78831E-153 
 0.00000029898               6.55321E-153 
 0.00000029899               6.40716E-153 
 0.000000299   6.29589E-153 
 0.00000029901               6.16752E-153 
 0.00000029902               6.01214E-153 
 0.00000029903               5.84126E-153 
 0.00000029904               5.66045E-153 
 0.00000029905               5.47434E-153 
 0.00000029906               5.28854E-153 
 0.00000029907               5.10502E-153 
 0.00000029908               4.92255E-153 
 0.00000029909               4.74074E-153 
 0.0000002991                4.5677E-153 
 0.00000029911               4.41153E-153 
 0.00000029912               4.26333E-153 
 0.00000029913               4.11536E-153 
 0.00000029914               3.97175E-153 
 0.00000029915               3.83584E-153 
 0.00000029916               3.70638E-153 
 0.00000029917               3.57937E-153 
 0.00000029918               3.44148E-153 
 0.00000029919               3.24344E-153 
 0.0000002992                2.90453E-153 
 0.00000029921               2.47432E-153 
 0.00000029922               2.20162E-153 
 0.00000029923               2.22648E-153 
 0.00000029924               2.40889E-153 
 0.00000029925               2.5199E-153 
 0.00000029926               2.49304E-153 
 0.00000029927               2.40196E-153 
 0.00000029928               2.31317E-153 
 0.00000029929               2.16228E-153 
 0.0000002993                1.9444E-153 
 0.00000029931               1.75112E-153 
 0.00000029932               1.66712E-153 
 0.00000029933               1.69358E-153 
 0.00000029934               1.74475E-153 
 0.00000029935               1.7134E-153 
 0.00000029936               1.5647E-153 
 0.00000029937               1.37606E-153 
 0.00000029938               1.26121E-153 
 0.00000029939               1.26119E-153 
 0.0000002994                1.32589E-153 
 0.00000029941               1.37294E-153 
 0.00000029942               1.36962E-153 
 0.00000029943               1.33499E-153 
 0.00000029944               1.29115E-153 
 0.00000029945               1.24654E-153 
 0.00000029946               1.1994E-153 
 0.00000029947               1.1391E-153 
 0.00000029948               1.02988E-153 
 0.00000029949               7.45358E-154 
 0.0000002995                2.29548E-154 
 0.00000029951               6.88954E-156 
 0.00000029952               3.16435E-159 
 0.00000029953               2.39489E-164 
 0.00000029954               2.55446E-169 
 0.00000029955               3.84832E-171 
 0.00000029956               1.56789E-168 
 0.00000029957               2.55286E-163 
 0.00000029958               1.73891E-158 
 0.00000029959               1.43366E-155 
 0.0000002996                2.4609E-154 
 0.00000029961               5.78892E-154 
 0.00000029962               6.83679E-154 
 0.00000029963               6.82525E-154 
 0.00000029964               6.61728E-154 
 0.00000029965               6.36731E-154 
 0.00000029966               6.06676E-154 
 0.00000029967               5.72425E-154 
 0.00000029968               5.3735E-154 
 0.00000029969               4.98594E-154 
 0.0000002997                4.46602E-154 
 0.00000029971               3.87766E-154 
 0.00000029972               3.51949E-154 
 0.00000029973               3.58936E-154 
 0.00000029974               3.96008E-154 
 0.00000029975               4.28923E-154 
 0.00000029976               4.37907E-154 
 0.00000029977               4.29905E-154 
 0.00000029978               4.1618E-154 
 0.00000029979               4.00914E-154 
 0.0000002998                3.84279E-154 
 0.00000029981               3.661E-154 
 0.00000029982               3.48277E-154 
 0.00000029983               3.3466E-154 
 0.00000029984               3.25949E-154 
 0.00000029985               3.18546E-154 
 0.00000029986               3.09422E-154 
 0.00000029987               2.97652E-154 
 0.00000029988               2.84007E-154 
 0.00000029989               2.69445E-154 
 0.0000002999                2.43665E-154 
 0.00000029991               1.64801E-154 
 0.00000029992               4.86295E-155 
 0.00000029993               5.73965E-156 
 0.00000029994               1.22815E-156 
 0.00000029995               2.43019E-156 
 0.00000029996               1.83492E-155 
 0.00000029997               7.60464E-155 
 0.00000029998               1.11622E-154 
 0.00000029999               1.0308E-154 
 0.0000003     9.30942E-155 
