 0.000000294   8.67864E-153 
 0.00000029401               7.85428E-153 
 0.00000029402               6.96892E-153 
 0.00000029403               6.68775E-153 
 0.00000029404               6.83849E-153 
 0.00000029405               6.9278E-153 
 0.00000029406               6.82732E-153 
 0.00000029407               6.70931E-153 
 0.00000029408               6.69572E-153 
 0.00000029409               6.75847E-153 
 0.0000002941                6.79207E-153 
 0.00000029411               6.72724E-153 
 0.00000029412               6.57029E-153 
 0.00000029413               6.35872E-153 
 0.00000029414               6.09201E-153 
 0.00000029415               5.53339E-153 
 0.00000029416               3.91788E-153 
 0.00000029417               1.53472E-153 
 0.00000029418               3.87497E-154 
 0.00000029419               1.90956E-154 
 0.0000002942                3.32803E-154 
 0.00000029421               8.49043E-154 
 0.00000029422               1.55681E-153 
 0.00000029423               2.35672E-153 
 0.00000029424               3.25673E-153 
 0.00000029425               3.82739E-153 
 0.00000029426               3.93051E-153 
 0.00000029427               3.80918E-153 
 0.00000029428               3.6192E-153 
 0.00000029429               3.38016E-153 
 0.0000002943                2.95302E-153 
 0.00000029431               1.66784E-153 
 0.00000029432               1.85795E-154 
 0.00000029433               3.25233E-156 
 0.00000029434               5.34312E-157 
 0.00000029435               8.9701E-156 
 0.00000029436               2.28971E-154 
 0.00000029437               7.46374E-154 
 0.00000029438               9.22514E-154 
 0.00000029439               1.02466E-153 
 0.0000002944                1.1798E-153 
 0.00000029441               1.37066E-153 
 0.00000029442               1.55849E-153 
 0.00000029443               1.71025E-153 
 0.00000029444               1.81284E-153 
 0.00000029445               1.86722E-153 
 0.00000029446               1.87695E-153 
 0.00000029447               1.84673E-153 
 0.00000029448               1.78305E-153 
 0.00000029449               1.68676E-153 
 0.0000002945                1.54995E-153 
 0.00000029451               1.3782E-153 
 0.00000029452               1.21597E-153 
 0.00000029453               1.11415E-153 
 0.00000029454               1.08932E-153 
 0.00000029455               1.12677E-153 
 0.00000029456               1.18868E-153 
 0.00000029457               1.23008E-153 
 0.00000029458               1.23017E-153 
 0.00000029459               1.19974E-153 
 0.0000002946                1.15948E-153 
 0.00000029461               1.12135E-153 
 0.00000029462               1.08627E-153 
 0.00000029463               1.05114E-153 
 0.00000029464               1.0148E-153 
 0.00000029465               9.77459E-154 
 0.00000029466               9.3915E-154 
 0.00000029467               9.0268E-154 
 0.00000029468               8.7178E-154 
 0.00000029469               8.42594E-154 
 0.0000002947                8.09785E-154 
 0.00000029471               7.73976E-154 
 0.00000029472               7.38623E-154 
 0.00000029473               7.08443E-154 
 0.00000029474               6.84431E-154 
 0.00000029475               6.60059E-154 
 0.00000029476               6.30589E-154 
 0.00000029477               6.00123E-154 
 0.00000029478               5.72507E-154 
 0.00000029479               5.50621E-154 
 0.0000002948                5.33899E-154 
 0.00000029481               5.20519E-154 
 0.00000029482               5.08397E-154 
 0.00000029483               4.96051E-154 
 0.00000029484               4.83023E-154 
 0.00000029485               4.6939E-154 
 0.00000029486               4.5493E-154 
 0.00000029487               4.39555E-154 
 0.00000029488               4.24705E-154 
 0.00000029489               4.11961E-154 
 0.0000002949                4.00409E-154 
 0.00000029491               3.88293E-154 
 0.00000029492               3.7542E-154 
 0.00000029493               3.62438E-154 
 0.00000029494               3.49771E-154 
 0.00000029495               3.3755E-154 
 0.00000029496               3.25755E-154 
 0.00000029497               3.14201E-154 
 0.00000029498               3.02465E-154 
 0.00000029499               2.89935E-154 
 0.000000295   2.76279E-154 
 0.00000029501               2.61931E-154 
 0.00000029502               2.4856E-154 
 0.00000029503               2.37967E-154 
 0.00000029504               2.30795E-154 
 0.00000029505               2.25917E-154 
 0.00000029506               2.21135E-154 
 0.00000029507               2.13943E-154 
 0.00000029508               2.0079E-154 
 0.00000029509               1.80014E-154 
 0.0000002951                1.59286E-154 
 0.00000029511               1.47346E-154 
 0.00000029512               1.44933E-154 
 0.00000029513               1.49388E-154 
 0.00000029514               1.5552E-154 
 0.00000029515               1.58287E-154 
 0.00000029516               1.56844E-154 
 0.00000029517               1.52819E-154 
 0.00000029518               1.47728E-154 
 0.00000029519               1.42398E-154 
 0.0000002952                1.37169E-154 
 0.00000029521               1.32148E-154 
 0.00000029522               1.27408E-154 
 0.00000029523               1.2299E-154 
 0.00000029524               1.18833E-154 
 0.00000029525               1.14819E-154 
 0.00000029526               1.10848E-154 
 0.00000029527               1.06764E-154 
 0.00000029528               1.02257E-154 
 0.00000029529               9.70017E-155 
 0.0000002953                9.1095E-155 
 0.00000029531               8.48935E-155 
 0.00000029532               7.59438E-155 
 0.00000029533               5.40802E-155 
 0.00000029534               1.79701E-155 
 0.00000029535               1.08976E-156 
 0.00000029536               5.68427E-159 
 0.00000029537               5.66585E-162 
 0.00000029538               2.21827E-164 
 0.00000029539               9.80037E-165 
 0.0000002954                8.27453E-163 
 0.00000029541               7.72014E-160 
 0.00000029542               2.61266E-157 
 0.00000029543               7.68419E-156 
 0.00000029544               3.15614E-155 
 0.00000029545               4.81822E-155 
 0.00000029546               5.1957E-155 
 0.00000029547               5.12607E-155 
 0.00000029548               4.9689E-155 
 0.00000029549               4.78248E-155 
 0.0000002955                4.50619E-155 
 0.00000029551               3.9654E-155 
 0.00000029552               3.02848E-155 
 0.00000029553               2.03156E-155 
 0.00000029554               1.50345E-155 
 0.00000029555               1.57927E-155 
 0.00000029556               2.16385E-155 
 0.00000029557               2.84945E-155 
 0.00000029558               3.12201E-155 
 0.00000029559               2.98194E-155 
 0.0000002956                2.65588E-155 
 0.00000029561               2.27737E-155 
 0.00000029562               1.92118E-155 
 0.00000029563               1.6393E-155 
 0.00000029564               1.4489E-155 
 0.00000029565               1.30824E-155 
 0.00000029566               1.14293E-155 
 0.00000029567               1.01135E-155 
 0.00000029568               1.09312E-155 
 0.00000029569               1.43622E-155 
 0.0000002957                1.81498E-155 
 0.00000029571               1.99674E-155 
 0.00000029572               2.02483E-155 
 0.00000029573               1.99464E-155 
 0.00000029574               1.94325E-155 
 0.00000029575               1.88179E-155 
 0.00000029576               1.81444E-155 
 0.00000029577               1.74336E-155 
 0.00000029578               1.67082E-155 
 0.00000029579               1.59896E-155 
 0.0000002958                1.52369E-155 
 0.00000029581               1.43237E-155 
 0.00000029582               1.32813E-155 
 0.00000029583               1.24843E-155 
 0.00000029584               1.21744E-155 
 0.00000029585               1.17163E-155 
 0.00000029586               9.09409E-156 
 0.00000029587               3.65957E-156 
 0.00000029588               5.41239E-157 
 0.00000029589               6.42592E-158 
 0.0000002959                3.71145E-158 
 0.00000029591               1.76336E-157 
 0.00000029592               1.47789E-156 
 0.00000029593               5.42E-156 
 0.00000029594               8.44538E-156 
 0.00000029595               9.05723E-156 
 0.00000029596               8.79743E-156 
 0.00000029597               8.22523E-156 
 0.00000029598               7.40601E-156 
 0.00000029599               6.67531E-156 
 0.000000296   6.39797E-156 
 0.00000029601               6.40433E-156 
 0.00000029602               6.2646E-156 
 0.00000029603               5.95079E-156 
 0.00000029604               5.71937E-156 
 0.00000029605               5.67401E-156 
 0.00000029606               5.71421E-156 
 0.00000029607               5.68561E-156 
 0.00000029608               5.49387E-156 
 0.00000029609               5.15104E-156 
 0.0000002961                4.73322E-156 
 0.00000029611               4.365E-156 
 0.00000029612               4.15699E-156 
 0.00000029613               4.11317E-156 
 0.00000029614               4.13487E-156 
 0.00000029615               4.12338E-156 
 0.00000029616               4.0539E-156 
 0.00000029617               3.95495E-156 
 0.00000029618               3.8481E-156 
 0.00000029619               3.71509E-156 
 0.0000002962                3.49574E-156 
 0.00000029621               3.15363E-156 
 0.00000029622               2.77233E-156 
 0.00000029623               2.41747E-156 
 0.00000029624               2.08479E-156 
 0.00000029625               1.92215E-156 
 0.00000029626               2.0626E-156 
 0.00000029627               2.36376E-156 
 0.00000029628               2.53826E-156 
 0.00000029629               2.52096E-156 
 0.0000002963                2.42523E-156 
 0.00000029631               2.32644E-156 
 0.00000029632               2.24489E-156 
 0.00000029633               2.17384E-156 
 0.00000029634               2.09771E-156 
 0.00000029635               2.01466E-156 
 0.00000029636               1.93965E-156 
 0.00000029637               1.88604E-156 
 0.00000029638               1.85035E-156 
 0.00000029639               1.81571E-156 
 0.0000002964                1.76662E-156 
 0.00000029641               1.70024E-156 
 0.00000029642               1.62764E-156 
 0.00000029643               1.56141E-156 
 0.00000029644               1.50371E-156 
 0.00000029645               1.45451E-156 
 0.00000029646               1.41273E-156 
 0.00000029647               1.36329E-156 
 0.00000029648               1.28686E-156 
 0.00000029649               1.19009E-156 
 0.0000002965                1.10957E-156 
 0.00000029651               1.06851E-156 
 0.00000029652               1.05833E-156 
 0.00000029653               1.06001E-156 
 0.00000029654               1.05541E-156 
 0.00000029655               1.03492E-156 
 0.00000029656               1.00198E-156 
 0.00000029657               9.63417E-157 
 0.00000029658               9.21198E-157 
 0.00000029659               8.75346E-157 
 0.0000002966                8.31737E-157 
 0.00000029661               8.00064E-157 
 0.00000029662               7.81326E-157 
 0.00000029663               7.65911E-157 
 0.00000029664               7.45526E-157 
 0.00000029665               7.19837E-157 
 0.00000029666               6.91796E-157 
 0.00000029667               6.63108E-157 
 0.00000029668               6.34155E-157 
 0.00000029669               6.04474E-157 
 0.0000002967                5.7053E-157 
 0.00000029671               5.20269E-157 
 0.00000029672               4.33931E-157 
 0.00000029673               3.09435E-157 
 0.00000029674               1.88113E-157 
 0.00000029675               1.13036E-157 
 0.00000029676               8.65454E-158 
 0.00000029677               9.83274E-158 
 0.00000029678               1.49736E-157 
 0.00000029679               2.3676E-157 
 0.0000002968                3.22983E-157 
 0.00000029681               3.70923E-157 
 0.00000029682               3.82203E-157 
 0.00000029683               3.75776E-157 
 0.00000029684               3.63547E-157 
 0.00000029685               3.48881E-157 
 0.00000029686               3.31027E-157 
 0.00000029687               3.1193E-157 
 0.00000029688               2.9742E-157 
 0.00000029689               2.86257E-157 
 0.0000002969                2.73292E-157 
 0.00000029691               2.594E-157 
 0.00000029692               2.46692E-157 
 0.00000029693               2.35006E-157 
 0.00000029694               2.25689E-157 
 0.00000029695               2.21237E-157 
 0.00000029696               2.19973E-157 
 0.00000029697               2.17686E-157 
 0.00000029698               2.12573E-157 
 0.00000029699               2.05501E-157 
 0.000000297   1.97783E-157 
 0.00000029701               1.90201E-157 
 0.00000029702               1.83083E-157 
 0.00000029703               1.76298E-157 
 0.00000029704               1.67625E-157 
 0.00000029705               1.43979E-157 
 0.00000029706               7.49811E-158 
 0.00000029707               7.67291E-159 
 0.00000029708               2.8701E-161 
 0.00000029709               3.5751E-165 
 0.0000002971                9.18047E-169 
 0.00000029711               2.09856E-169 
 0.00000029712               1.43834E-166 
 0.00000029713               1.65076E-162 
 0.00000029714               1.46931E-159 
 0.00000029715               3.23939E-158 
 0.00000029716               7.92877E-158 
 0.00000029717               8.96726E-158 
 0.00000029718               8.81616E-158 
 0.00000029719               8.87259E-158 
 0.0000002972                9.08763E-158 
 0.00000029721               9.16203E-158 
 0.00000029722               9.0063E-158 
 0.00000029723               8.69988E-158 
 0.00000029724               8.32632E-158 
 0.00000029725               7.93984E-158 
 0.00000029726               7.58635E-158 
 0.00000029727               7.29813E-158 
 0.00000029728               7.07768E-158 
 0.00000029729               6.8963E-158 
 0.0000002973                6.7162E-158 
 0.00000029731               6.5186E-158 
 0.00000029732               6.30654E-158 
 0.00000029733               6.08978E-158 
 0.00000029734               5.87543E-158 
 0.00000029735               5.66654E-158 
 0.00000029736               5.46234E-158 
 0.00000029737               5.25508E-158 
 0.00000029738               5.02625E-158 
 0.00000029739               4.75103E-158 
 0.0000002974                4.42063E-158 
 0.00000029741               4.02678E-158 
 0.00000029742               3.46887E-158 
 0.00000029743               2.60877E-158 
 0.00000029744               1.62123E-158 
 0.00000029745               9.20129E-159 
 0.00000029746               6.21801E-159 
 0.00000029747               6.24226E-159 
 0.00000029748               8.92695E-159 
 0.00000029749               1.40779E-158 
 0.0000002975                1.93649E-158 
 0.00000029751               2.13437E-158 
 0.00000029752               1.88315E-158 
 0.00000029753               1.27427E-158 
 0.00000029754               5.64511E-159 
 0.00000029755               1.27032E-159 
 0.00000029756               1.05701E-160 
 0.00000029757               2.44017E-162 
 0.00000029758               1.43797E-164 
 0.00000029759               3.01222E-167 
 0.0000002976                5.24878E-170 
 0.00000029761               2.80102E-172 
 0.00000029762               1.73421E-173 
 0.00000029763               2.45306E-173 
 0.00000029764               6.45703E-172 
 0.00000029765               1.3511E-169 
 0.00000029766               6.83212E-167 
 0.00000029767               2.63774E-164 
 0.00000029768               3.51539E-162 
 0.00000029769               1.14421E-160 
 0.0000002977                9.66799E-160 
 0.00000029771               3.26301E-159 
 0.00000029772               6.92196E-159 
 0.00000029773               1.04018E-158 
 0.00000029774               1.17002E-158 
 0.00000029775               1.16862E-158 
 0.00000029776               1.18093E-158 
 0.00000029777               1.18552E-158 
 0.00000029778               1.14343E-158 
 0.00000029779               1.07515E-158 
 0.0000002978                1.00378E-158 
 0.00000029781               9.56E-159 
 0.00000029782               9.41515E-159 
 0.00000029783               9.36153E-159 
 0.00000029784               9.21678E-159 
 0.00000029785               8.99663E-159 
 0.00000029786               8.74041E-159 
 0.00000029787               8.46343E-159 
 0.00000029788               8.17233E-159 
 0.00000029789               7.87494E-159 
 0.0000002979                7.58287E-159 
 0.00000029791               7.3058E-159 
 0.00000029792               7.04488E-159 
 0.00000029793               6.79483E-159 
 0.00000029794               6.55075E-159 
 0.00000029795               6.31224E-159 
 0.00000029796               6.08057E-159 
 0.00000029797               5.85453E-159 
 0.00000029798               5.62717E-159 
 0.00000029799               5.38524E-159 
 0.000000298   5.12536E-159 
 0.00000029801               4.87935E-159 
 0.00000029802               4.69155E-159 
 0.00000029803               4.56661E-159 
 0.00000029804               4.46486E-159 
 0.00000029805               4.3481E-159 
 0.00000029806               4.20808E-159 
 0.00000029807               4.05773E-159 
 0.00000029808               3.89787E-159 
 0.00000029809               3.72154E-159 
 0.0000002981                3.45215E-159 
 0.00000029811               2.99572E-159 
 0.00000029812               2.48886E-159 
 0.00000029813               2.24978E-159 
 0.00000029814               2.37971E-159 
 0.00000029815               2.66397E-159 
 0.00000029816               2.81908E-159 
 0.00000029817               2.80357E-159 
 0.00000029818               2.71611E-159 
 0.00000029819               2.61741E-159 
 0.0000002982                2.5245E-159 
 0.00000029821               2.43766E-159 
 0.00000029822               2.35119E-159 
 0.00000029823               2.26559E-159 
 0.00000029824               2.1831E-159 
 0.00000029825               2.10313E-159 
 0.00000029826               2.02165E-159 
 0.00000029827               1.93361E-159 
 0.00000029828               1.83593E-159 
 0.00000029829               1.73334E-159 
 0.0000002983                1.63992E-159 
 0.00000029831               1.56963E-159 
 0.00000029832               1.52175E-159 
 0.00000029833               1.47886E-159 
 0.00000029834               1.42397E-159 
 0.00000029835               1.35147E-159 
 0.00000029836               1.25678E-159 
 0.00000029837               1.1352E-159 
 0.00000029838               9.96491E-160 
 0.00000029839               8.60839E-160 
 0.0000002984                7.31355E-160 
 0.00000029841               5.9857E-160 
 0.00000029842               4.44146E-160 
 0.00000029843               2.64069E-160 
 0.00000029844               1.29883E-160 
 0.00000029845               7.59085E-161 
 0.00000029846               7.7334E-161 
 0.00000029847               1.36387E-160 
 0.00000029848               2.88809E-160 
 0.00000029849               5.15425E-160 
 0.0000002985                6.96303E-160 
 0.00000029851               7.68615E-160 
 0.00000029852               7.7081E-160 
 0.00000029853               7.47784E-160 
 0.00000029854               7.18884E-160 
 0.00000029855               6.90066E-160 
 0.00000029856               6.63248E-160 
 0.00000029857               6.38672E-160 
 0.00000029858               6.1596E-160 
 0.00000029859               5.94795E-160 
 0.0000002986                5.74815E-160 
 0.00000029861               5.55603E-160 
 0.00000029862               5.36412E-160 
 0.00000029863               5.16539E-160 
 0.00000029864               4.97593E-160 
 0.00000029865               4.80354E-160 
 0.00000029866               4.62652E-160 
 0.00000029867               4.43915E-160 
 0.00000029868               4.24517E-160 
 0.00000029869               4.04293E-160 
 0.0000002987                3.82494E-160 
 0.00000029871               3.59368E-160 
 0.00000029872               3.37577E-160 
 0.00000029873               3.17961E-160 
 0.00000029874               2.98938E-160 
 0.00000029875               2.86497E-160 
 0.00000029876               2.8716E-160 
 0.00000029877               2.92172E-160 
 0.00000029878               2.90593E-160 
 0.00000029879               2.83013E-160 
 0.0000002988                2.7242E-160 
 0.00000029881               2.58279E-160 
 0.00000029882               2.40211E-160 
 0.00000029883               2.21966E-160 
 0.00000029884               2.08295E-160 
 0.00000029885               2.00014E-160 
 0.00000029886               1.95729E-160 
 0.00000029887               1.94492E-160 
 0.00000029888               1.9463E-160 
 0.00000029889               1.93604E-160 
 0.0000002989                1.90078E-160 
 0.00000029891               1.84545E-160 
 0.00000029892               1.78149E-160 
 0.00000029893               1.71691E-160 
 0.00000029894               1.655E-160 
 0.00000029895               1.59514E-160 
 0.00000029896               1.53216E-160 
 0.00000029897               1.4613E-160 
 0.00000029898               1.39531E-160 
 0.00000029899               1.35094E-160 
 0.000000299   1.31491E-160 
 0.00000029901               1.26897E-160 
 0.00000029902               1.21557E-160 
 0.00000029903               1.15787E-160 
 0.00000029904               1.07806E-160 
 0.00000029905               9.54875E-161 
 0.00000029906               8.31272E-161 
 0.00000029907               7.88739E-161 
 0.00000029908               8.34112E-161 
 0.00000029909               8.90926E-161 
 0.0000002991                9.0213E-161 
 0.00000029911               8.8058E-161 
 0.00000029912               8.51185E-161 
 0.00000029913               8.21921E-161 
 0.00000029914               7.9285E-161 
 0.00000029915               7.64186E-161 
 0.00000029916               7.36022E-161 
 0.00000029917               7.08208E-161 
 0.00000029918               6.80673E-161 
 0.00000029919               6.53715E-161 
 0.0000002992                6.2791E-161 
 0.00000029921               6.0354E-161 
 0.00000029922               5.80257E-161 
 0.00000029923               5.57912E-161 
 0.00000029924               5.37155E-161 
 0.00000029925               5.18728E-161 
 0.00000029926               5.02517E-161 
 0.00000029927               4.87109E-161 
 0.00000029928               4.71075E-161 
 0.00000029929               4.54537E-161 
 0.0000002993                4.38341E-161 
 0.00000029931               4.22613E-161 
 0.00000029932               4.07382E-161 
 0.00000029933               3.92767E-161 
 0.00000029934               3.78668E-161 
 0.00000029935               3.64857E-161 
 0.00000029936               3.51237E-161 
 0.00000029937               3.3803E-161 
 0.00000029938               3.25614E-161 
 0.00000029939               3.13957E-161 
 0.0000002994                3.02552E-161 
 0.00000029941               2.90721E-161 
 0.00000029942               2.77366E-161 
 0.00000029943               2.61632E-161 
 0.00000029944               2.45285E-161 
 0.00000029945               2.31165E-161 
 0.00000029946               2.18169E-161 
 0.00000029947               2.02837E-161 
 0.00000029948               1.83192E-161 
 0.00000029949               1.57213E-161 
 0.0000002995                1.24723E-161 
 0.00000029951               9.32897E-162 
 0.00000029952               7.3238E-162 
 0.00000029953               6.89539E-162 
 0.00000029954               8.0282E-162 
 0.00000029955               1.03753E-161 
 0.00000029956               1.29089E-161 
 0.00000029957               1.44535E-161 
 0.00000029958               1.47754E-161 
 0.00000029959               1.43872E-161 
 0.0000002996                1.37997E-161 
 0.00000029961               1.33026E-161 
 0.00000029962               1.29526E-161 
 0.00000029963               1.26297E-161 
 0.00000029964               1.22413E-161 
 0.00000029965               1.17968E-161 
 0.00000029966               1.13328E-161 
 0.00000029967               1.08747E-161 
 0.00000029968               1.0439E-161 
 0.00000029969               1.00312E-161 
 0.0000002997                9.64472E-162 
 0.00000029971               9.26878E-162 
 0.00000029972               8.89823E-162 
 0.00000029973               8.53597E-162 
 0.00000029974               8.1891E-162 
 0.00000029975               7.86131E-162 
 0.00000029976               7.55132E-162 
 0.00000029977               7.25615E-162 
 0.00000029978               6.96682E-162 
 0.00000029979               6.66621E-162 
 0.0000002998                6.33909E-162 
 0.00000029981               6.00142E-162 
 0.00000029982               5.71073E-162 
 0.00000029983               5.51313E-162 
 0.00000029984               5.37254E-162 
 0.00000029985               5.13904E-162 
 0.00000029986               4.52592E-162 
 0.00000029987               3.23823E-162 
 0.00000029988               1.60373E-162 
 0.00000029989               5.35033E-163 
 0.0000002999                1.66001E-163 
 0.00000029991               8.71751E-164 
 0.00000029992               1.1488E-163 
 0.00000029993               3.0992E-163 
 0.00000029994               9.44839E-163 
 0.00000029995               2.07168E-162 
 0.00000029996               3.03208E-162 
 0.00000029997               3.41779E-162 
 0.00000029998               3.4141E-162 
 0.00000029999               3.16135E-162 
 0.0000003     2.60345E-162 
