 0.000000294   1.08718E-97 
 0.00000029401               1.01159E-97 
 0.00000029402               9.91752E-98 
 0.00000029403               1.02287E-97 
 0.00000029404               1.05164E-97 
 0.00000029405               1.0537E-97 
 0.00000029406               1.0363E-97 
 0.00000029407               1.0111E-97 
 0.00000029408               9.8629E-98 
 0.00000029409               9.63711E-98 
 0.0000002941                9.37536E-98 
 0.00000029411               8.97443E-98 
 0.00000029412               8.40671E-98 
 0.00000029413               7.85377E-98 
 0.00000029414               7.57719E-98 
 0.00000029415               7.62383E-98 
 0.00000029416               7.79658E-98 
 0.00000029417               7.8343E-98 
 0.00000029418               7.44152E-98 
 0.00000029419               6.22205E-98 
 0.0000002942                4.35868E-98 
 0.00000029421               2.97688E-98 
 0.00000029422               2.71713E-98 
 0.00000029423               3.55546E-98 
 0.00000029424               5.0382E-98 
 0.00000029425               6.13686E-98 
 0.00000029426               6.46219E-98 
 0.00000029427               6.40203E-98 
 0.00000029428               6.26114E-98 
 0.00000029429               6.13236E-98 
 0.0000002943                6.01825E-98 
 0.00000029431               5.89916E-98 
 0.00000029432               5.75766E-98 
 0.00000029433               5.57123E-98 
 0.00000029434               5.34263E-98 
 0.00000029435               5.15538E-98 
 0.00000029436               5.04246E-98 
 0.00000029437               4.92282E-98 
 0.00000029438               4.80164E-98 
 0.00000029439               4.69268E-98 
 0.0000002944                4.55036E-98 
 0.00000029441               4.39407E-98 
 0.00000029442               4.28511E-98 
 0.00000029443               4.23994E-98 
 0.00000029444               4.22628E-98 
 0.00000029445               4.20342E-98 
 0.00000029446               4.15158E-98 
 0.00000029447               4.07276E-98 
 0.00000029448               3.97566E-98 
 0.00000029449               3.86514E-98 
 0.0000002945                3.74932E-98 
 0.00000029451               3.64384E-98 
 0.00000029452               3.55848E-98 
 0.00000029453               3.48273E-98 
 0.00000029454               3.38973E-98 
 0.00000029455               3.26832E-98 
 0.00000029456               3.15241E-98 
 0.00000029457               3.08783E-98 
 0.00000029458               3.07011E-98 
 0.00000029459               3.05459E-98 
 0.0000002946                3.0157E-98 
 0.00000029461               2.95854E-98 
 0.00000029462               2.89564E-98 
 0.00000029463               2.83061E-98 
 0.00000029464               2.75483E-98 
 0.00000029465               2.65786E-98 
 0.00000029466               2.54813E-98 
 0.00000029467               2.4564E-98 
 0.00000029468               2.39548E-98 
 0.00000029469               2.33682E-98 
 0.0000002947                2.25586E-98 
 0.00000029471               2.141E-98 
 0.00000029472               1.96859E-98 
 0.00000029473               1.77094E-98 
 0.00000029474               1.67005E-98 
 0.00000029475               1.71772E-98 
 0.00000029476               1.76365E-98 
 0.00000029477               1.61701E-98 
 0.00000029478               1.50011E-98 
 0.00000029479               1.64754E-98 
 0.0000002948                1.83661E-98 
 0.00000029481               1.87443E-98 
 0.00000029482               1.84091E-98 
 0.00000029483               1.79746E-98 
 0.00000029484               1.75395E-98 
 0.00000029485               1.71185E-98 
 0.00000029486               1.67267E-98 
 0.00000029487               1.63594E-98 
 0.00000029488               1.60009E-98 
 0.00000029489               1.56481E-98 
 0.0000002949                1.53029E-98 
 0.00000029491               1.49646E-98 
 0.00000029492               1.46282E-98 
 0.00000029493               1.42841E-98 
 0.00000029494               1.39244E-98 
 0.00000029495               1.35569E-98 
 0.00000029496               1.32071E-98 
 0.00000029497               1.29027E-98 
 0.00000029498               1.26481E-98 
 0.00000029499               1.24169E-98 
 0.000000295   1.21767E-98 
 0.00000029501               1.19116E-98 
 0.00000029502               1.16121E-98 
 0.00000029503               1.12616E-98 
 0.00000029504               1.08465E-98 
 0.00000029505               1.03677E-98 
 0.00000029506               9.85851E-99 
 0.00000029507               9.45792E-99 
 0.00000029508               9.3162E-99 
 0.00000029509               9.32549E-99 
 0.0000002951                9.25897E-99 
 0.00000029511               9.10041E-99 
 0.00000029512               8.94656E-99 
 0.00000029513               8.82554E-99 
 0.00000029514               8.71077E-99 
 0.00000029515               8.57779E-99 
 0.00000029516               8.41658E-99 
 0.00000029517               8.219E-99 
 0.00000029518               7.97021E-99 
 0.00000029519               7.67047E-99 
 0.0000002952                7.38563E-99 
 0.00000029521               7.20928E-99 
 0.00000029522               7.14413E-99 
 0.00000029523               7.09639E-99 
 0.00000029524               6.99771E-99 
 0.00000029525               6.85508E-99 
 0.00000029526               6.69483E-99 
 0.00000029527               6.52213E-99 
 0.00000029528               6.32643E-99 
 0.00000029529               6.08679E-99 
 0.0000002953                5.76658E-99 
 0.00000029531               5.34178E-99 
 0.00000029532               4.87782E-99 
 0.00000029533               4.53304E-99 
 0.00000029534               4.41827E-99 
 0.00000029535               4.48888E-99 
 0.00000029536               4.59972E-99 
 0.00000029537               4.6459E-99 
 0.00000029538               4.60311E-99 
 0.00000029539               4.43122E-99 
 0.0000002954                4.08156E-99 
 0.00000029541               3.67331E-99 
 0.00000029542               3.45685E-99 
 0.00000029543               3.52765E-99 
 0.00000029544               3.71698E-99 
 0.00000029545               3.7793E-99 
 0.00000029546               3.64398E-99 
 0.00000029547               3.37405E-99 
 0.00000029548               3.06346E-99 
 0.00000029549               2.5891E-99 
 0.0000002955                2.17113E-99 
 0.00000029551               2.03136E-99 
 0.00000029552               2.26792E-99 
 0.00000029553               2.76022E-99 
 0.00000029554               3.19667E-99 
 0.00000029555               3.38872E-99 
 0.00000029556               3.40618E-99 
 0.00000029557               3.35761E-99 
 0.00000029558               3.29016E-99 
 0.00000029559               3.21785E-99 
 0.0000002956                3.14442E-99 
 0.00000029561               3.06693E-99 
 0.00000029562               2.96415E-99 
 0.00000029563               2.75954E-99 
 0.00000029564               2.35178E-99 
 0.00000029565               1.90316E-99 
 0.00000029566               1.77226E-99 
 0.00000029567               1.97645E-99 
 0.00000029568               2.18409E-99 
 0.00000029569               2.22889E-99 
 0.0000002957                2.22369E-99 
 0.00000029571               2.2351E-99 
 0.00000029572               2.25253E-99 
 0.00000029573               2.2532E-99 
 0.00000029574               2.22596E-99 
 0.00000029575               2.17621E-99 
 0.00000029576               2.11449E-99 
 0.00000029577               2.03547E-99 
 0.00000029578               1.91677E-99 
 0.00000029579               1.7523E-99 
 0.0000002958                1.5747E-99 
 0.00000029581               1.48889E-99 
 0.00000029582               1.5567E-99 
 0.00000029583               1.67049E-99 
 0.00000029584               1.71384E-99 
 0.00000029585               1.7009E-99 
 0.00000029586               1.67434E-99 
 0.00000029587               1.64676E-99 
 0.00000029588               1.61825E-99 
 0.00000029589               1.5885E-99 
 0.0000002959                1.558E-99 
 0.00000029591               1.52711E-99 
 0.00000029592               1.49561E-99 
 0.00000029593               1.46292E-99 
 0.00000029594               1.42752E-99 
 0.00000029595               1.3852E-99 
 0.00000029596               1.32754E-99 
 0.00000029597               1.2455E-99 
 0.00000029598               1.14138E-99 
 0.00000029599               1.0391E-99 
 0.000000296   9.72568E-100 
 0.00000029601               9.56755E-100 
 0.00000029602               9.70346E-100 
 0.00000029603               9.63755E-100 
 0.00000029604               8.94057E-100 
 0.00000029605               7.7711E-100 
 0.00000029606               6.82257E-100 
 0.00000029607               6.54201E-100 
 0.00000029608               6.90096E-100 
 0.00000029609               7.65867E-100 
 0.0000002961                8.4719E-100 
 0.00000029611               9.02027E-100 
 0.00000029612               9.21152E-100 
 0.00000029613               9.15687E-100 
 0.00000029614               8.99009E-100 
 0.00000029615               8.7805E-100 
 0.00000029616               8.54956E-100 
 0.00000029617               8.30306E-100 
 0.00000029618               8.05325E-100 
 0.00000029619               7.82574E-100 
 0.0000002962                7.6416E-100 
 0.00000029621               7.49287E-100 
 0.00000029622               7.34507E-100 
 0.00000029623               7.16759E-100 
 0.00000029624               6.95563E-100 
 0.00000029625               6.73322E-100 
 0.00000029626               6.54515E-100 
 0.00000029627               6.40902E-100 
 0.00000029628               6.29701E-100 
 0.00000029629               6.19476E-100 
 0.0000002963                6.10586E-100 
 0.00000029631               6.01578E-100 
 0.00000029632               5.90939E-100 
 0.00000029633               5.78756E-100 
 0.00000029634               5.65896E-100 
 0.00000029635               5.53152E-100 
 0.00000029636               5.40951E-100 
 0.00000029637               5.29336E-100 
 0.00000029638               5.18012E-100 
 0.00000029639               5.06756E-100 
 0.0000002964                4.95503E-100 
 0.00000029641               4.84116E-100 
 0.00000029642               4.72441E-100 
 0.00000029643               4.60519E-100 
 0.00000029644               4.4867E-100 
 0.00000029645               4.37396E-100 
 0.00000029646               4.27094E-100 
 0.00000029647               4.17705E-100 
 0.00000029648               4.08475E-100 
 0.00000029649               3.9793E-100 
 0.0000002965                3.84343E-100 
 0.00000029651               3.66549E-100 
 0.00000029652               3.45298E-100 
 0.00000029653               3.24457E-100 
 0.00000029654               3.09984E-100 
 0.00000029655               3.05904E-100 
 0.00000029656               3.10122E-100 
 0.00000029657               3.15575E-100 
 0.00000029658               3.16963E-100 
 0.00000029659               3.13891E-100 
 0.0000002966                3.08368E-100 
 0.00000029661               3.01469E-100 
 0.00000029662               2.9327E-100 
 0.00000029663               2.83911E-100 
 0.00000029664               2.74974E-100 
 0.00000029665               2.68558E-100 
 0.00000029666               2.64875E-100 
 0.00000029667               2.61944E-100 
 0.00000029668               2.57904E-100 
 0.00000029669               2.52521E-100 
 0.0000002967                2.46509E-100 
 0.00000029671               2.40598E-100 
 0.00000029672               2.34894E-100 
 0.00000029673               2.29069E-100 
 0.00000029674               2.22722E-100 
 0.00000029675               2.15165E-100 
 0.00000029676               2.05759E-100 
 0.00000029677               1.94431E-100 
 0.00000029678               1.8055E-100 
 0.00000029679               1.61151E-100 
 0.0000002968                1.34048E-100 
 0.00000029681               1.04524E-100 
 0.00000029682               8.27787E-101 
 0.00000029683               7.4766E-101 
 0.00000029684               8.12195E-101 
 0.00000029685               9.99445E-101 
 0.00000029686               1.24043E-100 
 0.00000029687               1.43402E-100 
 0.00000029688               1.52907E-100 
 0.00000029689               1.54836E-100 
 0.0000002969                1.53281E-100 
 0.00000029691               1.5057E-100 
 0.00000029692               1.47432E-100 
 0.00000029693               1.4401E-100 
 0.00000029694               1.40542E-100 
 0.00000029695               1.37323E-100 
 0.00000029696               1.34227E-100 
 0.00000029697               1.30915E-100 
 0.00000029698               1.27555E-100 
 0.00000029699               1.24657E-100 
 0.000000297   1.22193E-100 
 0.00000029701               1.1953E-100 
 0.00000029702               1.15587E-100 
 0.00000029703               1.09041E-100 
 0.00000029704               1.0012E-100 
 0.00000029705               9.23858E-101 
 0.00000029706               8.94956E-101 
 0.00000029707               9.03465E-101 
 0.00000029708               9.03119E-101 
 0.00000029709               8.79015E-101 
 0.0000002971                8.59301E-101 
 0.00000029711               8.55916E-101 
 0.00000029712               8.47592E-101 
 0.00000029713               8.19721E-101 
 0.00000029714               7.87764E-101 
 0.00000029715               7.73286E-101 
 0.00000029716               7.77959E-101 
 0.00000029717               7.86667E-101 
 0.00000029718               7.86589E-101 
 0.00000029719               7.76703E-101 
 0.0000002972                7.61766E-101 
 0.00000029721               7.45498E-101 
 0.00000029722               7.29636E-101 
 0.00000029723               7.14683E-101 
 0.00000029724               7.00127E-101 
 0.00000029725               6.85231E-101 
 0.00000029726               6.69882E-101 
 0.00000029727               6.54633E-101 
 0.00000029728               6.40028E-101 
 0.00000029729               6.26011E-101 
 0.0000002973                6.12212E-101 
 0.00000029731               5.96935E-101 
 0.00000029732               5.70433E-101 
 0.00000029733               4.91924E-101 
 0.00000029734               2.86385E-101 
 0.00000029735               5.56045E-102 
 0.00000029736               1.2746E-103 
 0.00000029737               2.26239E-106 
 0.00000029738               1.64448E-109 
 0.00000029739               1.94272E-111 
 0.0000002974                6.43596E-111 
 0.00000029741               2.61587E-108 
 0.00000029742               3.41662E-105 
 0.00000029743               6.7431E-103 
 0.00000029744               1.03277E-101 
 0.00000029745               2.8985E-101 
 0.00000029746               3.85246E-101 
 0.00000029747               3.98291E-101 
 0.00000029748               3.72288E-101 
 0.00000029749               3.15805E-101 
 0.0000002975                2.41172E-101 
 0.00000029751               1.69269E-101 
 0.00000029752               1.07305E-101 
 0.00000029753               4.7571E-102 
 0.00000029754               5.79207E-103 
 0.00000029755               4.6414E-105 
 0.00000029756               3.50563E-108 
 0.00000029757               1.71329E-110 
 0.00000029758               5.61957E-110 
 0.00000029759               5.00087E-107 
 0.0000002976                6.3211E-104 
 0.00000029761               4.0331E-102 
 0.00000029762               1.84991E-101 
 0.00000029763               2.63899E-101 
 0.00000029764               2.73678E-101 
 0.00000029765               2.67118E-101 
 0.00000029766               2.55923E-101 
 0.00000029767               2.42125E-101 
 0.00000029768               2.32036E-101 
 0.00000029769               2.30477E-101 
 0.0000002977                2.32934E-101 
 0.00000029771               2.32022E-101 
 0.00000029772               2.25388E-101 
 0.00000029773               2.13979E-101 
 0.00000029774               2.00752E-101 
 0.00000029775               1.90478E-101 
 0.00000029776               1.85887E-101 
 0.00000029777               1.85504E-101 
 0.00000029778               1.85562E-101 
 0.00000029779               1.82895E-101 
 0.0000002978                1.7785E-101 
 0.00000029781               1.74196E-101 
 0.00000029782               1.73775E-101 
 0.00000029783               1.7401E-101 
 0.00000029784               1.72285E-101 
 0.00000029785               1.68855E-101 
 0.00000029786               1.64981E-101 
 0.00000029787               1.61312E-101 
 0.00000029788               1.57914E-101 
 0.00000029789               1.5458E-101 
 0.0000002979                1.51053E-101 
 0.00000029791               1.47228E-101 
 0.00000029792               1.43262E-101 
 0.00000029793               1.3954E-101 
 0.00000029794               1.36276E-101 
 0.00000029795               1.32956E-101 
 0.00000029796               1.28552E-101 
 0.00000029797               1.22137E-101 
 0.00000029798               1.11999E-101 
 0.00000029799               9.49172E-102 
 0.000000298   7.18476E-102 
 0.00000029801               5.20475E-102 
 0.00000029802               4.29819E-102 
 0.00000029803               4.57784E-102 
 0.00000029804               5.81182E-102 
 0.00000029805               7.184E-102 
 0.00000029806               7.97027E-102 
 0.00000029807               8.42601E-102 
 0.00000029808               8.89153E-102 
 0.00000029809               9.24026E-102 
 0.0000002981                9.32007E-102 
 0.00000029811               9.2089E-102 
 0.00000029812               9.02474E-102 
 0.00000029813               8.81285E-102 
 0.00000029814               8.58826E-102 
 0.00000029815               8.37242E-102 
 0.00000029816               8.18273E-102 
 0.00000029817               8.01026E-102 
 0.00000029818               7.83121E-102 
 0.00000029819               7.62539E-102 
 0.0000002982                7.38063E-102 
 0.00000029821               7.11297E-102 
 0.00000029822               6.89213E-102 
 0.00000029823               6.77401E-102 
 0.00000029824               6.71456E-102 
 0.00000029825               6.63165E-102 
 0.00000029826               6.50399E-102 
 0.00000029827               6.35517E-102 
 0.00000029828               6.2036E-102 
 0.00000029829               6.05316E-102 
 0.0000002983                5.90384E-102 
 0.00000029831               5.7601E-102 
 0.00000029832               5.62686E-102 
 0.00000029833               5.50152E-102 
 0.00000029834               5.37732E-102 
 0.00000029835               5.24957E-102 
 0.00000029836               5.11959E-102 
 0.00000029837               4.99338E-102 
 0.00000029838               4.87923E-102 
 0.00000029839               4.77423E-102 
 0.0000002984                4.66319E-102 
 0.00000029841               4.51368E-102 
 0.00000029842               4.2703E-102 
 0.00000029843               3.89723E-102 
 0.00000029844               3.45616E-102 
 0.00000029845               3.10568E-102 
 0.00000029846               2.94037E-102 
 0.00000029847               2.87149E-102 
 0.00000029848               2.65379E-102 
 0.00000029849               2.12748E-102 
 0.0000002985                1.44838E-102 
 0.00000029851               9.16735E-103 
 0.00000029852               6.53024E-103 
 0.00000029853               6.28517E-103 
 0.00000029854               8.40924E-103 
 0.00000029855               1.3273E-102 
 0.00000029856               1.99247E-102 
 0.00000029857               2.55793E-102 
 0.00000029858               2.84882E-102 
 0.00000029859               2.92076E-102 
 0.0000002986                2.8926E-102 
 0.00000029861               2.8346E-102 
 0.00000029862               2.7716E-102 
 0.00000029863               2.70956E-102 
 0.00000029864               2.6502E-102 
 0.00000029865               2.59261E-102 
 0.00000029866               2.53349E-102 
 0.00000029867               2.47063E-102 
 0.00000029868               2.405E-102 
 0.00000029869               2.33878E-102 
 0.0000002987                2.26864E-102 
 0.00000029871               2.14606E-102 
 0.00000029872               1.69579E-102 
 0.00000029873               5.16681E-103 
 0.00000029874               3.62711E-105 
 0.00000029875               4.3255E-112 
 0.00000029876               7.2036E-129 
 0.00000029877               8.98683E-159 
 0.00000029878               5.43706E-196 
 0.00000029879               1.63985E-223 
 0.0000002988                1.47657E-224 
 0.00000029881               1.91618E-198 
 0.00000029882               2.7899E-161 
 0.00000029883               1.40827E-130 
 0.00000029884               5.65219E-113 
 0.00000029885               1.39231E-105 
 0.00000029886               2.87199E-103 
 0.00000029887               9.5792E-103 
 0.00000029888               1.06385E-102 
 0.00000029889               9.16161E-103 
 0.0000002989                7.34939E-103 
 0.00000029891               5.76081E-103 
 0.00000029892               4.55541E-103 
 0.00000029893               3.75723E-103 
 0.00000029894               3.32188E-103 
 0.00000029895               3.25072E-103 
 0.00000029896               3.69642E-103 
 0.00000029897               4.84334E-103 
 0.00000029898               6.53119E-103 
 0.00000029899               8.1399E-103 
 0.000000299   9.22864E-103 
 0.00000029901               9.87724E-103 
 0.00000029902               1.026E-102 
 0.00000029903               1.03991E-102 
 0.00000029904               1.03074E-102 
 0.00000029905               1.00422E-102 
 0.00000029906               9.64673E-103 
 0.00000029907               9.19887E-103 
 0.00000029908               8.88233E-103 
 0.00000029909               8.79012E-103 
 0.0000002991                8.75688E-103 
 0.00000029911               8.59225E-103 
 0.00000029912               8.2248E-103 
 0.00000029913               7.61765E-103 
 0.00000029914               6.77326E-103 
 0.00000029915               5.88205E-103 
 0.00000029916               5.30232E-103 
 0.00000029917               5.27208E-103 
 0.00000029918               5.73138E-103 
 0.00000029919               6.35091E-103 
 0.0000002992                6.77144E-103 
 0.00000029921               6.89159E-103 
 0.00000029922               6.82347E-103 
 0.00000029923               6.68555E-103 
 0.00000029924               6.532E-103 
 0.00000029925               6.37885E-103 
 0.00000029926               6.23001E-103 
 0.00000029927               6.08554E-103 
 0.00000029928               5.94355E-103 
 0.00000029929               5.80133E-103 
 0.0000002993                5.65174E-103 
 0.00000029931               5.46825E-103 
 0.00000029932               5.19172E-103 
 0.00000029933               4.78971E-103 
 0.00000029934               4.37926E-103 
 0.00000029935               4.16868E-103 
 0.00000029936               4.2216E-103 
 0.00000029937               4.38773E-103 
 0.00000029938               4.48343E-103 
 0.00000029939               4.47183E-103 
 0.0000002994                4.40883E-103 
 0.00000029941               4.32147E-103 
 0.00000029942               4.20829E-103 
 0.00000029943               4.07804E-103 
 0.00000029944               3.95251E-103 
 0.00000029945               3.85111E-103 
 0.00000029946               3.77647E-103 
 0.00000029947               3.70813E-103 
 0.00000029948               3.61587E-103 
 0.00000029949               3.51384E-103 
 0.0000002995                3.44729E-103 
 0.00000029951               3.3944E-103 
 0.00000029952               3.3238E-103 
 0.00000029953               3.25178E-103 
 0.00000029954               3.18613E-103 
 0.00000029955               3.11808E-103 
 0.00000029956               3.04388E-103 
 0.00000029957               2.96742E-103 
 0.00000029958               2.89457E-103 
 0.00000029959               2.8272E-103 
 0.0000002996                2.75999E-103 
 0.00000029961               2.68545E-103 
 0.00000029962               2.60157E-103 
 0.00000029963               2.51458E-103 
 0.00000029964               2.43695E-103 
 0.00000029965               2.37924E-103 
 0.00000029966               2.34128E-103 
 0.00000029967               2.31238E-103 
 0.00000029968               2.28072E-103 
 0.00000029969               2.24116E-103 
 0.0000002997                2.19478E-103 
 0.00000029971               2.14394E-103 
 0.00000029972               2.08245E-103 
 0.00000029973               1.96618E-103 
 0.00000029974               1.69647E-103 
 0.00000029975               1.26693E-103 
 0.00000029976               8.93673E-104 
 0.00000029977               7.54566E-104 
 0.00000029978               8.74376E-104 
 0.00000029979               1.19227E-103 
 0.0000002998                1.50238E-103 
 0.00000029981               1.64137E-103 
 0.00000029982               1.64962E-103 
 0.00000029983               1.61494E-103 
 0.00000029984               1.5711E-103 
 0.00000029985               1.52704E-103 
 0.00000029986               1.48656E-103 
 0.00000029987               1.45145E-103 
 0.00000029988               1.42047E-103 
 0.00000029989               1.39047E-103 
 0.0000002999                1.35843E-103 
 0.00000029991               1.31889E-103 
 0.00000029992               1.25389E-103 
 0.00000029993               1.12192E-103 
 0.00000029994               8.75337E-104 
 0.00000029995               5.47667E-104 
 0.00000029996               2.74024E-104 
 0.00000029997               1.30739E-104 
 0.00000029998               8.14542E-105 
 0.00000029999               8.37963E-105 
 0.0000003     1.38133E-104 
