 0.000000294   1.61193E-95 
 0.00000029401               1.57931E-95 
 0.00000029402               1.55002E-95 
 0.00000029403               1.51754E-95 
 0.00000029404               1.47167E-95 
 0.00000029405               1.3983E-95 
 0.00000029406               1.28166E-95 
 0.00000029407               1.11372E-95 
 0.00000029408               9.11334E-96 
 0.00000029409               7.21704E-96 
 0.0000002941                5.95533E-96 
 0.00000029411               5.58165E-96 
 0.00000029412               6.12179E-96 
 0.00000029413               7.42467E-96 
 0.00000029414               9.0364E-96 
 0.00000029415               1.03214E-95 
 0.00000029416               1.09484E-95 
 0.00000029417               1.10236E-95 
 0.00000029418               1.07797E-95 
 0.00000029419               1.04531E-95 
 0.0000002942                1.02401E-95 
 0.00000029421               1.01114E-95 
 0.00000029422               9.95365E-96 
 0.00000029423               9.76028E-96 
 0.00000029424               9.54922E-96 
 0.00000029425               9.41143E-96 
 0.00000029426               9.19806E-96 
 0.00000029427               9.009E-96 
 0.00000029428               8.82359E-96 
 0.00000029429               8.61962E-96 
 0.0000002943                8.40571E-96 
 0.00000029431               8.20391E-96 
 0.00000029432               8.02128E-96 
 0.00000029433               7.84748E-96 
 0.00000029434               7.67107E-96 
 0.00000029435               7.48874E-96 
 0.00000029436               7.30419E-96 
 0.00000029437               7.12489E-96 
 0.00000029438               6.95845E-96 
 0.00000029439               6.80887E-96 
 0.0000002944                6.67316E-96 
 0.00000029441               6.54134E-96 
 0.00000029442               6.40127E-96 
 0.00000029443               6.24032E-96 
 0.00000029444               6.03595E-96 
 0.00000029445               5.76272E-96 
 0.00000029446               5.45134E-96 
 0.00000029447               5.20882E-96 
 0.00000029448               5.12314E-96 
 0.00000029449               5.16504E-96 
 0.0000002945                5.21708E-96 
 0.00000029451               5.19402E-96 
 0.00000029452               5.08416E-96 
 0.00000029453               4.89451E-96 
 0.00000029454               4.68215E-96 
 0.00000029455               4.5737E-96 
 0.00000029456               4.58164E-96 
 0.00000029457               4.58212E-96 
 0.00000029458               4.52058E-96 
 0.00000029459               4.42884E-96 
 0.0000002946                4.33049E-96 
 0.00000029461               4.22499E-96 
 0.00000029462               4.09355E-96 
 0.00000029463               3.89918E-96 
 0.00000029464               3.62381E-96 
 0.00000029465               3.33212E-96 
 0.00000029466               3.13855E-96 
 0.00000029467               3.08675E-96 
 0.00000029468               3.12239E-96 
 0.00000029469               3.16904E-96 
 0.0000002947                3.19427E-96 
 0.00000029471               3.20504E-96 
 0.00000029472               3.20339E-96 
 0.00000029473               3.18084E-96 
 0.00000029474               3.13402E-96 
 0.00000029475               3.06854E-96 
 0.00000029476               2.99487E-96 
 0.00000029477               2.92102E-96 
 0.00000029478               2.84858E-96 
 0.00000029479               2.77591E-96 
 0.0000002948                2.70549E-96 
 0.00000029481               2.64103E-96 
 0.00000029482               2.57445E-96 
 0.00000029483               2.45683E-96 
 0.00000029484               2.17167E-96 
 0.00000029485               1.68809E-96 
 0.00000029486               1.26935E-96 
 0.00000029487               1.16601E-96 
 0.00000029488               1.3603E-96 
 0.00000029489               1.55711E-96 
 0.0000002949                1.40997E-96 
 0.00000029491               1.04035E-96 
 0.00000029492               7.58768E-97 
 0.00000029493               6.72829E-97 
 0.00000029494               7.78639E-97 
 0.00000029495               1.04869E-96 
 0.00000029496               1.37793E-96 
 0.00000029497               1.61709E-96 
 0.00000029498               1.72154E-96 
 0.00000029499               1.74207E-96 
 0.000000295   1.7264E-96 
 0.00000029501               1.68982E-96 
 0.00000029502               1.62893E-96 
 0.00000029503               1.5333E-96 
 0.00000029504               1.38561E-96 
 0.00000029505               1.16805E-96 
 0.00000029506               8.97372E-97 
 0.00000029507               6.46966E-97 
 0.00000029508               4.89152E-97 
 0.00000029509               4.44549E-97 
 0.0000002951                5.09519E-97 
 0.00000029511               6.74679E-97 
 0.00000029512               8.91097E-97 
 0.00000029513               1.0688E-96 
 0.00000029514               1.16073E-96 
 0.00000029515               1.19138E-96 
 0.00000029516               1.19535E-96 
 0.00000029517               1.18659E-96 
 0.00000029518               1.16913E-96 
 0.00000029519               1.14465E-96 
 0.0000002952                1.11077E-96 
 0.00000029521               1.06403E-96 
 0.00000029522               1.01343E-96 
 0.00000029523               9.8028E-97 
 0.00000029524               9.73266E-97 
 0.00000029525               9.767E-97 
 0.00000029526               9.70507E-97 
 0.00000029527               9.48439E-97 
 0.00000029528               9.13933E-97 
 0.00000029529               8.76941E-97 
 0.0000002953                8.49189E-97 
 0.00000029531               8.35563E-97 
 0.00000029532               8.31052E-97 
 0.00000029533               8.26892E-97 
 0.00000029534               8.1739E-97 
 0.00000029535               8.01919E-97 
 0.00000029536               7.82535E-97 
 0.00000029537               7.62142E-97 
 0.00000029538               7.43241E-97 
 0.00000029539               7.24276E-97 
 0.0000002954                6.98504E-97 
 0.00000029541               6.6519E-97 
 0.00000029542               6.39714E-97 
 0.00000029543               6.32568E-97 
 0.00000029544               6.29273E-97 
 0.00000029545               6.15258E-97 
 0.00000029546               6.00749E-97 
 0.00000029547               5.96866E-97 
 0.00000029548               5.95595E-97 
 0.00000029549               5.88275E-97 
 0.0000002955                5.76485E-97 
 0.00000029551               5.63464E-97 
 0.00000029552               5.502E-97 
 0.00000029553               5.3654E-97 
 0.00000029554               5.2195E-97 
 0.00000029555               5.06456E-97 
 0.00000029556               4.91667E-97 
 0.00000029557               4.79415E-97 
 0.00000029558               4.69853E-97 
 0.00000029559               4.62509E-97 
 0.0000002956                4.55903E-97 
 0.00000029561               4.47384E-97 
 0.00000029562               4.36372E-97 
 0.00000029563               4.24298E-97 
 0.00000029564               4.12899E-97 
 0.00000029565               4.03188E-97 
 0.00000029566               3.95229E-97 
 0.00000029567               3.8834E-97 
 0.00000029568               3.81667E-97 
 0.00000029569               3.74065E-97 
 0.0000002957                3.64631E-97 
 0.00000029571               3.52347E-97 
 0.00000029572               3.32727E-97 
 0.00000029573               3.02945E-97 
 0.00000029574               2.76033E-97 
 0.00000029575               2.68647E-97 
 0.00000029576               2.79858E-97 
 0.00000029577               2.94926E-97 
 0.00000029578               3.01438E-97 
 0.00000029579               2.99151E-97 
 0.0000002958                2.93355E-97 
 0.00000029581               2.8692E-97 
 0.00000029582               2.80458E-97 
 0.00000029583               2.74E-97 
 0.00000029584               2.67599E-97 
 0.00000029585               2.61322E-97 
 0.00000029586               2.54925E-97 
 0.00000029587               2.47451E-97 
 0.00000029588               2.37041E-97 
 0.00000029589               2.22471E-97 
 0.0000002959                2.06792E-97 
 0.00000029591               1.96815E-97 
 0.00000029592               1.9564E-97 
 0.00000029593               1.98878E-97 
 0.00000029594               2.00021E-97 
 0.00000029595               1.96853E-97 
 0.00000029596               1.89707E-97 
 0.00000029597               1.7841E-97 
 0.00000029598               1.67684E-97 
 0.00000029599               1.65901E-97 
 0.000000296   1.72028E-97 
 0.00000029601               1.76741E-97 
 0.00000029602               1.76165E-97 
 0.00000029603               1.72521E-97 
 0.00000029604               1.67773E-97 
 0.00000029605               1.62826E-97 
 0.00000029606               1.58483E-97 
 0.00000029607               1.54954E-97 
 0.00000029608               1.50507E-97 
 0.00000029609               1.36438E-97 
 0.0000002961                9.57396E-98 
 0.00000029611               4.56915E-98 
 0.00000029612               2.38227E-98 
 0.00000029613               2.76153E-98 
 0.00000029614               5.45612E-98 
 0.00000029615               8.51263E-98 
 0.00000029616               9.13483E-98 
 0.00000029617               8.62576E-98 
 0.00000029618               8.1836E-98 
 0.00000029619               8.00112E-98 
 0.0000002962                8.13956E-98 
 0.00000029621               8.5718E-98 
 0.00000029622               9.14205E-98 
 0.00000029623               9.65358E-98 
 0.00000029624               9.97643E-98 
 0.00000029625               1.00877E-97 
 0.00000029626               1.00388E-97 
 0.00000029627               9.89518E-98 
 0.00000029628               9.63322E-98 
 0.00000029629               8.98191E-98 
 0.0000002963                7.72344E-98 
 0.00000029631               6.58668E-98 
 0.00000029632               6.54626E-98 
 0.00000029633               7.44216E-98 
 0.00000029634               8.21367E-98 
 0.00000029635               8.36244E-98 
 0.00000029636               8.20209E-98 
 0.00000029637               8.0074E-98 
 0.00000029638               7.83705E-98 
 0.00000029639               7.65755E-98 
 0.0000002964                7.44084E-98 
 0.00000029641               7.20315E-98 
 0.00000029642               6.98563E-98 
 0.00000029643               6.81246E-98 
 0.00000029644               6.65985E-98 
 0.00000029645               6.44632E-98 
 0.00000029646               6.06933E-98 
 0.00000029647               5.49373E-98 
 0.00000029648               4.74987E-98 
 0.00000029649               3.80975E-98 
 0.0000002965                2.69488E-98 
 0.00000029651               1.70387E-98 
 0.00000029652               1.12167E-98 
 0.00000029653               9.5392E-99 
 0.00000029654               1.15222E-98 
 0.00000029655               1.7636E-98 
 0.00000029656               2.75249E-98 
 0.00000029657               3.76052E-98 
 0.00000029658               4.38356E-98 
 0.00000029659               4.57856E-98 
 0.0000002966                4.52575E-98 
 0.00000029661               4.37804E-98 
 0.00000029662               4.2143E-98 
 0.00000029663               4.07153E-98 
 0.00000029664               3.96218E-98 
 0.00000029665               3.88067E-98 
 0.00000029666               3.8196E-98 
 0.00000029667               3.77816E-98 
 0.00000029668               3.75075E-98 
 0.00000029669               3.72092E-98 
 0.0000002967                3.67377E-98 
 0.00000029671               3.61127E-98 
 0.00000029672               3.54704E-98 
 0.00000029673               3.48404E-98 
 0.00000029674               3.41813E-98 
 0.00000029675               3.35546E-98 
 0.00000029676               3.30105E-98 
 0.00000029677               3.2477E-98 
 0.00000029678               3.18766E-98 
 0.00000029679               3.1209E-98 
 0.0000002968                3.04845E-98 
 0.00000029681               2.95858E-98 
 0.00000029682               2.80995E-98 
 0.00000029683               2.569E-98 
 0.00000029684               2.33573E-98 
 0.00000029685               2.28274E-98 
 0.00000029686               2.4017E-98 
 0.00000029687               2.51173E-98 
 0.00000029688               2.51384E-98 
 0.00000029689               2.44472E-98 
 0.0000002969                2.35411E-98 
 0.00000029691               2.24871E-98 
 0.00000029692               2.09485E-98 
 0.00000029693               1.90069E-98 
 0.00000029694               1.75971E-98 
 0.00000029695               1.74472E-98 
 0.00000029696               1.83365E-98 
 0.00000029697               1.93758E-98 
 0.00000029698               1.98395E-98 
 0.00000029699               1.97225E-98 
 0.000000297   1.93397E-98 
 0.00000029701               1.88703E-98 
 0.00000029702               1.83791E-98 
 0.00000029703               1.79374E-98 
 0.00000029704               1.72177E-98 
 0.00000029705               1.58572E-98 
 0.00000029706               1.40907E-98 
 0.00000029707               1.33835E-98 
 0.00000029708               1.42105E-98 
 0.00000029709               1.51698E-98 
 0.0000002971                1.53369E-98 
 0.00000029711               1.50262E-98 
 0.00000029712               1.45203E-98 
 0.00000029713               1.38061E-98 
 0.00000029714               1.30146E-98 
 0.00000029715               1.26212E-98 
 0.00000029716               1.27505E-98 
 0.00000029717               1.29003E-98 
 0.00000029718               1.26984E-98 
 0.00000029719               1.21691E-98 
 0.0000002972                1.14472E-98 
 0.00000029721               1.07679E-98 
 0.00000029722               1.04108E-98 
 0.00000029723               1.04301E-98 
 0.00000029724               1.0622E-98 
 0.00000029725               1.0724E-98 
 0.00000029726               1.06388E-98 
 0.00000029727               1.04102E-98 
 0.00000029728               1.00961E-98 
 0.00000029729               9.76247E-99 
 0.0000002973                9.50796E-99 
 0.00000029731               9.3411E-99 
 0.00000029732               9.18496E-99 
 0.00000029733               9.0069E-99 
 0.00000029734               8.80668E-99 
 0.00000029735               8.60086E-99 
 0.00000029736               8.42697E-99 
 0.00000029737               8.29232E-99 
 0.00000029738               8.15648E-99 
 0.00000029739               7.99045E-99 
 0.0000002974                7.80603E-99 
 0.00000029741               7.6122E-99 
 0.00000029742               7.40931E-99 
 0.00000029743               7.20994E-99 
 0.00000029744               7.03426E-99 
 0.00000029745               6.8899E-99 
 0.00000029746               6.76679E-99 
 0.00000029747               6.64736E-99 
 0.00000029748               6.52011E-99 
 0.00000029749               6.38352E-99 
 0.0000002975                6.24136E-99 
 0.00000029751               6.09709E-99 
 0.00000029752               5.95255E-99 
 0.00000029753               5.80689E-99 
 0.00000029754               5.65902E-99 
 0.00000029755               5.51294E-99 
 0.00000029756               5.39665E-99 
 0.00000029757               5.27734E-99 
 0.00000029758               5.16196E-99 
 0.00000029759               5.02467E-99 
 0.0000002976                4.8275E-99 
 0.00000029761               4.52609E-99 
 0.00000029762               4.13031E-99 
 0.00000029763               3.74634E-99 
 0.00000029764               3.50608E-99 
 0.00000029765               3.48797E-99 
 0.00000029766               3.63707E-99 
 0.00000029767               3.79448E-99 
 0.00000029768               3.86683E-99 
 0.00000029769               3.79414E-99 
 0.0000002977                3.37773E-99 
 0.00000029771               2.48617E-99 
 0.00000029772               1.60515E-99 
 0.00000029773               1.27165E-99 
 0.00000029774               1.55254E-99 
 0.00000029775               2.30896E-99 
 0.00000029776               3.00212E-99 
 0.00000029777               3.22116E-99 
 0.00000029778               3.06856E-99 
 0.00000029779               2.56491E-99 
 0.0000002978                1.53174E-99 
 0.00000029781               3.62736E-100 
 0.00000029782               8.93494E-102 
 0.00000029783               1.84276E-105 
 0.00000029784               6.88894E-113 
 0.00000029785               5.90251E-126 
 0.00000029786               7.42738E-146 
 0.00000029787               1.01758E-171 
 0.00000029788               1.23904E-199 
 0.00000029789               4.08879E-223 
 0.0000002979                2.08731E-235 
 0.00000029791               1.33668E-232 
 0.00000029792               1.24143E-215 
 0.00000029793               8.41293E-190 
 0.00000029794               3.92404E-162 
 0.00000029795               2.5334E-138 
 0.00000029796               4.82184E-121 
 0.00000029797               3.49227E-110 
 0.00000029798               3.42894E-104 
 0.00000029799               2.73023E-101 
 0.000000298   4.52373E-100 
 0.00000029801               1.24385E-99 
 0.00000029802               1.6849E-99 
 0.00000029803               1.79007E-99 
 0.00000029804               1.75998E-99 
 0.00000029805               1.69034E-99 
 0.00000029806               1.61362E-99 
 0.00000029807               1.5357E-99 
 0.00000029808               1.46564E-99 
 0.00000029809               1.42289E-99 
 0.0000002981                1.41114E-99 
 0.00000029811               1.4059E-99 
 0.00000029812               1.37372E-99 
 0.00000029813               1.2991E-99 
 0.00000029814               1.20345E-99 
 0.00000029815               1.1368E-99 
 0.00000029816               1.13229E-99 
 0.00000029817               1.15866E-99 
 0.00000029818               1.03693E-99 
 0.00000029819               4.25103E-100 
 0.0000002982                1.07713E-101 
 0.00000029821               5.52735E-106 
 0.00000029822               2.64422E-113 
 0.00000029823               3.16284E-120 
 0.00000029824               2.33013E-121 
 0.00000029825               1.04563E-115 
 0.00000029826               5.31725E-108 
 0.00000029827               9.8124E-103 
 0.00000029828               1.70747E-100 
 0.00000029829               7.30875E-100 
 0.0000002983                9.48269E-100 
 0.00000029831               9.48866E-100 
 0.00000029832               9.19007E-100 
 0.00000029833               9.02641E-100 
 0.00000029834               8.96971E-100 
 0.00000029835               8.88015E-100 
 0.00000029836               8.70234E-100 
 0.00000029837               8.41154E-100 
 0.00000029838               7.91997E-100 
 0.00000029839               7.18959E-100 
 0.0000002984                6.44231E-100 
 0.00000029841               6.04945E-100 
 0.00000029842               6.1642E-100 
 0.00000029843               6.57405E-100 
 0.00000029844               6.90719E-100 
 0.00000029845               6.98119E-100 
 0.00000029846               6.85212E-100 
 0.00000029847               6.63994E-100 
 0.00000029848               6.43564E-100 
 0.00000029849               6.27103E-100 
 0.0000002985                6.1365E-100 
 0.00000029851               6.01729E-100 
 0.00000029852               5.90933E-100 
 0.00000029853               5.81675E-100 
 0.00000029854               5.73057E-100 
 0.00000029855               5.62141E-100 
 0.00000029856               5.46738E-100 
 0.00000029857               5.25108E-100 
 0.00000029858               4.93209E-100 
 0.00000029859               4.56269E-100 
 0.0000002986                4.37999E-100 
 0.00000029861               4.47446E-100 
 0.00000029862               4.60656E-100 
 0.00000029863               4.57713E-100 
 0.00000029864               4.42397E-100 
 0.00000029865               4.22034E-100 
 0.00000029866               3.99665E-100 
 0.00000029867               3.78112E-100 
 0.00000029868               3.60599E-100 
 0.00000029869               3.49048E-100 
 0.0000002987                3.42755E-100 
 0.00000029871               3.35037E-100 
 0.00000029872               3.10384E-100 
 0.00000029873               2.50521E-100 
 0.00000029874               1.60561E-100 
 0.00000029875               8.07248E-101 
 0.00000029876               3.70225E-101 
 0.00000029877               2.06484E-101 
 0.00000029878               1.85291E-101 
 0.00000029879               2.84127E-101 
 0.0000002988                5.90815E-101 
 0.00000029881               1.19726E-100 
 0.00000029882               1.93771E-100 
 0.00000029883               2.46464E-100 
 0.00000029884               2.67277E-100 
 0.00000029885               2.69292E-100 
 0.00000029886               2.64828E-100 
 0.00000029887               2.56267E-100 
 0.00000029888               2.31078E-100 
 0.00000029889               1.58831E-100 
 0.0000002989                5.53842E-101 
 0.00000029891               7.37198E-102 
 0.00000029892               7.0982E-103 
 0.00000029893               2.46806E-103 
 0.00000029894               7.70054E-103 
 0.00000029895               7.98112E-102 
 0.00000029896               5.51485E-101 
 0.00000029897               1.42782E-100 
 0.00000029898               1.92186E-100 
 0.00000029899               2.01666E-100 
 0.000000299   1.9843E-100 
 0.00000029901               1.9238E-100 
 0.00000029902               1.85489E-100 
 0.00000029903               1.7778E-100 
 0.00000029904               1.68716E-100 
 0.00000029905               1.59111E-100 
 0.00000029906               1.51217E-100 
 0.00000029907               1.44786E-100 
 0.00000029908               1.35828E-100 
 0.00000029909               1.22383E-100 
 0.0000002991                1.0894E-100 
 0.00000029911               1.02043E-100 
 0.00000029912               1.04875E-100 
 0.00000029913               1.15629E-100 
 0.00000029914               1.27678E-100 
 0.00000029915               1.34583E-100 
 0.00000029916               1.35333E-100 
 0.00000029917               1.3198E-100 
 0.00000029918               1.26567E-100 
 0.00000029919               1.20418E-100 
 0.0000002992                1.12882E-100 
 0.00000029921               1.01684E-100 
 0.00000029922               8.63694E-101 
 0.00000029923               7.00392E-101 
 0.00000029924               5.68263E-101 
 0.00000029925               4.90972E-101 
 0.00000029926               4.72828E-101 
 0.00000029927               5.10247E-101 
 0.00000029928               5.95669E-101 
 0.00000029929               7.09712E-101 
 0.0000002993                8.18313E-101 
 0.00000029931               8.91558E-101 
 0.00000029932               9.23254E-101 
 0.00000029933               9.25762E-101 
 0.00000029934               9.13741E-101 
 0.00000029935               8.96185E-101 
 0.00000029936               8.76939E-101 
 0.00000029937               8.57326E-101 
 0.00000029938               8.37812E-101 
 0.00000029939               8.18559E-101 
 0.0000002994                7.9955E-101 
 0.00000029941               7.80666E-101 
 0.00000029942               7.61911E-101 
 0.00000029943               7.43711E-101 
 0.00000029944               7.26667E-101 
 0.00000029945               7.1076E-101 
 0.00000029946               6.95352E-101 
 0.00000029947               6.7999E-101 
 0.00000029948               6.644E-101 
 0.00000029949               6.46545E-101 
 0.0000002995                6.1917E-101 
 0.00000029951               5.77126E-101 
 0.00000029952               5.39587E-101 
 0.00000029953               5.32536E-101 
 0.00000029954               5.44014E-101 
 0.00000029955               5.42866E-101 
 0.00000029956               5.26805E-101 
 0.00000029957               5.14904E-101 
 0.00000029958               5.12999E-101 
 0.00000029959               5.10924E-101 
 0.0000002996                5.03435E-101 
 0.00000029961               4.92999E-101 
 0.00000029962               4.81733E-101 
 0.00000029963               4.70095E-101 
 0.00000029964               4.58363E-101 
 0.00000029965               4.47344E-101 
 0.00000029966               4.37576E-101 
 0.00000029967               4.28444E-101 
 0.00000029968               4.19296E-101 
 0.00000029969               4.09883E-101 
 0.0000002997                4.00102E-101 
 0.00000029971               3.90283E-101 
 0.00000029972               3.81177E-101 
 0.00000029973               3.72981E-101 
 0.00000029974               3.66707E-101 
 0.00000029975               3.58502E-101 
 0.00000029976               3.49982E-101 
 0.00000029977               3.40961E-101 
 0.00000029978               3.30909E-101 
 0.00000029979               3.19421E-101 
 0.0000002998                3.07205E-101 
 0.00000029981               2.96372E-101 
 0.00000029982               2.8885E-101 
 0.00000029983               2.84444E-101 
 0.00000029984               2.81215E-101 
 0.00000029985               2.77014E-101 
 0.00000029986               2.69226E-101 
 0.00000029987               2.59161E-101 
 0.00000029988               2.53929E-101 
 0.00000029989               2.50659E-101 
 0.0000002999                2.40222E-101 
 0.00000029991               2.23273E-101 
 0.00000029992               2.07863E-101 
 0.00000029993               2.0137E-101 
 0.00000029994               2.03517E-101 
 0.00000029995               2.0765E-101 
 0.00000029996               2.0919E-101 
 0.00000029997               2.07949E-101 
 0.00000029998               2.03555E-101 
 0.00000029999               1.95199E-101 
 0.0000003     1.8498E-101 
