 0.000000294   1.66227E-22 
 0.00000029401               1.41798E-22 
 0.00000029402               1.31335E-22 
 0.00000029403               1.31026E-22 
 0.00000029404               1.40107E-22 
 0.00000029405               1.57671E-22 
 0.00000029406               1.84959E-22 
 0.00000029407               2.23599E-22 
 0.00000029408               2.70052E-22 
 0.00000029409               3.13377E-22 
 0.0000002941                3.4314E-22 
 0.00000029411               3.57876E-22 
 0.00000029412               3.62581E-22 
 0.00000029413               3.61994E-22 
 0.00000029414               3.57998E-22 
 0.00000029415               3.51309E-22 
 0.00000029416               3.4461E-22 
 0.00000029417               3.42019E-22 
 0.00000029418               3.4423E-22 
 0.00000029419               3.47397E-22 
 0.0000002942                3.47961E-22 
 0.00000029421               3.44812E-22 
 0.00000029422               3.36286E-22 
 0.00000029423               3.20259E-22 
 0.00000029424               3.01392E-22 
 0.00000029425               2.92182E-22 
 0.00000029426               2.99208E-22 
 0.00000029427               3.14191E-22 
 0.00000029428               3.24147E-22 
 0.00000029429               3.26138E-22 
 0.0000002943                3.24956E-22 
 0.00000029431               3.24351E-22 
 0.00000029432               3.24978E-22 
 0.00000029433               3.25931E-22 
 0.00000029434               3.26237E-22 
 0.00000029435               3.25432E-22 
 0.00000029436               3.23625E-22 
 0.00000029437               3.21497E-22 
 0.00000029438               3.19782E-22 
 0.00000029439               3.18533E-22 
 0.0000002944                3.17215E-22 
 0.00000029441               3.1531E-22 
 0.00000029442               3.1281E-22 
 0.00000029443               3.10422E-22 
 0.00000029444               3.08496E-22 
 0.00000029445               3.06905E-22 
 0.00000029446               3.05812E-22 
 0.00000029447               3.04626E-22 
 0.00000029448               3.02133E-22 
 0.00000029449               2.97677E-22 
 0.0000002945                2.91486E-22 
 0.00000029451               2.84107E-22 
 0.00000029452               2.7574E-22 
 0.00000029453               2.67927E-22 
 0.00000029454               2.6448E-22 
 0.00000029455               2.66782E-22 
 0.00000029456               2.71904E-22 
 0.00000029457               2.76698E-22 
 0.00000029458               2.80351E-22 
 0.00000029459               2.83339E-22 
 0.0000002946                2.84985E-22 
 0.00000029461               2.8449E-22 
 0.00000029462               2.83302E-22 
 0.00000029463               2.82369E-22 
 0.00000029464               2.80704E-22 
 0.00000029465               2.77985E-22 
 0.00000029466               2.75041E-22 
 0.00000029467               2.72781E-22 
 0.00000029468               2.70469E-22 
 0.00000029469               2.67092E-22 
 0.0000002947                2.65201E-22 
 0.00000029471               2.6674E-22 
 0.00000029472               2.68626E-22 
 0.00000029473               2.68447E-22 
 0.00000029474               2.65888E-22 
 0.00000029475               2.56825E-22 
 0.00000029476               2.34756E-22 
 0.00000029477               2.08629E-22 
 0.00000029478               1.98753E-22 
 0.00000029479               2.03562E-22 
 0.0000002948                2.0669E-22 
 0.00000029481               2.10052E-22 
 0.00000029482               2.21502E-22 
 0.00000029483               2.35049E-22 
 0.00000029484               2.42237E-22 
 0.00000029485               2.43508E-22 
 0.00000029486               2.43002E-22 
 0.00000029487               2.42821E-22 
 0.00000029488               2.4296E-22 
 0.00000029489               2.42948E-22 
 0.0000002949                2.42918E-22 
 0.00000029491               2.43077E-22 
 0.00000029492               2.4322E-22 
 0.00000029493               2.43024E-22 
 0.00000029494               2.42364E-22 
 0.00000029495               2.41322E-22 
 0.00000029496               2.40053E-22 
 0.00000029497               2.38715E-22 
 0.00000029498               2.37389E-22 
 0.00000029499               2.36014E-22 
 0.000000295   2.34482E-22 
 0.00000029501               2.32858E-22 
 0.00000029502               2.31377E-22 
 0.00000029503               2.30196E-22 
 0.00000029504               2.29247E-22 
 0.00000029505               2.28288E-22 
 0.00000029506               2.27162E-22 
 0.00000029507               2.25975E-22 
 0.00000029508               2.24804E-22 
 0.00000029509               2.23541E-22 
 0.0000002951                2.2214E-22 
 0.00000029511               2.20676E-22 
 0.00000029512               2.19264E-22 
 0.00000029513               2.1802E-22 
 0.00000029514               2.16894E-22 
 0.00000029515               2.15624E-22 
 0.00000029516               2.14372E-22 
 0.00000029517               2.13728E-22 
 0.00000029518               2.13489E-22 
 0.00000029519               2.13084E-22 
 0.0000002952                2.12443E-22 
 0.00000029521               2.11492E-22 
 0.00000029522               2.09572E-22 
 0.00000029523               2.06374E-22 
 0.00000029524               2.04413E-22 
 0.00000029525               2.05075E-22 
 0.00000029526               2.05607E-22 
 0.00000029527               2.04712E-22 
 0.00000029528               2.03611E-22 
 0.00000029529               2.02236E-22 
 0.0000002953                2.00981E-22 
 0.00000029531               1.99625E-22 
 0.00000029532               1.97628E-22 
 0.00000029533               1.95584E-22 
 0.00000029534               1.94621E-22 
 0.00000029535               1.93178E-22 
 0.00000029536               1.89783E-22 
 0.00000029537               1.85111E-22 
 0.00000029538               1.79345E-22 
 0.00000029539               1.72277E-22 
 0.0000002954                1.65239E-22 
 0.00000029541               1.60731E-22 
 0.00000029542               1.60508E-22 
 0.00000029543               1.64478E-22 
 0.00000029544               1.70839E-22 
 0.00000029545               1.77115E-22 
 0.00000029546               1.81477E-22 
 0.00000029547               1.83459E-22 
 0.00000029548               1.8367E-22 
 0.00000029549               1.83088E-22 
 0.0000002955                1.82298E-22 
 0.00000029551               1.81423E-22 
 0.00000029552               1.80265E-22 
 0.00000029553               1.7871E-22 
 0.00000029554               1.76877E-22 
 0.00000029555               1.75048E-22 
 0.00000029556               1.73391E-22 
 0.00000029557               1.71965E-22 
 0.00000029558               1.70459E-22 
 0.00000029559               1.68492E-22 
 0.0000002956                1.66213E-22 
 0.00000029561               1.64531E-22 
 0.00000029562               1.64393E-22 
 0.00000029563               1.65736E-22 
 0.00000029564               1.6746E-22 
 0.00000029565               1.6849E-22 
 0.00000029566               1.6856E-22 
 0.00000029567               1.68006E-22 
 0.00000029568               1.67213E-22 
 0.00000029569               1.66368E-22 
 0.0000002957                1.65431E-22 
 0.00000029571               1.64223E-22 
 0.00000029572               1.62683E-22 
 0.00000029573               1.61135E-22 
 0.00000029574               1.60108E-22 
 0.00000029575               1.59685E-22 
 0.00000029576               1.59382E-22 
 0.00000029577               1.58808E-22 
 0.00000029578               1.57977E-22 
 0.00000029579               1.57027E-22 
 0.0000002958                1.56226E-22 
 0.00000029581               1.55612E-22 
 0.00000029582               1.54963E-22 
 0.00000029583               1.54305E-22 
 0.00000029584               1.53715E-22 
 0.00000029585               1.5309E-22 
 0.00000029586               1.5229E-22 
 0.00000029587               1.51273E-22 
 0.00000029588               1.50158E-22 
 0.00000029589               1.48979E-22 
 0.0000002959                1.47969E-22 
 0.00000029591               1.47279E-22 
 0.00000029592               1.46908E-22 
 0.00000029593               1.46661E-22 
 0.00000029594               1.46296E-22 
 0.00000029595               1.4562E-22 
 0.00000029596               1.44382E-22 
 0.00000029597               1.42227E-22 
 0.00000029598               1.39165E-22 
 0.00000029599               1.36199E-22 
 0.000000296   1.34822E-22 
 0.00000029601               1.35461E-22 
 0.00000029602               1.36889E-22 
 0.00000029603               1.37377E-22 
 0.00000029604               1.35957E-22 
 0.00000029605               1.32018E-22 
 0.00000029606               1.23688E-22 
 0.00000029607               1.08494E-22 
 0.00000029608               8.75053E-23 
 0.00000029609               6.57564E-23 
 0.0000002961                4.71957E-23 
 0.00000029611               3.40386E-23 
 0.00000029612               2.89383E-23 
 0.00000029613               3.47905E-23 
 0.00000029614               5.54918E-23 
 0.00000029615               8.80094E-23 
 0.00000029616               1.14721E-22 
 0.00000029617               1.26031E-22 
 0.00000029618               1.2826E-22 
 0.00000029619               1.27788E-22 
 0.0000002962                1.26386E-22 
 0.00000029621               1.24025E-22 
 0.00000029622               1.22012E-22 
 0.00000029623               1.21601E-22 
 0.00000029624               1.21153E-22 
 0.00000029625               1.19435E-22 
 0.00000029626               1.17181E-22 
 0.00000029627               1.15154E-22 
 0.00000029628               1.13663E-22 
 0.00000029629               1.12802E-22 
 0.0000002963                1.12667E-22 
 0.00000029631               1.13314E-22 
 0.00000029632               1.14324E-22 
 0.00000029633               1.14824E-22 
 0.00000029634               1.14487E-22 
 0.00000029635               1.13796E-22 
 0.00000029636               1.11877E-22 
 0.00000029637               1.05192E-22 
 0.00000029638               9.31505E-23 
 0.00000029639               8.3581E-23 
 0.0000002964                8.44167E-23 
 0.00000029641               9.46974E-23 
 0.00000029642               1.05803E-22 
 0.00000029643               1.11405E-22 
 0.00000029644               1.12754E-22 
 0.00000029645               1.12685E-22 
 0.00000029646               1.12255E-22 
 0.00000029647               1.11705E-22 
 0.00000029648               1.11127E-22 
 0.00000029649               1.10537E-22 
 0.0000002965                1.09925E-22 
 0.00000029651               1.09242E-22 
 0.00000029652               1.08312E-22 
 0.00000029653               1.06804E-22 
 0.00000029654               1.04598E-22 
 0.00000029655               1.02309E-22 
 0.00000029656               1.01027E-22 
 0.00000029657               1.01243E-22 
 0.00000029658               1.02203E-22 
 0.00000029659               1.01885E-22 
 0.0000002966                9.67838E-23 
 0.00000029661               8.36942E-23 
 0.00000029662               6.60587E-23 
 0.00000029663               5.36579E-23 
 0.00000029664               5.27068E-23 
 0.00000029665               6.33652E-23 
 0.00000029666               7.98504E-23 
 0.00000029667               9.23957E-23 
 0.00000029668               9.73997E-23 
 0.00000029669               9.81394E-23 
 0.0000002967                9.67182E-23 
 0.00000029671               9.05486E-23 
 0.00000029672               7.08742E-23 
 0.00000029673               3.38177E-23 
 0.00000029674               5.96602E-24 
 0.00000029675               2.77072E-25 
 0.00000029676               5.50452E-27 
 0.00000029677               2.27196E-28 
 0.00000029678               1.13359E-28 
 0.00000029679               1.04489E-27 
 0.0000002968                4.75364E-26 
 0.00000029681               1.67525E-24 
 0.00000029682               1.65658E-23 
 0.00000029683               4.82471E-23 
 0.00000029684               6.88839E-23 
 0.00000029685               7.4773E-23 
 0.00000029686               7.70464E-23 
 0.00000029687               8.07189E-23 
 0.00000029688               8.52107E-23 
 0.00000029689               8.81389E-23 
 0.0000002969                8.88973E-23 
 0.00000029691               8.82609E-23 
 0.00000029692               8.68004E-23 
 0.00000029693               8.49183E-23 
 0.00000029694               8.31275E-23 
 0.00000029695               1.15057E-22 
 0.00000029696               1.11963E-22 
 0.00000029697               1.07715E-22 
 0.00000029698               1.02363E-22 
 0.00000029699               9.62997E-23 
 0.000000297   9.03387E-23 
 0.00000029701               8.62029E-23 
 0.00000029702               8.54846E-23 
 0.00000029703               8.78618E-23 
 0.00000029704               9.10396E-23 
 0.00000029705               9.26824E-23 
 0.00000029706               9.2077E-23 
 0.00000029707               8.96124E-23 
 0.00000029708               8.68802E-23 
 0.00000029709               8.70654E-23 
 0.0000002971                9.19937E-23 
 0.00000029711               9.95533E-23 
 0.00000029712               1.05761E-22 
 0.00000029713               1.08896E-22 
 0.00000029714               1.0972E-22 
 0.00000029715               1.09172E-22 
 0.00000029716               1.07737E-22 
 0.00000029717               1.06101E-22 
 0.00000029718               1.0489E-22 
 0.00000029719               9.88781E-23 
 0.0000002972                4.91222E-23 
 0.00000029721               3.03163E-25 
 0.00000029722               4.83676E-35 
 0.00000029723               8.21757E-61 
 0.00000029724               1.21942E-97 
 0.00000029725               1.54171E-116 
 0.00000029726               1.57509E-97 
 0.00000029727               1.05419E-60 
 0.00000029728               5.35236E-35 
 0.00000029729               3.03543E-25 
 0.0000002973                4.76304E-23 
 0.00000029731               9.55352E-23 
 0.00000029732               1.01361E-22 
 0.00000029733               1.0191E-22 
 0.00000029734               1.01621E-22 
 0.00000029735               1.011E-22 
 0.00000029736               1.00506E-22 
 0.00000029737               9.99306E-23 
 0.00000029738               9.92758E-23 
 0.00000029739               9.86044E-23 
 0.0000002974                9.78687E-23 
 0.00000029741               9.75855E-23 
 0.00000029742               9.73853E-23 
 0.00000029743               9.68963E-23 
 0.00000029744               9.60834E-23 
 0.00000029745               9.46794E-23 
 0.00000029746               9.15977E-23 
 0.00000029747               8.55107E-23 
 0.00000029748               7.19469E-23 
 0.00000029749               3.74547E-23 
 0.0000002975                6.72872E-24 
 0.00000029751               7.89486E-25 
 0.00000029752               5.42487E-25 
 0.00000029753               3.53955E-24 
 0.00000029754               2.71651E-23 
 0.00000029755               6.93813E-23 
 0.00000029756               8.5811E-23 
 0.00000029757               8.46294E-23 
 0.00000029758               7.64352E-23 
 0.00000029759               6.71184E-23 
 0.0000002976                6.59002E-23 
 0.00000029761               7.38705E-23 
 0.00000029762               8.15398E-23 
 0.00000029763               8.24638E-23 
 0.00000029764               7.91231E-23 
 0.00000029765               7.5284E-23 
 0.00000029766               7.29116E-23 
 0.00000029767               7.22009E-23 
 0.00000029768               7.23085E-23 
 0.00000029769               7.27175E-23 
 0.0000002977                7.36495E-23 
 0.00000029771               7.50211E-23 
 0.00000029772               7.45706E-23 
 0.00000029773               6.06369E-23 
 0.00000029774               1.61256E-23 
 0.00000029775               4.35108E-26 
 0.00000029776               1.91523E-34 
 0.00000029777               5.25843E-54 
 0.00000029778               7.27001E-86 
 0.00000029779               7.39023E-119 
 0.0000002978                4.6651E-133 
 0.00000029781               3.61964E-118 
 0.00000029782               6.51363E-85 
 0.00000029783               2.70696E-53 
 0.00000029784               4.50358E-34 
 0.00000029785               6.2463E-26 
 0.00000029786               1.91161E-23 
 0.00000029787               6.86879E-23 
 0.00000029788               8.46318E-23 
 0.00000029789               8.64825E-23 
 0.0000002979                8.62176E-23 
 0.00000029791               8.56779E-23 
 0.00000029792               8.49618E-23 
 0.00000029793               8.37505E-23 
 0.00000029794               8.18576E-23 
 0.00000029795               8.03901E-23 
 0.00000029796               8.04272E-23 
 0.00000029797               8.10434E-23 
 0.00000029798               8.13181E-23 
 0.00000029799               8.14001E-23 
 0.000000298   8.14707E-23 
 0.00000029801               8.13885E-23 
 0.00000029802               8.117E-23 
 0.00000029803               8.08448E-23 
 0.00000029804               8.04408E-23 
 0.00000029805               8.00061E-23 
 0.00000029806               7.96044E-23 
 0.00000029807               7.92587E-23 
 0.00000029808               7.89355E-23 
 0.00000029809               7.85946E-23 
 0.0000002981                7.82248E-23 
 0.00000029811               7.78328E-23 
 0.00000029812               7.74264E-23 
 0.00000029813               7.7015E-23 
 0.00000029814               7.66104E-23 
 0.00000029815               7.62179E-23 
 0.00000029816               7.58211E-23 
 0.00000029817               7.53655E-23 
 0.00000029818               7.47199E-23 
 0.00000029819               7.37396E-23 
 0.0000002982                7.26416E-23 
 0.00000029821               7.19597E-23 
 0.00000029822               7.16084E-23 
 0.00000029823               7.07027E-23 
 0.00000029824               6.86245E-23 
 0.00000029825               6.60858E-23 
 0.00000029826               6.48714E-23 
 0.00000029827               6.57956E-23 
 0.00000029828               6.76521E-23 
 0.00000029829               6.88265E-23 
 0.0000002983                6.8846E-23 
 0.00000029831               6.81599E-23 
 0.00000029832               6.74044E-23 
 0.00000029833               6.69331E-23 
 0.00000029834               6.67119E-23 
 0.00000029835               6.65767E-23 
 0.00000029836               6.63084E-23 
 0.00000029837               6.54002E-23 
 0.00000029838               6.33094E-23 
 0.00000029839               6.0522E-23 
 0.0000002984                5.8831E-23 
 0.00000029841               5.94601E-23 
 0.00000029842               6.15161E-23 
 0.00000029843               6.32129E-23 
 0.00000029844               6.38127E-23 
 0.00000029845               6.35936E-23 
 0.00000029846               6.29233E-23 
 0.00000029847               6.17798E-23 
 0.00000029848               5.98369E-23 
 0.00000029849               5.69131E-23 
 0.0000002985                5.2651E-23 
 0.00000029851               4.59312E-23 
 0.00000029852               3.84394E-23 
 0.00000029853               3.61742E-23 
 0.00000029854               4.15223E-23 
 0.00000029855               4.94857E-23 
 0.00000029856               5.4305E-23 
 0.00000029857               5.65195E-23 
 0.00000029858               5.77369E-23 
 0.00000029859               5.81563E-23 
 0.0000002986                5.81098E-23 
 0.00000029861               5.80137E-23 
 0.00000029862               5.79386E-23 
 0.00000029863               5.77109E-23 
 0.00000029864               5.69784E-23 
 0.00000029865               5.53702E-23 
 0.00000029866               5.27729E-23 
 0.00000029867               4.9599E-23 
 0.00000029868               4.66511E-23 
 0.00000029869               4.47001E-23 
 0.0000002987                4.42561E-23 
 0.00000029871               4.53596E-23 
 0.00000029872               4.73397E-23 
 0.00000029873               4.9172E-23 
 0.00000029874               5.04116E-23 
 0.00000029875               5.13851E-23 
 0.00000029876               5.24228E-23 
 0.00000029877               5.34123E-23 
 0.00000029878               5.40964E-23 
 0.00000029879               5.4396E-23 
 0.0000002988                5.43942E-23 
 0.00000029881               5.42107E-23 
 0.00000029882               5.39426E-23 
 0.00000029883               5.36479E-23 
 0.00000029884               5.33337E-23 
 0.00000029885               5.29863E-23 
 0.00000029886               5.26277E-23 
 0.00000029887               5.23044E-23 
 0.00000029888               5.20312E-23 
 0.00000029889               5.17856E-23 
 0.0000002989                5.1523E-23 
 0.00000029891               5.11301E-23 
 0.00000029892               5.04373E-23 
 0.00000029893               4.93205E-23 
 0.00000029894               4.75154E-23 
 0.00000029895               4.45694E-23 
 0.00000029896               4.10713E-23 
 0.00000029897               3.86498E-23 
 0.00000029898               3.82218E-23 
 0.00000029899               3.91386E-23 
 0.000000299   4.02515E-23 
 0.00000029901               4.10723E-23 
 0.00000029902               4.06617E-23 
 0.00000029903               3.78549E-23 
 0.00000029904               3.52077E-23 
 0.00000029905               3.66783E-23 
 0.00000029906               4.15228E-23 
 0.00000029907               4.54108E-23 
 0.00000029908               4.67045E-23 
 0.00000029909               4.67195E-23 
 0.0000002991                4.62626E-23 
 0.00000029911               4.53546E-23 
 0.00000029912               4.42491E-23 
 0.00000029913               4.36733E-23 
 0.00000029914               4.39292E-23 
 0.00000029915               4.44657E-23 
 0.00000029916               4.47256E-23 
 0.00000029917               4.46756E-23 
 0.00000029918               4.45209E-23 
 0.00000029919               4.43806E-23 
 0.0000002992                4.4238E-23 
 0.00000029921               4.40521E-23 
 0.00000029922               4.38262E-23 
 0.00000029923               4.35891E-23 
 0.00000029924               4.3363E-23 
 0.00000029925               4.31173E-23 
 0.00000029926               4.25633E-23 
 0.00000029927               4.0816E-23 
 0.00000029928               3.75686E-23 
 0.00000029929               3.53788E-23 
 0.0000002993                3.65611E-23 
 0.00000029931               3.99467E-23 
 0.00000029932               4.08947E-23 
 0.00000029933               3.98271E-23 
 0.00000029934               3.78419E-23 
 0.00000029935               3.64622E-23 
 0.00000029936               3.61484E-23 
 0.00000029937               3.62169E-23 
 0.00000029938               3.55536E-23 
 0.00000029939               3.4295E-23 
 0.0000002994                3.33108E-23 
 0.00000029941               3.31935E-23 
 0.00000029942               3.40267E-23 
 0.00000029943               3.54749E-23 
 0.00000029944               3.69855E-23 
 0.00000029945               3.81425E-23 
 0.00000029946               3.88162E-23 
 0.00000029947               3.91035E-23 
 0.00000029948               3.91663E-23 
 0.00000029949               3.91048E-23 
 0.0000002995                3.89667E-23 
 0.00000029951               3.8776E-23 
 0.00000029952               3.85256E-23 
 0.00000029953               3.81745E-23 
 0.00000029954               3.76929E-23 
 0.00000029955               3.71461E-23 
 0.00000029956               3.67113E-23 
 0.00000029957               3.65439E-23 
 0.00000029958               3.66253E-23 
 0.00000029959               3.67823E-23 
 0.0000002996                3.6851E-23 
 0.00000029961               3.67847E-23 
 0.00000029962               3.66188E-23 
 0.00000029963               3.63904E-23 
 0.00000029964               3.61076E-23 
 0.00000029965               3.57711E-23 
 0.00000029966               3.53968E-23 
 0.00000029967               3.50267E-23 
 0.00000029968               3.4717E-23 
 0.00000029969               3.45116E-23 
 0.0000002997                3.44148E-23 
 0.00000029971               3.4378E-23 
 0.00000029972               3.42941E-23 
 0.00000029973               3.39779E-23 
 0.00000029974               3.32297E-23 
 0.00000029975               3.21087E-23 
 0.00000029976               3.1119E-23 
 0.00000029977               3.08504E-23 
 0.00000029978               3.13698E-23 
 0.00000029979               3.205E-23 
 0.0000002998                3.17975E-23 
 0.00000029981               2.92159E-23 
 0.00000029982               2.37771E-23 
 0.00000029983               1.77114E-23 
 0.00000029984               1.41678E-23 
 0.00000029985               1.41699E-23 
 0.00000029986               1.65261E-23 
 0.00000029987               1.79831E-23 
 0.00000029988               1.62491E-23 
 0.00000029989               1.2587E-23 
 0.0000002999                8.88703E-24 
 0.00000029991               6.02217E-24 
 0.00000029992               4.17871E-24 
 0.00000029993               3.19753E-24 
 0.00000029994               2.84533E-24 
 0.00000029995               2.98818E-24 
 0.00000029996               3.66828E-24 
 0.00000029997               5.10254E-24 
 0.00000029998               7.50658E-24 
 0.00000029999               1.07334E-23 
 0.0000003     1.37773E-23 
