 0.000000294   4.55023E-166 
 0.00000029401               4.37333E-166 
 0.00000029402               4.3429E-166 
 0.00000029403               4.29066E-166 
 0.00000029404               4.14319E-166 
 0.00000029405               3.96949E-166 
 0.00000029406               3.81432E-166 
 0.00000029407               3.67993E-166 
 0.00000029408               3.55554E-166 
 0.00000029409               3.43424E-166 
 0.0000002941                3.31396E-166 
 0.00000029411               3.19519E-166 
 0.00000029412               3.07845E-166 
 0.00000029413               2.96392E-166 
 0.00000029414               2.85299E-166 
 0.00000029415               2.74622E-166 
 0.00000029416               2.6474E-166 
 0.00000029417               2.54431E-166 
 0.00000029418               2.44052E-166 
 0.00000029419               2.34041E-166 
 0.0000002942                2.2497E-166 
 0.00000029421               2.16514E-166 
 0.00000029422               2.0805E-166 
 0.00000029423               1.99469E-166 
 0.00000029424               1.91017E-166 
 0.00000029425               1.82716E-166 
 0.00000029426               1.74941E-166 
 0.00000029427               1.6873E-166 
 0.00000029428               1.63756E-166 
 0.00000029429               1.58447E-166 
 0.0000002943                1.52278E-166 
 0.00000029431               1.45824E-166 
 0.00000029432               1.39042E-166 
 0.00000029433               1.25683E-166 
 0.00000029434               9.2144E-167 
 0.00000029435               5.99898E-167 
 0.00000029436               6.14962E-167 
 0.00000029437               8.95754E-167 
 0.00000029438               1.07739E-166 
 0.00000029439               1.08077E-166 
 0.0000002944                3.59714E-154 
 0.00000029441               3.46778E-154 
 0.00000029442               3.34053E-154 
 0.00000029443               3.21545E-154 
 0.00000029444               3.09341E-154 
 0.00000029445               2.97695E-154 
 0.00000029446               2.86825E-154 
 0.00000029447               2.76741E-154 
 0.00000029448               2.67287E-154 
 0.00000029449               2.58111E-154 
 0.0000002945                2.47364E-154 
 0.00000029451               2.28581E-154 
 0.00000029452               1.99426E-154 
 0.00000029453               1.79857E-154 
 0.00000029454               1.84804E-154 
 0.00000029455               1.97368E-154 
 0.00000029456               1.99152E-154 
 0.00000029457               1.9339E-154 
 0.00000029458               1.86291E-154 
 0.00000029459               1.79571E-154 
 0.0000002946                1.73367E-154 
 0.00000029461               1.67299E-154 
 0.00000029462               1.6021E-154 
 0.00000029463               1.48934E-154 
 0.00000029464               1.2659E-154 
 0.00000029465               8.65116E-155 
 0.00000029466               3.90059E-155 
 0.00000029467               9.78491E-156 
 0.00000029468               1.45807E-156 
 0.00000029469               2.06584E-157 
 0.0000002947                5.89446E-158 
 0.00000029471               5.95655E-158 
 0.00000029472               2.02617E-157 
 0.00000029473               1.30673E-156 
 0.00000029474               8.14697E-156 
 0.00000029475               3.01908E-155 
 0.00000029476               6.06509E-155 
 0.00000029477               8.0422E-155 
 0.00000029478               8.69029E-155 
 0.00000029479               8.6665E-155 
 0.0000002948                8.42325E-155 
 0.00000029481               8.13636E-155 
 0.00000029482               7.85863E-155 
 0.00000029483               7.59659E-155 
 0.00000029484               7.34295E-155 
 0.00000029485               7.09202E-155 
 0.00000029486               6.84396E-155 
 0.00000029487               6.60237E-155 
 0.00000029488               6.36942E-155 
 0.00000029489               6.14555E-155 
 0.0000002949                5.92977E-155 
 0.00000029491               5.72119E-155 
 0.00000029492               5.51798E-155 
 0.00000029493               5.31727E-155 
 0.00000029494               5.11638E-155 
 0.00000029495               4.91703E-155 
 0.00000029496               4.72825E-155 
 0.00000029497               4.55812E-155 
 0.00000029498               4.39891E-155 
 0.00000029499               4.23505E-155 
 0.000000295   4.0754E-155 
 0.00000029501               3.93466E-155 
 0.00000029502               3.80461E-155 
 0.00000029503               3.67861E-155 
 0.00000029504               3.55478E-155 
 0.00000029505               3.43048E-155 
 0.00000029506               3.29974E-155 
 0.00000029507               3.14879E-155 
 0.00000029508               2.97094E-155 
 0.00000029509               2.79126E-155 
 0.0000002951                2.64673E-155 
 0.00000029511               2.54813E-155 
 0.00000029512               2.49442E-155 
 0.00000029513               2.47329E-155 
 0.00000029514               2.4443E-155 
 0.00000029515               2.38437E-155 
 0.00000029516               2.30206E-155 
 0.00000029517               2.18854E-155 
 0.00000029518               1.93334E-155 
 0.00000029519               1.27134E-155 
 0.0000002952                4.06468E-156 
 0.00000029521               5.64852E-157 
 0.00000029522               9.60493E-158 
 0.00000029523               9.19885E-158 
 0.00000029524               5.00032E-157 
 0.00000029525               3.36081E-156 
 0.00000029526               9.7796E-156 
 0.00000029527               1.3614E-155 
 0.00000029528               1.39824E-155 
 0.00000029529               1.34518E-155 
 0.0000002953                1.28941E-155 
 0.00000029531               1.23955E-155 
 0.00000029532               1.17965E-155 
 0.00000029533               1.04622E-155 
 0.00000029534               7.89582E-156 
 0.00000029535               5.16415E-156 
 0.00000029536               3.76066E-156 
 0.00000029537               3.96392E-156 
 0.00000029538               5.57321E-156 
 0.00000029539               7.67863E-156 
 0.0000002954                8.85775E-156 
 0.00000029541               8.98806E-156 
 0.00000029542               8.67389E-156 
 0.00000029543               8.31725E-156 
 0.00000029544               7.98867E-156 
 0.00000029545               7.65675E-156 
 0.00000029546               7.27395E-156 
 0.00000029547               6.81837E-156 
 0.00000029548               6.44571E-156 
 0.00000029549               6.33158E-156 
 0.0000002955                6.34025E-156 
 0.00000029551               6.2401E-156 
 0.00000029552               6.00417E-156 
 0.00000029553               5.70932E-156 
 0.00000029554               5.40665E-156 
 0.00000029555               5.07663E-156 
 0.00000029556               4.61025E-156 
 0.00000029557               3.96016E-156 
 0.00000029558               3.3552E-156 
 0.00000029559               3.09931E-156 
 0.0000002956                3.20553E-156 
 0.00000029561               3.39766E-156 
 0.00000029562               3.48946E-156 
 0.00000029563               3.57811E-156 
 0.00000029564               3.7088E-156 
 0.00000029565               3.76308E-156 
 0.00000029566               3.69714E-156 
 0.00000029567               3.55436E-156 
 0.00000029568               3.3744E-156 
 0.00000029569               3.18901E-156 
 0.0000002957                3.04071E-156 
 0.00000029571               2.9505E-156 
 0.00000029572               2.89431E-156 
 0.00000029573               2.8346E-156 
 0.00000029574               2.7557E-156 
 0.00000029575               2.66204E-156 
 0.00000029576               2.5597E-156 
 0.00000029577               2.44185E-156 
 0.00000029578               2.2995E-156 
 0.00000029579               2.15686E-156 
 0.0000002958                2.06255E-156 
 0.00000029581               2.02989E-156 
 0.00000029582               2.02233E-156 
 0.00000029583               2.00087E-156 
 0.00000029584               1.95671E-156 
 0.00000029585               1.89824E-156 
 0.00000029586               1.8337E-156 
 0.00000029587               1.76748E-156 
 0.00000029588               1.70108E-156 
 0.00000029589               1.63548E-156 
 0.0000002959                1.57283E-156 
 0.00000029591               1.51515E-156 
 0.00000029592               1.46162E-156 
 0.00000029593               1.40858E-156 
 0.00000029594               1.35192E-156 
 0.00000029595               1.28822E-156 
 0.00000029596               1.22005E-156 
 0.00000029597               1.16352E-156 
 0.00000029598               1.13247E-156 
 0.00000029599               1.11591E-156 
 0.000000296   1.09347E-156 
 0.00000029601               1.06048E-156 
 0.00000029602               1.02288E-156 
 0.00000029603               9.85211E-157 
 0.00000029604               9.49251E-157 
 0.00000029605               9.15419E-157 
 0.00000029606               8.83312E-157 
 0.00000029607               8.52252E-157 
 0.00000029608               8.21789E-157 
 0.00000029609               7.91893E-157 
 0.0000002961                7.62763E-157 
 0.00000029611               7.34404E-157 
 0.00000029612               7.0667E-157 
 0.00000029613               6.7937E-157 
 0.00000029614               6.52263E-157 
 0.00000029615               6.25267E-157 
 0.00000029616               5.99613E-157 
 0.00000029617               5.77398E-157 
 0.00000029618               5.56698E-157 
 0.00000029619               5.28492E-157 
 0.0000002962                4.90732E-157 
 0.00000029621               4.64686E-157 
 0.00000029622               4.62325E-157 
 0.00000029623               4.63903E-157 
 0.00000029624               4.54969E-157 
 0.00000029625               4.39173E-157 
 0.00000029626               4.20255E-157 
 0.00000029627               3.98795E-157 
 0.00000029628               3.76164E-157 
 0.00000029629               3.56235E-157 
 0.0000002963                3.42739E-157 
 0.00000029631               3.35209E-157 
 0.00000029632               3.29325E-157 
 0.00000029633               3.21273E-157 
 0.00000029634               3.10892E-157 
 0.00000029635               3.00164E-157 
 0.00000029636               2.89953E-157 
 0.00000029637               2.79437E-157 
 0.00000029638               2.6771E-157 
 0.00000029639               2.54936E-157 
 0.0000002964                2.42293E-157 
 0.00000029641               2.31183E-157 
 0.00000029642               2.22467E-157 
 0.00000029643               2.16055E-157 
 0.00000029644               2.10995E-157 
 0.00000029645               2.05982E-157 
 0.00000029646               1.99857E-157 
 0.00000029647               1.91562E-157 
 0.00000029648               1.80174E-157 
 0.00000029649               1.66873E-157 
 0.0000002965                1.56076E-157 
 0.00000029651               1.51269E-157 
 0.00000029652               1.50914E-157 
 0.00000029653               1.50399E-157 
 0.00000029654               1.47106E-157 
 0.00000029655               1.41996E-157 
 0.00000029656               1.36897E-157 
 0.00000029657               1.3167E-157 
 0.00000029658               1.25131E-157 
 0.00000029659               1.17326E-157 
 0.0000002966                1.09559E-157 
 0.00000029661               1.03397E-157 
 0.00000029662               9.98484E-158 
 0.00000029663               9.87949E-158 
 0.00000029664               9.89767E-158 
 0.00000029665               9.87592E-158 
 0.00000029666               9.70673E-158 
 0.00000029667               9.35608E-158 
 0.00000029668               8.81436E-158 
 0.00000029669               8.07666E-158 
 0.0000002967                7.19295E-158 
 0.00000029671               6.31024E-158 
 0.00000029672               5.61543E-158 
 0.00000029673               5.22912E-158 
 0.00000029674               5.15371E-158 
 0.00000029675               5.27069E-158 
 0.00000029676               5.37754E-158 
 0.00000029677               5.34034E-158 
 0.00000029678               5.24306E-158 
 0.00000029679               5.24863E-158 
 0.0000002968                5.35806E-158 
 0.00000029681               5.43774E-158 
 0.00000029682               5.4055E-158 
 0.00000029683               5.27627E-158 
 0.00000029684               5.08487E-158 
 0.00000029685               4.84758E-158 
 0.00000029686               4.56301E-158 
 0.00000029687               4.23015E-158 
 0.00000029688               3.87302E-158 
 0.00000029689               3.54248E-158 
 0.0000002969                3.29422E-158 
 0.00000029691               3.16261E-158 
 0.00000029692               3.14536E-158 
 0.00000029693               3.1949E-158 
 0.00000029694               3.24864E-158 
 0.00000029695               3.25066E-158 
 0.00000029696               3.16153E-158 
 0.00000029697               2.96458E-158 
 0.00000029698               2.73481E-158 
 0.00000029699               2.61135E-158 
 0.000000297   2.61474E-158 
 0.00000029701               2.63952E-158 
 0.00000029702               2.61511E-158 
 0.00000029703               2.54887E-158 
 0.00000029704               2.46558E-158 
 0.00000029705               2.37878E-158 
 0.00000029706               2.29211E-158 
 0.00000029707               2.20302E-158 
 0.00000029708               2.09951E-158 
 0.00000029709               1.9496E-158 
 0.0000002971                1.70368E-158 
 0.00000029711               1.35604E-158 
 0.00000029712               1.01578E-158 
 0.00000029713               8.20314E-159 
 0.00000029714               8.16805E-159 
 0.00000029715               9.78275E-159 
 0.00000029716               1.2085E-158 
 0.00000029717               1.37441E-158 
 0.00000029718               1.42695E-158 
 0.00000029719               1.40719E-158 
 0.0000002972                1.36197E-158 
 0.00000029721               1.31099E-158 
 0.00000029722               1.25545E-158 
 0.00000029723               1.19053E-158 
 0.00000029724               1.1108E-158 
 0.00000029725               1.01321E-158 
 0.00000029726               9.05109E-159 
 0.00000029727               8.05619E-159 
 0.00000029728               7.34185E-159 
 0.00000029729               6.88468E-159 
 0.0000002973                5.5861E-159 
 0.00000029731               1.23361E-159 
 0.00000029732               4.84807E-163 
 0.00000029733               2.18134E-175 
 0.00000029734               1.73877E-206 
 0.00000029735               5.01764E-259 
 0.00000029736              1.02913e-312
 0.00000029737               0 
 0.00000029738               2.23085E-300 
 0.00000029739               1.24811E-243 
 0.0000002974                5.53919E-196 
 0.00000029741               8.87777E-171 
 0.00000029742               1.02554E-161 
 0.00000029743               1.92351E-159 
 0.00000029744               4.706E-159 
 0.00000029745               4.99258E-159 
 0.00000029746               4.70237E-159 
 0.00000029747               4.34778E-159 
 0.00000029748               3.99224E-159 
 0.00000029749               3.70227E-159 
 0.0000002975                3.57004E-159 
 0.00000029751               3.6207E-159 
 0.00000029752               3.76517E-159 
 0.00000029753               3.8667E-159 
 0.00000029754               3.85883E-159 
 0.00000029755               3.76691E-159 
 0.00000029756               3.63886E-159 
 0.00000029757               3.50255E-159 
 0.00000029758               3.36815E-159 
 0.00000029759               3.2379E-159 
 0.0000002976                3.11103E-159 
 0.00000029761               2.98918E-159 
 0.00000029762               2.87777E-159 
 0.00000029763               2.77525E-159 
 0.00000029764               2.65819E-159 
 0.00000029765               2.49174E-159 
 0.00000029766               2.28802E-159 
 0.00000029767               2.1209E-159 
 0.00000029768               2.01273E-159 
 0.00000029769               1.90119E-159 
 0.0000002977                1.75133E-159 
 0.00000029771               1.6341E-159 
 0.00000029772               1.61011E-159 
 0.00000029773               1.61989E-159 
 0.00000029774               1.62864E-159 
 0.00000029775               1.64778E-159 
 0.00000029776               1.66067E-159 
 0.00000029777               1.64585E-159 
 0.00000029778               1.60396E-159 
 0.00000029779               1.54722E-159 
 0.0000002978                1.48595E-159 
 0.00000029781               1.41585E-159 
 0.00000029782               1.3414E-159 
 0.00000029783               1.27084E-159 
 0.00000029784               1.21524E-159 
 0.00000029785               1.17476E-159 
 0.00000029786               1.14362E-159 
 0.00000029787               1.11196E-159 
 0.00000029788               1.07533E-159 
 0.00000029789               1.03692E-159 
 0.0000002979                1.00245E-159 
 0.00000029791               9.74018E-160 
 0.00000029792               9.48627E-160 
 0.00000029793               9.21471E-160 
 0.00000029794               8.90001E-160 
 0.00000029795               8.56239E-160 
 0.00000029796               8.25081E-160 
 0.00000029797               7.99002E-160 
 0.00000029798               7.75094E-160 
 0.00000029799               7.45547E-160 
 0.000000298   6.65028E-160 
 0.00000029801               3.25452E-160 
 0.00000029802               4.71484E-162 
 0.00000029803               3.67916E-170 
 0.00000029804               1.36754E-195 
 0.00000029805               9.30232E-251 
 0.00000029806               0 
 0.00000029807               0 
 0.00000029808               0 
 0.00000029809               0 
 0.0000002981                1.09992E-249 
 0.00000029811               4.53323E-195 
 0.00000029812               4.51804E-170 
 0.00000029813               3.60696E-162 
 0.00000029814               2.06579E-160 
 0.00000029815               3.83877E-160 
 0.00000029816               3.99347E-160 
 0.00000029817               3.86585E-160 
 0.00000029818               3.702E-160 
 0.00000029819               3.52E-160 
 0.0000002982                3.30035E-160 
 0.00000029821               2.99117E-160 
 0.00000029822               2.60714E-160 
 0.00000029823               2.28569E-160 
 0.00000029824               2.13639E-160 
 0.00000029825               2.11602E-160 
 0.00000029826               2.02848E-160 
 0.00000029827               1.76062E-160 
 0.00000029828               1.60692E-160 
 0.00000029829               1.8096E-160 
 0.0000002983                2.13966E-160 
 0.00000029831               2.26465E-160 
 0.00000029832               2.22693E-160 
 0.00000029833               2.15118E-160 
 0.00000029834               2.07284E-160 
 0.00000029835               1.9938E-160 
 0.00000029836               1.90693E-160 
 0.00000029837               1.8064E-160 
 0.00000029838               1.70889E-160 
 0.00000029839               1.64326E-160 
 0.0000002984                1.60452E-160 
 0.00000029841               1.56171E-160 
 0.00000029842               1.50178E-160 
 0.00000029843               1.42783E-160 
 0.00000029844               1.34625E-160 
 0.00000029845               1.26735E-160 
 0.00000029846               1.18012E-160 
 0.00000029847               1.03354E-160 
 0.00000029848               8.72528E-161 
 0.00000029849               8.43659E-161 
 0.0000002985                9.35614E-161 
 0.00000029851               1.01559E-160 
 0.00000029852               1.03198E-160 
 0.00000029853               1.01193E-160 
 0.00000029854               9.80794E-161 
 0.00000029855               9.47673E-161 
 0.00000029856               9.14592E-161 
 0.00000029857               8.82264E-161 
 0.00000029858               8.50695E-161 
 0.00000029859               8.18969E-161 
 0.0000002986                7.85717E-161 
 0.00000029861               7.51808E-161 
 0.00000029862               7.22066E-161 
 0.00000029863               6.98976E-161 
 0.00000029864               6.78324E-161 
 0.00000029865               6.55445E-161 
 0.00000029866               6.29628E-161 
 0.00000029867               6.01755E-161 
 0.00000029868               5.7278E-161 
 0.00000029869               5.44185E-161 
 0.0000002987                5.17649E-161 
 0.00000029871               4.94625E-161 
 0.00000029872               4.76358E-161 
 0.00000029873               4.63289E-161 
 0.00000029874               4.53731E-161 
 0.00000029875               4.44345E-161 
 0.00000029876               4.32623E-161 
 0.00000029877               4.18165E-161 
 0.00000029878               4.00714E-161 
 0.00000029879               3.75278E-161 
 0.0000002988                3.33738E-161 
 0.00000029881               2.87985E-161 
 0.00000029882               2.64236E-161 
 0.00000029883               2.53762E-161 
 0.00000029884               2.23749E-161 
 0.00000029885               1.7397E-161 
 0.00000029886               1.30024E-161 
 0.00000029887               1.08609E-161 
 0.00000029888               1.11917E-161 
 0.00000029889               1.36538E-161 
 0.0000002989                1.71976E-161 
 0.00000029891               2.00671E-161 
 0.00000029892               2.12133E-161 
 0.00000029893               2.08979E-161 
 0.00000029894               1.98027E-161 
 0.00000029895               1.84446E-161 
 0.00000029896               1.71883E-161 
 0.00000029897               1.62687E-161 
 0.00000029898               1.56907E-161 
 0.00000029899               1.46249E-161 
 0.000000299   8.41435E-162 
 0.00000029901               2.00382E-163 
 0.00000029902               2.5619E-171 
 0.00000029903               1.28841E-198 
 0.00000029904               1.50286E-264 
 0.00000029905               0 
 0.00000029906               0 
 0.00000029907               0 
 0.00000029908               0 
 0.00000029909              9.88131e-324
 0.0000002991                1.47227E-231 
 0.00000029911               8.83282E-184 
 0.00000029912               8.33809E-167 
 0.00000029913               1.46225E-162 
 0.00000029914               8.21426E-162 
 0.00000029915               9.9753E-162 
 0.00000029916               9.83452E-162 
 0.00000029917               9.46601E-162 
 0.00000029918               9.01337E-162 
 0.00000029919               8.44109E-162 
 0.0000002992                7.78062E-162 
 0.00000029921               7.18646E-162 
 0.00000029922               6.83167E-162 
 0.00000029923               6.74992E-162 
 0.00000029924               6.80267E-162 
 0.00000029925               6.79723E-162 
 0.00000029926               6.63209E-162 
 0.00000029927               6.33017E-162 
 0.00000029928               5.98766E-162 
 0.00000029929               5.70618E-162 
 0.0000002993                5.52125E-162 
 0.00000029931               5.38159E-162 
 0.00000029932               5.22629E-162 
 0.00000029933               5.06366E-162 
 0.00000029934               4.9215E-162 
 0.00000029935               4.78607E-162 
 0.00000029936               4.64177E-162 
 0.00000029937               4.4963E-162 
 0.00000029938               4.35357E-162 
 0.00000029939               4.19557E-162 
 0.0000002994                3.96017E-162 
 0.00000029941               3.58813E-162 
 0.00000029942               3.24838E-162 
 0.00000029943               3.19124E-162 
 0.00000029944               3.30692E-162 
 0.00000029945               3.33257E-162 
 0.00000029946               3.24692E-162 
 0.00000029947               3.1289E-162 
 0.00000029948               3.00899E-162 
 0.00000029949               2.89503E-162 
 0.0000002995                2.7878E-162 
 0.00000029951               2.68453E-162 
 0.00000029952               2.58586E-162 
 0.00000029953               2.49141E-162 
 0.00000029954               2.40063E-162 
 0.00000029955               2.31313E-162 
 0.00000029956               2.22937E-162 
 0.00000029957               2.14975E-162 
 0.00000029958               2.07388E-162 
 0.00000029959               2.00079E-162 
 0.0000002996                1.92954E-162 
 0.00000029961               1.86033E-162 
 0.00000029962               1.79192E-162 
 0.00000029963               1.72442E-162 
 0.00000029964               1.65599E-162 
 0.00000029965               1.5846E-162 
 0.00000029966               1.51199E-162 
 0.00000029967               1.44718E-162 
 0.00000029968               1.39405E-162 
 0.00000029969               1.34631E-162 
 0.0000002997                1.29691E-162 
 0.00000029971               1.2411E-162 
 0.00000029972               1.17344E-162 
 0.00000029973               1.09948E-162 
 0.00000029974               1.04545E-162 
 0.00000029975               1.02733E-162 
 0.00000029976               1.02415E-162 
 0.00000029977               1.00835E-162 
 0.00000029978               9.7729E-163 
 0.00000029979               9.40573E-163 
 0.0000002998                9.03745E-163 
 0.00000029981               8.68363E-163 
 0.00000029982               8.35164E-163 
 0.00000029983               8.04201E-163 
 0.00000029984               7.74193E-163 
 0.00000029985               7.43565E-163 
 0.00000029986               7.12076E-163 
 0.00000029987               6.82044E-163 
 0.00000029988               6.55397E-163 
 0.00000029989               6.32008E-163 
 0.0000002999                6.09554E-163 
 0.00000029991               5.87972E-163 
 0.00000029992               5.68016E-163 
 0.00000029993               5.49026E-163 
 0.00000029994               5.30985E-163 
 0.00000029995               5.14024E-163 
 0.00000029996               4.96958E-163 
 0.00000029997               4.7855E-163 
 0.00000029998               4.5927E-163 
 0.00000029999               4.41673E-163 
 0.0000003     4.26572E-163 
