 0.000000294   3.11793E-44 
 0.00000029401               3.08772E-44 
 0.00000029402               3.05662E-44 
 0.00000029403               3.02497E-44 
 0.00000029404               2.99057E-44 
 0.00000029405               2.94434E-44 
 0.00000029406               2.86926E-44 
 0.00000029407               2.75964E-44 
 0.00000029408               2.64954E-44 
 0.00000029409               2.59429E-44 
 0.0000002941                2.61229E-44 
 0.00000029411               2.66708E-44 
 0.00000029412               2.70772E-44 
 0.00000029413               2.71179E-44 
 0.00000029414               2.68377E-44 
 0.00000029415               2.61627E-44 
 0.00000029416               2.46236E-44 
 0.00000029417               2.17098E-44 
 0.00000029418               1.80781E-44 
 0.00000029419               1.56311E-44 
 0.0000002942                1.56805E-44 
 0.00000029421               1.8012E-44 
 0.00000029422               2.09829E-44 
 0.00000029423               2.28327E-44 
 0.00000029424               2.33864E-44 
 0.00000029425               2.34072E-44 
 0.00000029426               2.33769E-44 
 0.00000029427               2.3361E-44 
 0.00000029428               2.32923E-44 
 0.00000029429               2.31422E-44 
 0.0000002943                2.29332E-44 
 0.00000029431               2.26977E-44 
 0.00000029432               2.24474E-44 
 0.00000029433               2.21834E-44 
 0.00000029434               2.18954E-44 
 0.00000029435               2.16123E-44 
 0.00000029436               2.13307E-44 
 0.00000029437               2.09297E-44 
 0.00000029438               2.03015E-44 
 0.00000029439               1.97161E-44 
 0.0000002944                1.92878E-44 
 0.00000029441               1.88539E-44 
 0.00000029442               1.86865E-44 
 0.00000029443               1.86224E-44 
 0.00000029444               1.80342E-44 
 0.00000029445               1.67822E-44 
 0.00000029446               1.50419E-44 
 0.00000029447               1.28091E-44 
 0.00000029448               9.81761E-45 
 0.00000029449               6.70137E-45 
 0.0000002945                5.132E-45 
 0.00000029451               5.91834E-45 
 0.00000029452               9.1517E-45 
 0.00000029453               1.32658E-44 
 0.00000029454               1.5893E-44 
 0.00000029455               1.69491E-44 
 0.00000029456               1.7257E-44 
 0.00000029457               1.72187E-44 
 0.00000029458               1.69292E-44 
 0.00000029459               1.64049E-44 
 0.0000002946                1.57681E-44 
 0.00000029461               1.52421E-44 
 0.00000029462               1.48834E-44 
 0.00000029463               1.44319E-44 
 0.00000029464               1.35603E-44 
 0.00000029465               1.22346E-44 
 0.00000029466               1.07389E-44 
 0.00000029467               9.45495E-45 
 0.00000029468               8.65566E-45 
 0.00000029469               8.417E-45 
 0.0000002947                8.66742E-45 
 0.00000029471               9.29174E-45 
 0.00000029472               1.02253E-44 
 0.00000029473               1.14092E-44 
 0.00000029474               1.26053E-44 
 0.00000029475               1.34356E-44 
 0.00000029476               1.3714E-44 
 0.00000029477               1.3578E-44 
 0.00000029478               1.33041E-44 
 0.00000029479               1.31174E-44 
 0.0000002948                1.30957E-44 
 0.00000029481               1.31812E-44 
 0.00000029482               1.32587E-44 
 0.00000029483               1.32537E-44 
 0.00000029484               1.31666E-44 
 0.00000029485               1.30306E-44 
 0.00000029486               1.2872E-44 
 0.00000029487               1.27083E-44 
 0.00000029488               1.25363E-44 
 0.00000029489               1.23346E-44 
 0.0000002949                1.20902E-44 
 0.00000029491               1.18031E-44 
 0.00000029492               1.14793E-44 
 0.00000029493               1.11346E-44 
 0.00000029494               1.07906E-44 
 0.00000029495               1.04661E-44 
 0.00000029496               1.01422E-44 
 0.00000029497               9.71877E-45 
 0.00000029498               9.17524E-45 
 0.00000029499               8.83187E-45 
 0.000000295   9.04945E-45 
 0.00000029501               9.71422E-45 
 0.00000029502               1.03296E-44 
 0.00000029503               1.0591E-44 
 0.00000029504               1.05671E-44 
 0.00000029505               1.0429E-44 
 0.00000029506               1.02892E-44 
 0.00000029507               1.01547E-44 
 0.00000029508               9.91663E-45 
 0.00000029509               9.40388E-45 
 0.0000002951                8.68892E-45 
 0.00000029511               8.31135E-45 
 0.00000029512               8.60531E-45 
 0.00000029513               9.17332E-45 
 0.00000029514               9.49249E-45 
 0.00000029515               9.53183E-45 
 0.00000029516               9.4532E-45 
 0.00000029517               9.32038E-45 
 0.00000029518               9.16227E-45 
 0.00000029519               9.03393E-45 
 0.0000002952                8.92353E-45 
 0.00000029521               8.75716E-45 
 0.00000029522               8.60993E-45 
 0.00000029523               8.60238E-45 
 0.00000029524               8.63688E-45 
 0.00000029525               8.52993E-45 
 0.00000029526               8.08265E-45 
 0.00000029527               7.227E-45 
 0.00000029528               6.55875E-45 
 0.00000029529               6.72951E-45 
 0.0000002953                7.43888E-45 
 0.00000029531               7.91674E-45 
 0.00000029532               8.00534E-45 
 0.00000029533               7.94902E-45 
 0.00000029534               7.86731E-45 
 0.00000029535               7.78092E-45 
 0.00000029536               7.69663E-45 
 0.00000029537               7.61725E-45 
 0.00000029538               7.53592E-45 
 0.00000029539               7.45162E-45 
 0.0000002954                7.36862E-45 
 0.00000029541               7.27992E-45 
 0.00000029542               7.18742E-45 
 0.00000029543               7.12364E-45 
 0.00000029544               7.07038E-45 
 0.00000029545               6.97203E-45 
 0.00000029546               6.80321E-45 
 0.00000029547               6.55314E-45 
 0.00000029548               6.24589E-45 
 0.00000029549               5.95943E-45 
 0.0000002955                5.78024E-45 
 0.00000029551               5.73915E-45 
 0.00000029552               5.80091E-45 
 0.00000029553               5.90872E-45 
 0.00000029554               6.02125E-45 
 0.00000029555               6.10848E-45 
 0.00000029556               6.14657E-45 
 0.00000029557               6.13509E-45 
 0.00000029558               6.09559E-45 
 0.00000029559               6.04549E-45 
 0.0000002956                5.9887E-45 
 0.00000029561               5.92373E-45 
 0.00000029562               5.84664E-45 
 0.00000029563               5.75734E-45 
 0.00000029564               5.6696E-45 
 0.00000029565               5.59732E-45 
 0.00000029566               5.53519E-45 
 0.00000029567               5.47774E-45 
 0.00000029568               5.43071E-45 
 0.00000029569               5.39669E-45 
 0.0000002957                5.36953E-45 
 0.00000029571               5.34074E-45 
 0.00000029572               5.30461E-45 
 0.00000029573               5.25885E-45 
 0.00000029574               5.20413E-45 
 0.00000029575               5.14255E-45 
 0.00000029576               5.06468E-45 
 0.00000029577               4.94281E-45 
 0.00000029578               4.7845E-45 
 0.00000029579               4.69203E-45 
 0.0000002958                4.72172E-45 
 0.00000029581               4.77646E-45 
 0.00000029582               4.77634E-45 
 0.00000029583               4.73697E-45 
 0.00000029584               4.6834E-45 
 0.00000029585               4.61744E-45 
 0.00000029586               4.51299E-45 
 0.00000029587               4.30495E-45 
 0.00000029588               3.92477E-45 
 0.00000029589               3.40163E-45 
 0.0000002959                2.90857E-45 
 0.00000029591               2.64214E-45 
 0.00000029592               2.69081E-45 
 0.00000029593               3.01283E-45 
 0.00000029594               3.44943E-45 
 0.00000029595               3.80793E-45 
 0.00000029596               4.00067E-45 
 0.00000029597               4.0614E-45 
 0.00000029598               4.05449E-45 
 0.00000029599               4.01759E-45 
 0.000000296   3.96237E-45 
 0.00000029601               3.89958E-45 
 0.00000029602               3.85243E-45 
 0.00000029603               3.82956E-45 
 0.00000029604               3.81146E-45 
 0.00000029605               3.78313E-45 
 0.00000029606               3.74669E-45 
 0.00000029607               3.70723E-45 
 0.00000029608               3.66701E-45 
 0.00000029609               3.62743E-45 
 0.0000002961                3.58934E-45 
 0.00000029611               3.5523E-45 
 0.00000029612               3.51474E-45 
 0.00000029613               3.4759E-45 
 0.00000029614               3.43682E-45 
 0.00000029615               3.39806E-45 
 0.00000029616               3.35799E-45 
 0.00000029617               3.3152E-45 
 0.00000029618               3.27059E-45 
 0.00000029619               3.22618E-45 
 0.0000002962                3.18357E-45 
 0.00000029621               3.14429E-45 
 0.00000029622               3.1098E-45 
 0.00000029623               3.08056E-45 
 0.00000029624               3.05582E-45 
 0.00000029625               3.03451E-45 
 0.00000029626               3.01506E-45 
 0.00000029627               2.99854E-45 
 0.00000029628               2.97524E-45 
 0.00000029629               2.94717E-45 
 0.0000002963                2.91447E-45 
 0.00000029631               2.88014E-45 
 0.00000029632               2.84717E-45 
 0.00000029633               2.81329E-45 
 0.00000029634               2.77528E-45 
 0.00000029635               2.73268E-45 
 0.00000029636               2.68632E-45 
 0.00000029637               2.63589E-45 
 0.00000029638               2.57795E-45 
 0.00000029639               2.5106E-45 
 0.0000002964                2.45246E-45 
 0.00000029641               2.43571E-45 
 0.00000029642               2.45794E-45 
 0.00000029643               2.47921E-45 
 0.00000029644               2.47705E-45 
 0.00000029645               2.45949E-45 
 0.00000029646               2.43902E-45 
 0.00000029647               2.41588E-45 
 0.00000029648               2.38473E-45 
 0.00000029649               2.35034E-45 
 0.0000002965                2.32666E-45 
 0.00000029651               2.31099E-45 
 0.00000029652               2.28145E-45 
 0.00000029653               2.23167E-45 
 0.00000029654               2.18567E-45 
 0.00000029655               2.16821E-45 
 0.00000029656               2.17379E-45 
 0.00000029657               2.17825E-45 
 0.00000029658               2.16915E-45 
 0.00000029659               2.14666E-45 
 0.0000002966                2.0989E-45 
 0.00000029661               2.01022E-45 
 0.00000029662               1.92135E-45 
 0.00000029663               1.86211E-45 
 0.00000029664               1.80401E-45 
 0.00000029665               1.79581E-45 
 0.00000029666               1.86206E-45 
 0.00000029667               1.92447E-45 
 0.00000029668               1.93039E-45 
 0.00000029669               1.85646E-45 
 0.0000002967                1.64531E-45 
 0.00000029671               1.29351E-45 
 0.00000029672               9.61728E-46 
 0.00000029673               8.20273E-46 
 0.00000029674               9.15377E-46 
 0.00000029675               1.19806E-45 
 0.00000029676               1.49091E-45 
 0.00000029677               1.62773E-45 
 0.00000029678               1.6367E-45 
 0.00000029679               1.61133E-45 
 0.0000002968                1.59163E-45 
 0.00000029681               1.55436E-45 
 0.00000029682               1.43752E-45 
 0.00000029683               1.23263E-45 
 0.00000029684               1.04088E-45 
 0.00000029685               9.72447E-46 
 0.00000029686               1.05464E-45 
 0.00000029687               1.22939E-45 
 0.00000029688               1.38862E-45 
 0.00000029689               1.46959E-45 
 0.0000002969                1.48974E-45 
 0.00000029691               1.48397E-45 
 0.00000029692               1.4616E-45 
 0.00000029693               1.40424E-45 
 0.00000029694               1.30254E-45 
 0.00000029695               1.20925E-45 
 0.00000029696               1.19893E-45 
 0.00000029697               1.27358E-45 
 0.00000029698               1.36069E-45 
 0.00000029699               1.40334E-45 
 0.000000297   1.40637E-45 
 0.00000029701               1.39217E-45 
 0.00000029702               1.37065E-45 
 0.00000029703               1.34684E-45 
 0.00000029704               1.32854E-45 
 0.00000029705               1.31964E-45 
 0.00000029706               1.31445E-45 
 0.00000029707               1.30538E-45 
 0.00000029708               1.28918E-45 
 0.00000029709               1.25971E-45 
 0.0000002971                1.19548E-45 
 0.00000029711               1.06766E-45 
 0.00000029712               8.97198E-46 
 0.00000029713               7.76254E-46 
 0.00000029714               7.72097E-46 
 0.00000029715               8.52733E-46 
 0.00000029716               9.20372E-46 
 0.00000029717               9.67183E-46 
 0.00000029718               1.02942E-45 
 0.00000029719               1.06302E-45 
 0.0000002972                1.05403E-45 
 0.00000029721               1.02946E-45 
 0.00000029722               1.00251E-45 
 0.00000029723               9.76248E-46 
 0.00000029724               9.5189E-46 
 0.00000029725               9.30157E-46 
 0.00000029726               9.11862E-46 
 0.00000029727               8.9803E-46 
 0.00000029728               8.893E-46 
 0.00000029729               8.85286E-46 
 0.0000002973                8.84336E-46 
 0.00000029731               8.81347E-46 
 0.00000029732               8.58914E-46 
 0.00000029733               7.9384E-46 
 0.00000029734               7.15384E-46 
 0.00000029735               7.02051E-46 
 0.00000029736               7.71694E-46 
 0.00000029737               8.54368E-46 
 0.00000029738               8.93503E-46 
 0.00000029739               9.01052E-46 
 0.0000002974                8.99412E-46 
 0.00000029741               8.95917E-46 
 0.00000029742               8.91668E-46 
 0.00000029743               8.86644E-46 
 0.00000029744               8.80647E-46 
 0.00000029745               8.73323E-46 
 0.00000029746               8.64237E-46 
 0.00000029747               8.53715E-46 
 0.00000029748               8.43322E-46 
 0.00000029749               8.34871E-46 
 0.0000002975                8.28682E-46 
 0.00000029751               8.23302E-46 
 0.00000029752               8.17031E-46 
 0.00000029753               8.09117E-46 
 0.00000029754               7.99409E-46 
 0.00000029755               7.87193E-46 
 0.00000029756               7.7041E-46 
 0.00000029757               7.45306E-46 
 0.00000029758               7.06407E-46 
 0.00000029759               6.47706E-46 
 0.0000002976                5.66528E-46 
 0.00000029761               4.6968E-46 
 0.00000029762               3.73975E-46 
 0.00000029763               2.95859E-46 
 0.00000029764               2.42741E-46 
 0.00000029765               2.15327E-46 
 0.00000029766               2.11695E-46 
 0.00000029767               2.3019E-46 
 0.00000029768               2.70337E-46 
 0.00000029769               3.30559E-46 
 0.0000002977                4.04513E-46 
 0.00000029771               4.80062E-46 
 0.00000029772               5.43428E-46 
 0.00000029773               5.84658E-46 
 0.00000029774               6.00242E-46 
 0.00000029775               5.98095E-46 
 0.00000029776               5.95514E-46 
 0.00000029777               5.987E-46 
 0.00000029778               6.00553E-46 
 0.00000029779               5.99246E-46 
 0.0000002978                5.97657E-46 
 0.00000029781               5.9566E-46 
 0.00000029782               5.92236E-46 
 0.00000029783               5.87846E-46 
 0.00000029784               5.83323E-46 
 0.00000029785               5.7864E-46 
 0.00000029786               5.73335E-46 
 0.00000029787               5.67212E-46 
 0.00000029788               5.60103E-46 
 0.00000029789               5.50964E-46 
 0.0000002979                5.37534E-46 
 0.00000029791               5.18561E-46 
 0.00000029792               4.98887E-46 
 0.00000029793               4.8736E-46 
 0.00000029794               4.85958E-46 
 0.00000029795               4.88621E-46 
 0.00000029796               4.90461E-46 
 0.00000029797               4.88067E-46 
 0.00000029798               4.74295E-46 
 0.00000029799               4.53263E-46 
 0.000000298   4.48974E-46 
 0.00000029801               4.64266E-46 
 0.00000029802               4.75903E-46 
 0.00000029803               4.76796E-46 
 0.00000029804               4.73523E-46 
 0.00000029805               4.69421E-46 
 0.00000029806               4.64653E-46 
 0.00000029807               4.58696E-46 
 0.00000029808               4.51031E-46 
 0.00000029809               4.41636E-46 
 0.0000002981                4.31489E-46 
 0.00000029811               4.22689E-46 
 0.00000029812               4.16976E-46 
 0.00000029813               4.13712E-46 
 0.00000029814               4.10627E-46 
 0.00000029815               4.06539E-46 
 0.00000029816               4.02817E-46 
 0.00000029817               4.00939E-46 
 0.00000029818               4.00337E-46 
 0.00000029819               3.99237E-46 
 0.0000002982                3.96316E-46 
 0.00000029821               3.91688E-46 
 0.00000029822               3.87195E-46 
 0.00000029823               3.8449E-46 
 0.00000029824               3.82654E-46 
 0.00000029825               3.79954E-46 
 0.00000029826               3.76227E-46 
 0.00000029827               3.72117E-46 
 0.00000029828               3.68049E-46 
 0.00000029829               3.64209E-46 
 0.0000002983                3.6065E-46 
 0.00000029831               3.57276E-46 
 0.00000029832               3.53925E-46 
 0.00000029833               3.50495E-46 
 0.00000029834               3.46975E-46 
 0.00000029835               3.43409E-46 
 0.00000029836               3.39895E-46 
 0.00000029837               3.36344E-46 
 0.00000029838               3.32816E-46 
 0.00000029839               3.2929E-46 
 0.0000002984                3.25679E-46 
 0.00000029841               3.21791E-46 
 0.00000029842               3.1736E-46 
 0.00000029843               3.12259E-46 
 0.00000029844               3.06857E-46 
 0.00000029845               3.01991E-46 
 0.00000029846               2.97989E-46 
 0.00000029847               2.93926E-46 
 0.00000029848               2.91058E-46 
 0.00000029849               2.91513E-46 
 0.0000002985                2.91615E-46 
 0.00000029851               2.89582E-46 
 0.00000029852               2.86786E-46 
 0.00000029853               2.83917E-46 
 0.00000029854               2.81066E-46 
 0.00000029855               2.78222E-46 
 0.00000029856               2.75223E-46 
 0.00000029857               2.71908E-46 
 0.00000029858               2.67885E-46 
 0.00000029859               2.62803E-46 
 0.0000002986                2.56298E-46 
 0.00000029861               2.44681E-46 
 0.00000029862               2.15402E-46 
 0.00000029863               1.67721E-46 
 0.00000029864               1.37615E-46 
 0.00000029865               1.51036E-46 
 0.00000029866               1.95522E-46 
 0.00000029867               2.3014E-46 
 0.00000029868               2.39858E-46 
 0.00000029869               2.38669E-46 
 0.0000002987                2.34455E-46 
 0.00000029871               2.29144E-46 
 0.00000029872               2.24387E-46 
 0.00000029873               2.20499E-46 
 0.00000029874               2.17536E-46 
 0.00000029875               2.16897E-46 
 0.00000029876               2.18014E-46 
 0.00000029877               2.18372E-46 
 0.00000029878               2.17012E-46 
 0.00000029879               2.14218E-46 
 0.0000002988                2.09292E-46 
 0.00000029881               2.0218E-46 
 0.00000029882               1.97075E-46 
 0.00000029883               1.97594E-46 
 0.00000029884               2.00502E-46 
 0.00000029885               2.01389E-46 
 0.00000029886               2.00049E-46 
 0.00000029887               1.97733E-46 
 0.00000029888               1.95409E-46 
 0.00000029889               1.93601E-46 
 0.0000002989                1.9182E-46 
 0.00000029891               1.89484E-46 
 0.00000029892               1.86746E-46 
 0.00000029893               1.84217E-46 
 0.00000029894               1.82403E-46 
 0.00000029895               1.80959E-46 
 0.00000029896               1.79157E-46 
 0.00000029897               1.76852E-46 
 0.00000029898               1.74418E-46 
 0.00000029899               1.72196E-46 
 0.000000299   1.70251E-46 
 0.00000029901               1.68472E-46 
 0.00000029902               1.66711E-46 
 0.00000029903               1.64856E-46 
 0.00000029904               1.62876E-46 
 0.00000029905               1.60824E-46 
 0.00000029906               1.58791E-46 
 0.00000029907               1.56879E-46 
 0.00000029908               1.55148E-46 
 0.00000029909               1.53402E-46 
 0.0000002991                1.51218E-46 
 0.00000029911               1.48455E-46 
 0.00000029912               1.45601E-46 
 0.00000029913               1.43335E-46 
 0.00000029914               1.41902E-46 
 0.00000029915               1.41201E-46 
 0.00000029916               1.40881E-46 
 0.00000029917               1.4035E-46 
 0.00000029918               1.39214E-46 
 0.00000029919               1.37776E-46 
 0.0000002992                1.36766E-46 
 0.00000029921               1.36237E-46 
 0.00000029922               1.35436E-46 
 0.00000029923               1.18287E-32 
 0.00000029924               1.16809E-32 
 0.00000029925               1.15358E-32 
 0.00000029926               1.14414E-32 
 0.00000029927               1.14033E-32 
 0.00000029928               1.13768E-32 
 0.00000029929               1.13429E-32 
 0.0000002993                1.12898E-32 
 0.00000029931               1.11989E-32 
 0.00000029932               1.1053E-32 
 0.00000029933               1.0854E-32 
 0.00000029934               1.06424E-32 
 0.00000029935               1.04831E-32 
 0.00000029936               1.04102E-32 
 0.00000029937               1.04079E-32 
 0.00000029938               1.04413E-32 
 0.00000029939               1.04778E-32 
 0.0000002994                1.04819E-32 
 0.00000029941               1.04502E-32 
 0.00000029942               1.03521E-32 
 0.00000029943               1.02381E-32 
 0.00000029944               1.01407E-32 
 0.00000029945               1.00707E-32 
 0.00000029946               1.00192E-32 
 0.00000029947               9.97083E-33 
 0.00000029948               9.89857E-33 
 0.00000029949               9.77154E-33 
 0.0000002995                9.59357E-33 
 0.00000029951               9.42417E-33 
 0.00000029952               9.34038E-33 
 0.00000029953               9.35461E-33 
 0.00000029954               9.39883E-33 
 0.00000029955               9.39083E-33 
 0.00000029956               9.29202E-33 
 0.00000029957               9.15924E-33 
 0.00000029958               9.09889E-33 
 0.00000029959               9.08879E-33 
 0.0000002996                9.04034E-33 
 0.00000029961               8.94441E-33 
 0.00000029962               8.82435E-33 
 0.00000029963               8.69367E-33 
 0.00000029964               8.55871E-33 
 0.00000029965               8.39656E-33 
 0.00000029966               8.12223E-33 
 0.00000029967               7.63174E-33 
 0.00000029968               7.00164E-33 
 0.00000029969               6.564E-33 
 0.0000002997                6.58931E-33 
 0.00000029971               7.02128E-33 
 0.00000029972               7.56155E-33 
 0.00000029973               7.94211E-33 
 0.00000029974               8.10706E-33 
 0.00000029975               8.13418E-33 
 0.00000029976               8.08971E-33 
 0.00000029977               7.98343E-33 
 0.00000029978               7.7839E-33 
 0.00000029979               7.46435E-33 
 0.0000002998                7.06617E-33 
 0.00000029981               6.72229E-33 
 0.00000029982               6.57944E-33 
 0.00000029983               6.68479E-33 
 0.00000029984               6.95047E-33 
 0.00000029985               7.22131E-33 
 0.00000029986               7.38755E-33 
 0.00000029987               7.43955E-33 
 0.00000029988               7.42219E-33 
 0.00000029989               7.37487E-33 
 0.0000002999                7.31521E-33 
 0.00000029991               7.24769E-33 
 0.00000029992               7.171E-33 
 0.00000029993               7.07722E-33 
 0.00000029994               6.92224E-33 
 0.00000029995               6.59154E-33 
 0.00000029996               5.96786E-33 
 0.00000029997               5.16054E-33 
 0.00000029998               4.55201E-33 
 0.00000029999               4.4649E-33 
 0.0000003     4.92272E-33 
