 0.000000294   6.36223E-31 
 0.00000029401               9.28736E-48 
 0.00000029402               2.06564E-64 
 0.00000029403               5.39435E-61 
 0.00000029404               4.66304E-42 
 0.00000029405               5.69532E-28 
 0.00000029406               2.62347E-23 
 0.00000029407               1.60525E-22 
 0.00000029408               1.88646E-22 
 0.00000029409               1.89701E-22 
 0.0000002941                1.88758E-22 
 0.00000029411               1.87161E-22 
 0.00000029412               1.85308E-22 
 0.00000029413               1.83262E-22 
 0.00000029414               1.80403E-22 
 0.00000029415               1.76134E-22 
 0.00000029416               1.71101E-22 
 0.00000029417               1.67758E-22 
 0.00000029418               1.68551E-22 
 0.00000029419               1.72761E-22 
 0.0000002942                1.76743E-22 
 0.00000029421               1.77687E-22 
 0.00000029422               1.70828E-22 
 0.00000029423               1.20694E-22 
 0.00000029424               1.16269E-23 
 0.00000029425               1.72285E-28 
 0.00000029426               4.3642E-44 
 0.00000029427               3.70307E-77 
 0.00000029428               1.03865E-119 
 0.00000029429               7.05422E-144 
 0.0000002943                6.97796E-129 
 0.00000029431               5.97504E-88 
 0.00000029432               9.05528E-51 
 0.00000029433               4.47162E-31 
 0.00000029434               2.49023E-24 
 0.00000029435               8.86133E-23 
 0.00000029436               1.53874E-22 
 0.00000029437               1.60518E-22 
 0.00000029438               1.57744E-22 
 0.00000029439               1.54964E-22 
 0.0000002944                1.54373E-22 
 0.00000029441               1.56208E-22 
 0.00000029442               1.58654E-22 
 0.00000029443               1.60182E-22 
 0.00000029444               1.6063E-22 
 0.00000029445               1.60368E-22 
 0.00000029446               1.59746E-22 
 0.00000029447               1.58938E-22 
 0.00000029448               1.57905E-22 
 0.00000029449               1.56572E-22 
 0.0000002945                1.5516E-22 
 0.00000029451               1.54005E-22 
 0.00000029452               1.53143E-22 
 0.00000029453               1.52361E-22 
 0.00000029454               1.51482E-22 
 0.00000029455               1.50068E-22 
 0.00000029456               1.47079E-22 
 0.00000029457               1.42287E-22 
 0.00000029458               1.38529E-22 
 0.00000029459               1.38876E-22 
 0.0000002946                1.41733E-22 
 0.00000029461               1.43607E-22 
 0.00000029462               1.43213E-22 
 0.00000029463               1.39566E-22 
 0.00000029464               1.30702E-22 
 0.00000029465               1.17599E-22 
 0.00000029466               1.05402E-22 
 0.00000029467               9.84386E-23 
 0.00000029468               9.99541E-23 
 0.00000029469               1.10044E-22 
 0.0000002947                1.18683E-22 
 0.00000029471               1.17124E-22 
 0.00000029472               1.05695E-22 
 0.00000029473               7.1055E-23 
 0.00000029474               2.58887E-23 
 0.00000029475               1.07216E-23 
 0.00000029476               1.7977E-23 
 0.00000029477               5.9981E-23 
 0.00000029478               1.14256E-22 
 0.00000029479               1.31858E-22 
 0.0000002948                1.33494E-22 
 0.00000029481               1.33236E-22 
 0.00000029482               1.3283E-22 
 0.00000029483               1.32307E-22 
 0.00000029484               1.31687E-22 
 0.00000029485               1.30953E-22 
 0.00000029486               1.29873E-22 
 0.00000029487               1.27686E-22 
 0.00000029488               1.23422E-22 
 0.00000029489               1.17967E-22 
 0.0000002949                1.14828E-22 
 0.00000029491               1.16129E-22 
 0.00000029492               1.19601E-22 
 0.00000029493               1.21857E-22 
 0.00000029494               1.22218E-22 
 0.00000029495               1.21776E-22 
 0.00000029496               1.2135E-22 
 0.00000029497               1.21061E-22 
 0.00000029498               1.20716E-22 
 0.00000029499               1.20256E-22 
 0.000000295   1.19778E-22 
 0.00000029501               1.19277E-22 
 0.00000029502               1.18576E-22 
 0.00000029503               1.17558E-22 
 0.00000029504               1.1652E-22 
 0.00000029505               1.15787E-22 
 0.00000029506               1.15594E-22 
 0.00000029507               1.1563E-22 
 0.00000029508               1.1551E-22 
 0.00000029509               1.15315E-22 
 0.0000002951                1.171E-22 
 0.00000029511               1.16581E-22 
 0.00000029512               1.1606E-22 
 0.00000029513               1.15371E-22 
 0.00000029514               1.14E-22 
 0.00000029515               1.11684E-22 
 0.00000029516               1.09724E-22 
 0.00000029517               1.09521E-22 
 0.00000029518               1.10137E-22 
 0.00000029519               1.10122E-22 
 0.0000002952                1.09408E-22 
 0.00000029521               1.08412E-22 
 0.00000029522               1.07346E-22 
 0.00000029523               1.06378E-22 
 0.00000029524               1.05624E-22 
 0.00000029525               1.05095E-22 
 0.00000029526               1.04758E-22 
 0.00000029527               1.04604E-22 
 0.00000029528               1.04602E-22 
 0.00000029529               1.04676E-22 
 0.0000002953                1.04738E-22 
 0.00000029531               1.04704E-22 
 0.00000029532               1.04524E-22 
 0.00000029533               1.04187E-22 
 0.00000029534               1.03673E-22 
 0.00000029535               1.03011E-22 
 0.00000029536               1.02243E-22 
 0.00000029537               1.01388E-22 
 0.00000029538               1.0045E-22 
 0.00000029539               9.94214E-23 
 0.0000002954                9.82296E-23 
 0.00000029541               9.68489E-23 
 0.00000029542               9.56019E-23 
 0.00000029543               9.50953E-23 
 0.00000029544               9.55046E-23 
 0.00000029545               9.62113E-23 
 0.00000029546               9.63499E-23 
 0.00000029547               9.52646E-23 
 0.00000029548               9.26616E-23 
 0.00000029549               8.9206E-23 
 0.0000002955                8.66906E-23 
 0.00000029551               8.65963E-23 
 0.00000029552               8.8515E-23 
 0.00000029553               8.99944E-23 
 0.00000029554               8.55417E-23 
 0.00000029555               6.54176E-23 
 0.00000029556               3.58524E-23 
 0.00000029557               2.10332E-23 
 0.00000029558               2.51986E-23 
 0.00000029559               4.87021E-23 
 0.0000002956                7.64716E-23 
 0.00000029561               8.76594E-23 
 0.00000029562               8.90313E-23 
 0.00000029563               8.84238E-23 
 0.00000029564               8.75328E-23 
 0.00000029565               8.65536E-23 
 0.00000029566               8.55639E-23 
 0.00000029567               8.46919E-23 
 0.00000029568               8.40897E-23 
 0.00000029569               8.38024E-23 
 0.0000002957                8.37017E-23 
 0.00000029571               8.36032E-23 
 0.00000029572               8.3323E-23 
 0.00000029573               8.25681E-23 
 0.00000029574               8.13042E-23 
 0.00000029575               8.04242E-23 
 0.00000029576               8.08283E-23 
 0.00000029577               8.19422E-23 
 0.00000029578               8.25484E-23 
 0.00000029579               8.23523E-23 
 0.0000002958                8.17619E-23 
 0.00000029581               8.11806E-23 
 0.00000029582               8.08195E-23 
 0.00000029583               8.06328E-23 
 0.00000029584               8.04352E-23 
 0.00000029585               8.01226E-23 
 0.00000029586               7.97161E-23 
 0.00000029587               7.92643E-23 
 0.00000029588               7.87817E-23 
 0.00000029589               7.82506E-23 
 0.0000002959                7.76227E-23 
 0.00000029591               7.66937E-23 
 0.00000029592               7.44536E-23 
 0.00000029593               6.85183E-23 
 0.00000029594               5.91068E-23 
 0.00000029595               5.28807E-23 
 0.00000029596               5.4226E-23 
 0.00000029597               5.83408E-23 
 0.00000029598               5.75865E-23 
 0.00000029599               5.13905E-23 
 0.000000296   4.32809E-23 
 0.00000029601               3.65492E-23 
 0.00000029602               3.38467E-23 
 0.00000029603               3.63847E-23 
 0.00000029604               4.34459E-23 
 0.00000029605               5.23011E-23 
 0.00000029606               5.99462E-23 
 0.00000029607               6.50605E-23 
 0.00000029608               6.74687E-23 
 0.00000029609               6.73867E-23 
 0.0000002961                6.54692E-23 
 0.00000029611               6.31289E-23 
 0.00000029612               6.2148E-23 
 0.00000029613               6.31673E-23 
 0.00000029614               6.50547E-23 
 0.00000029615               6.64402E-23 
 0.00000029616               6.70204E-23 
 0.00000029617               6.71084E-23 
 0.00000029618               6.69608E-23 
 0.00000029619               6.66685E-23 
 0.0000002962                6.62199E-23 
 0.00000029621               6.54389E-23 
 0.00000029622               6.38893E-23 
 0.00000029623               6.13478E-23 
 0.00000029624               5.73545E-23 
 0.00000029625               5.02889E-23 
 0.00000029626               4.30457E-23 
 0.00000029627               4.23017E-23 
 0.00000029628               4.84218E-23 
 0.00000029629               5.5385E-23 
 0.0000002963                5.88942E-23 
 0.00000029631               5.85477E-23 
 0.00000029632               5.42691E-23 
 0.00000029633               4.67171E-23 
 0.00000029634               3.84838E-23 
 0.00000029635               3.27235E-23 
 0.00000029636               3.1159E-23 
 0.00000029637               3.39467E-23 
 0.00000029638               4.00763E-23 
 0.00000029639               4.7359E-23 
 0.0000002964                5.30935E-23 
 0.00000029641               5.49989E-23 
 0.00000029642               5.13809E-23 
 0.00000029643               4.2887E-23 
 0.00000029644               3.46227E-23 
 0.00000029645               3.17697E-23 
 0.00000029646               3.51162E-23 
 0.00000029647               4.04432E-23 
 0.00000029648               4.11305E-23 
 0.00000029649               3.74527E-23 
 0.0000002965                3.56497E-23 
 0.00000029651               3.89093E-23 
 0.00000029652               4.55107E-23 
 0.00000029653               5.12784E-23 
 0.00000029654               5.40735E-23 
 0.00000029655               5.48269E-23 
 0.00000029656               5.4823E-23 
 0.00000029657               5.447E-23 
 0.00000029658               5.34907E-23 
 0.00000029659               5.16696E-23 
 0.0000002966                5.00551E-23 
 0.00000029661               5.00489E-23 
 0.00000029662               5.3683E-23 
 0.00000029663               5.43407E-23 
 0.00000029664               5.41697E-23 
 0.00000029665               5.36254E-23 
 0.00000029666               5.30268E-23 
 0.00000029667               5.24931E-23 
 0.00000029668               5.20813E-23 
 0.00000029669               5.18257E-23 
 0.0000002967                5.17305E-23 
 0.00000029671               5.17546E-23 
 0.00000029672               5.18094E-23 
 0.00000029673               5.1812E-23 
 0.00000029674               5.17789E-23 
 0.00000029675               5.17854E-23 
 0.00000029676               5.18179E-23 
 0.00000029677               5.17883E-23 
 0.00000029678               5.16573E-23 
 0.00000029679               5.1474E-23 
 0.0000002968                5.13051E-23 
 0.00000029681               5.11481E-23 
 0.00000029682               5.09122E-23 
 0.00000029683               5.03317E-23 
 0.00000029684               4.88475E-23 
 0.00000029685               4.63341E-23 
 0.00000029686               4.43E-23 
 0.00000029687               4.44166E-23 
 0.00000029688               4.5986E-23 
 0.00000029689               4.7196E-23 
 0.0000002969                4.76208E-23 
 0.00000029691               4.76989E-23 
 0.00000029692               4.76575E-23 
 0.00000029693               4.73943E-23 
 0.00000029694               4.64037E-23 
 0.00000029695               4.39875E-23 
 0.00000029696               4.04415E-23 
 0.00000029697               3.77575E-23 
 0.00000029698               3.73745E-23 
 0.00000029699               3.80391E-23 
 0.000000297   3.81461E-23 
 0.00000029701               3.88167E-23 
 0.00000029702               4.08167E-23 
 0.00000029703               4.21898E-23 
 0.00000029704               4.13785E-23 
 0.00000029705               3.87802E-23 
 0.00000029706               3.48683E-23 
 0.00000029707               3.00847E-23 
 0.00000029708               2.60575E-23 
 0.00000029709               2.47178E-23 
 0.0000002971                2.67988E-23 
 0.00000029711               3.14899E-23 
 0.00000029712               3.66522E-23 
 0.00000029713               4.02841E-23 
 0.00000029714               4.19897E-23 
 0.00000029715               4.24423E-23 
 0.00000029716               4.22427E-23 
 0.00000029717               4.1386E-23 
 0.00000029718               3.91668E-23 
 0.00000029719               3.48872E-23 
 0.0000002972                2.93706E-23 
 0.00000029721               2.47945E-23 
 0.00000029722               2.27742E-23 
 0.00000029723               2.37772E-23 
 0.00000029724               2.74065E-23 
 0.00000029725               3.22677E-23 
 0.00000029726               3.64022E-23 
 0.00000029727               3.87605E-23 
 0.00000029728               3.96553E-23 
 0.00000029729               3.98164E-23 
 0.0000002973                3.96964E-23 
 0.00000029731               3.94891E-23 
 0.00000029732               3.93079E-23 
 0.00000029733               3.9141E-23 
 0.00000029734               3.89411E-23 
 0.00000029735               3.87208E-23 
 0.00000029736               3.84969E-23 
 0.00000029737               3.82801E-23 
 0.00000029738               3.83871E-23 
 0.00000029739               3.82E-23 
 0.0000002974                3.80237E-23 
 0.00000029741               3.78488E-23 
 0.00000029742               3.76669E-23 
 0.00000029743               3.7474E-23 
 0.00000029744               3.72685E-23 
 0.00000029745               3.70047E-23 
 0.00000029746               3.63894E-23 
 0.00000029747               3.44345E-23 
 0.00000029748               2.96044E-23 
 0.00000029749               2.22693E-23 
 0.0000002975                1.59869E-23 
 0.00000029751               1.33794E-23 
 0.00000029752               1.431E-23 
 0.00000029753               1.7028E-23 
 0.00000029754               1.91472E-23 
 0.00000029755               2.04638E-23 
 0.00000029756               2.24767E-23 
 0.00000029757               2.56423E-23 
 0.00000029758               2.91093E-23 
 0.00000029759               3.17565E-23 
 0.0000002976                3.31573E-23 
 0.00000029761               3.36368E-23 
 0.00000029762               3.367E-23 
 0.00000029763               3.34827E-23 
 0.00000029764               3.29144E-23 
 0.00000029765               3.13229E-23 
 0.00000029766               2.81248E-23 
 0.00000029767               2.41182E-23 
 0.00000029768               2.10687E-23 
 0.00000029769               1.9627E-23 
 0.0000002977                1.92615E-23 
 0.00000029771               1.97208E-23 
 0.00000029772               2.12743E-23 
 0.00000029773               2.34421E-23 
 0.00000029774               2.42297E-23 
 0.00000029775               2.29681E-23 
 0.00000029776               2.27062E-23 
 0.00000029777               2.49079E-23 
 0.00000029778               2.73502E-23 
 0.00000029779               2.86872E-23 
 0.0000002978                2.94351E-23 
 0.00000029781               2.97829E-23 
 0.00000029782               2.97414E-23 
 0.00000029783               2.94704E-23 
 0.00000029784               2.91241E-23 
 0.00000029785               2.87829E-23 
 0.00000029786               2.84679E-23 
 0.00000029787               2.81657E-23 
 0.00000029788               2.78726E-23 
 0.00000029789               2.76502E-23 
 0.0000002979                2.75639E-23 
 0.00000029791               2.75726E-23 
 0.00000029792               2.75184E-23 
 0.00000029793               2.72946E-23 
 0.00000029794               2.70564E-23 
 0.00000029795               2.70825E-23 
 0.00000029796               2.73893E-23 
 0.00000029797               2.7726E-23 
 0.00000029798               2.78777E-23 
 0.00000029799               2.78361E-23 
 0.000000298   2.76522E-23 
 0.00000029801               2.73784E-23 
 0.00000029802               2.70105E-23 
 0.00000029803               2.6308E-23 
 0.00000029804               2.47543E-23 
 0.00000029805               2.20314E-23 
 0.00000029806               1.87887E-23 
 0.00000029807               1.65664E-23 
 0.00000029808               1.65837E-23 
 0.00000029809               1.8898E-23 
 0.0000002981                2.21938E-23 
 0.00000029811               2.46434E-23 
 0.00000029812               2.56548E-23 
 0.00000029813               2.57211E-23 
 0.00000029814               2.52012E-23 
 0.00000029815               2.41198E-23 
 0.00000029816               2.2733E-23 
 0.00000029817               2.16145E-23 
 0.00000029818               2.08563E-23 
 0.00000029819               1.99606E-23 
 0.0000002982                1.89974E-23 
 0.00000029821               1.86854E-23 
 0.00000029822               1.86333E-23 
 0.00000029823               1.61976E-23 
 0.00000029824               1.02694E-23 
 0.00000029825               5.11945E-24 
 0.00000029826               3.17146E-24 
 0.00000029827               3.7243E-24 
 0.00000029828               7.20249E-24 
 0.00000029829               1.38598E-23 
 0.0000002983                1.99804E-23 
 0.00000029831               2.27373E-23 
 0.00000029832               2.33908E-23 
 0.00000029833               2.34078E-23 
 0.00000029834               2.32986E-23 
 0.00000029835               2.3163E-23 
 0.00000029836               2.3006E-23 
 0.00000029837               2.28156E-23 
 0.00000029838               2.25839E-23 
 0.00000029839               2.23359E-23 
 0.0000002984                2.21334E-23 
 0.00000029841               2.20079E-23 
 0.00000029842               2.18856E-23 
 0.00000029843               2.16398E-23 
 0.00000029844               2.13231E-23 
 0.00000029845               2.12176E-23 
 0.00000029846               2.13859E-23 
 0.00000029847               2.15467E-23 
 0.00000029848               2.15297E-23 
 0.00000029849               2.13901E-23 
 0.0000002985                2.12089E-23 
 0.00000029851               2.10042E-23 
 0.00000029852               2.07318E-23 
 0.00000029853               2.02495E-23 
 0.00000029854               1.94513E-23 
 0.00000029855               1.85915E-23 
 0.00000029856               1.82284E-23 
 0.00000029857               1.85964E-23 
 0.00000029858               1.93249E-23 
 0.00000029859               1.98999E-23 
 0.0000002986                2.01446E-23 
 0.00000029861               2.01117E-23 
 0.00000029862               1.97808E-23 
 0.00000029863               1.87721E-23 
 0.00000029864               1.66975E-23 
 0.00000029865               1.39956E-23 
 0.00000029866               1.19571E-23 
 0.00000029867               1.1585E-23 
 0.00000029868               1.29181E-23 
 0.00000029869               1.48313E-23 
 0.0000002987                1.57672E-23 
 0.00000029871               1.54933E-23 
 0.00000029872               1.4832E-23 
 0.00000029873               1.44076E-23 
 0.00000029874               1.4373E-23 
 0.00000029875               1.44141E-23 
 0.00000029876               1.38919E-23 
 0.00000029877               1.26329E-23 
 0.00000029878               1.15708E-23 
 0.00000029879               1.17895E-23 
 0.0000002988                1.32485E-23 
 0.00000029881               1.44742E-23 
 0.00000029882               1.45677E-23 
 0.00000029883               1.47583E-23 
 0.00000029884               1.54292E-23 
 0.00000029885               1.59011E-23 
 0.00000029886               1.63306E-23 
 0.00000029887               1.67076E-23 
 0.00000029888               1.67215E-23 
 0.00000029889               1.64503E-23 
 0.0000002989                1.60934E-23 
 0.00000029891               1.57447E-23 
 0.00000029892               1.54325E-23 
 0.00000029893               1.51551E-23 
 0.00000029894               1.49122E-23 
 0.00000029895               1.4741E-23 
 0.00000029896               1.47117E-23 
 0.00000029897               1.48701E-23 
 0.00000029898               1.50995E-23 
 0.00000029899               1.47845E-23 
 0.000000299   1.32421E-23 
 0.00000029901               1.19333E-23 
 0.00000029902               1.2769E-23 
 0.00000029903               1.46466E-23 
 0.00000029904               1.5572E-23 
 0.00000029905               1.56991E-23 
 0.00000029906               1.56516E-23 
 0.00000029907               1.55903E-23 
 0.00000029908               1.5528E-23 
 0.00000029909               1.54458E-23 
 0.0000002991                1.53229E-23 
 0.00000029911               1.51584E-23 
 0.00000029912               1.49654E-23 
 0.00000029913               1.47672E-23 
 0.00000029914               1.45994E-23 
 0.00000029915               1.44973E-23 
 0.00000029916               1.44692E-23 
 0.00000029917               1.44796E-23 
 0.00000029918               1.44681E-23 
 0.00000029919               1.43886E-23 
 0.0000002992                1.42161E-23 
 0.00000029921               1.38048E-23 
 0.00000029922               1.15805E-23 
 0.00000029923               2.69597E-24 
 0.00000029924               1.32349E-28 
 0.00000029925               1.71797E-50 
 0.00000029926               1.14374E-131 
 0.00000029927               0 
 0.00000029928               0 
 0.00000029929               0 
 0.0000002993                0 
 0.00000029931               0 
 0.00000029932               0 
 0.00000029933               0 
 0.00000029934               1.30057E-207 
 0.00000029935               2.98252E-76 
 0.00000029936               5.76293E-35 
 0.00000029937               1.78014E-25 
 0.00000029938               7.14424E-24 
 0.00000029939               1.1394E-23 
 0.0000002994                1.21203E-23 
 0.00000029941               1.24183E-23 
 0.00000029942               1.3061E-23 
 0.00000029943               1.3146E-23 
 0.00000029944               1.30288E-23 
 0.00000029945               1.27304E-23 
 0.00000029946               1.2581E-23 
 0.00000029947               1.2731E-23 
 0.00000029948               1.28513E-23 
 0.00000029949               1.28037E-23 
 0.0000002995                1.27645E-23 
 0.00000029951               1.27677E-23 
 0.00000029952               1.27356E-23 
 0.00000029953               1.26738E-23 
 0.00000029954               1.26151E-23 
 0.00000029955               1.25707E-23 
 0.00000029956               1.25099E-23 
 0.00000029957               1.22629E-23 
 0.00000029958               1.12344E-23 
 0.00000029959               8.55552E-24 
 0.0000002996                4.9691E-24 
 0.00000029961               2.64609E-24 
 0.00000029962               1.9803E-24 
 0.00000029963               2.54288E-24 
 0.00000029964               4.40017E-24 
 0.00000029965               7.27853E-24 
 0.00000029966               9.85855E-24 
 0.00000029967               1.11483E-23 
 0.00000029968               1.14159E-23 
 0.00000029969               1.12894E-23 
 0.0000002997                1.11265E-23 
 0.00000029971               1.10536E-23 
 0.00000029972               1.10719E-23 
 0.00000029973               1.10466E-23 
 0.00000029974               1.06586E-23 
 0.00000029975               9.52878E-24 
 0.00000029976               7.72199E-24 
 0.00000029977               6.0755E-24 
 0.00000029978               5.43949E-24 
 0.00000029979               6.00883E-24 
 0.0000002998                7.30179E-24 
 0.00000029981               8.36735E-24 
 0.00000029982               8.89559E-24 
 0.00000029983               9.34877E-24 
 0.00000029984               9.90717E-24 
 0.00000029985               1.03047E-23 
 0.00000029986               1.03036E-23 
 0.00000029987               9.91281E-24 
 0.00000029988               9.3E-24 
 0.00000029989               8.7065E-24 
 0.0000002999                8.36906E-24 
 0.00000029991               8.408E-24 
 0.00000029992               8.76842E-24 
 0.00000029993               9.25687E-24 
 0.00000029994               9.65946E-24 
 0.00000029995               9.8506E-24 
 0.00000029996               9.82931E-24 
 0.00000029997               9.72404E-24 
 0.00000029998               9.69716E-24 
 0.00000029999               9.77849E-24 
 0.0000003     9.87257E-24 
