 0.000000294   2.08622E-14 
 0.00000029401               2.10528E-14 
 0.00000029402               2.10781E-14 
 0.00000029403               2.1073E-14 
 0.00000029404               2.10398E-14 
 0.00000029405               2.09766E-14 
 0.00000029406               2.08921E-14 
 0.00000029407               2.08023E-14 
 0.00000029408               2.07218E-14 
 0.00000029409               2.06568E-14 
 0.0000002941                2.06005E-14 
 0.00000029411               2.05314E-14 
 0.00000029412               2.03983E-14 
 0.00000029413               2.01061E-14 
 0.00000029414               1.96175E-14 
 0.00000029415               1.91557E-14 
 0.00000029416               1.90757E-14 
 0.00000029417               1.94042E-14 
 0.00000029418               1.97887E-14 
 0.00000029419               1.99211E-14 
 0.0000002942                1.9644E-14 
 0.00000029421               1.8731E-14 
 0.00000029422               1.71986E-14 
 0.00000029423               1.57062E-14 
 0.00000029424               1.47581E-14 
 0.00000029425               1.43786E-14 
 0.00000029426               1.46625E-14 
 0.00000029427               1.56161E-14 
 0.00000029428               1.68763E-14 
 0.00000029429               1.79595E-14 
 0.0000002943                1.86285E-14 
 0.00000029431               1.89429E-14 
 0.00000029432               1.90627E-14 
 0.00000029433               1.91007E-14 
 0.00000029434               1.91026E-14 
 0.00000029435               1.90811E-14 
 0.00000029436               1.90408E-14 
 0.00000029437               1.89842E-14 
 0.00000029438               1.89119E-14 
 0.00000029439               1.88208E-14 
 0.0000002944                1.8705E-14 
 0.00000029441               1.85298E-14 
 0.00000029442               1.8057E-14 
 0.00000029443               1.68294E-14 
 0.00000029444               1.50922E-14 
 0.00000029445               1.41845E-14 
 0.00000029446               1.48453E-14 
 0.00000029447               1.62325E-14 
 0.00000029448               0.000000000000017 
 0.00000029449               1.68479E-14 
 0.0000002945                1.64323E-14 
 0.00000029451               1.64055E-14 
 0.00000029452               1.68585E-14 
 0.00000029453               1.74049E-14 
 0.00000029454               1.76848E-14 
 0.00000029455               1.76176E-14 
 0.00000029456               1.72014E-14 
 0.00000029457               1.63862E-14 
 0.00000029458               1.52634E-14 
 0.00000029459               1.42269E-14 
 0.0000002946                1.37575E-14 
 0.00000029461               1.40524E-14 
 0.00000029462               1.48892E-14 
 0.00000029463               1.58068E-14 
 0.00000029464               1.64598E-14 
 0.00000029465               1.67786E-14 
 0.00000029466               1.68125E-14 
 0.00000029467               1.65601E-14 
 0.00000029468               1.60218E-14 
 0.00000029469               1.53567E-14 
 0.0000002947                1.47896E-14 
 0.00000029471               1.43223E-14 
 0.00000029472               1.37968E-14 
 0.00000029473               1.3268E-14 
 0.00000029474               1.29999E-14 
 0.00000029475               1.31361E-14 
 0.00000029476               1.3617E-14 
 0.00000029477               1.43114E-14 
 0.00000029478               1.50647E-14 
 0.00000029479               1.57013E-14 
 0.0000002948                1.6112E-14 
 0.00000029481               1.63095E-14 
 0.00000029482               1.63682E-14 
 0.00000029483               1.63504E-14 
 0.00000029484               1.62822E-14 
 0.00000029485               1.61655E-14 
 0.00000029486               1.60134E-14 
 0.00000029487               1.58751E-14 
 0.00000029488               1.58084E-14 
 0.00000029489               1.582E-14 
 0.0000002949                1.58574E-14 
 0.00000029491               1.58655E-14 
 0.00000029492               1.58313E-14 
 0.00000029493               1.57719E-14 
 0.00000029494               1.57367E-14 
 0.00000029495               1.56638E-14 
 0.00000029496               1.55861E-14 
 0.00000029497               1.55018E-14 
 0.00000029498               1.54092E-14 
 0.00000029499               1.53085E-14 
 0.000000295   1.52021E-14 
 0.00000029501               1.50961E-14 
 0.00000029502               1.50056E-14 
 0.00000029503               1.49359E-14 
 0.00000029504               1.4823E-14 
 0.00000029505               1.45116E-14 
 0.00000029506               1.39894E-14 
 0.00000029507               1.33916E-14 
 0.00000029508               8.90077E-15 
 0.00000029509               2.94045E-16 
 0.0000002951                8.2059E-21 
 0.00000029511               2.1078E-24 
 0.00000029512               3.71619E-21 
 0.00000029513               1.91913E-16 
 0.00000029514               8.61753E-15 
 0.00000029515               1.42269E-14 
 0.00000029516               1.46492E-14 
 0.00000029517               1.46521E-14 
 0.00000029518               1.46027E-14 
 0.00000029519               1.4512E-14 
 0.0000002952                1.4348E-14 
 0.00000029521               1.40352E-14 
 0.00000029522               1.34383E-14 
 0.00000029523               1.2354E-14 
 0.00000029524               1.05767E-14 
 0.00000029525               8.10602E-15 
 0.00000029526               5.33787E-15 
 0.00000029527               2.93007E-15 
 0.00000029528               1.33953E-15 
 0.00000029529               5.35633E-16 
 0.0000002953                2.09074E-16 
 0.00000029531               9.33362E-17 
 0.00000029532               5.60557E-17 
 0.00000029533               5.03298E-17 
 0.00000029534               6.80796E-17 
 0.00000029535               1.23927E-16 
 0.00000029536               2.38438E-16 
 0.00000029537               4.1268E-16 
 0.00000029538               8.14629E-16 
 0.00000029539               2.143E-15 
 0.0000002954                5.09398E-15 
 0.00000029541               8.39176E-15 
 0.00000029542               1.0672E-14 
 0.00000029543               1.20043E-14 
 0.00000029544               1.27064E-14 
 0.00000029545               1.30305E-14 
 0.00000029546               1.31604E-14 
 0.00000029547               1.32065E-14 
 0.00000029548               1.32227E-14 
 0.00000029549               1.32243E-14 
 0.0000002955                1.32108E-14 
 0.00000029551               1.3189E-14 
 0.00000029552               1.3152E-14 
 0.00000029553               1.31082E-14 
 0.00000029554               1.30577E-14 
 0.00000029555               1.29981E-14 
 0.00000029556               1.2932E-14 
 0.00000029557               1.28604E-14 
 0.00000029558               1.27984E-14 
 0.00000029559               1.27621E-14 
 0.0000002956                1.27441E-14 
 0.00000029561               1.27249E-14 
 0.00000029562               1.26918E-14 
 0.00000029563               1.26454E-14 
 0.00000029564               1.25936E-14 
 0.00000029565               1.25417E-14 
 0.00000029566               1.24748E-14 
 0.00000029567               1.22929E-14 
 0.00000029568               1.1712E-14 
 0.00000029569               1.04701E-14 
 0.0000002957                8.99653E-15 
 0.00000029571               8.2832E-15 
 0.00000029572               8.83366E-15 
 0.00000029573               1.02199E-14 
 0.00000029574               1.14338E-14 
 0.00000029575               1.18662E-14 
 0.00000029576               1.11777E-14 
 0.00000029577               8.24452E-15 
 0.00000029578               3.59992E-15 
 0.00000029579               9.57286E-16 
 0.0000002958                3.55438E-16 
 0.00000029581               4.63803E-16 
 0.00000029582               1.62111E-15 
 0.00000029583               5.24632E-15 
 0.00000029584               9.41697E-15 
 0.00000029585               1.11337E-14 
 0.00000029586               1.10518E-14 
 0.00000029587               1.00059E-14 
 0.00000029588               8.80954E-15 
 0.00000029589               8.57179E-15 
 0.0000002959                9.49751E-15 
 0.00000029591               1.0654E-14 
 0.00000029592               1.12366E-14 
 0.00000029593               1.13841E-14 
 0.00000029594               1.15573E-14 
 0.00000029595               1.15577E-14 
 0.00000029596               1.15345E-14 
 0.00000029597               1.14905E-14 
 0.00000029598               1.14346E-14 
 0.00000029599               1.13853E-14 
 0.000000296   1.13541E-14 
 0.00000029601               1.13301E-14 
 0.00000029602               1.12955E-14 
 0.00000029603               1.12452E-14 
 0.00000029604               1.11831E-14 
 0.00000029605               1.1112E-14 
 0.00000029606               1.10318E-14 
 0.00000029607               1.09553E-14 
 0.00000029608               1.09119E-14 
 0.00000029609               1.09003E-14 
 0.0000002961                1.08844E-14 
 0.00000029611               1.08425E-14 
 0.00000029612               1.07812E-14 
 0.00000029613               1.06854E-14 
 0.00000029614               1.04955E-14 
 0.00000029615               1.01673E-14 
 0.00000029616               9.78468E-15 
 0.00000029617               9.53982E-15 
 0.00000029618               9.54029E-15 
 0.00000029619               9.68795E-15 
 0.0000002962                9.80216E-15 
 0.00000029621               9.84314E-15 
 0.00000029622               9.89649E-15 
 0.00000029623               1.00031E-14 
 0.00000029624               1.0142E-14 
 0.00000029625               1.02832E-14 
 0.00000029626               1.03811E-14 
 0.00000029627               1.04068E-14 
 0.00000029628               1.03847E-14 
 0.00000029629               1.03519E-14 
 0.0000002963                1.03235E-14 
 0.00000029631               1.0296E-14 
 0.00000029632               1.02628E-14 
 0.00000029633               1.02161E-14 
 0.00000029634               1.01163E-14 
 0.00000029635               9.82553E-15 
 0.00000029636               8.9928E-15 
 0.00000029637               6.87399E-15 
 0.00000029638               3.26692E-15 
 0.00000029639               6.17985E-16 
 0.0000002964                3.51101E-17 
 0.00000029641               8.96173E-19 
 0.00000029642               3.79979E-20 
 0.00000029643               1.27507E-20 
 0.00000029644               6.21625E-20 
 0.00000029645               1.82948E-18 
 0.00000029646               6.52628E-17 
 0.00000029647               8.96141E-16 
 0.00000029648               3.78584E-15 
 0.00000029649               6.98444E-15 
 0.0000002965                8.56208E-15 
 0.00000029651               9.03469E-15 
 0.00000029652               9.13711E-15 
 0.00000029653               9.14692E-15 
 0.00000029654               9.1558E-15 
 0.00000029655               9.20512E-15 
 0.00000029656               9.26114E-15 
 0.00000029657               9.23653E-15 
 0.00000029658               9.04966E-15 
 0.00000029659               8.66638E-15 
 0.0000002966                8.18558E-15 
 0.00000029661               7.8068E-15 
 0.00000029662               7.73939E-15 
 0.00000029663               7.99458E-15 
 0.00000029664               8.39239E-15 
 0.00000029665               8.71692E-15 
 0.00000029666               8.86672E-15 
 0.00000029667               8.85622E-15 
 0.00000029668               8.76574E-15 
 0.00000029669               8.71225E-15 
 0.0000002967                8.75893E-15 
 0.00000029671               8.84326E-15 
 0.00000029672               8.85929E-15 
 0.00000029673               8.77087E-15 
 0.00000029674               8.61119E-15 
 0.00000029675               8.43751E-15 
 0.00000029676               8.30687E-15 
 0.00000029677               8.25447E-15 
 0.00000029678               8.27188E-15 
 0.00000029679               8.30529E-15 
 0.0000002968                8.28879E-15 
 0.00000029681               8.20829E-15 
 0.00000029682               8.12196E-15 
 0.00000029683               8.0875E-15 
 0.00000029684               8.10111E-15 
 0.00000029685               8.13065E-15 
 0.00000029686               8.16104E-15 
 0.00000029687               8.19416E-15 
 0.00000029688               8.22469E-15 
 0.00000029689               8.24016E-15 
 0.0000002969                8.23414E-15 
 0.00000029691               8.21339E-15 
 0.00000029692               8.18761E-15 
 0.00000029693               8.15057E-15 
 0.00000029694               8.08626E-15 
 0.00000029695               7.99066E-15 
 0.00000029696               7.86775E-15 
 0.00000029697               7.74119E-15 
 0.00000029698               7.6723E-15 
 0.00000029699               7.65614E-15 
 0.000000297   7.62598E-15 
 0.00000029701               7.58953E-15 
 0.00000029702               7.60169E-15 
 0.00000029703               7.6846E-15 
 0.00000029704               7.80512E-15 
 0.00000029705               7.89716E-15 
 0.00000029706               7.89448E-15 
 0.00000029707               7.80308E-15 
 0.00000029708               7.76369E-15 
 0.00000029709               7.84466E-15 
 0.0000002971                7.92532E-15 
 0.00000029711               7.93821E-15 
 0.00000029712               7.91182E-15 
 0.00000029713               7.84986E-15 
 0.00000029714               7.71823E-15 
 0.00000029715               7.51593E-15 
 0.00000029716               7.34312E-15 
 0.00000029717               7.32378E-15 
 0.00000029718               7.44508E-15 
 0.00000029719               7.56371E-15 
 0.0000002972                7.56399E-15 
 0.00000029721               7.44122E-15 
 0.00000029722               7.26741E-15 
 0.00000029723               7.13332E-15 
 0.00000029724               7.09862E-15 
 0.00000029725               7.16735E-15 
 0.00000029726               7.29086E-15 
 0.00000029727               7.39458E-15 
 0.00000029728               7.43181E-15 
 0.00000029729               7.416E-15 
 0.0000002973                7.39258E-15 
 0.00000029731               7.3868E-15 
 0.00000029732               7.38831E-15 
 0.00000029733               7.37958E-15 
 0.00000029734               7.35707E-15 
 0.00000029735               7.32365E-15 
 0.00000029736               7.27451E-15 
 0.00000029737               7.1974E-15 
 0.00000029738               7.10398E-15 
 0.00000029739               7.04191E-15 
 0.0000002974                7.01878E-15 
 0.00000029741               6.92203E-15 
 0.00000029742               6.62564E-15 
 0.00000029743               6.36143E-15 
 0.00000029744               6.48305E-15 
 0.00000029745               6.7997E-15 
 0.00000029746               6.96579E-15 
 0.00000029747               6.99411E-15 
 0.00000029748               6.98336E-15 
 0.00000029749               6.95852E-15 
 0.0000002975                6.9251E-15 
 0.00000029751               6.88674E-15 
 0.00000029752               6.83996E-15 
 0.00000029753               6.79425E-15 
 0.00000029754               6.77386E-15 
 0.00000029755               6.77159E-15 
 0.00000029756               6.75648E-15 
 0.00000029757               6.69574E-15 
 0.00000029758               6.49635E-15 
 0.00000029759               6.15161E-15 
 0.0000002976                6.01812E-15 
 0.00000029761               6.27948E-15 
 0.00000029762               6.57018E-15 
 0.00000029763               6.63777E-15 
 0.00000029764               6.43707E-15 
 0.00000029765               5.83341E-15 
 0.00000029766               5.06525E-15 
 0.00000029767               4.81208E-15 
 0.00000029768               5.2251E-15 
 0.00000029769               5.69953E-15 
 0.0000002977                5.57199E-15 
 0.00000029771               4.80527E-15 
 0.00000029772               4.14808E-15 
 0.00000029773               4.23067E-15 
 0.00000029774               4.88122E-15 
 0.00000029775               5.52476E-15 
 0.00000029776               5.9033E-15 
 0.00000029777               6.0719E-15 
 0.00000029778               6.10834E-15 
 0.00000029779               6.07801E-15 
 0.0000002978                6.0329E-15 
 0.00000029781               6.0054E-15 
 0.00000029782               6.0013E-15 
 0.00000029783               6.01753E-15 
 0.00000029784               6.03643E-15 
 0.00000029785               6.02237E-15 
 0.00000029786               5.92493E-15 
 0.00000029787               5.75635E-15 
 0.00000029788               5.65602E-15 
 0.00000029789               5.70413E-15 
 0.0000002979                5.71355E-15 
 0.00000029791               5.42073E-15 
 0.00000029792               4.75733E-15 
 0.00000029793               3.84756E-15 
 0.00000029794               3.04177E-15 
 0.00000029795               2.70982E-15 
 0.00000029796               2.97919E-15 
 0.00000029797               3.7466E-15 
 0.00000029798               4.57985E-15 
 0.00000029799               4.90468E-15 
 0.000000298   4.57836E-15 
 0.00000029801               3.94386E-15 
 0.00000029802               3.41663E-15 
 0.00000029803               3.21821E-15 
 0.00000029804               3.36885E-15 
 0.00000029805               3.74652E-15 
 0.00000029806               4.1472E-15 
 0.00000029807               4.4206E-15 
 0.00000029808               4.56495E-15 
 0.00000029809               4.63508E-15 
 0.0000002981                4.55693E-15 
 0.00000029811               4.1128E-15 
 0.00000029812               3.4465E-15 
 0.00000029813               3.19422E-15 
 0.00000029814               3.69252E-15 
 0.00000029815               4.60695E-15 
 0.00000029816               5.24341E-15 
 0.00000029817               5.44108E-15 
 0.00000029818               5.44041E-15 
 0.00000029819               5.37382E-15 
 0.0000002982                5.29461E-15 
 0.00000029821               5.26345E-15 
 0.00000029822               5.30425E-15 
 0.00000029823               5.36564E-15 
 0.00000029824               5.37605E-15 
 0.00000029825               5.33429E-15 
 0.00000029826               5.31035E-15 
 0.00000029827               5.32998E-15 
 0.00000029828               5.34657E-15 
 0.00000029829               5.33726E-15 
 0.0000002983                5.3158E-15 
 0.00000029831               5.29568E-15 
 0.00000029832               5.2806E-15 
 0.00000029833               5.27083E-15 
 0.00000029834               5.26446E-15 
 0.00000029835               5.25684E-15 
 0.00000029836               5.23938E-15 
 0.00000029837               5.19385E-15 
 0.00000029838               5.08236E-15 
 0.00000029839               4.86216E-15 
 0.0000002984                4.5447E-15 
 0.00000029841               4.20984E-15 
 0.00000029842               3.86353E-15 
 0.00000029843               3.33202E-15 
 0.00000029844               2.53541E-15 
 0.00000029845               1.76881E-15 
 0.00000029846               1.32807E-15 
 0.00000029847               1.25084E-15 
 0.00000029848               1.51037E-15 
 0.00000029849               2.10694E-15 
 0.0000002985                2.96915E-15 
 0.00000029851               3.85699E-15 
 0.00000029852               4.47385E-15 
 0.00000029853               4.72573E-15 
 0.00000029854               4.74982E-15 
 0.00000029855               4.70689E-15 
 0.00000029856               4.66354E-15 
 0.00000029857               4.61082E-15 
 0.00000029858               4.48922E-15 
 0.00000029859               4.19631E-15 
 0.0000002986                3.63061E-15 
 0.00000029861               2.81097E-15 
 0.00000029862               1.95963E-15 
 0.00000029863               1.30671E-15 
 0.00000029864               9.08132E-16 
 0.00000029865               7.43113E-16 
 0.00000029866               8.06859E-16 
 0.00000029867               1.14763E-15 
 0.00000029868               1.8183E-15 
 0.00000029869               2.70788E-15 
 0.0000002987                3.52007E-15 
 0.00000029871               3.98988E-15 
 0.00000029872               4.01347E-15 
 0.00000029873               3.71533E-15 
 0.00000029874               3.43212E-15 
 0.00000029875               3.44249E-15 
 0.00000029876               3.75565E-15 
 0.00000029877               4.15088E-15 
 0.00000029878               4.41081E-15 
 0.00000029879               4.50761E-15 
 0.0000002988                4.5212E-15 
 0.00000029881               4.50924E-15 
 0.00000029882               4.48501E-15 
 0.00000029883               4.45413E-15 
 0.00000029884               4.43651E-15 
 0.00000029885               4.43236E-15 
 0.00000029886               4.41381E-15 
 0.00000029887               4.34847E-15 
 0.00000029888               4.18718E-15 
 0.00000029889               3.86359E-15 
 0.0000002989                3.32283E-15 
 0.00000029891               2.67734E-15 
 0.00000029892               2.32163E-15 
 0.00000029893               2.49877E-15 
 0.00000029894               3.00874E-15 
 0.00000029895               3.46517E-15 
 0.00000029896               3.7465E-15 
 0.00000029897               3.91169E-15 
 0.00000029898               4.00694E-15 
 0.00000029899               4.05128E-15 
 0.000000299   4.08225E-15 
 0.00000029901               4.12524E-15 
 0.00000029902               4.14899E-15 
 0.00000029903               4.15092E-15 
 0.00000029904               4.14785E-15 
 0.00000029905               4.13737E-15 
 0.00000029906               4.11308E-15 
 0.00000029907               4.08107E-15 
 0.00000029908               4.05905E-15 
 0.00000029909               4.05577E-15 
 0.0000002991                4.01026E-15 
 0.00000029911               3.45993E-15 
 0.00000029912               1.34275E-15 
 0.00000029913               6.65327E-17 
 0.00000029914               2.26288E-18 
 0.00000029915               7.12098E-18 
 0.00000029916               3.36959E-16 
 0.00000029917               2.38792E-15 
 0.00000029918               3.42527E-15 
 0.00000029919               3.44478E-15 
 0.0000002992                3.39664E-15 
 0.00000029921               3.47304E-15 
 0.00000029922               3.63405E-15 
 0.00000029923               3.75156E-15 
 0.00000029924               3.77513E-15 
 0.00000029925               3.75042E-15 
 0.00000029926               3.72788E-15 
 0.00000029927               3.72151E-15 
 0.00000029928               3.73072E-15 
 0.00000029929               3.75357E-15 
 0.0000002993                3.78203E-15 
 0.00000029931               3.80469E-15 
 0.00000029932               3.81522E-15 
 0.00000029933               3.81481E-15 
 0.00000029934               3.80732E-15 
 0.00000029935               3.79371E-15 
 0.00000029936               3.76587E-15 
 0.00000029937               3.69862E-15 
 0.00000029938               3.56023E-15 
 0.00000029939               3.3632E-15 
 0.0000002994                3.18965E-15 
 0.00000029941               3.09663E-15 
 0.00000029942               3.04326E-15 
 0.00000029943               3.04301E-15 
 0.00000029944               3.20072E-15 
 0.00000029945               3.444E-15 
 0.00000029946               3.58137E-15 
 0.00000029947               3.58558E-15 
 0.00000029948               3.52291E-15 
 0.00000029949               3.42991E-15 
 0.0000002995                3.34513E-15 
 0.00000029951               3.32187E-15 
 0.00000029952               3.37148E-15 
 0.00000029953               3.44582E-15 
 0.00000029954               3.49549E-15 
 0.00000029955               3.51195E-15 
 0.00000029956               3.5096E-15 
 0.00000029957               3.49994E-15 
 0.00000029958               3.48499E-15 
 0.00000029959               3.44727E-15 
 0.0000002996                3.31719E-15 
 0.00000029961               2.98113E-15 
 0.00000029962               2.50545E-15 
 0.00000029963               2.28364E-15 
 0.00000029964               2.55557E-15 
 0.00000029965               3.03018E-15 
 0.00000029966               3.28251E-15 
 0.00000029967               3.3465E-15 
 0.00000029968               3.36817E-15 
 0.00000029969               3.37751E-15 
 0.0000002997                3.37225E-15 
 0.00000029971               3.40736E-15 
 0.00000029972               3.31136E-15 
 0.00000029973               3.12088E-15 
 0.00000029974               2.97257E-15 
 0.00000029975               3.02102E-15 
 0.00000029976               3.17025E-15 
 0.00000029977               3.26156E-15 
 0.00000029978               3.28969E-15 
 0.00000029979               3.28986E-15 
 0.0000002998                3.27443E-15 
 0.00000029981               3.25202E-15 
 0.00000029982               3.22883E-15 
 0.00000029983               3.20758E-15 
 0.00000029984               3.1911E-15 
 0.00000029985               3.18207E-15 
 0.00000029986               3.18095E-15 
 0.00000029987               3.18274E-15 
 0.00000029988               3.17673E-15 
 0.00000029989               3.13797E-15 
 0.0000002999                3.01261E-15 
 0.00000029991               2.74608E-15 
 0.00000029992               2.38307E-15 
 0.00000029993               2.08717E-15 
 0.00000029994               1.98691E-15 
 0.00000029995               2.04295E-15 
 0.00000029996               1.98106E-15 
 0.00000029997               1.4311E-15 
 0.00000029998               5.98124E-16 
 0.00000029999               1.31417E-16 
 0.0000003     2.04745E-17 
