 0.000000294   1.07454E-15 
 0.00000029401               1.05739E-15 
 0.00000029402               1.01378E-15 
 0.00000029403               9.19688E-16 
 0.00000029404               7.57342E-16 
 0.00000029405               5.40795E-16 
 0.00000029406               3.36209E-16 
 0.00000029407               2.07775E-16 
 0.00000029408               1.60191E-16 
 0.00000029409               1.79097E-16 
 0.0000002941                2.72682E-16 
 0.00000029411               4.5463E-16 
 0.00000029412               6.83681E-16 
 0.00000029413               8.69097E-16 
 0.00000029414               9.68465E-16 
 0.00000029415               1.00437E-15 
 0.00000029416               1.00849E-15 
 0.00000029417               9.97155E-16 
 0.00000029418               9.76185E-16 
 0.00000029419               9.49471E-16 
 0.0000002942                9.18927E-16 
 0.00000029421               8.83727E-16 
 0.00000029422               8.47193E-16 
 0.00000029423               8.17536E-16 
 0.00000029424               8.00696E-16 
 0.00000029425               7.88359E-16 
 0.00000029426               7.38675E-16 
 0.00000029427               5.81037E-16 
 0.00000029428               3.2451E-16 
 0.00000029429               1.25075E-16 
 0.0000002943                4.9862E-17 
 0.00000029431               4.16479E-17 
 0.00000029432               8.98004E-17 
 0.00000029433               2.717E-16 
 0.00000029434               5.91885E-16 
 0.00000029435               8.1809E-16 
 0.00000029436               8.75838E-16 
 0.00000029437               8.6855E-16 
 0.00000029438               8.35653E-16 
 0.00000029439               7.44716E-16 
 0.0000002944                6.56767E-16 
 0.00000029441               6.82741E-16 
 0.00000029442               7.92473E-16 
 0.00000029443               8.65201E-16 
 0.00000029444               8.78217E-16 
 0.00000029445               8.75891E-16 
 0.00000029446               8.80313E-16 
 0.00000029447               8.9134E-16 
 0.00000029448               9.01004E-16 
 0.00000029449               9.04963E-16 
 0.0000002945                9.04253E-16 
 0.00000029451               9.00907E-16 
 0.00000029452               8.96757E-16 
 0.00000029453               8.93476E-16 
 0.00000029454               8.92028E-16 
 0.00000029455               8.90023E-16 
 0.00000029456               8.87425E-16 
 0.00000029457               8.84062E-16 
 0.00000029458               8.80311E-16 
 0.00000029459               8.77175E-16 
 0.0000002946                8.74245E-16 
 0.00000029461               8.70042E-16 
 0.00000029462               8.64912E-16 
 0.00000029463               8.609E-16 
 0.00000029464               8.59135E-16 
 0.00000029465               8.58366E-16 
 0.00000029466               8.56292E-16 
 0.00000029467               8.50943E-16 
 0.00000029468               8.40779E-16 
 0.00000029469               8.25012E-16 
 0.0000002947                8.02397E-16 
 0.00000029471               7.69462E-16 
 0.00000029472               7.29276E-16 
 0.00000029473               7.07433E-16 
 0.00000029474               7.26782E-16 
 0.00000029475               7.6783E-16 
 0.00000029476               7.98521E-16 
 0.00000029477               8.12578E-16 
 0.00000029478               8.15237E-16 
 0.00000029479               8.07934E-16 
 0.0000002948                7.87522E-16 
 0.00000029481               7.50852E-16 
 0.00000029482               7.03138E-16 
 0.00000029483               6.61084E-16 
 0.00000029484               6.43313E-16 
 0.00000029485               6.57291E-16 
 0.00000029486               6.94394E-16 
 0.00000029487               7.35638E-16 
 0.00000029488               7.64966E-16 
 0.00000029489               7.78481E-16 
 0.0000002949                7.81411E-16 
 0.00000029491               7.79809E-16 
 0.00000029492               7.75953E-16 
 0.00000029493               7.69991E-16 
 0.00000029494               7.63725E-16 
 0.00000029495               7.58809E-16 
 0.00000029496               7.52291E-16 
 0.00000029497               7.3955E-16 
 0.00000029498               7.22087E-16 
 0.00000029499               7.07834E-16 
 0.000000295   7.09355E-16 
 0.00000029501               8.04929E-16 
 0.00000029502               8.21538E-16 
 0.00000029503               8.26243E-16 
 0.00000029504               8.18023E-16 
 0.00000029505               7.85207E-16 
 0.00000029506               7.08188E-16 
 0.00000029507               5.90417E-16 
 0.00000029508               4.78318E-16 
 0.00000029509               4.2277E-16 
 0.0000002951                4.4399E-16 
 0.00000029511               5.33295E-16 
 0.00000029512               6.49567E-16 
 0.00000029513               7.38005E-16 
 0.00000029514               7.79587E-16 
 0.00000029515               7.91271E-16 
 0.00000029516               7.91853E-16 
 0.00000029517               7.89761E-16 
 0.00000029518               7.87399E-16 
 0.00000029519               7.84948E-16 
 0.0000002952                7.82377E-16 
 0.00000029521               7.78417E-16 
 0.00000029522               7.6944E-16 
 0.00000029523               7.4344E-16 
 0.00000029524               6.85621E-16 
 0.00000029525               6.13608E-16 
 0.00000029526               5.8118E-16 
 0.00000029527               6.07582E-16 
 0.00000029528               6.35475E-16 
 0.00000029529               6.07581E-16 
 0.0000002953                5.70794E-16 
 0.00000029531               5.93161E-16 
 0.00000029532               6.62051E-16 
 0.00000029533               7.10586E-16 
 0.00000029534               7.1094E-16 
 0.00000029535               6.90918E-16 
 0.00000029536               6.52801E-16 
 0.00000029537               5.54709E-16 
 0.00000029538               4.58163E-16 
 0.00000029539               4.76104E-16 
 0.0000002954                5.94673E-16 
 0.00000029541               6.92542E-16 
 0.00000029542               7.22421E-16 
 0.00000029543               7.23406E-16 
 0.00000029544               7.14929E-16 
 0.00000029545               6.99972E-16 
 0.00000029546               6.88504E-16 
 0.00000029547               6.89798E-16 
 0.00000029548               6.93914E-16 
 0.00000029549               6.78658E-16 
 0.0000002955                6.2379E-16 
 0.00000029551               5.33543E-16 
 0.00000029552               4.53529E-16 
 0.00000029553               4.30119E-16 
 0.00000029554               4.73709E-16 
 0.00000029555               5.56675E-16 
 0.00000029556               6.29371E-16 
 0.00000029557               6.66535E-16 
 0.00000029558               6.78282E-16 
 0.00000029559               6.78584E-16 
 0.0000002956                6.64785E-16 
 0.00000029561               5.7811E-16 
 0.00000029562               3.01054E-16 
 0.00000029563               5.06098E-17 
 0.00000029564               4.20747E-18 
 0.00000029565               1.60081E-18 
 0.00000029566               8.61291E-18 
 0.00000029567               9.97264E-17 
 0.00000029568               4.01703E-16 
 0.00000029569               6.09825E-16 
 0.0000002957                6.53142E-16 
 0.00000029571               6.5519E-16 
 0.00000029572               6.52391E-16 
 0.00000029573               6.49227E-16 
 0.00000029574               6.46174E-16 
 0.00000029575               6.43606E-16 
 0.00000029576               6.41603E-16 
 0.00000029577               6.39858E-16 
 0.00000029578               6.37498E-16 
 0.00000029579               6.33772E-16 
 0.0000002958                6.28072E-16 
 0.00000029581               6.18018E-16 
 0.00000029582               6.01313E-16 
 0.00000029583               5.83352E-16 
 0.00000029584               5.76868E-16 
 0.00000029585               5.86507E-16 
 0.00000029586               6.01836E-16 
 0.00000029587               6.11629E-16 
 0.00000029588               6.14265E-16 
 0.00000029589               6.1239E-16 
 0.0000002959                6.07697E-16 
 0.00000029591               6.01509E-16 
 0.00000029592               5.96157E-16 
 0.00000029593               5.933E-16 
 0.00000029594               5.91198E-16 
 0.00000029595               5.86086E-16 
 0.00000029596               5.77502E-16 
 0.00000029597               5.71168E-16 
 0.00000029598               5.72642E-16 
 0.00000029599               5.79333E-16 
 0.000000296   5.84213E-16 
 0.00000029601               5.85124E-16 
 0.00000029602               5.84461E-16 
 0.00000029603               5.83238E-16 
 0.00000029604               5.80959E-16 
 0.00000029605               5.77806E-16 
 0.00000029606               5.74486E-16 
 0.00000029607               5.7131E-16 
 0.00000029608               5.68149E-16 
 0.00000029609               5.65019E-16 
 0.0000002961                5.6213E-16 
 0.00000029611               5.59559E-16 
 0.00000029612               5.57089E-16 
 0.00000029613               5.54134E-16 
 0.00000029614               5.49625E-16 
 0.00000029615               5.41149E-16 
 0.00000029616               5.20686E-16 
 0.00000029617               4.63687E-16 
 0.00000029618               3.25454E-16 
 0.00000029619               1.20393E-16 
 0.0000002962                9.87447E-18 
 0.00000029621               3.70251E-20 
 0.00000029622               5.96966E-25 
 0.00000029623               2.69669E-33 
 0.00000029624               4.98934E-46 
 0.00000029625               7.65902E-63 
 0.00000029626               1.29903E-81 
 0.00000029627               1.79822E-98 
 0.00000029628               5.51145E-109 
 0.00000029629               4.9964E-110 
 0.0000002963                2.80631E-101 
 0.00000029631               2.2548E-85 
 0.00000029632               1.27009E-66 
 0.00000029633               3.88992E-49 
 0.00000029634               1.8557E-35 
 0.00000029635               2.98484E-26 
 0.00000029636               7.54264E-21 
 0.00000029637               4.60289E-18 
 0.00000029638               8.51975E-17 
 0.00000029639               2.75535E-16 
 0.0000002964                4.17869E-16 
 0.00000029641               4.75325E-16 
 0.00000029642               4.90734E-16 
 0.00000029643               4.91559E-16 
 0.00000029644               4.88408E-16 
 0.00000029645               4.85577E-16 
 0.00000029646               4.84844E-16 
 0.00000029647               4.86238E-16 
 0.00000029648               4.88726E-16 
 0.00000029649               4.91068E-16 
 0.0000002965                4.92187E-16 
 0.00000029651               4.91479E-16 
 0.00000029652               4.89167E-16 
 0.00000029653               4.8622E-16 
 0.00000029654               4.83857E-16 
 0.00000029655               4.82704E-16 
 0.00000029656               4.82177E-16 
 0.00000029657               4.81278E-16 
 0.00000029658               4.79771E-16 
 0.00000029659               4.7804E-16 
 0.0000002966                4.76591E-16 
 0.00000029661               4.7542E-16 
 0.00000029662               4.73819E-16 
 0.00000029663               4.70549E-16 
 0.00000029664               4.65105E-16 
 0.00000029665               4.59574E-16 
 0.00000029666               4.57109E-16 
 0.00000029667               4.56647E-16 
 0.00000029668               4.52582E-16 
 0.00000029669               4.421E-16 
 0.0000002967                4.30552E-16 
 0.00000029671               4.26055E-16 
 0.00000029672               4.27915E-16 
 0.00000029673               4.25107E-16 
 0.00000029674               4.11413E-16 
 0.00000029675               3.93853E-16 
 0.00000029676               3.79583E-16 
 0.00000029677               3.66463E-16 
 0.00000029678               3.51129E-16 
 0.00000029679               3.3949E-16 
 0.0000002968                3.25725E-16 
 0.00000029681               2.69625E-16 
 0.00000029682               1.95528E-16 
 0.00000029683               1.84802E-16 
 0.00000029684               2.53591E-16 
 0.00000029685               3.46807E-16 
 0.00000029686               3.98273E-16 
 0.00000029687               4.15322E-16 
 0.00000029688               4.19625E-16 
 0.00000029689               4.19854E-16 
 0.0000002969                4.18042E-16 
 0.00000029691               4.09538E-16 
 0.00000029692               3.78467E-16 
 0.00000029693               3.14236E-16 
 0.00000029694               2.51026E-16 
 0.00000029695               2.31374E-16 
 0.00000029696               2.50809E-16 
 0.00000029697               2.70737E-16 
 0.00000029698               2.65164E-16 
 0.00000029699               2.50026E-16 
 0.000000297   2.60584E-16 
 0.00000029701               3.08875E-16 
 0.00000029702               3.66008E-16 
 0.00000029703               3.98103E-16 
 0.00000029704               4.06964E-16 
 0.00000029705               4.07492E-16 
 0.00000029706               4.06375E-16 
 0.00000029707               4.05017E-16 
 0.00000029708               4.03592E-16 
 0.00000029709               4.02143E-16 
 0.0000002971                4.00523E-16 
 0.00000029711               3.98523E-16 
 0.00000029712               3.95511E-16 
 0.00000029713               3.90271E-16 
 0.00000029714               3.81386E-16 
 0.00000029715               3.68855E-16 
 0.00000029716               3.55878E-16 
 0.00000029717               3.47916E-16 
 0.00000029718               3.48291E-16 
 0.00000029719               3.54781E-16 
 0.0000002972                3.62225E-16 
 0.00000029721               3.67693E-16 
 0.00000029722               3.7121E-16 
 0.00000029723               3.73528E-16 
 0.00000029724               3.7506E-16 
 0.00000029725               3.75897E-16 
 0.00000029726               3.75836E-16 
 0.00000029727               3.74517E-16 
 0.00000029728               3.71911E-16 
 0.00000029729               3.68766E-16 
 0.0000002973                3.66187E-16 
 0.00000029731               3.64624E-16 
 0.00000029732               3.63769E-16 
 0.00000029733               3.63167E-16 
 0.00000029734               3.62694E-16 
 0.00000029735               3.62567E-16 
 0.00000029736               3.6233E-16 
 0.00000029737               3.61237E-16 
 0.00000029738               3.59023E-16 
 0.00000029739               3.55606E-16 
 0.0000002974                3.50583E-16 
 0.00000029741               3.40694E-16 
 0.00000029742               3.161E-16 
 0.00000029743               2.64132E-16 
 0.00000029744               1.88492E-16 
 0.00000029745               1.17978E-16 
 0.00000029746               7.61842E-17 
 0.00000029747               6.36842E-17 
 0.00000029748               7.66781E-17 
 0.00000029749               1.18606E-16 
 0.0000002975                1.87836E-16 
 0.00000029751               2.60158E-16 
 0.00000029752               3.08082E-16 
 0.00000029753               3.29484E-16 
 0.00000029754               3.36076E-16 
 0.00000029755               3.3626E-16 
 0.00000029756               3.32097E-16 
 0.00000029757               3.24459E-16 
 0.00000029758               3.16243E-16 
 0.00000029759               3.11002E-16 
 0.0000002976                3.10368E-16 
 0.00000029761               3.14078E-16 
 0.00000029762               3.20168E-16 
 0.00000029763               3.25234E-16 
 0.00000029764               3.25778E-16 
 0.00000029765               3.17626E-16 
 0.00000029766               2.97828E-16 
 0.00000029767               2.74909E-16 
 0.00000029768               2.66679E-16 
 0.00000029769               2.78854E-16 
 0.0000002977                2.98272E-16 
 0.00000029771               3.11141E-16 
 0.00000029772               3.16545E-16 
 0.00000029773               3.17948E-16 
 0.00000029774               3.1656E-16 
 0.00000029775               3.12465E-16 
 0.00000029776               3.06431E-16 
 0.00000029777               2.99646E-16 
 0.00000029778               2.92598E-16 
 0.00000029779               2.8719E-16 
 0.0000002978                2.85577E-16 
 0.00000029781               2.87842E-16 
 0.00000029782               2.92159E-16 
 0.00000029783               2.96538E-16 
 0.00000029784               2.99572E-16 
 0.00000029785               2.99892E-16 
 0.00000029786               2.97582E-16 
 0.00000029787               2.95703E-16 
 0.00000029788               2.96305E-16 
 0.00000029789               2.97853E-16 
 0.0000002979                2.98515E-16 
 0.00000029791               2.97875E-16 
 0.00000029792               2.96267E-16 
 0.00000029793               2.93514E-16 
 0.00000029794               2.86547E-16 
 0.00000029795               2.63767E-16 
 0.00000029796               2.0511E-16 
 0.00000029797               1.16998E-16 
 0.00000029798               4.70925E-17 
 0.00000029799               1.65734E-17 
 0.000000298   8.14874E-18 
 0.00000029801               9.4916E-18 
 0.00000029802               2.65634E-17 
 0.00000029803               8.91521E-17 
 0.00000029804               1.91452E-16 
 0.00000029805               2.56164E-16 
 0.00000029806               2.73743E-16 
 0.00000029807               2.74995E-16 
 0.00000029808               2.7319E-16 
 0.00000029809               2.7023E-16 
 0.0000002981                2.66126E-16 
 0.00000029811               2.62987E-16 
 0.00000029812               2.63434E-16 
 0.00000029813               2.66476E-16 
 0.00000029814               2.69209E-16 
 0.00000029815               2.70466E-16 
 0.00000029816               2.70631E-16 
 0.00000029817               2.69742E-16 
 0.00000029818               2.65688E-16 
 0.00000029819               2.53658E-16 
 0.0000002982                2.28441E-16 
 0.00000029821               1.92262E-16 
 0.00000029822               1.59419E-16 
 0.00000029823               1.45416E-16 
 0.00000029824               1.56301E-16 
 0.00000029825               1.87495E-16 
 0.00000029826               2.23288E-16 
 0.00000029827               2.47263E-16 
 0.00000029828               2.56979E-16 
 0.00000029829               2.59261E-16 
 0.0000002983                2.59455E-16 
 0.00000029831               2.59297E-16 
 0.00000029832               2.58916E-16 
 0.00000029833               2.58272E-16 
 0.00000029834               2.57429E-16 
 0.00000029835               2.56449E-16 
 0.00000029836               2.55357E-16 
 0.00000029837               2.54064E-16 
 0.00000029838               2.52269E-16 
 0.00000029839               2.49741E-16 
 0.0000002984                2.46828E-16 
 0.00000029841               2.44391E-16 
 0.00000029842               2.43213E-16 
 0.00000029843               2.42824E-16 
 0.00000029844               2.43227E-16 
 0.00000029845               2.44165E-16 
 0.00000029846               2.44854E-16 
 0.00000029847               2.44771E-16 
 0.00000029848               2.44214E-16 
 0.00000029849               2.43593E-16 
 0.0000002985                2.42992E-16 
 0.00000029851               2.4232E-16 
 0.00000029852               2.41384E-16 
 0.00000029853               2.397E-16 
 0.00000029854               2.36679E-16 
 0.00000029855               2.33042E-16 
 0.00000029856               2.31203E-16 
 0.00000029857               2.32168E-16 
 0.00000029858               2.33898E-16 
 0.00000029859               2.34378E-16 
 0.0000002986                2.33634E-16 
 0.00000029861               2.32515E-16 
 0.00000029862               2.31524E-16 
 0.00000029863               2.30603E-16 
 0.00000029864               2.28713E-16 
 0.00000029865               2.20876E-16 
 0.00000029866               1.92075E-16 
 0.00000029867               1.2907E-16 
 0.00000029868               6.19793E-17 
 0.00000029869               2.82768E-17 
 0.0000002987                2.13084E-17 
 0.00000029871               3.20266E-17 
 0.00000029872               6.40348E-17 
 0.00000029873               1.09495E-16 
 0.00000029874               1.47527E-16 
 0.00000029875               1.74215E-16 
 0.00000029876               1.9396E-16 
 0.00000029877               2.07284E-16 
 0.00000029878               2.14277E-16 
 0.00000029879               2.16796E-16 
 0.0000002988                2.1713E-16 
 0.00000029881               2.16662E-16 
 0.00000029882               2.15711E-16 
 0.00000029883               2.1339E-16 
 0.00000029884               2.06568E-16 
 0.00000029885               1.91339E-16 
 0.00000029886               1.71776E-16 
 0.00000029887               1.61191E-16 
 0.00000029888               1.65994E-16 
 0.00000029889               1.77231E-16 
 0.0000002989                1.82567E-16 
 0.00000029891               1.81431E-16 
 0.00000029892               1.8019E-16 
 0.00000029893               1.82513E-16 
 0.00000029894               1.88107E-16 
 0.00000029895               1.94457E-16 
 0.00000029896               1.98899E-16 
 0.00000029897               2.00309E-16 
 0.00000029898               1.99265E-16 
 0.00000029899               1.97043E-16 
 0.000000299   1.94618E-16 
 0.00000029901               1.92086E-16 
 0.00000029902               1.87129E-16 
 0.00000029903               1.76146E-16 
 0.00000029904               1.57432E-16 
 0.00000029905               1.05036E-16 
 0.00000029906               2.37739E-17 
 0.00000029907               1.54764E-18 
 0.00000029908               2.91982E-19 
 0.00000029909               1.22869E-18 
 0.0000002991                1.95196E-17 
 0.00000029911               1.05548E-16 
 0.00000029912               1.76398E-16 
 0.00000029913               1.91415E-16 
 0.00000029914               1.91326E-16 
 0.00000029915               1.93124E-16 
 0.00000029916               1.91933E-16 
 0.00000029917               1.91846E-16 
 0.00000029918               1.91344E-16 
 0.00000029919               1.8957E-16 
 0.0000002992                1.86955E-16 
 0.00000029921               1.84296E-16 
 0.00000029922               1.81759E-16 
 0.00000029923               1.78619E-16 
 0.00000029924               1.74199E-16 
 0.00000029925               1.68327E-16 
 0.00000029926               1.607E-16 
 0.00000029927               1.506E-16 
 0.00000029928               1.39096E-16 
 0.00000029929               1.29425E-16 
 0.0000002993                1.21872E-16 
 0.00000029931               1.15501E-16 
 0.00000029932               1.13468E-16 
 0.00000029933               1.19181E-16 
 0.00000029934               1.32193E-16 
 0.00000029935               1.48254E-16 
 0.00000029936               1.62042E-16 
 0.00000029937               1.70835E-16 
 0.00000029938               1.75091E-16 
 0.00000029939               1.76383E-16 
 0.0000002994                1.76124E-16 
 0.00000029941               1.7563E-16 
 0.00000029942               1.75647E-16 
 0.00000029943               1.75737E-16 
 0.00000029944               1.75309E-16 
 0.00000029945               1.74648E-16 
 0.00000029946               1.74276E-16 
 0.00000029947               1.74124E-16 
 0.00000029948               1.73868E-16 
 0.00000029949               1.73427E-16 
 0.0000002995                1.7288E-16 
 0.00000029951               1.72279E-16 
 0.00000029952               1.71626E-16 
 0.00000029953               1.70886E-16 
 0.00000029954               1.69928E-16 
 0.00000029955               1.68552E-16 
 0.00000029956               1.66866E-16 
 0.00000029957               1.6526E-16 
 0.00000029958               1.63848E-16 
 0.00000029959               1.62653E-16 
 0.0000002996                1.61988E-16 
 0.00000029961               1.62235E-16 
 0.00000029962               1.62855E-16 
 0.00000029963               1.62646E-16 
 0.00000029964               1.59356E-16 
 0.00000029965               1.4424E-16 
 0.00000029966               1.02238E-16 
 0.00000029967               4.6456E-17 
 0.00000029968               1.53727E-17 
 0.00000029969               7.36476E-18 
 0.0000002997                9.49569E-18 
 0.00000029971               2.53669E-17 
 0.00000029972               6.41813E-17 
 0.00000029973               1.03797E-16 
 0.00000029974               1.19056E-16 
 0.00000029975               1.18625E-16 
 0.00000029976               1.16845E-16 
 0.00000029977               1.19518E-16 
 0.00000029978               1.25529E-16 
 0.00000029979               1.33374E-16 
 0.0000002998                1.41752E-16 
 0.00000029981               1.47986E-16 
 0.00000029982               1.50918E-16 
 0.00000029983               1.51746E-16 
 0.00000029984               1.51742E-16 
 0.00000029985               1.5137E-16 
 0.00000029986               1.50777E-16 
 0.00000029987               1.50091E-16 
 0.00000029988               1.49413E-16 
 0.00000029989               1.4873E-16 
 0.0000002999                1.49187E-16 
 0.00000029991               1.4819E-16 
 0.00000029992               1.4728E-16 
 0.00000029993               1.46557E-16 
 0.00000029994               1.45661E-16 
 0.00000029995               1.44003E-16 
 0.00000029996               1.41562E-16 
 0.00000029997               1.39779E-16 
 0.00000029998               1.40172E-16 
 0.00000029999               1.42004E-16 
 0.0000003     1.43506E-16 
