 0.000000294   0.0305212 
 0.00000029401               0.0302654 
 0.00000029402               0.0300304 
 0.00000029403               0.0299547 
 0.00000029404               0.0300883 
 0.00000029405               0.0303239 
 0.00000029406               0.0302608 
 0.00000029407               0.02822 
 0.00000029408               0.0213802 
 0.00000029409               0.0133843 
 0.0000002941                0.0111435 
 0.00000029411               0.0158831 
 0.00000029412               0.0244448 
 0.00000029413               0.0294565 
 0.00000029414               0.0304918 
 0.00000029415               0.0296984 
 0.00000029416               0.0251139 
 0.00000029417               0.0135526 
 0.00000029418               0.00320794 
 0.00000029419               0.000452457 
 0.0000002942                0.00015239 
 0.00000029421               0.000344461 
 0.00000029422               0.00237978 
 0.00000029423               0.0114178 
 0.00000029424               0.023122 
 0.00000029425               0.0278176 
 0.00000029426               0.0288226 
 0.00000029427               0.0294911 
 0.00000029428               0.0300529 
 0.00000029429               0.0303279 
 0.0000002943                0.0303775 
 0.00000029431               0.0302637 
 0.00000029432               0.0300297 
 0.00000029433               0.0298302 
 0.00000029434               0.0298098 
 0.00000029435               0.0298506 
 0.00000029436               0.0296752 
 0.00000029437               0.0291716 
 0.00000029438               0.0285415 
 0.00000029439               0.0280864 
 0.0000002944                0.0277643 
 0.00000029441               0.0270523 
 0.00000029442               0.0253929 
 0.00000029443               0.0228973 
 0.00000029444               0.0205091 
 0.00000029445               0.0192997 
 0.00000029446               0.0197167 
 0.00000029447               0.0213978 
 0.00000029448               0.0235226 
 0.00000029449               0.0253873 
 0.0000002945                0.0266096 
 0.00000029451               0.0271129 
 0.00000029452               0.0271922 
 0.00000029453               0.0273181 
 0.00000029454               0.0277649 
 0.00000029455               0.0284733 
 0.00000029456               0.0291943 
 0.00000029457               0.0297002 
 0.00000029458               0.0298593 
 0.00000029459               0.0296449 
 0.0000002946                0.0292762 
 0.00000029461               0.0291522 
 0.00000029462               0.0294025 
 0.00000029463               0.0297604 
 0.00000029464               0.0299877 
 0.00000029465               0.0300829 
 0.00000029466               0.0300967 
 0.00000029467               0.0300389 
 0.00000029468               0.0299229 
 0.00000029469               0.0297949 
 0.0000002947                0.0296853 
 0.00000029471               0.0295546 
 0.00000029472               0.0293715 
 0.00000029473               0.0292335 
 0.00000029474               0.0292788 
 0.00000029475               0.0294813 
 0.00000029476               0.0296656 
 0.00000029477               0.029733 
 0.00000029478               0.0297512 
 0.00000029479               0.0297932 
 0.0000002948                0.0298386 
 0.00000029481               0.0298556 
 0.00000029482               0.0298401 
 0.00000029483               0.0297881 
 0.00000029484               0.0296895 
 0.00000029485               0.0295249 
 0.00000029486               0.0292727 
 0.00000029487               0.028922 
 0.00000029488               0.0284292 
 0.00000029489               0.0278389 
 0.0000002949                0.0276483 
 0.00000029491               0.028227 
 0.00000029492               0.028975 
 0.00000029493               0.0292241 
 0.00000029494               0.0289815 
 0.00000029495               0.0283329 
 0.00000029496               0.0273474 
 0.00000029497               0.0265295 
 0.00000029498               0.0265417 
 0.00000029499               0.0274001 
 0.000000295   0.0283789 
 0.00000029501               0.0288484 
 0.00000029502               0.0288261 
 0.00000029503               0.0286556 
 0.00000029504               0.0285661 
 0.00000029505               0.0285593 
 0.00000029506               0.0285382 
 0.00000029507               0.0284776 
 0.00000029508               0.0284479 
 0.00000029509               0.028506 
 0.0000002951                0.0286097 
 0.00000029511               0.0286502 
 0.00000029512               0.0285576 
 0.00000029513               0.0283743 
 0.00000029514               0.028236 
 0.00000029515               0.0282437 
 0.00000029516               0.0284276 
 0.00000029517               0.0286755 
 0.00000029518               0.028663 
 0.00000029519               0.028042 
 0.0000002952                0.0274105 
 0.00000029521               0.0277778 
 0.00000029522               0.028616 
 0.00000029523               0.0290338 
 0.00000029524               0.0291593 
 0.00000029525               0.0292609 
 0.00000029526               0.0293368 
 0.00000029527               0.0293376 
 0.00000029528               0.0292732 
 0.00000029529               0.0292037 
 0.0000002953                0.0291892 
 0.00000029531               0.0292414 
 0.00000029532               0.0293222 
 0.00000029533               0.0293873 
 0.00000029534               0.029422 
 0.00000029535               0.029432 
 0.00000029536               0.0294207 
 0.00000029537               0.0293774 
 0.00000029538               0.0292998 
 0.00000029539               0.0292044 
 0.0000002954                0.0290946 
 0.00000029541               0.0289219 
 0.00000029542               0.0285448 
 0.00000029543               0.0278797 
 0.00000029544               0.0272166 
 0.00000029545               0.0270338 
 0.00000029546               0.0274153 
 0.00000029547               0.027954 
 0.00000029548               0.0282533 
 0.00000029549               0.028259 
 0.0000002955                0.028107 
 0.00000029551               0.0278909 
 0.00000029552               0.0276852 
 0.00000029553               0.0276417 
 0.00000029554               0.0277066 
 0.00000029555               0.0277105 
 0.00000029556               0.0277551 
 0.00000029557               0.0279792 
 0.00000029558               0.0280582 
 0.00000029559               0.0261277 
 0.0000002956                0.0174229 
 0.00000029561               0.00469497 
 0.00000029562               0.000354334 
 0.00000029563               0.0000221419 
 0.00000029564               0.0000110216 
 0.00000029565               0.0000862919 
 0.00000029566               0.00160846 
 0.00000029567               0.011037 
 0.00000029568               0.0233932 
 0.00000029569               0.0281546 
 0.0000002957                0.0289753 
 0.00000029571               0.0289733 
 0.00000029572               0.02875 
 0.00000029573               0.0283395 
 0.00000029574               0.0277921 
 0.00000029575               0.0271683 
 0.00000029576               0.0264856 
 0.00000029577               0.0258345 
 0.00000029578               0.0254049 
 0.00000029579               0.0253236 
 0.0000002958                0.0255626 
 0.00000029581               0.0260435 
 0.00000029582               0.0267228 
 0.00000029583               0.0274355 
 0.00000029584               0.0278615 
 0.00000029585               0.0278729 
 0.00000029586               0.0276845 
 0.00000029587               0.0275787 
 0.00000029588               0.0276242 
 0.00000029589               0.0276726 
 0.0000002959                0.0275813 
 0.00000029591               0.0274132 
 0.00000029592               0.027387 
 0.00000029593               0.0275833 
 0.00000029594               0.0277571 
 0.00000029595               0.027514 
 0.00000029596               0.0267321 
 0.00000029597               0.0258777 
 0.00000029598               0.025636 
 0.00000029599               0.0260925 
 0.000000296   0.02663 
 0.00000029601               0.0268194 
 0.00000029602               0.026908 
 0.00000029603               0.0271396 
 0.00000029604               0.0273191 
 0.00000029605               0.0272256 
 0.00000029606               0.0268818 
 0.00000029607               0.0263599 
 0.00000029608               0.025681 
 0.00000029609               0.0249412 
 0.0000002961                0.0243873 
 0.00000029611               0.0242887 
 0.00000029612               0.0247323 
 0.00000029613               0.0255469 
 0.00000029614               0.0263973 
 0.00000029615               0.0269591 
 0.00000029616               0.0270636 
 0.00000029617               0.0267765 
 0.00000029618               0.0263311 
 0.00000029619               0.0259477 
 0.0000002962                0.0257621 
 0.00000029621               0.025873 
 0.00000029622               0.0263124 
 0.00000029623               0.0269655 
 0.00000029624               0.0276176 
 0.00000029625               0.0280942 
 0.00000029626               0.0283545 
 0.00000029627               0.028457 
 0.00000029628               0.0284789 
 0.00000029629               0.0284472 
 0.0000002963                0.0283833 
 0.00000029631               0.0283513 
 0.00000029632               0.0283792 
 0.00000029633               0.0284109 
 0.00000029634               0.0284049 
 0.00000029635               0.0283711 
 0.00000029636               0.0283148 
 0.00000029637               0.0282517 
 0.00000029638               0.0282057 
 0.00000029639               0.0281661 
 0.0000002964                0.0280736 
 0.00000029641               0.0279583 
 0.00000029642               0.0279789 
 0.00000029643               0.0281423 
 0.00000029644               0.0282737 
 0.00000029645               0.0283006 
 0.00000029646               0.0282583 
 0.00000029647               0.0281449 
 0.00000029648               0.0277622 
 0.00000029649               0.0260362 
 0.0000002965                0.0194225 
 0.00000029651               0.00636927 
 0.00000029652               0.00022977 
 0.00000029653               0.000000130702 
 0.00000029654               6.16635E-13 
 0.00000029655               6.49515E-19 
 0.00000029656               1.51571E-22 
 0.00000029657               1.49816E-21 
 0.00000029658               1.39834E-16 
 0.00000029659               0.000000000146334 
 0.0000002966                0.00000506965 
 0.00000029661               0.00133877 
 0.00000029662               0.0120055 
 0.00000029663               0.0227766 
 0.00000029664               0.0259919 
 0.00000029665               0.0263179 
 0.00000029666               0.0255415 
 0.00000029667               0.0221622 
 0.00000029668               0.0146925 
 0.00000029669               0.00693898 
 0.0000002967                0.00320016 
 0.00000029671               0.00260321 
 0.00000029672               0.00452375 
 0.00000029673               0.0105256 
 0.00000029674               0.0193994 
 0.00000029675               0.0254209 
 0.00000029676               0.0274017 
 0.00000029677               0.0274171 
 0.00000029678               0.026214 
 0.00000029679               0.023623 
 0.0000002968                0.0201832 
 0.00000029681               0.0175147 
 0.00000029682               0.016976 
 0.00000029683               0.0187686 
 0.00000029684               0.0218873 
 0.00000029685               0.0247049 
 0.00000029686               0.026394 
 0.00000029687               0.027204 
 0.00000029688               0.0275711 
 0.00000029689               0.0277187 
 0.0000002969                0.0277557 
 0.00000029691               0.0277608 
 0.00000029692               0.0277705 
 0.00000029693               0.0277764 
 0.00000029694               0.027755 
 0.00000029695               0.0276983 
 0.00000029696               0.0276255 
 0.00000029697               0.0275584 
 0.00000029698               0.0274793 
 0.00000029699               0.0273443 
 0.000000297   0.0271297 
 0.00000029701               0.0268051 
 0.00000029702               0.0261346 
 0.00000029703               0.0244682 
 0.00000029704               0.0215964 
 0.00000029705               0.0192059 
 0.00000029706               0.0193681 
 0.00000029707               0.0220466 
 0.00000029708               0.0250861 
 0.00000029709               0.0267548 
 0.0000002971                0.0271566 
 0.00000029711               0.0264234 
 0.00000029712               0.0238361 
 0.00000029713               0.0197166 
 0.00000029714               0.0167233 
 0.00000029715               0.0169977 
 0.00000029716               0.0202922 
 0.00000029717               0.0242136 
 0.00000029718               0.0264689 
 0.00000029719               0.0272408 
 0.0000002972                0.0274434 
 0.00000029721               0.0274862 
 0.00000029722               0.0274746 
 0.00000029723               0.0274714 
 0.00000029724               0.0274886 
 0.00000029725               0.0274972 
 0.00000029726               0.0274938 
 0.00000029727               0.027484 
 0.00000029728               0.0274621 
 0.00000029729               0.0274134 
 0.0000002973                0.0273187 
 0.00000029731               0.0271629 
 0.00000029732               0.0269496 
 0.00000029733               0.0266912 
 0.00000029734               0.0263969 
 0.00000029735               0.0261133 
 0.00000029736               0.0259526 
 0.00000029737               0.0259834 
 0.00000029738               0.0261597 
 0.00000029739               0.0264201 
 0.0000002974                0.0267126 
 0.00000029741               0.0269673 
 0.00000029742               0.027139 
 0.00000029743               0.0272244 
 0.00000029744               0.0272497 
 0.00000029745               0.0272294 
 0.00000029746               0.0271241 
 0.00000029747               0.0268833 
 0.00000029748               0.0265154 
 0.00000029749               0.0261092 
 0.0000002975                0.025821 
 0.00000029751               0.0257403 
 0.00000029752               0.0259153 
 0.00000029753               0.0262606 
 0.00000029754               0.0266339 
 0.00000029755               0.0269238 
 0.00000029756               0.0270961 
 0.00000029757               0.0271728 
 0.00000029758               0.0271798 
 0.00000029759               0.0271302 
 0.0000002976                0.0271038 
 0.00000029761               0.0271429 
 0.00000029762               0.0271841 
 0.00000029763               0.0271916 
 0.00000029764               0.0271554 
 0.00000029765               0.026966 
 0.00000029766               0.0263959 
 0.00000029767               0.0253936 
 0.00000029768               0.0244713 
 0.00000029769               0.0243385 
 0.0000002977                0.0250785 
 0.00000029771               0.0260697 
 0.00000029772               0.0267162 
 0.00000029773               0.026931 
 0.00000029774               0.0269403 
 0.00000029775               0.0269372 
 0.00000029776               0.0269594 
 0.00000029777               0.0269455 
 0.00000029778               0.0267431 
 0.00000029779               0.0260385 
 0.0000002978                0.0244803 
 0.00000029781               0.0214142 
 0.00000029782               0.0147356 
 0.00000029783               0.00619152 
 0.00000029784               0.00177313 
 0.00000029785               0.0003181 
 0.00000029786               0.0000125682 
 0.00000029787               0.000000206783 
 0.00000029788               0.0000000484968 
 0.00000029789               0.000000962231 
 0.0000002979                0.000118335 
 0.00000029791               0.00365964 
 0.00000029792               0.0157455 
 0.00000029793               0.0236937 
 0.00000029794               0.0258268 
 0.00000029795               0.0263603 
 0.00000029796               0.0265996 
 0.00000029797               0.0267257 
 0.00000029798               0.0267785 
 0.00000029799               0.026789 
 0.000000298   0.0267894 
 0.00000029801               0.0267963 
 0.00000029802               0.0268007 
 0.00000029803               0.0267579 
 0.00000029804               0.0265862 
 0.00000029805               0.0262708 
 0.00000029806               0.025995 
 0.00000029807               0.0259324 
 0.00000029808               0.0259715 
 0.00000029809               0.0259527 
 0.0000002981                0.0259406 
 0.00000029811               0.0260194 
 0.00000029812               0.0261064 
 0.00000029813               0.0260231 
 0.00000029814               0.025595 
 0.00000029815               0.0246701 
 0.00000029816               0.0231809 
 0.00000029817               0.0212714 
 0.00000029818               0.0193231 
 0.00000029819               0.0178046 
 0.0000002982                0.017075 
 0.00000029821               0.0172781 
 0.00000029822               0.0183236 
 0.00000029823               0.0198699 
 0.00000029824               0.021481 
 0.00000029825               0.0228529 
 0.00000029826               0.0239507 
 0.00000029827               0.0248679 
 0.00000029828               0.0256245 
 0.00000029829               0.0261505 
 0.0000002983                0.026413 
 0.00000029831               0.0264783 
 0.00000029832               0.0264589 
 0.00000029833               0.0264268 
 0.00000029834               0.0263808 
 0.00000029835               0.0262932 
 0.00000029836               0.0261676 
 0.00000029837               0.0260405 
 0.00000029838               0.0259502 
 0.00000029839               0.0258627 
 0.0000002984                0.0253511 
 0.00000029841               0.0229954 
 0.00000029842               0.0179732 
 0.00000029843               0.0135682 
 0.00000029844               0.0131957 
 0.00000029845               0.016692 
 0.00000029846               0.0207524 
 0.00000029847               0.0225294 
 0.00000029848               0.0228934 
 0.00000029849               0.0231676 
 0.0000002985                0.023716 
 0.00000029851               0.0244543 
 0.00000029852               0.0251796 
 0.00000029853               0.025725 
 0.00000029854               0.0260277 
 0.00000029855               0.0260741 
 0.00000029856               0.0257793 
 0.00000029857               0.0250997 
 0.00000029858               0.0244389 
 0.00000029859               0.0244276 
 0.0000002986                0.0250474 
 0.00000029861               0.0256814 
 0.00000029862               0.0259927 
 0.00000029863               0.0260809 
 0.00000029864               0.0260785 
 0.00000029865               0.0260456 
 0.00000029866               0.0260423 
 0.00000029867               0.0260904 
 0.00000029868               0.02615 
 0.00000029869               0.0261872 
 0.0000002987                0.0261912 
 0.00000029871               0.026075 
 0.00000029872               0.0254111 
 0.00000029873               0.0237532 
 0.00000029874               0.0223084 
 0.00000029875               0.0227499 
 0.00000029876               0.0240494 
 0.00000029877               0.0243803 
 0.00000029878               0.0239377 
 0.00000029879               0.0235402 
 0.0000002988                0.0234863 
 0.00000029881               0.023693 
 0.00000029882               0.0239496 
 0.00000029883               0.0240985 
 0.00000029884               0.024092 
 0.00000029885               0.0239637 
 0.00000029886               0.0237953 
 0.00000029887               0.0237024 
 0.00000029888               0.023789 
 0.00000029889               0.0240839 
 0.0000002989                0.0245172 
 0.00000029891               0.0249671 
 0.00000029892               0.0253326 
 0.00000029893               0.0255737 
 0.00000029894               0.0257053 
 0.00000029895               0.0257733 
 0.00000029896               0.0258183 
 0.00000029897               0.0258545 
 0.00000029898               0.0258802 
 0.00000029899               0.025893 
 0.000000299   0.0258901 
 0.00000029901               0.025861 
 0.00000029902               0.0257844 
 0.00000029903               0.0256423 
 0.00000029904               0.025456 
 0.00000029905               0.0253075 
 0.00000029906               0.0252877 
 0.00000029907               0.0254038 
 0.00000029908               0.0255607 
 0.00000029909               0.0256564 
 0.0000002991                0.0257032 
 0.00000029911               0.0257619 
 0.00000029912               0.0258004 
 0.00000029913               0.025778 
 0.00000029914               0.0256924 
 0.00000029915               0.0254991 
 0.00000029916               0.0251211 
 0.00000029917               0.0247127 
 0.00000029918               0.0246573 
 0.00000029919               0.0249884 
 0.0000002992                0.0253226 
 0.00000029921               0.0254268 
 0.00000029922               0.0253649 
 0.00000029923               0.0252553 
 0.00000029924               0.0251327 
 0.00000029925               0.0248486 
 0.00000029926               0.0242037 
 0.00000029927               0.0235524 
 0.00000029928               0.0236667 
 0.00000029929               0.0244379 
 0.0000002993                0.025065 
 0.00000029931               0.0252921 
 0.00000029932               0.0252923 
 0.00000029933               0.0251078 
 0.00000029934               0.0245756 
 0.00000029935               0.0233518 
 0.00000029936               0.0210151 
 0.00000029937               0.0174223 
 0.00000029938               0.0131116 
 0.00000029939               0.00915582 
 0.0000002994                0.00638217 
 0.00000029941               0.00494148 
 0.00000029942               0.00465254 
 0.00000029943               0.00544983 
 0.00000029944               0.0074908 
 0.00000029945               0.010879 
 0.00000029946               0.0151663 
 0.00000029947               0.0193688 
 0.00000029948               0.0223336 
 0.00000029949               0.0236849 
 0.0000002995                0.0234765 
 0.00000029951               0.0224224 
 0.00000029952               0.0218309 
 0.00000029953               0.0224524 
 0.00000029954               0.0237235 
 0.00000029955               0.0245915 
 0.00000029956               0.02473 
 0.00000029957               0.0244915 
 0.00000029958               0.0242476 
 0.00000029959               0.024005 
 0.0000002996                0.0232497 
 0.00000029961               0.0215845 
 0.00000029962               0.0202966 
 0.00000029963               0.020916 
 0.00000029964               0.0226885 
 0.00000029965               0.0241438 
 0.00000029966               0.0248569 
 0.00000029967               0.0249541 
 0.00000029968               0.0244948 
 0.00000029969               0.0238006 
 0.0000002997                0.023594 
 0.00000029971               0.0238688 
 0.00000029972               0.0237174 
 0.00000029973               0.0227397 
 0.00000029974               0.0215591 
 0.00000029975               0.0210126 
 0.00000029976               0.0212909 
 0.00000029977               0.0219855 
 0.00000029978               0.0227039 
 0.00000029979               0.0232997 
 0.0000002998                0.0237281 
 0.00000029981               0.0239653 
 0.00000029982               0.0239947 
 0.00000029983               0.023797 
 0.00000029984               0.0233313 
 0.00000029985               0.0225167 
 0.00000029986               0.0213208 
 0.00000029987               0.0198951 
 0.00000029988               0.018523 
 0.00000029989               0.0174642 
 0.0000002999                0.0169063 
 0.00000029991               0.0170308 
 0.00000029992               0.0179443 
 0.00000029993               0.0194634 
 0.00000029994               0.0211613 
 0.00000029995               0.0226531 
 0.00000029996               0.0237487 
 0.00000029997               0.024443 
 0.00000029998               0.0248273 
 0.00000029999               0.0250049 
 0.0000003     0.0250588 
