 0.000000294   0.109965 
 0.00000029401               0.108929 
 0.00000029402               0.108245 
 0.00000029403               0.108532 
 0.00000029404               0.109468 
 0.00000029405               0.110199 
 0.00000029406               0.110183 
 0.00000029407               0.109132 
 0.00000029408               0.106955 
 0.00000029409               0.104232 
 0.0000002941                0.0991063 
 0.00000029411               0.0637712 
 0.00000029412               0.0086377 
 0.00000029413               0.000678247 
 0.00000029414               0.00199624 
 0.00000029415               0.0320387 
 0.00000029416               0.0947307 
 0.00000029417               0.108895 
 0.00000029418               0.109455 
 0.00000029419               0.108849 
 0.0000002942                0.105834 
 0.00000029421               0.0959542 
 0.00000029422               0.0750941 
 0.00000029423               0.0479931 
 0.00000029424               0.0265138 
 0.00000029425               0.0155789 
 0.00000029426               0.0134226 
 0.00000029427               0.0204021 
 0.00000029428               0.0418666 
 0.00000029429               0.0737001 
 0.0000002943                0.0964035 
 0.00000029431               0.104021 
 0.00000029432               0.102199 
 0.00000029433               0.0943071 
 0.00000029434               0.0816878 
 0.00000029435               0.0668382 
 0.00000029436               0.0535205 
 0.00000029437               0.0446866 
 0.00000029438               0.0415032 
 0.00000029439               0.0441504 
 0.0000002944                0.052457 
 0.00000029441               0.065327 
 0.00000029442               0.0799035 
 0.00000029443               0.0925108 
 0.00000029444               0.100981 
 0.00000029445               0.105432 
 0.00000029446               0.10695 
 0.00000029447               0.106103 
 0.00000029448               0.102528 
 0.00000029449               0.0958082 
 0.0000002945                0.0870579 
 0.00000029451               0.0792954 
 0.00000029452               0.0757358 
 0.00000029453               0.0780012 
 0.00000029454               0.0853814 
 0.00000029455               0.0948437 
 0.00000029456               0.102684 
 0.00000029457               0.107172 
 0.00000029458               0.108959 
 0.00000029459               0.109352 
 0.0000002946                0.109229 
 0.00000029461               0.10902 
 0.00000029462               0.108746 
 0.00000029463               0.10824 
 0.00000029464               0.107681 
 0.00000029465               0.107329 
 0.00000029466               0.107214 
 0.00000029467               0.107465 
 0.00000029468               0.108094 
 0.00000029469               0.10872 
 0.0000002947                0.108919 
 0.00000029471               0.108501 
 0.00000029472               0.10737 
 0.00000029473               0.104592 
 0.00000029474               0.0963793 
 0.00000029475               0.0808574 
 0.00000029476               0.0707713 
 0.00000029477               0.0756768 
 0.00000029478               0.0875358 
 0.00000029479               0.0973691 
 0.0000002948                0.103133 
 0.00000029481               0.105868 
 0.00000029482               0.107211 
 0.00000029483               0.107936 
 0.00000029484               0.108161 
 0.00000029485               0.107964 
 0.00000029486               0.107788 
 0.00000029487               0.108066 
 0.00000029488               0.10854 
 0.00000029489               0.108794 
 0.0000002949                0.108811 
 0.00000029491               0.108656 
 0.00000029492               0.10814 
 0.00000029493               0.105573 
 0.00000029494               0.0950986 
 0.00000029495               0.0741336 
 0.00000029496               0.0565239 
 0.00000029497               0.0523806 
 0.00000029498               0.0544376 
 0.00000029499               0.0555693 
 0.000000295   0.0629331 
 0.00000029501               0.0795154 
 0.00000029502               0.0945422 
 0.00000029503               0.100359 
 0.00000029504               0.101563 
 0.00000029505               0.103078 
 0.00000029506               0.105217 
 0.00000029507               0.106702 
 0.00000029508               0.107251 
 0.00000029509               0.107252 
 0.0000002951                0.106689 
 0.00000029511               0.105365 
 0.00000029512               0.103562 
 0.00000029513               0.102051 
 0.00000029514               0.101446 
 0.00000029515               0.102176 
 0.00000029516               0.103815 
 0.00000029517               0.103858 
 0.00000029518               0.0987177 
 0.00000029519               0.0858719 
 0.0000002952                0.0670931 
 0.00000029521               0.0496903 
 0.00000029522               0.0402483 
 0.00000029523               0.040822 
 0.00000029524               0.0514787 
 0.00000029525               0.0697216 
 0.00000029526               0.0881059 
 0.00000029527               0.0997705 
 0.00000029528               0.104606 
 0.00000029529               0.106013 
 0.0000002953                0.106453 
 0.00000029531               0.106805 
 0.00000029532               0.107046 
 0.00000029533               0.106241 
 0.00000029534               0.102325 
 0.00000029535               0.0961561 
 0.00000029536               0.094501 
 0.00000029537               0.0996312 
 0.00000029538               0.105048 
 0.00000029539               0.106675 
 0.0000002954                0.105025 
 0.00000029541               0.0988796 
 0.00000029542               0.0868721 
 0.00000029543               0.0739437 
 0.00000029544               0.0686801 
 0.00000029545               0.0744555 
 0.00000029546               0.0867497 
 0.00000029547               0.0967219 
 0.00000029548               0.100349 
 0.00000029549               0.0991506 
 0.0000002955                0.09576 
 0.00000029551               0.0949625 
 0.00000029552               0.098525 
 0.00000029553               0.102445 
 0.00000029554               0.104563 
 0.00000029555               0.10552 
 0.00000029556               0.104676 
 0.00000029557               0.0968594 
 0.00000029558               0.0703673 
 0.00000029559               0.0274695 
 0.0000002956                0.00369147 
 0.00000029561               0.000245009 
 0.00000029562               0.0000595856 
 0.00000029563               0.000248912 
 0.00000029564               0.00412053 
 0.00000029565               0.031358 
 0.00000029566               0.0757236 
 0.00000029567               0.0993454 
 0.00000029568               0.105749 
 0.00000029569               0.106757 
 0.0000002957                0.106582 
 0.00000029571               0.106241 
 0.00000029572               0.106062 
 0.00000029573               0.105776 
 0.00000029574               0.105136 
 0.00000029575               0.104582 
 0.00000029576               0.104408 
 0.00000029577               0.104337 
 0.00000029578               0.104226 
 0.00000029579               0.10447 
 0.0000002958                0.104553 
 0.00000029581               0.104626 
 0.00000029582               0.10459 
 0.00000029583               0.104544 
 0.00000029584               0.104686 
 0.00000029585               0.104935 
 0.00000029586               0.104992 
 0.00000029587               0.104844 
 0.00000029588               0.104714 
 0.00000029589               0.104641 
 0.0000002959                0.104151 
 0.00000029591               0.101135 
 0.00000029592               0.089499 
 0.00000029593               0.0657256 
 0.00000029594               0.045185 
 0.00000029595               0.043167 
 0.00000029596               0.0609851 
 0.00000029597               0.0853638 
 0.00000029598               0.0961667 
 0.00000029599               0.0954799 
 0.000000296   0.0915424 
 0.00000029601               0.0859832 
 0.00000029602               0.0788877 
 0.00000029603               0.0719868 
 0.00000029604               0.0671983 
 0.00000029605               0.0654691 
 0.00000029606               0.067211 
 0.00000029607               0.0724542 
 0.00000029608               0.0802978 
 0.00000029609               0.0888592 
 0.0000002961                0.0961626 
 0.00000029611               0.101135 
 0.00000029612               0.103874 
 0.00000029613               0.105021 
 0.00000029614               0.103461 
 0.00000029615               0.0783115 
 0.00000029616               0.00897564 
 0.00000029617               0.00000229895 
 0.00000029618               2.34509E-12 
 0.00000029619               1.84788E-14 
 0.0000002962                0.00000000104927 
 0.00000029621               0.000246908 
 0.00000029622               0.0370633 
 0.00000029623               0.0956946 
 0.00000029624               0.104678 
 0.00000029625               0.105143 
 0.00000029626               0.105115 
 0.00000029627               0.104944 
 0.00000029628               0.104515 
 0.00000029629               0.103766 
 0.0000002963                0.103223 
 0.00000029631               0.103391 
 0.00000029632               0.103653 
 0.00000029633               0.103168 
 0.00000029634               0.102046 
 0.00000029635               0.101053 
 0.00000029636               0.100596 
 0.00000029637               0.100163 
 0.00000029638               0.098992 
 0.00000029639               0.0970917 
 0.0000002964                0.0955582 
 0.00000029641               0.0956817 
 0.00000029642               0.0974974 
 0.00000029643               0.0995563 
 0.00000029644               0.100365 
 0.00000029645               0.0997388 
 0.00000029646               0.0986644 
 0.00000029647               0.098327 
 0.00000029648               0.099247 
 0.00000029649               0.10104 
 0.0000002965                0.102884 
 0.00000029651               0.104189 
 0.00000029652               0.104849 
 0.00000029653               0.104984 
 0.00000029654               0.104512 
 0.00000029655               0.102913 
 0.00000029656               0.099682 
 0.00000029657               0.0954599 
 0.00000029658               0.0919509 
 0.00000029659               0.0901274 
 0.0000002966                0.089423 
 0.00000029661               0.0892044 
 0.00000029662               0.0898485 
 0.00000029663               0.0918091 
 0.00000029664               0.0948079 
 0.00000029665               0.0973731 
 0.00000029666               0.0987401 
 0.00000029667               0.098406 
 0.00000029668               0.0965098 
 0.00000029669               0.0939253 
 0.0000002967                0.091899 
 0.00000029671               0.0910147 
 0.00000029672               0.0909447 
 0.00000029673               0.0915346 
 0.00000029674               0.0931536 
 0.00000029675               0.0959008 
 0.00000029676               0.0991161 
 0.00000029677               0.101823 
 0.00000029678               0.10349 
 0.00000029679               0.104201 
 0.0000002968                0.104292 
 0.00000029681               0.104077 
 0.00000029682               0.103796 
 0.00000029683               0.10359 
 0.00000029684               0.103449 
 0.00000029685               0.103229 
 0.00000029686               0.102855 
 0.00000029687               0.102689 
 0.00000029688               0.103107 
 0.00000029689               0.103641 
 0.0000002969                0.103228 
 0.00000029691               0.10069 
 0.00000029692               0.0967853 
 0.00000029693               0.0955513 
 0.00000029694               0.098456 
 0.00000029695               0.101785 
 0.00000029696               0.103065 
 0.00000029697               0.103193 
 0.00000029698               0.103148 
 0.00000029699               0.102931 
 0.000000297   0.102238 
 0.00000029701               0.101116 
 0.00000029702               0.100051 
 0.00000029703               0.0994094 
 0.00000029704               0.0988942 
 0.00000029705               0.0979034 
 0.00000029706               0.0964409 
 0.00000029707               0.0952471 
 0.00000029708               0.0949435 
 0.00000029709               0.0939166 
 0.0000002971                0.0861171 
 0.00000029711               0.0699866 
 0.00000029712               0.0589042 
 0.00000029713               0.0636208 
 0.00000029714               0.0804276 
 0.00000029715               0.0945207 
 0.00000029716               0.0985463 
 0.00000029717               0.091806 
 0.00000029718               0.0635324 
 0.00000029719               0.027148 
 0.0000002972                0.0116884 
 0.00000029721               0.00914756 
 0.00000029722               0.00871444 
 0.00000029723               0.00936433 
 0.00000029724               0.018585 
 0.00000029725               0.0469259 
 0.00000029726               0.0805668 
 0.00000029727               0.0959038 
 0.00000029728               0.100655 
 0.00000029729               0.10227 
 0.0000002973                0.102672 
 0.00000029731               0.102387 
 0.00000029732               0.100941 
 0.00000029733               0.0980152 
 0.00000029734               0.0950474 
 0.00000029735               0.0937908 
 0.00000029736               0.0892085 
 0.00000029737               0.0681999 
 0.00000029738               0.038896 
 0.00000029739               0.0259843 
 0.0000002974                0.0336264 
 0.00000029741               0.0612392 
 0.00000029742               0.0898243 
 0.00000029743               0.101085 
 0.00000029744               0.103029 
 0.00000029745               0.102901 
 0.00000029746               0.102325 
 0.00000029747               0.102145 
 0.00000029748               0.10259 
 0.00000029749               0.102985 
 0.0000002975                0.103047 
 0.00000029751               0.102856 
 0.00000029752               0.1023 
 0.00000029753               0.101183 
 0.00000029754               0.100121 
 0.00000029755               0.0999871 
 0.00000029756               0.100589 
 0.00000029757               0.101277 
 0.00000029758               0.101856 
 0.00000029759               0.102261 
 0.0000002976                0.102106 
 0.00000029761               0.100821 
 0.00000029762               0.0988954 
 0.00000029763               0.0983523 
 0.00000029764               0.0998691 
 0.00000029765               0.101653 
 0.00000029766               0.102463 
 0.00000029767               0.102605 
 0.00000029768               0.102477 
 0.00000029769               0.101882 
 0.0000002977                0.100169 
 0.00000029771               0.0970159 
 0.00000029772               0.0935491 
 0.00000029773               0.0919943 
 0.00000029774               0.0934349 
 0.00000029775               0.0966283 
 0.00000029776               0.0994647 
 0.00000029777               0.101008 
 0.00000029778               0.101573 
 0.00000029779               0.101679 
 0.0000002978                0.101664 
 0.00000029781               0.101725 
 0.00000029782               0.101897 
 0.00000029783               0.102067 
 0.00000029784               0.102042 
 0.00000029785               0.101651 
 0.00000029786               0.100908 
 0.00000029787               0.100037 
 0.00000029788               0.0988976 
 0.00000029789               0.096609 
 0.0000002979                0.0926138 
 0.00000029791               0.0880941 
 0.00000029792               0.0853426 
 0.00000029793               0.0859057 
 0.00000029794               0.0895648 
 0.00000029795               0.0942909 
 0.00000029796               0.0977872 
 0.00000029797               0.099286 
 0.00000029798               0.0996319 
 0.00000029799               0.0998866 
 0.000000298   0.100336 
 0.00000029801               0.100828 
 0.00000029802               0.101084 
 0.00000029803               0.10111 
 0.00000029804               0.100695 
 0.00000029805               0.0991744 
 0.00000029806               0.0951136 
 0.00000029807               0.0864854 
 0.00000029808               0.0721397 
 0.00000029809               0.0540045 
 0.0000002981                0.0369197 
 0.00000029811               0.0248806 
 0.00000029812               0.0186046 
 0.00000029813               0.0171214 
 0.00000029814               0.020019 
 0.00000029815               0.0280978 
 0.00000029816               0.0421464 
 0.00000029817               0.0602801 
 0.00000029818               0.0781122 
 0.00000029819               0.0905677 
 0.0000002982                0.0974939 
 0.00000029821               0.100636 
 0.00000029822               0.101792 
 0.00000029823               0.102131 
 0.00000029824               0.102188 
 0.00000029825               0.102128 
 0.00000029826               0.101969 
 0.00000029827               0.101598 
 0.00000029828               0.100454 
 0.00000029829               0.0948959 
 0.0000002983                0.074051 
 0.00000029831               0.029983 
 0.00000029832               0.00239431 
 0.00000029833               0.00000955909 
 0.00000029834               0.000000000914319 
 0.00000029835               1.02398E-14 
 0.00000029836               1.07502E-18 
 0.00000029837               1.19076E-19 
 0.00000029838               4.88101E-17 
 0.00000029839               2.64702E-12 
 0.0000002984                0.00000012347 
 0.00000029841               0.000213926 
 0.00000029842               0.01048 
 0.00000029843               0.0502784 
 0.00000029844               0.0827599 
 0.00000029845               0.0948764 
 0.00000029846               0.0989948 
 0.00000029847               0.100173 
 0.00000029848               0.0979117 
 0.00000029849               0.0898344 
 0.0000002985                0.0763583 
 0.00000029851               0.0646515 
 0.00000029852               0.0623792 
 0.00000029853               0.0707349 
 0.00000029854               0.0837746 
 0.00000029855               0.0933541 
 0.00000029856               0.0965251 
 0.00000029857               0.0939587 
 0.00000029858               0.0878274 
 0.00000029859               0.0819915 
 0.0000002986                0.0797421 
 0.00000029861               0.0811054 
 0.00000029862               0.0835299 
 0.00000029863               0.084979 
 0.00000029864               0.0855463 
 0.00000029865               0.0859201 
 0.00000029866               0.0865087 
 0.00000029867               0.0885725 
 0.00000029868               0.0925532 
 0.00000029869               0.0958082 
 0.0000002987                0.0961696 
 0.00000029871               0.0948219 
 0.00000029872               0.0942797 
 0.00000029873               0.0955735 
 0.00000029874               0.0975034 
 0.00000029875               0.0985431 
 0.00000029876               0.0986051 
 0.00000029877               0.0985228 
 0.00000029878               0.0988717 
 0.00000029879               0.0996265 
 0.0000002988                0.100432 
 0.00000029881               0.100927 
 0.00000029882               0.100861 
 0.00000029883               0.0994198 
 0.00000029884               0.0959884 
 0.00000029885               0.0910371 
 0.00000029886               0.0867454 
 0.00000029887               0.0848435 
 0.00000029888               0.0848482 
 0.00000029889               0.0856888 
 0.0000002989                0.0877331 
 0.00000029891               0.0915359 
 0.00000029892               0.0958651 
 0.00000029893               0.0986636 
 0.00000029894               0.0989991 
 0.00000029895               0.0967896 
 0.00000029896               0.0925262 
 0.00000029897               0.0883985 
 0.00000029898               0.0873932 
 0.00000029899               0.0903671 
 0.000000299   0.0951403 
 0.00000029901               0.0988667 
 0.00000029902               0.100634 
 0.00000029903               0.101158 
 0.00000029904               0.101217 
 0.00000029905               0.101153 
 0.00000029906               0.10107 
 0.00000029907               0.100987 
 0.00000029908               0.10082 
 0.00000029909               0.100482 
 0.0000002991                0.0997103 
 0.00000029911               0.0990087 
 0.00000029912               0.0989476 
 0.00000029913               0.0995456 
 0.00000029914               0.100242 
 0.00000029915               0.100605 
 0.00000029916               0.100658 
 0.00000029917               0.100601 
 0.00000029918               0.10053 
 0.00000029919               0.100373 
 0.0000002992                0.1 
 0.00000029921               0.0994402 
 0.00000029922               0.0989782 
 0.00000029923               0.0989039 
 0.00000029924               0.0992236 
 0.00000029925               0.0996386 
 0.00000029926               0.0999153 
 0.00000029927               0.0999779 
 0.00000029928               0.0999951 
 0.00000029929               0.100024 
 0.0000002993                0.0997434 
 0.00000029931               0.0987446 
 0.00000029932               0.0966529 
 0.00000029933               0.0932482 
 0.00000029934               0.0888693 
 0.00000029935               0.0846312 
 0.00000029936               0.0820207 
 0.00000029937               0.0820669 
 0.00000029938               0.0847283 
 0.00000029939               0.0889309 
 0.0000002994                0.0932053 
 0.00000029941               0.0964785 
 0.00000029942               0.0984393 
 0.00000029943               0.0992859 
 0.00000029944               0.099257 
 0.00000029945               0.098451 
 0.00000029946               0.0969999 
 0.00000029947               0.095293 
 0.00000029948               0.0939213 
 0.00000029949               0.0933171 
 0.0000002995                0.0935011 
 0.00000029951               0.0944837 
 0.00000029952               0.096343 
 0.00000029953               0.0982869 
 0.00000029954               0.0994601 
 0.00000029955               0.0999096 
 0.00000029956               0.0999468 
 0.00000029957               0.0997368 
 0.00000029958               0.0993391 
 0.00000029959               0.098811 
 0.0000002996                0.0976833 
 0.00000029961               0.0913952 
 0.00000029962               0.0670306 
 0.00000029963               0.0304009 
 0.00000029964               0.0121708 
 0.00000029965               0.0114437 
 0.00000029966               0.027435 
 0.00000029967               0.0638787 
 0.00000029968               0.0912904 
 0.00000029969               0.0988574 
 0.0000002997                0.0998508 
 0.00000029971               0.0999106 
 0.00000029972               0.0998736 
 0.00000029973               0.0997929 
 0.00000029974               0.0996554 
 0.00000029975               0.0993942 
 0.00000029976               0.099063 
 0.00000029977               0.0989573 
 0.00000029978               0.0990563 
 0.00000029979               0.0992003 
 0.0000002998                0.0994097 
 0.00000029981               0.0995723 
 0.00000029982               0.0996227 
 0.00000029983               0.099614 
 0.00000029984               0.0995905 
 0.00000029985               0.099564 
 0.00000029986               0.0995328 
 0.00000029987               0.099465 
 0.00000029988               0.099197 
 0.00000029989               0.098292 
 0.0000002999                0.0964433 
 0.00000029991               0.094333 
 0.00000029992               0.0929101 
 0.00000029993               0.0923934 
 0.00000029994               0.0929995 
 0.00000029995               0.0947245 
 0.00000029996               0.0967284 
 0.00000029997               0.0981316 
 0.00000029998               0.0987603 
 0.00000029999               0.0989281 
 0.0000003     0.0989352 
