 0.000000294   6.27713E-50 
 0.00000029401               6.20407E-50 
 0.00000029402               6.12625E-50 
 0.00000029403               6.04223E-50 
 0.00000029404               5.95266E-50 
 0.00000029405               5.86077E-50 
 0.00000029406               5.76961E-50 
 0.00000029407               5.67682E-50 
 0.00000029408               5.56659E-50 
 0.00000029409               5.40909E-50 
 0.0000002941                3.05267E-48 
 0.00000029411               2.96089E-48 
 0.00000029412               2.95207E-48 
 0.00000029413               3.00468E-48 
 0.00000029414               3.04715E-48 
 0.00000029415               3.05254E-48 
 0.00000029416               3.03842E-48 
 0.00000029417               3.01621E-48 
 0.00000029418               2.98741E-48 
 0.00000029419               2.95555E-48 
 0.0000002942                2.92432E-48 
 0.00000029421               2.89443E-48 
 0.00000029422               2.86444E-48 
 0.00000029423               2.83264E-48 
 0.00000029424               2.79691E-48 
 0.00000029425               2.74931E-48 
 0.00000029426               2.65977E-48 
 0.00000029427               2.43163E-48 
 0.00000029428               1.80542E-48 
 0.00000029429               6.99028E-49 
 0.0000002943                5.05284E-50 
 0.00000029431               1.01103E-52 
 0.00000029432               3.79085E-58 
 0.00000029433               2.70267E-67 
 0.00000029434               5.73909E-80 
 0.00000029435               6.78347E-94 
 0.00000029436               5.86733E-105 
 0.00000029437               5.28985E-109 
 0.00000029438               2.51129E-104 
 0.00000029439               7.41844E-93 
 0.0000002944                7.03917E-79 
 0.00000029441               1.79642E-66 
 0.00000029442               9.68437E-58 
 0.00000029443               1.00487E-52 
 0.00000029444               2.35674E-50 
 0.00000029445               1.97646E-49 
 0.00000029446               4.15148E-49 
 0.00000029447               5.89966E-49 
 0.00000029448               7.76548E-49 
 0.00000029449               9.20942E-49 
 0.0000002945                8.56549E-49 
 0.00000029451               5.77167E-49 
 0.00000029452               3.30668E-49 
 0.00000029453               2.37488E-49 
 0.00000029454               2.86559E-49 
 0.00000029455               5.19146E-49 
 0.00000029456               9.72884E-49 
 0.00000029457               1.46305E-48 
 0.00000029458               1.75283E-48 
 0.00000029459               1.84954E-48 
 0.0000002946                1.85933E-48 
 0.00000029461               1.845E-48 
 0.00000029462               1.82623E-48 
 0.00000029463               1.80688E-48 
 0.00000029464               1.78709E-48 
 0.00000029465               1.76557E-48 
 0.00000029466               1.73991E-48 
 0.00000029467               1.70577E-48 
 0.00000029468               1.63985E-48 
 0.00000029469               1.41467E-48 
 0.0000002947                7.97403E-49 
 0.00000029471               1.73672E-49 
 0.00000029472               1.56834E-50 
 0.00000029473               2.61953E-51 
 0.00000029474               3.19617E-51 
 0.00000029475               4.02403E-51 
 0.00000029476               1.07567E-54 
 0.00000029477               9.27354E-72 
 0.00000029478               5.12708E-121 
 0.00000029479               2.04878E-217 
 0.0000002948                0 
 0.00000029481               0 
 0.00000029482               0 
 0.00000029483               5.12358E-287 
 0.00000029484               5.75606E-170 
 0.00000029485               3.5497E-94 
 0.00000029486               2.9882E-61 
 0.00000029487               3.19775E-51 
 0.00000029488               4.99129E-49 
 0.00000029489               1.12864E-48 
 0.0000002949                1.25529E-48 
 0.00000029491               1.265E-48 
 0.00000029492               1.23978E-48 
 0.00000029493               1.18784E-48 
 0.00000029494               1.11695E-48 
 0.00000029495               1.04286E-48 
 0.00000029496               9.87561E-49 
 0.00000029497               9.69143E-49 
 0.00000029498               9.8957E-49 
 0.00000029499               1.03274E-48 
 0.000000295   1.0764E-48 
 0.00000029501               1.10734E-48 
 0.00000029502               1.12519E-48 
 0.00000029503               1.13285E-48 
 0.00000029504               1.12977E-48 
 0.00000029505               1.11599E-48 
 0.00000029506               1.09578E-48 
 0.00000029507               1.07534E-48 
 0.00000029508               1.05929E-48 
 0.00000029509               1.04804E-48 
 0.0000002951                1.03829E-48 
 0.00000029511               1.0273E-48 
 0.00000029512               1.01661E-48 
 0.00000029513               1.00974E-48 
 0.00000029514               1.00706E-48 
 0.00000029515               1.00498E-48 
 0.00000029516               9.99872E-49 
 0.00000029517               9.89119E-49 
 0.00000029518               9.613E-49 
 0.00000029519               8.65624E-49 
 0.0000002952                6.00445E-49 
 0.00000029521               2.24883E-49 
 0.00000029522               3.42178E-50 
 0.00000029523               3.10164E-51 
 0.00000029524               5.92575E-52 
 0.00000029525               7.62439E-52 
 0.00000029526               5.35829E-51 
 0.00000029527               5.15618E-50 
 0.00000029528               2.0631E-49 
 0.00000029529               3.03556E-49 
 0.0000002953                3.34832E-49 
 0.00000029531               4.61949E-49 
 0.00000029532               6.63468E-49 
 0.00000029533               7.86379E-49 
 0.00000029534               8.1208E-49 
 0.00000029535               8.06039E-49 
 0.00000029536               7.95979E-49 
 0.00000029537               7.87029E-49 
 0.00000029538               7.79348E-49 
 0.00000029539               7.72209E-49 
 0.0000002954                7.64876E-49 
 0.00000029541               7.56674E-49 
 0.00000029542               7.47513E-49 
 0.00000029543               7.3813E-49 
 0.00000029544               7.29431E-49 
 0.00000029545               7.21671E-49 
 0.00000029546               7.14291E-49 
 0.00000029547               7.06617E-49 
 0.00000029548               6.9837E-49 
 0.00000029549               6.88895E-49 
 0.0000002955                6.74312E-49 
 0.00000029551               6.42327E-49 
 0.00000029552               5.74666E-49 
 0.00000029553               4.67441E-49 
 0.00000029554               3.55905E-49 
 0.00000029555               2.86355E-49 
 0.00000029556               2.77089E-49 
 0.00000029557               3.25081E-49 
 0.00000029558               4.12535E-49 
 0.00000029559               5.03068E-49 
 0.0000002956                5.62553E-49 
 0.00000029561               5.86533E-49 
 0.00000029562               5.91176E-49 
 0.00000029563               5.891E-49 
 0.00000029564               5.8467E-49 
 0.00000029565               5.79076E-49 
 0.00000029566               5.72924E-49 
 0.00000029567               5.66608E-49 
 0.00000029568               5.60207E-49 
 0.00000029569               5.53739E-49 
 0.0000002957                5.47201E-49 
 0.00000029571               5.40752E-49 
 0.00000029572               5.34547E-49 
 0.00000029573               5.28421E-49 
 0.00000029574               5.22152E-49 
 0.00000029575               5.16045E-49 
 0.00000029576               5.10304E-49 
 0.00000029577               5.03994E-49 
 0.00000029578               4.96324E-49 
 0.00000029579               4.88813E-49 
 0.0000002958                4.83231E-49 
 0.00000029581               4.78237E-49 
 0.00000029582               4.72007E-49 
 0.00000029583               4.64507E-49 
 0.00000029584               4.55035E-49 
 0.00000029585               4.38397E-49 
 0.00000029586               4.12291E-49 
 0.00000029587               3.97989E-49 
 0.00000029588               4.04127E-49 
 0.00000029589               4.09253E-49 
 0.0000002959                4.08779E-49 
 0.00000029591               4.07556E-49 
 0.00000029592               4.05972E-49 
 0.00000029593               4.0416E-49 
 0.00000029594               4.02818E-49 
 0.00000029595               4.01788E-49 
 0.00000029596               4.0034E-49 
 0.00000029597               3.9817E-49 
 0.00000029598               3.95353E-49 
 0.00000029599               3.91999E-49 
 0.000000296   3.88284E-49 
 0.00000029601               3.84356E-49 
 0.00000029602               3.80115E-49 
 0.00000029603               3.75235E-49 
 0.00000029604               3.68255E-49 
 0.00000029605               3.52138E-49 
 0.00000029606               3.07719E-49 
 0.00000029607               2.18505E-49 
 0.00000029608               1.17777E-49 
 0.00000029609               5.80089E-50 
 0.0000002961                4.02402E-50 
 0.00000029611               5.14881E-50 
 0.00000029612               9.83172E-50 
 0.00000029613               1.80082E-49 
 0.00000029614               2.42817E-49 
 0.00000029615               2.28948E-49 
 0.00000029616               1.59824E-49 
 0.00000029617               1.08352E-49 
 0.00000029618               1.06586E-49 
 0.00000029619               1.56186E-49 
 0.0000002962                2.34139E-49 
 0.00000029621               2.85557E-49 
 0.00000029622               2.99348E-49 
 0.00000029623               2.97825E-49 
 0.00000029624               2.94064E-49 
 0.00000029625               2.91629E-49 
 0.00000029626               2.8932E-49 
 0.00000029627               2.85422E-49 
 0.00000029628               2.79933E-49 
 0.00000029629               2.74779E-49 
 0.0000002963                2.71945E-49 
 0.00000029631               2.70272E-49 
 0.00000029632               2.63043E-49 
 0.00000029633               2.07613E-49 
 0.00000029634               4.9603E-50 
 0.00000029635               7.25831E-52 
 0.00000029636               6.4665E-54 
 0.00000029637               1.55935E-53 
 0.00000029638               2.73461E-51 
 0.00000029639               8.41159E-50 
 0.0000002964                2.11545E-49 
 0.00000029641               2.34814E-49 
 0.00000029642               2.32596E-49 
 0.00000029643               2.2945E-49 
 0.00000029644               2.27873E-49 
 0.00000029645               2.27255E-49 
 0.00000029646               2.26385E-49 
 0.00000029647               2.24395E-49 
 0.00000029648               2.20969E-49 
 0.00000029649               2.16098E-49 
 0.0000002965                2.11185E-49 
 0.00000029651               2.05642E-49 
 0.00000029652               1.97538E-49 
 0.00000029653               1.89651E-49 
 0.00000029654               1.88815E-49 
 0.00000029655               1.95257E-49 
 0.00000029656               2.01417E-49 
 0.00000029657               2.0311E-49 
 0.00000029658               2.01995E-49 
 0.00000029659               2.00055E-49 
 0.0000002966                1.97953E-49 
 0.00000029661               1.95786E-49 
 0.00000029662               1.93532E-49 
 0.00000029663               1.91155E-49 
 0.00000029664               1.88552E-49 
 0.00000029665               1.85569E-49 
 0.00000029666               1.82186E-49 
 0.00000029667               1.78613E-49 
 0.00000029668               1.75211E-49 
 0.00000029669               1.71957E-49 
 0.0000002967                1.67542E-49 
 0.00000029671               1.58211E-49 
 0.00000029672               1.33942E-49 
 0.00000029673               8.64671E-50 
 0.00000029674               3.71252E-50 
 0.00000029675               1.22859E-50 
 0.00000029676               5.39344E-51 
 0.00000029677               5.43552E-51 
 0.00000029678               1.23582E-50 
 0.00000029679               3.61674E-50 
 0.0000002968                8.07555E-50 
 0.00000029681               1.21431E-49 
 0.00000029682               1.41194E-49 
 0.00000029683               1.47102E-49 
 0.00000029684               1.47384E-49 
 0.00000029685               1.45694E-49 
 0.00000029686               1.43737E-49 
 0.00000029687               1.42141E-49 
 0.00000029688               1.40797E-49 
 0.00000029689               1.39296E-49 
 0.0000002969                1.3727E-49 
 0.00000029691               1.34547E-49 
 0.00000029692               1.31297E-49 
 0.00000029693               1.28098E-49 
 0.00000029694               1.25704E-49 
 0.00000029695               1.24581E-49 
 0.00000029696               1.24504E-49 
 0.00000029697               1.24538E-49 
 0.00000029698               1.23824E-49 
 0.00000029699               1.22726E-49 
 0.000000297   1.22086E-49 
 0.00000029701               1.18141E-49 
 0.00000029702               8.17586E-50 
 0.00000029703               7.36347E-51 
 0.00000029704               5.12509E-55 
 0.00000029705               7.7428E-65 
 0.00000029706               3.08858E-78 
 0.00000029707               4.08248E-90 
 0.00000029708               4.86319E-104 
 0.00000029709               2.77387E-124 
 0.0000002971                1.3022E-134 
 0.00000029711               5.03777E-118 
 0.00000029712               9.59451E-88 
 0.00000029713               1.0317E-66 
 0.00000029714               3.96336E-58 
 0.00000029715               4.12229E-54 
 0.00000029716               2.01477E-51 
 0.00000029717               3.42321E-50 
 0.00000029718               6.63424E-50 
 0.00000029719               6.94318E-50 
 0.0000002972                6.90407E-50 
 0.00000029721               7.09057E-50 
 0.00000029722               7.45167E-50 
 0.00000029723               7.77656E-50 
 0.00000029724               7.67151E-50 
 0.00000029725               7.02795E-50 
 0.00000029726               6.59659E-50 
 0.00000029727               7.02198E-50 
 0.00000029728               7.89172E-50 
 0.00000029729               8.38146E-50 
 0.0000002973                8.37863E-50 
 0.00000029731               8.24705E-50 
 0.00000029732               8.20875E-50 
 0.00000029733               8.19362E-50 
 0.00000029734               8.06345E-50 
 0.00000029735               7.80871E-50 
 0.00000029736               7.42682E-50 
 0.00000029737               6.8029E-50 
 0.00000029738               5.84631E-50 
 0.00000029739               4.66998E-50 
 0.0000002974                3.57507E-50 
 0.00000029741               2.82156E-50 
 0.00000029742               2.50009E-50 
 0.00000029743               2.60841E-50 
 0.00000029744               3.13614E-50 
 0.00000029745               4.02545E-50 
 0.00000029746               5.06432E-50 
 0.00000029747               5.93121E-50 
 0.00000029748               6.46164E-50 
 0.00000029749               6.7372E-50 
 0.0000002975                6.86786E-50 
 0.00000029751               6.90449E-50 
 0.00000029752               6.8818E-50 
 0.00000029753               6.82606E-50 
 0.00000029754               6.75055E-50 
 0.00000029755               6.66126E-50 
 0.00000029756               6.55805E-50 
 0.00000029757               6.43363E-50 
 0.00000029758               6.2793E-50 
 0.00000029759               6.10297E-50 
 0.0000002976                5.93448E-50 
 0.00000029761               5.79826E-50 
 0.00000029762               5.69896E-50 
 0.00000029763               5.63875E-50 
 0.00000029764               5.61982E-50 
 0.00000029765               5.62891E-50 
 0.00000029766               5.6443E-50 
 0.00000029767               5.64645E-50 
 0.00000029768               5.61629E-50 
 0.00000029769               5.53292E-50 
 0.0000002977                5.38155E-50 
 0.00000029771               5.13027E-50 
 0.00000029772               4.27706E-50 
 0.00000029773               1.19376E-50 
 0.00000029774               1.65873E-53 
 0.00000029775               2.05561E-62 
 0.00000029776               5.55414E-78 
 0.00000029777               5.13017E-90 
 0.00000029778               2.72281E-86 
 0.00000029779               7.06728E-71 
 0.0000002978                1.25168E-57 
 0.00000029781               8.64691E-52 
 0.00000029782               2.64521E-50 
 0.00000029783               4.1588E-50 
 0.00000029784               3.74991E-50 
 0.00000029785               3.2377E-50 
 0.00000029786               3.18584E-50 
 0.00000029787               3.59723E-50 
 0.00000029788               4.10441E-50 
 0.00000029789               4.3725E-50 
 0.0000002979                4.42422E-50 
 0.00000029791               4.39807E-50 
 0.00000029792               4.34635E-50 
 0.00000029793               4.27462E-50 
 0.00000029794               4.20758E-50 
 0.00000029795               4.17552E-50 
 0.00000029796               4.16573E-50 
 0.00000029797               4.14544E-50 
 0.00000029798               4.10721E-50 
 0.00000029799               4.05919E-50 
 0.000000298   4.00413E-50 
 0.00000029801               3.91063E-50 
 0.00000029802               3.00745E-50 
 0.00000029803               1.80009E-52 
 0.00000029804               1.22934E-75 
 0.00000029805               2.36225E-188 
 0.00000029806               0 
 0.00000029807               0 
 0.00000029808               0 
 0.00000029809               8.9077E-149 
 0.0000002981                1.95945E-66 
 0.00000029811               2.34924E-52 
 0.00000029812               5.3779E-51 
 0.00000029813               1.0892E-50 
 0.00000029814               1.75486E-50 
 0.00000029815               2.3802E-50 
 0.00000029816               2.80655E-50 
 0.00000029817               3.00976E-50 
 0.00000029818               3.04155E-50 
 0.00000029819               2.95269E-50 
 0.0000002982                2.81426E-50 
 0.00000029821               2.76097E-50 
 0.00000029822               2.84776E-50 
 0.00000029823               2.95912E-50 
 0.00000029824               2.98342E-50 
 0.00000029825               2.928E-50 
 0.00000029826               2.83361E-50 
 0.00000029827               2.7112E-50 
 0.00000029828               2.51578E-50 
 0.00000029829               2.1607E-50 
 0.0000002983                1.69829E-50 
 0.00000029831               1.38813E-50 
 0.00000029832               1.41468E-50 
 0.00000029833               1.77147E-50 
 0.00000029834               2.24095E-50 
 0.00000029835               2.53571E-50 
 0.00000029836               2.6208E-50 
 0.00000029837               2.61356E-50 
 0.00000029838               2.58678E-50 
 0.00000029839               2.5591E-50 
 0.0000002984                2.52628E-50 
 0.00000029841               2.4731E-50 
 0.00000029842               2.38181E-50 
 0.00000029843               2.2545E-50 
 0.00000029844               2.08731E-50 
 0.00000029845               1.58397E-50 
 0.00000029846               3.79146E-51 
 0.00000029847               2.74973E-53 
 0.00000029848               1.37636E-57 
 0.00000029849               6.39586E-62 
 0.0000002985                2.68398E-62 
 0.00000029851               2.55775E-58 
 0.00000029852               8.55364E-54 
 0.00000029853               2.46436E-51 
 0.00000029854               1.45061E-50 
 0.00000029855               2.0186E-50 
 0.00000029856               2.07563E-50 
 0.00000029857               2.0529E-50 
 0.00000029858               2.02564E-50 
 0.00000029859               2.00322E-50 
 0.0000002986                1.98426E-50 
 0.00000029861               1.94724E-50 
 0.00000029862               1.86349E-50 
 0.00000029863               1.79147E-50 
 0.00000029864               1.771E-50 
 0.00000029865               1.68307E-50 
 0.00000029866               1.52654E-50 
 0.00000029867               1.44785E-50 
 0.00000029868               1.5074E-50 
 0.00000029869               1.62449E-50 
 0.0000002987                1.6727E-50 
 0.00000029871               1.44542E-50 
 0.00000029872               3.91665E-51 
 0.00000029873               2.72988E-54 
 0.00000029874               4.53512E-65 
 0.00000029875               3.0984E-86 
 0.00000029876               2.66211E-106 
 0.00000029877               5.94768E-106 
 0.00000029878               1.40394E-85 
 0.00000029879               1.20816E-64 
 0.0000002988                3.73478E-54 
 0.00000029881               3.98765E-51 
 0.00000029882               1.35181E-50 
 0.00000029883               1.53464E-50 
 0.00000029884               1.53352E-50 
 0.00000029885               1.51685E-50 
 0.00000029886               1.4988E-50 
 0.00000029887               1.47813E-50 
 0.00000029888               1.44593E-50 
 0.00000029889               1.38712E-50 
 0.0000002989                1.3044E-50 
 0.00000029891               1.23593E-50 
 0.00000029892               1.21318E-50 
 0.00000029893               1.22903E-50 
 0.00000029894               1.26591E-50 
 0.00000029895               1.30418E-50 
 0.00000029896               1.32179E-50 
 0.00000029897               1.31788E-50 
 0.00000029898               1.30465E-50 
 0.00000029899               1.28941E-50 
 0.000000299   1.27395E-50 
 0.00000029901               1.25821E-50 
 0.00000029902               1.24134E-50 
 0.00000029903               1.22212E-50 
 0.00000029904               1.20053E-50 
 0.00000029905               1.17922E-50 
 0.00000029906               1.16155E-50 
 0.00000029907               1.14718E-50 
 0.00000029908               1.13149E-50 
 0.00000029909               1.11091E-50 
 0.0000002991                1.08917E-50 
 0.00000029911               1.07533E-50 
 0.00000029912               1.07193E-50 
 0.00000029913               1.07198E-50 
 0.00000029914               1.06898E-50 
 0.00000029915               1.06042E-50 
 0.00000029916               1.04422E-50 
 0.00000029917               1.01929E-50 
 0.00000029918               9.89504E-51 
 0.00000029919               9.64929E-51 
 0.0000002992                9.53446E-51 
 0.00000029921               9.50677E-51 
 0.00000029922               9.43278E-51 
 0.00000029923               9.23969E-51 
 0.00000029924               9.02262E-51 
 0.00000029925               8.94612E-51 
 0.00000029926               9.01078E-51 
 0.00000029927               9.08552E-51 
 0.00000029928               9.09092E-51 
 0.00000029929               9.03102E-51 
 0.0000002993                8.93964E-51 
 0.00000029931               8.83513E-51 
 0.00000029932               8.72539E-51 
 0.00000029933               8.6102E-51 
 0.00000029934               8.48568E-51 
 0.00000029935               8.36379E-51 
 0.00000029936               8.25451E-51 
 0.00000029937               8.16422E-51 
 0.00000029938               8.08825E-51 
 0.00000029939               8.02451E-51 
 0.0000002994                7.96537E-51 
 0.00000029941               7.90101E-51 
 0.00000029942               7.82539E-51 
 0.00000029943               7.73327E-51 
 0.00000029944               7.62035E-51 
 0.00000029945               7.49029E-51 
 0.00000029946               7.35559E-51 
 0.00000029947               7.23259E-51 
 0.00000029948               7.143E-51 
 0.00000029949               7.09756E-51 
 0.0000002995                7.06376E-51 
 0.00000029951               6.99125E-51 
 0.00000029952               6.88147E-51 
 0.00000029953               6.78509E-51 
 0.00000029954               6.70426E-51 
 0.00000029955               6.58621E-51 
 0.00000029956               6.41064E-51 
 0.00000029957               6.19804E-51 
 0.00000029958               5.98351E-51 
 0.00000029959               5.8069E-51 
 0.0000002996                5.6999E-51 
 0.00000029961               5.6703E-51 
 0.00000029962               5.6945E-51 
 0.00000029963               5.71529E-51 
 0.00000029964               5.62785E-51 
 0.00000029965               5.2855E-51 
 0.00000029966               4.66444E-51 
 0.00000029967               4.05112E-51 
 0.00000029968               3.81227E-51 
 0.00000029969               4.03603E-51 
 0.0000002997                4.48158E-51 
 0.00000029971               4.80434E-51 
 0.00000029972               4.87993E-51 
 0.00000029973               4.78755E-51 
 0.00000029974               4.62104E-51 
 0.00000029975               4.45909E-51 
 0.00000029976               4.37954E-51 
 0.00000029977               4.42018E-51 
 0.00000029978               4.54602E-51 
 0.00000029979               4.67673E-51 
 0.0000002998                4.75285E-51 
 0.00000029981               4.76976E-51 
 0.00000029982               4.75214E-51 
 0.00000029983               4.72013E-51 
 0.00000029984               4.67965E-51 
 0.00000029985               4.62888E-51 
 0.00000029986               4.56871E-51 
 0.00000029987               4.50519E-51 
 0.00000029988               4.44669E-51 
 0.00000029989               4.391E-51 
 0.0000002999                4.30764E-51 
 0.00000029991               4.15642E-51 
 0.00000029992               3.96338E-51 
 0.00000029993               3.83862E-51 
 0.00000029994               3.85879E-51 
 0.00000029995               3.97268E-51 
 0.00000029996               4.06651E-51 
 0.00000029997               4.09141E-51 
 0.00000029998               4.0728E-51 
 0.00000029999               4.03786E-51 
 0.0000003     3.99334E-51 
