 0.000000294   3.65735E-124 
 0.00000029401               3.54571E-124 
 0.00000029402               3.43536E-124 
 0.00000029403               3.32686E-124 
 0.00000029404               3.2187E-124 
 0.00000029405               3.11355E-124 
 0.00000029406               3.02243E-124 
 0.00000029407               2.94847E-124 
 0.00000029408               2.8795E-124 
 0.00000029409               2.80758E-124 
 0.0000002941                2.73432E-124 
 0.00000029411               2.66156E-124 
 0.00000029412               2.58871E-124 
 0.00000029413               2.51529E-124 
 0.00000029414               2.43472E-124 
 0.00000029415               2.3381E-124 
 0.00000029416               2.20887E-124 
 0.00000029417               2.00289E-124 
 0.00000029418               1.56891E-124 
 0.00000029419               8.38273E-125 
 0.0000002942                3.206E-125 
 0.00000029421               2.03505E-125 
 0.00000029422               3.61492E-125 
 0.00000029423               8.40112E-125 
 0.00000029424               1.29125E-124 
 0.00000029425               1.43873E-124 
 0.00000029426               1.45031E-124 
 0.00000029427               1.43106E-124 
 0.00000029428               1.40166E-124 
 0.00000029429               1.35741E-124 
 0.0000002943                1.28515E-124 
 0.00000029431               1.17774E-124 
 0.00000029432               1.04338E-124 
 0.00000029433               9.11838E-125 
 0.00000029434               8.19307E-125 
 0.00000029435               7.9137E-125 
 0.00000029436               8.29188E-125 
 0.00000029437               9.12609E-125 
 0.00000029438               1.00521E-124 
 0.00000029439               1.07137E-124 
 0.0000002944                1.0946E-124 
 0.00000029441               1.07218E-124 
 0.00000029442               9.93189E-125 
 0.00000029443               8.49837E-125 
 0.00000029444               6.90057E-125 
 0.00000029445               5.70774E-125 
 0.00000029446               3.93813E-125 
 0.00000029447               8.33002E-126 
 0.00000029448               1.10755E-127 
 0.00000029449               1.24575E-130 
 0.0000002945                1.08377E-132 
 0.00000029451               6.78768E-132 
 0.00000029452               4.71525E-129 
 0.00000029453               1.56629E-126 
 0.00000029454               2.56897E-125 
 0.00000029455               5.9115E-125 
 0.00000029456               6.88837E-125 
 0.00000029457               6.87447E-125 
 0.00000029458               6.67439E-125 
 0.00000029459               6.39862E-125 
 0.0000002946                5.89053E-125 
 0.00000029461               4.87601E-125 
 0.00000029462               3.42838E-125 
 0.00000029463               2.22349E-125 
 0.00000029464               1.72259E-125 
 0.00000029465               1.91975E-125 
 0.00000029466               2.73184E-125 
 0.00000029467               3.79692E-125 
 0.00000029468               4.49098E-125 
 0.00000029469               4.63053E-125 
 0.0000002947                4.44555E-125 
 0.00000029471               4.14764E-125 
 0.00000029472               3.85738E-125 
 0.00000029473               3.64847E-125 
 0.00000029474               3.54932E-125 
 0.00000029475               3.54711E-125 
 0.00000029476               3.60561E-125 
 0.00000029477               3.67069E-125 
 0.00000029478               3.69058E-125 
 0.00000029479               3.65196E-125 
 0.0000002948                3.57428E-125 
 0.00000029481               3.48067E-125 
 0.00000029482               3.38375E-125 
 0.00000029483               3.28546E-125 
 0.00000029484               3.18271E-125 
 0.00000029485               3.073E-125 
 0.00000029486               2.96014E-125 
 0.00000029487               2.85285E-125 
 0.00000029488               2.75484E-125 
 0.00000029489               2.66383E-125 
 0.0000002949                2.57875E-125 
 0.00000029491               2.50211E-125 
 0.00000029492               2.43634E-125 
 0.00000029493               2.37957E-125 
 0.00000029494               2.32766E-125 
 0.00000029495               2.27758E-125 
 0.00000029496               2.22503E-125 
 0.00000029497               2.16231E-125 
 0.00000029498               2.0799E-125 
 0.00000029499               1.97381E-125 
 0.000000295   1.86192E-125 
 0.00000029501               1.7826E-125 
 0.00000029502               1.75612E-125 
 0.00000029503               1.75926E-125 
 0.00000029504               1.75351E-125 
 0.00000029505               1.72422E-125 
 0.00000029506               1.67946E-125 
 0.00000029507               1.62877E-125 
 0.00000029508               1.57642E-125 
 0.00000029509               1.52305E-125 
 0.0000002951                1.46693E-125 
 0.00000029511               1.37427E-125 
 0.00000029512               9.83644E-126 
 0.00000029513               1.61534E-126 
 0.00000029514               4.26957E-129 
 0.00000029515               1.41202E-133 
 0.00000029516               1.31535E-136 
 0.00000029517               5.23566E-135 
 0.00000029518               4.91489E-131 
 0.00000029519               3.40565E-128 
 0.0000002952                9.0973E-127 
 0.00000029521               4.73053E-126 
 0.00000029522               8.81851E-126 
 0.00000029523               9.90186E-126 
 0.00000029524               9.74697E-126 
 0.00000029525               9.45588E-126 
 0.00000029526               9.19719E-126 
 0.00000029527               8.95797E-126 
 0.00000029528               8.7148E-126 
 0.00000029529               8.47146E-126 
 0.0000002953                8.23725E-126 
 0.00000029531               7.98446E-126 
 0.00000029532               7.69347E-126 
 0.00000029533               7.44618E-126 
 0.00000029534               7.29008E-126 
 0.00000029535               7.137E-126 
 0.00000029536               6.93646E-126 
 0.00000029537               6.71053E-126 
 0.00000029538               6.49504E-126 
 0.00000029539               6.31474E-126 
 0.0000002954                6.15186E-126 
 0.00000029541               5.97647E-126 
 0.00000029542               5.7888E-126 
 0.00000029543               5.59679E-126 
 0.00000029544               5.3901E-126 
 0.00000029545               5.17368E-126 
 0.00000029546               5.00468E-126 
 0.00000029547               4.91226E-126 
 0.00000029548               4.83904E-126 
 0.00000029549               4.73578E-126 
 0.0000002955                4.61047E-126 
 0.00000029551               4.48113E-126 
 0.00000029552               4.35346E-126 
 0.00000029553               4.22802E-126 
 0.00000029554               4.1052E-126 
 0.00000029555               3.98493E-126 
 0.00000029556               3.86085E-126 
 0.00000029557               3.70485E-126 
 0.00000029558               3.46036E-126 
 0.00000029559               3.16634E-126 
 0.0000002956                3.02543E-126 
 0.00000029561               3.06831E-126 
 0.00000029562               3.11294E-126 
 0.00000029563               3.09257E-126 
 0.00000029564               3.0393E-126 
 0.00000029565               2.96551E-126 
 0.00000029566               2.87209E-126 
 0.00000029567               2.76384E-126 
 0.00000029568               2.65171E-126 
 0.00000029569               2.5508E-126 
 0.0000002957                2.4703E-126 
 0.00000029571               2.3881E-126 
 0.00000029572               2.11774E-126 
 0.00000029573               9.90811E-127 
 0.00000029574               1.7273E-128 
 0.00000029575               2.38231E-135 
 0.00000029576               3.20723E-154 
 0.00000029577               1.45032E-189 
 0.00000029578               3.10512E-231 
 0.00000029579               1.31069E-253 
 0.0000002958                2.9014E-239 
 0.00000029581               1.24626E-199 
 0.00000029582               3.59491E-161 
 0.00000029583               1.62381E-138 
 0.00000029584               1.51093E-129 
 0.00000029585               4.49404E-127 
 0.00000029586               1.34723E-126 
 0.00000029587               1.52564E-126 
 0.00000029588               1.46373E-126 
 0.00000029589               1.21281E-126 
 0.0000002959                4.98342E-127 
 0.00000029591               1.88308E-128 
 0.00000029592               8.25062E-132 
 0.00000029593               2.40023E-136 
 0.00000029594               9.92896E-139 
 0.00000029595               1.20103E-136 
 0.00000029596               3.74885E-132 
 0.00000029597               1.13014E-128 
 0.00000029598               3.66684E-127 
 0.00000029599               9.18387E-127 
 0.000000296   1.05031E-126 
 0.00000029601               1.03569E-126 
 0.00000029602               9.983E-127 
 0.00000029603               9.57923E-127 
 0.00000029604               9.26791E-127 
 0.00000029605               9.07923E-127 
 0.00000029606               8.90041E-127 
 0.00000029607               8.56235E-127 
 0.00000029608               7.53508E-127 
 0.00000029609               5.09311E-127 
 0.0000002961                2.65753E-127 
 0.00000029611               1.91936E-127 
 0.00000029612               2.83559E-127 
 0.00000029613               5.00052E-127 
 0.00000029614               6.44413E-127 
 0.00000029615               6.5473E-127 
 0.00000029616               6.24721E-127 
 0.00000029617               6.02495E-127 
 0.00000029618               5.94851E-127 
 0.00000029619               5.91109E-127 
 0.0000002962                5.79838E-127 
 0.00000029621               5.5828E-127 
 0.00000029622               5.30163E-127 
 0.00000029623               5.02491E-127 
 0.00000029624               4.82784E-127 
 0.00000029625               4.73868E-127 
 0.00000029626               4.71199E-127 
 0.00000029627               4.63441E-127 
 0.00000029628               4.31602E-127 
 0.00000029629               3.674E-127 
 0.0000002963                3.02782E-127 
 0.00000029631               2.65394E-127 
 0.00000029632               2.55862E-127 
 0.00000029633               2.74929E-127 
 0.00000029634               3.13454E-127 
 0.00000029635               3.46622E-127 
 0.00000029636               3.5954E-127 
 0.00000029637               3.57386E-127 
 0.00000029638               3.49301E-127 
 0.00000029639               3.39646E-127 
 0.0000002964                3.29647E-127 
 0.00000029641               3.19639E-127 
 0.00000029642               3.09769E-127 
 0.00000029643               2.99966E-127 
 0.00000029644               2.89917E-127 
 0.00000029645               2.7933E-127 
 0.00000029646               2.68449E-127 
 0.00000029647               2.58758E-127 
 0.00000029648               2.514E-127 
 0.00000029649               2.45024E-127 
 0.0000002965                2.38375E-127 
 0.00000029651               2.32028E-127 
 0.00000029652               2.26585E-127 
 0.00000029653               2.21367E-127 
 0.00000029654               2.14946E-127 
 0.00000029655               2.06677E-127 
 0.00000029656               1.97359E-127 
 0.00000029657               1.88633E-127 
 0.00000029658               1.8162E-127 
 0.00000029659               1.71512E-127 
 0.0000002966                1.30628E-127 
 0.00000029661               4.76575E-128 
 0.00000029662               7.35291E-129 
 0.00000029663               2.3072E-129 
 0.00000029664               6.21549E-129 
 0.00000029665               3.92014E-128 
 0.00000029666               1.09897E-127 
 0.00000029667               1.42335E-127 
 0.00000029668               1.43829E-127 
 0.00000029669               1.39767E-127 
 0.0000002967                1.35313E-127 
 0.00000029671               1.30989E-127 
 0.00000029672               1.26399E-127 
 0.00000029673               1.1574E-127 
 0.00000029674               7.38708E-128 
 0.00000029675               1.30391E-128 
 0.00000029676               3.01949E-130 
 0.00000029677               6.89444E-132 
 0.00000029678               6.49113E-132 
 0.00000029679               2.02568E-130 
 0.0000002968                6.16999E-129 
 0.00000029681               3.67767E-128 
 0.00000029682               7.13823E-128 
 0.00000029683               8.61169E-128 
 0.00000029684               8.78959E-128 
 0.00000029685               8.55344E-128 
 0.00000029686               8.25861E-128 
 0.00000029687               8.00376E-128 
 0.00000029688               7.80136E-128 
 0.00000029689               7.63201E-128 
 0.0000002969                7.46197E-128 
 0.00000029691               7.27033E-128 
 0.00000029692               7.06147E-128 
 0.00000029693               6.85367E-128 
 0.00000029694               6.65499E-128 
 0.00000029695               6.4585E-128 
 0.00000029696               6.25733E-128 
 0.00000029697               6.03788E-128 
 0.00000029698               5.75406E-128 
 0.00000029699               5.33274E-128 
 0.000000297   4.73992E-128 
 0.00000029701               4.05824E-128 
 0.00000029702               3.4652E-128 
 0.00000029703               3.10906E-128 
 0.00000029704               3.03207E-128 
 0.00000029705               3.18347E-128 
 0.00000029706               3.45369E-128 
 0.00000029707               3.7203E-128 
 0.00000029708               3.90613E-128 
 0.00000029709               3.99778E-128 
 0.0000002971                4.01478E-128 
 0.00000029711               3.97771E-128 
 0.00000029712               3.90245E-128 
 0.00000029713               3.80385E-128 
 0.00000029714               3.69317E-128 
 0.00000029715               3.57134E-128 
 0.00000029716               3.42409E-128 
 0.00000029717               3.25419E-128 
 0.00000029718               3.11785E-128 
 0.00000029719               3.05184E-128 
 0.0000002972                3.0172E-128 
 0.00000029721               2.96809E-128 
 0.00000029722               2.89861E-128 
 0.00000029723               2.81954E-128 
 0.00000029724               2.73782E-128 
 0.00000029725               2.65558E-128 
 0.00000029726               2.53393E-128 
 0.00000029727               2.30322E-128 
 0.00000029728               2.02745E-128 
 0.00000029729               1.94179E-128 
 0.0000002973                2.03871E-128 
 0.00000029731               2.09635E-128 
 0.00000029732               2.06951E-128 
 0.00000029733               2.02805E-128 
 0.00000029734               1.99495E-128 
 0.00000029735               1.95933E-128 
 0.00000029736               1.90075E-128 
 0.00000029737               1.80579E-128 
 0.00000029738               1.69555E-128 
 0.00000029739               1.60425E-128 
 0.0000002974                1.52603E-128 
 0.00000029741               1.45025E-128 
 0.00000029742               1.39614E-128 
 0.00000029743               1.37876E-128 
 0.00000029744               1.38879E-128 
 0.00000029745               1.39849E-128 
 0.00000029746               1.3813E-128 
 0.00000029747               1.33227E-128 
 0.00000029748               1.27103E-128 
 0.00000029749               1.22545E-128 
 0.0000002975                1.2051E-128 
 0.00000029751               1.19638E-128 
 0.00000029752               1.18457E-128 
 0.00000029753               1.16241E-128 
 0.00000029754               1.1334E-128 
 0.00000029755               1.10167E-128 
 0.00000029756               1.06967E-128 
 0.00000029757               1.03788E-128 
 0.00000029758               1.00647E-128 
 0.00000029759               9.75749E-129 
 0.0000002976                9.46211E-129 
 0.00000029761               9.18149E-129 
 0.00000029762               8.91449E-129 
 0.00000029763               8.64902E-129 
 0.00000029764               8.37758E-129 
 0.00000029765               8.11586E-129 
 0.00000029766               7.87902E-129 
 0.00000029767               7.66244E-129 
 0.00000029768               7.44992E-129 
 0.00000029769               7.21553E-129 
 0.0000002977                6.92169E-129 
 0.00000029771               6.52652E-129 
 0.00000029772               6.02186E-129 
 0.00000029773               5.48222E-129 
 0.00000029774               5.04802E-129 
 0.00000029775               4.83113E-129 
 0.00000029776               4.83231E-129 
 0.00000029777               4.9428E-129 
 0.00000029778               5.0259E-129 
 0.00000029779               4.98681E-129 
 0.0000002978                4.76712E-129 
 0.00000029781               4.43884E-129 
 0.00000029782               4.26119E-129 
 0.00000029783               4.33062E-129 
 0.00000029784               4.4158E-129 
 0.00000029785               4.34473E-129 
 0.00000029786               4.1417E-129 
 0.00000029787               3.7974E-129 
 0.00000029788               3.28903E-129 
 0.00000029789               2.79945E-129 
 0.0000002979                2.60962E-129 
 0.00000029791               2.78578E-129 
 0.00000029792               3.1144E-129 
 0.00000029793               3.31566E-129 
 0.00000029794               3.33558E-129 
 0.00000029795               3.26193E-129 
 0.00000029796               3.127E-129 
 0.00000029797               2.88855E-129 
 0.00000029798               2.47037E-129 
 0.00000029799               1.84371E-129 
 0.000000298   1.13893E-129 
 0.00000029801               5.82021E-130 
 0.00000029802               2.70054E-130 
 0.00000029803               1.37445E-130 
 0.00000029804               9.55081E-131 
 0.00000029805               1.03637E-130 
 0.00000029806               1.69156E-130 
 0.00000029807               3.41707E-130 
 0.00000029808               6.77022E-130 
 0.00000029809               1.13428E-129 
 0.0000002981                1.55459E-129 
 0.00000029811               1.8144E-129 
 0.00000029812               1.8951E-129 
 0.00000029813               1.67664E-129 
 0.00000029814               7.01993E-130 
 0.00000029815               1.68807E-131 
 0.00000029816               6.46178E-136 
 0.00000029817               4.17047E-143 
 0.00000029818               9.2032E-149 
 0.00000029819               9.70277E-148 
 0.0000002982                4.60032E-141 
 0.00000029821               1.99138E-134 
 0.00000029822               6.07359E-131 
 0.00000029823               7.74938E-130 
 0.00000029824               1.27444E-129 
 0.00000029825               1.32826E-129 
 0.00000029826               1.28464E-129 
 0.00000029827               1.19314E-129 
 0.00000029828               1.02226E-129 
 0.00000029829               7.7364E-130 
 0.0000002983                5.34347E-130 
 0.00000029831               3.93274E-130 
 0.00000029832               3.68405E-130 
 0.00000029833               4.49444E-130 
 0.00000029834               6.09951E-130 
 0.00000029835               7.71342E-130 
 0.00000029836               8.48441E-130 
 0.00000029837               8.30203E-130 
 0.00000029838               7.69903E-130 
 0.00000029839               7.33034E-130 
 0.0000002984                7.43145E-130 
 0.00000029841               7.7181E-130 
 0.00000029842               7.85451E-130 
 0.00000029843               7.80889E-130 
 0.00000029844               7.65172E-130 
 0.00000029845               7.44646E-130 
 0.00000029846               7.22383E-130 
 0.00000029847               7.0067E-130 
 0.00000029848               6.7958E-130 
 0.00000029849               6.53293E-130 
 0.0000002985                6.09897E-130 
 0.00000029851               5.51206E-130 
 0.00000029852               5.09136E-130 
 0.00000029853               5.0781E-130 
 0.00000029854               5.27852E-130 
 0.00000029855               5.35461E-130 
 0.00000029856               5.23346E-130 
 0.00000029857               5.01302E-130 
 0.00000029858               4.80793E-130 
 0.00000029859               4.69689E-130 
 0.0000002986                4.65738E-130 
 0.00000029861               4.60726E-130 
 0.00000029862               4.50803E-130 
 0.00000029863               4.37354E-130 
 0.00000029864               4.22357E-130 
 0.00000029865               4.07182E-130 
 0.00000029866               3.93355E-130 
 0.00000029867               3.81881E-130 
 0.00000029868               3.7225E-130 
 0.00000029869               3.63351E-130 
 0.0000002987                3.53855E-130 
 0.00000029871               3.37984E-130 
 0.00000029872               3.01962E-130 
 0.00000029873               2.53945E-130 
 0.00000029874               2.37905E-130 
 0.00000029875               2.61968E-130 
 0.00000029876               2.84694E-130 
 0.00000029877               2.85603E-130 
 0.00000029878               2.76973E-130 
 0.00000029879               2.66522E-130 
 0.0000002988                2.55266E-130 
 0.00000029881               2.42227E-130 
 0.00000029882               2.2883E-130 
 0.00000029883               2.20914E-130 
 0.00000029884               2.03717E-130 
 0.00000029885               1.16718E-130 
 0.00000029886               1.73444E-131 
 0.00000029887               7.97568E-133 
 0.00000029888               1.97579E-133 
 0.00000029889               1.5106E-132 
 0.0000002989                2.78836E-131 
 0.00000029891               1.21856E-130 
 0.00000029892               1.72385E-130 
 0.00000029893               1.74707E-130 
 0.00000029894               1.68257E-130 
 0.00000029895               1.61291E-130 
 0.00000029896               1.54883E-130 
 0.00000029897               1.49115E-130 
 0.00000029898               1.43694E-130 
 0.00000029899               1.38903E-130 
 0.000000299   1.35584E-130 
 0.00000029901               1.33187E-130 
 0.00000029902               1.28909E-130 
 0.00000029903               1.21793E-130 
 0.00000029904               1.16378E-130 
 0.00000029905               1.15975E-130 
 0.00000029906               1.17229E-130 
 0.00000029907               1.16381E-130 
 0.00000029908               1.13577E-130 
 0.00000029909               1.09643E-130 
 0.0000002991                1.04099E-130 
 0.00000029911               9.67363E-131 
 0.00000029912               9.0296E-131 
 0.00000029913               8.80132E-131 
 0.00000029914               8.81062E-131 
 0.00000029915               8.60338E-131 
 0.00000029916               8.0343E-131 
 0.00000029917               7.30886E-131 
 0.00000029918               6.70755E-131 
 0.00000029919               6.4159E-131 
 0.0000002992                6.44673E-131 
 0.00000029921               6.65582E-131 
 0.00000029922               6.83797E-131 
 0.00000029923               6.86678E-131 
 0.00000029924               6.75266E-131 
 0.00000029925               6.57677E-131 
 0.00000029926               6.40662E-131 
 0.00000029927               6.26349E-131 
 0.00000029928               6.13502E-131 
 0.00000029929               5.99891E-131 
 0.0000002993                5.84157E-131 
 0.00000029931               5.66318E-131 
 0.00000029932               5.47971E-131 
 0.00000029933               5.30624E-131 
 0.00000029934               5.14752E-131 
 0.00000029935               4.99842E-131 
 0.00000029936               4.85014E-131 
 0.00000029937               4.69733E-131 
 0.00000029938               4.53969E-131 
 0.00000029939               4.38156E-131 
 0.0000002994                4.24913E-131 
 0.00000029941               4.0917E-131 
 0.00000029942               3.91625E-131 
 0.00000029943               3.73965E-131 
 0.00000029944               3.59995E-131 
 0.00000029945               3.4594E-131 
 0.00000029946               3.24188E-131 
 0.00000029947               2.97668E-131 
 0.00000029948               2.78732E-131 
 0.00000029949               2.76622E-131 
 0.0000002995                2.87839E-131 
 0.00000029951               2.98375E-131 
 0.00000029952               2.98517E-131 
 0.00000029953               2.89655E-131 
 0.00000029954               2.76768E-131 
 0.00000029955               2.63634E-131 
 0.00000029956               2.53029E-131 
 0.00000029957               2.44895E-131 
 0.00000029958               2.36157E-131 
 0.00000029959               2.25989E-131 
 0.0000002996                2.15832E-131 
 0.00000029961               2.04731E-131 
 0.00000029962               1.9327E-131 
 0.00000029963               1.84699E-131 
 0.00000029964               1.78859E-131 
 0.00000029965               1.75613E-131 
 0.00000029966               1.76732E-131 
 0.00000029967               1.80732E-131 
 0.00000029968               1.83204E-131 
 0.00000029969               1.81858E-131 
 0.0000002997                1.7779E-131 
 0.00000029971               1.72662E-131 
 0.00000029972               1.66973E-131 
 0.00000029973               1.60831E-131 
 0.00000029974               1.55369E-131 
 0.00000029975               1.51343E-131 
 0.00000029976               1.47395E-131 
 0.00000029977               1.42426E-131 
 0.00000029978               1.37192E-131 
 0.00000029979               1.32795E-131 
 0.0000002998                1.29324E-131 
 0.00000029981               1.26198E-131 
 0.00000029982               1.23052E-131 
 0.00000029983               1.19834E-131 
 0.00000029984               1.16517E-131 
 0.00000029985               1.12999E-131 
 0.00000029986               1.09215E-131 
 0.00000029987               1.05072E-131 
 0.00000029988               1.00364E-131 
 0.00000029989               9.49769E-132 
 0.0000002999                8.91271E-132 
 0.00000029991               8.33757E-132 
 0.00000029992               7.84107E-132 
 0.00000029993               7.47423E-132 
 0.00000029994               7.24963E-132 
 0.00000029995               7.13997E-132 
 0.00000029996               7.10699E-132 
 0.00000029997               7.12146E-132 
 0.00000029998               7.1327E-132 
 0.00000029999               7.09E-132 
 0.0000003     6.9859E-132 
