 0.000000294   1.18155E-12 
 0.00000029401               1.16273E-12 
 0.00000029402               1.41167E-12 
 0.00000029403               1.7256E-12 
 0.00000029404               1.88717E-12 
 0.00000029405               1.92953E-12 
 0.00000029406               1.9413E-12 
 0.00000029407               1.93741E-12 
 0.00000029408               1.90562E-12 
 0.00000029409               1.8017E-12 
 0.0000002941                1.59614E-12 
 0.00000029411               1.3654E-12 
 0.00000029412               1.13903E-12 
 0.00000029413               8.54553E-13 
 0.00000029414               6.08928E-13 
 0.00000029415               5.36446E-13 
 0.00000029416               6.79662E-13 
 0.00000029417               1.04577E-12 
 0.00000029418               1.48869E-12 
 0.00000029419               1.77387E-12 
 0.0000002942                1.87385E-12 
 0.00000029421               1.89066E-12 
 0.00000029422               1.88769E-12 
 0.00000029423               1.88524E-12 
 0.00000029424               1.88898E-12 
 0.00000029425               1.89672E-12 
 0.00000029426               1.90317E-12 
 0.00000029427               1.9055E-12 
 0.00000029428               1.9036E-12 
 0.00000029429               1.8987E-12 
 0.0000002943                1.87375E-12 
 0.00000029431               1.8668E-12 
 0.00000029432               1.86027E-12 
 0.00000029433               1.85335E-12 
 0.00000029434               1.84327E-12 
 0.00000029435               1.82987E-12 
 0.00000029436               1.82011E-12 
 0.00000029437               1.81373E-12 
 0.00000029438               1.80571E-12 
 0.00000029439               1.7961E-12 
 0.0000002944                1.78236E-12 
 0.00000029441               1.75548E-12 
 0.00000029442               1.71473E-12 
 0.00000029443               1.66298E-12 
 0.00000029444               1.60623E-12 
 0.00000029445               1.57749E-12 
 0.00000029446               1.60549E-12 
 0.00000029447               1.65702E-12 
 0.00000029448               1.67601E-12 
 0.00000029449               1.6632E-12 
 0.0000002945                1.66396E-12 
 0.00000029451               1.68975E-12 
 0.00000029452               1.71065E-12 
 0.00000029453               1.71297E-12 
 0.00000029454               1.70523E-12 
 0.00000029455               1.69155E-12 
 0.00000029456               1.66872E-12 
 0.00000029457               1.6365E-12 
 0.00000029458               1.59844E-12 
 0.00000029459               1.55832E-12 
 0.0000002946                1.52967E-12 
 0.00000029461               1.50919E-12 
 0.00000029462               1.43242E-12 
 0.00000029463               1.27615E-12 
 0.00000029464               1.1678E-12 
 0.00000029465               1.21278E-12 
 0.00000029466               1.34972E-12 
 0.00000029467               0.000000000001443 
 0.00000029468               1.45749E-12 
 0.00000029469               1.43117E-12 
 0.0000002947                1.38175E-12 
 0.00000029471               1.30224E-12 
 0.00000029472               1.16735E-12 
 0.00000029473               9.17771E-13 
 0.00000029474               5.04869E-13 
 0.00000029475               1.18547E-13 
 0.00000029476               4.67133E-16 
 0.00000029477               1.89602E-41 
 0.00000029478               7.33659E-282 
 0.00000029479               0 
 0.0000002948                0 
 0.00000029481               0 
 0.00000029482               0 
 0.00000029483               0 
 0.00000029484               0 
 0.00000029485               0 
 0.00000029486               0 
 0.00000029487               4.8899E-47 
 0.00000029488               3.54224E-15 
 0.00000029489               6.04412E-13 
 0.0000002949                9.37816E-13 
 0.00000029491               1.0602E-12 
 0.00000029492               1.13438E-12 
 0.00000029493               1.19913E-12 
 0.00000029494               1.22602E-12 
 0.00000029495               1.15512E-12 
 0.00000029496               9.63786E-13 
 0.00000029497               7.21367E-13 
 0.00000029498               5.72947E-13 
 0.00000029499               6.13659E-13 
 0.000000295   8.57875E-13 
 0.00000029501               1.17492E-12 
 0.00000029502               1.35138E-12 
 0.00000029503               1.35946E-12 
 0.00000029504               1.26043E-12 
 0.00000029505               1.08344E-12 
 0.00000029506               8.67985E-13 
 0.00000029507               6.78138E-13 
 0.00000029508               5.61995E-13 
 0.00000029509               5.35512E-13 
 0.0000002951                5.99865E-13 
 0.00000029511               7.45925E-13 
 0.00000029512               9.36204E-13 
 0.00000029513               1.10825E-12 
 0.00000029514               1.21931E-12 
 0.00000029515               1.26887E-12 
 0.00000029516               1.26359E-12 
 0.00000029517               1.20334E-12 
 0.00000029518               1.11353E-12 
 0.00000029519               1.03664E-12 
 0.0000002952                9.90817E-13 
 0.00000029521               9.83645E-13 
 0.00000029522               1.05705E-12 
 0.00000029523               1.21282E-12 
 0.00000029524               1.35162E-12 
 0.00000029525               1.4114E-12 
 0.00000029526               1.41831E-12 
 0.00000029527               1.39682E-12 
 0.00000029528               1.35847E-12 
 0.00000029529               1.32853E-12 
 0.0000002953                1.33186E-12 
 0.00000029531               1.36051E-12 
 0.00000029532               0.000000000001385 
 0.00000029533               1.3914E-12 
 0.00000029534               1.38628E-12 
 0.00000029535               1.39217E-12 
 0.00000029536               1.38592E-12 
 0.00000029537               1.38023E-12 
 0.00000029538               1.36904E-12 
 0.00000029539               1.34722E-12 
 0.0000002954                1.32243E-12 
 0.00000029541               1.31177E-12 
 0.00000029542               1.32098E-12 
 0.00000029543               1.33865E-12 
 0.00000029544               1.35384E-12 
 0.00000029545               1.36348E-12 
 0.00000029546               1.36797E-12 
 0.00000029547               1.36766E-12 
 0.00000029548               1.35974E-12 
 0.00000029549               1.33148E-12 
 0.0000002955                0.000000000001267 
 0.00000029551               1.18824E-12 
 0.00000029552               1.15503E-12 
 0.00000029553               1.18435E-12 
 0.00000029554               1.22884E-12 
 0.00000029555               1.25044E-12 
 0.00000029556               1.25172E-12 
 0.00000029557               1.24012E-12 
 0.00000029558               1.22963E-12 
 0.00000029559               1.23619E-12 
 0.0000002956                1.25657E-12 
 0.00000029561               1.27402E-12 
 0.00000029562               1.28395E-12 
 0.00000029563               1.29134E-12 
 0.00000029564               1.29719E-12 
 0.00000029565               1.29909E-12 
 0.00000029566               1.29502E-12 
 0.00000029567               1.28364E-12 
 0.00000029568               1.26505E-12 
 0.00000029569               1.24239E-12 
 0.0000002957                1.21981E-12 
 0.00000029571               1.19833E-12 
 0.00000029572               1.17809E-12 
 0.00000029573               1.16643E-12 
 0.00000029574               1.17358E-12 
 0.00000029575               1.19694E-12 
 0.00000029576               1.21946E-12 
 0.00000029577               1.22575E-12 
 0.00000029578               1.2143E-12 
 0.00000029579               1.19214E-12 
 0.0000002958                1.1649E-12 
 0.00000029581               1.13311E-12 
 0.00000029582               1.09393E-12 
 0.00000029583               1.04606E-12 
 0.00000029584               9.96945E-13 
 0.00000029585               9.66193E-13 
 0.00000029586               9.7062E-13 
 0.00000029587               1.00318E-12 
 0.00000029588               1.04263E-12 
 0.00000029589               1.08114E-12 
 0.0000002959                1.12219E-12 
 0.00000029591               1.16177E-12 
 0.00000029592               1.1897E-12 
 0.00000029593               1.2025E-12 
 0.00000029594               1.20492E-12 
 0.00000029595               1.20253E-12 
 0.00000029596               1.19777E-12 
 0.00000029597               1.19067E-12 
 0.00000029598               1.17993E-12 
 0.00000029599               1.16531E-12 
 0.000000296   1.15063E-12 
 0.00000029601               1.13879E-12 
 0.00000029602               1.12843E-12 
 0.00000029603               1.12031E-12 
 0.00000029604               1.11732E-12 
 0.00000029605               1.1189E-12 
 0.00000029606               1.11769E-12 
 0.00000029607               1.08863E-12 
 0.00000029608               9.79002E-13 
 0.00000029609               7.85182E-13 
 0.0000002961                6.38985E-13 
 0.00000029611               6.48422E-13 
 0.00000029612               7.71937E-13 
 0.00000029613               8.67219E-13 
 0.00000029614               9.17975E-13 
 0.00000029615               9.68434E-13 
 0.00000029616               9.89733E-13 
 0.00000029617               9.96925E-13 
 0.00000029618               1.01872E-12 
 0.00000029619               1.05073E-12 
 0.0000002962                1.07293E-12 
 0.00000029621               1.07044E-12 
 0.00000029622               1.03185E-12 
 0.00000029623               9.32189E-13 
 0.00000029624               7.6141E-13 
 0.00000029625               5.88819E-13 
 0.00000029626               5.03487E-13 
 0.00000029627               5.23107E-13 
 0.00000029628               6.0997E-13 
 0.00000029629               7.15223E-13 
 0.0000002963                8.18846E-13 
 0.00000029631               9.11816E-13 
 0.00000029632               9.76009E-13 
 0.00000029633               1.00905E-12 
 0.00000029634               1.02733E-12 
 0.00000029635               1.04225E-12 
 0.00000029636               1.05269E-12 
 0.00000029637               1.05405E-12 
 0.00000029638               1.03864E-12 
 0.00000029639               9.70147E-13 
 0.0000002964                7.74078E-13 
 0.00000029641               4.86853E-13 
 0.00000029642               2.95144E-13 
 0.00000029643               2.49231E-13 
 0.00000029644               2.71259E-13 
 0.00000029645               2.35255E-13 
 0.00000029646               1.43174E-13 
 0.00000029647               9.12155E-14 
 0.00000029648               9.29672E-14 
 0.00000029649               1.57357E-13 
 0.0000002965                3.22901E-13 
 0.00000029651               5.72178E-13 
 0.00000029652               7.74739E-13 
 0.00000029653               8.63621E-13 
 0.00000029654               8.94844E-13 
 0.00000029655               9.19368E-13 
 0.00000029656               9.42495E-13 
 0.00000029657               9.57723E-13 
 0.00000029658               9.66736E-13 
 0.00000029659               9.74056E-13 
 0.0000002966                9.81067E-13 
 0.00000029661               9.86869E-13 
 0.00000029662               9.90455E-13 
 0.00000029663               9.91502E-13 
 0.00000029664               9.89923E-13 
 0.00000029665               9.84744E-13 
 0.00000029666               9.74025E-13 
 0.00000029667               9.5539E-13 
 0.00000029668               9.23715E-13 
 0.00000029669               8.70004E-13 
 0.0000002967                7.85282E-13 
 0.00000029671               6.95754E-13 
 0.00000029672               6.5843E-13 
 0.00000029673               6.93143E-13 
 0.00000029674               7.43962E-13 
 0.00000029675               7.07191E-13 
 0.00000029676               5.46516E-13 
 0.00000029677               3.49972E-13 
 0.00000029678               2.1473E-13 
 0.00000029679               1.58363E-13 
 0.0000002968                1.65677E-13 
 0.00000029681               2.42198E-13 
 0.00000029682               3.94338E-13 
 0.00000029683               5.88764E-13 
 0.00000029684               7.44545E-13 
 0.00000029685               8.33344E-13 
 0.00000029686               8.82356E-13 
 0.00000029687               9.10253E-13 
 0.00000029688               9.22517E-13 
 0.00000029689               9.23433E-13 
 0.0000002969                9.14926E-13 
 0.00000029691               8.98689E-13 
 0.00000029692               8.78406E-13 
 0.00000029693               8.53269E-13 
 0.00000029694               8.21798E-13 
 0.00000029695               7.87576E-13 
 0.00000029696               7.29264E-13 
 0.00000029697               5.3159E-13 
 0.00000029698               1.71812E-13 
 0.00000029699               1.34833E-14 
 0.000000297   5.31062E-16 
 0.00000029701               1.18379E-16 
 0.00000029702               5.97696E-16 
 0.00000029703               1.36703E-14 
 0.00000029704               1.49163E-13 
 0.00000029705               4.61152E-13 
 0.00000029706               7.01229E-13 
 0.00000029707               8.18281E-13 
 0.00000029708               0.000000000000863 
 0.00000029709               8.71058E-13 
 0.0000002971                8.66633E-13 
 0.00000029711               8.62911E-13 
 0.00000029712               8.62814E-13 
 0.00000029713               8.63945E-13 
 0.00000029714               8.65024E-13 
 0.00000029715               8.66444E-13 
 0.00000029716               8.67351E-13 
 0.00000029717               8.66534E-13 
 0.00000029718               8.63916E-13 
 0.00000029719               8.59579E-13 
 0.0000002972                8.52666E-13 
 0.00000029721               8.413E-13 
 0.00000029722               8.22958E-13 
 0.00000029723               7.95988E-13 
 0.00000029724               7.62206E-13 
 0.00000029725               7.28075E-13 
 0.00000029726               7.02094E-13 
 0.00000029727               6.9051E-13 
 0.00000029728               6.94869E-13 
 0.00000029729               7.11975E-13 
 0.0000002973                7.34646E-13 
 0.00000029731               7.52009E-13 
 0.00000029732               7.51923E-13 
 0.00000029733               7.27014E-13 
 0.00000029734               6.93847E-13 
 0.00000029735               6.45491E-13 
 0.00000029736               6.35218E-13 
 0.00000029737               6.7646E-13 
 0.00000029738               7.34036E-13 
 0.00000029739               7.58627E-13 
 0.0000002974                7.3771E-13 
 0.00000029741               6.86238E-13 
 0.00000029742               6.19983E-13 
 0.00000029743               5.54315E-13 
 0.00000029744               5.03959E-13 
 0.00000029745               4.78762E-13 
 0.00000029746               4.82771E-13 
 0.00000029747               5.14927E-13 
 0.00000029748               5.68913E-13 
 0.00000029749               6.33176E-13 
 0.0000002975                6.93422E-13 
 0.00000029751               7.37364E-13 
 0.00000029752               7.5897E-13 
 0.00000029753               7.60263E-13 
 0.00000029754               7.48529E-13 
 0.00000029755               7.32302E-13 
 0.00000029756               7.17987E-13 
 0.00000029757               7.08067E-13 
 0.00000029758               7.05466E-13 
 0.00000029759               7.12317E-13 
 0.0000002976                7.26124E-13 
 0.00000029761               7.41596E-13 
 0.00000029762               7.54209E-13 
 0.00000029763               7.61523E-13 
 0.00000029764               7.63122E-13 
 0.00000029765               7.61306E-13 
 0.00000029766               7.59906E-13 
 0.00000029767               7.60476E-13 
 0.00000029768               7.61735E-13 
 0.00000029769               7.62141E-13 
 0.0000002977                7.61186E-13 
 0.00000029771               7.59214E-13 
 0.00000029772               7.56963E-13 
 0.00000029773               7.54327E-13 
 0.00000029774               7.49923E-13 
 0.00000029775               7.42443E-13 
 0.00000029776               7.3071E-13 
 0.00000029777               7.06091E-13 
 0.00000029778               6.24251E-13 
 0.00000029779               3.64614E-13 
 0.0000002978                5.24071E-14 
 0.00000029781               4.40975E-16 
 0.00000029782               2.67212E-19 
 0.00000029783               6.01454E-22 
 0.00000029784               6.60914E-22 
 0.00000029785               3.25941E-19 
 0.00000029786               5.19894E-16 
 0.00000029787               5.71328E-14 
 0.00000029788               3.7592E-13 
 0.00000029789               6.10308E-13 
 0.0000002979                6.5236E-13 
 0.00000029791               6.51593E-13 
 0.00000029792               6.57529E-13 
 0.00000029793               6.7147E-13 
 0.00000029794               6.79063E-13 
 0.00000029795               6.60078E-13 
 0.00000029796               6.06388E-13 
 0.00000029797               5.46482E-13 
 0.00000029798               5.26028E-13 
 0.00000029799               5.5828E-13 
 0.000000298   6.13354E-13 
 0.00000029801               6.5351E-13 
 0.00000029802               6.69733E-13 
 0.00000029803               6.72451E-13 
 0.00000029804               6.71133E-13 
 0.00000029805               6.69336E-13 
 0.00000029806               6.67581E-13 
 0.00000029807               6.65423E-13 
 0.00000029808               6.58783E-13 
 0.00000029809               6.37436E-13 
 0.0000002981                5.88521E-13 
 0.00000029811               5.13364E-13 
 0.00000029812               4.39589E-13 
 0.00000029813               3.98719E-13 
 0.00000029814               3.7342E-13 
 0.00000029815               2.75622E-13 
 0.00000029816               1.92085E-13 
 0.00000029817               2.76576E-13 
 0.00000029818               5.09554E-13 
 0.00000029819               6.3744E-13 
 0.0000002982                6.56714E-13 
 0.00000029821               6.57266E-13 
 0.00000029822               6.56182E-13 
 0.00000029823               6.5463E-13 
 0.00000029824               6.52725E-13 
 0.00000029825               6.50272E-13 
 0.00000029826               6.4727E-13 
 0.00000029827               0.000000000000644 
 0.00000029828               6.40882E-13 
 0.00000029829               6.38215E-13 
 0.0000002983                6.35957E-13 
 0.00000029831               6.33342E-13 
 0.00000029832               6.29479E-13 
 0.00000029833               6.24632E-13 
 0.00000029834               6.20396E-13 
 0.00000029835               6.18263E-13 
 0.00000029836               6.18416E-13 
 0.00000029837               6.20077E-13 
 0.00000029838               6.21962E-13 
 0.00000029839               6.22126E-13 
 0.0000002984                6.18873E-13 
 0.00000029841               6.12686E-13 
 0.00000029842               6.07088E-13 
 0.00000029843               6.04847E-13 
 0.00000029844               6.00043E-13 
 0.00000029845               5.79089E-13 
 0.00000029846               5.47235E-13 
 0.00000029847               5.37094E-13 
 0.00000029848               5.55546E-13 
 0.00000029849               5.72898E-13 
 0.0000002985                5.78713E-13 
 0.00000029851               5.74245E-13 
 0.00000029852               5.49886E-13 
 0.00000029853               5.11171E-13 
 0.00000029854               4.86511E-13 
 0.00000029855               4.97388E-13 
 0.00000029856               5.34183E-13 
 0.00000029857               5.6923E-13 
 0.00000029858               5.87127E-13 
 0.00000029859               5.91143E-13 
 0.0000002986                5.88761E-13 
 0.00000029861               5.84033E-13 
 0.00000029862               5.77783E-13 
 0.00000029863               5.58512E-13 
 0.00000029864               4.75378E-13 
 0.00000029865               2.8448E-13 
 0.00000029866               1.07992E-13 
 0.00000029867               4.06453E-14 
 0.00000029868               3.19299E-14 
 0.00000029869               5.93119E-14 
 0.0000002987                1.28812E-13 
 0.00000029871               1.57376E-13 
 0.00000029872               1.06729E-13 
 0.00000029873               7.42378E-14 
 0.00000029874               8.91543E-14 
 0.00000029875               1.68912E-13 
 0.00000029876               3.20011E-13 
 0.00000029877               4.61066E-13 
 0.00000029878               5.25054E-13 
 0.00000029879               5.41972E-13 
 0.0000002988                5.48175E-13 
 0.00000029881               5.51306E-13 
 0.00000029882               5.51048E-13 
 0.00000029883               5.49635E-13 
 0.00000029884               5.48746E-13 
 0.00000029885               5.47647E-13 
 0.00000029886               5.44908E-13 
 0.00000029887               5.41606E-13 
 0.00000029888               5.40956E-13 
 0.00000029889               5.42477E-13 
 0.0000002989                5.42971E-13 
 0.00000029891               5.41777E-13 
 0.00000029892               5.39785E-13 
 0.00000029893               5.37418E-13 
 0.00000029894               5.34619E-13 
 0.00000029895               5.30375E-13 
 0.00000029896               5.22653E-13 
 0.00000029897               5.13634E-13 
 0.00000029898               5.10799E-13 
 0.00000029899               5.11154E-13 
 0.000000299   5.00177E-13 
 0.00000029901               4.62876E-13 
 0.00000029902               4.03056E-13 
 0.00000029903               3.60723E-13 
 0.00000029904               3.70737E-13 
 0.00000029905               4.23528E-13 
 0.00000029906               4.74468E-13 
 0.00000029907               4.9263E-13 
 0.00000029908               4.83107E-13 
 0.00000029909               4.64973E-13 
 0.0000002991                4.56763E-13 
 0.00000029911               4.64963E-13 
 0.00000029912               4.80541E-13 
 0.00000029913               4.92531E-13 
 0.00000029914               4.9874E-13 
 0.00000029915               5.01357E-13 
 0.00000029916               5.01243E-13 
 0.00000029917               4.97168E-13 
 0.00000029918               4.855E-13 
 0.00000029919               4.59718E-13 
 0.0000002992                4.14595E-13 
 0.00000029921               3.55574E-13 
 0.00000029922               3.00642E-13 
 0.00000029923               2.67967E-13 
 0.00000029924               2.66165E-13 
 0.00000029925               2.95447E-13 
 0.00000029926               3.48044E-13 
 0.00000029927               4.05654E-13 
 0.00000029928               4.4632E-13 
 0.00000029929               4.54506E-13 
 0.0000002993                4.20794E-13 
 0.00000029931               3.59379E-13 
 0.00000029932               3.18472E-13 
 0.00000029933               3.32074E-13 
 0.00000029934               3.87325E-13 
 0.00000029935               4.3754E-13 
 0.00000029936               4.57807E-13 
 0.00000029937               4.60995E-13 
 0.00000029938               4.59825E-13 
 0.00000029939               4.58372E-13 
 0.0000002994                4.58939E-13 
 0.00000029941               4.61371E-13 
 0.00000029942               4.63063E-13 
 0.00000029943               4.60639E-13 
 0.00000029944               4.50494E-13 
 0.00000029945               4.32355E-13 
 0.00000029946               4.14401E-13 
 0.00000029947               4.05904E-13 
 0.00000029948               3.80567E-13 
 0.00000029949               2.03779E-13 
 0.0000002995                9.19056E-15 
 0.00000029951               1.10765E-18 
 0.00000029952               3.29262E-25 
 0.00000029953               3.33637E-30 
 0.00000029954               6.92252E-29 
 0.00000029955               1.25166E-22 
 0.00000029956               7.474E-17 
 0.00000029957               4.71667E-14 
 0.00000029958               3.04094E-13 
 0.00000029959               4.19502E-13 
 0.0000002996                4.20121E-13 
 0.00000029961               4.04062E-13 
 0.00000029962               4.0149E-13 
 0.00000029963               4.13401E-13 
 0.00000029964               4.25413E-13 
 0.00000029965               4.31581E-13 
 0.00000029966               4.33535E-13 
 0.00000029967               4.32386E-13 
 0.00000029968               4.2897E-13 
 0.00000029969               4.25134E-13 
 0.0000002997                4.22946E-13 
 0.00000029971               4.22635E-13 
 0.00000029972               4.22296E-13 
 0.00000029973               4.20195E-13 
 0.00000029974               4.15798E-13 
 0.00000029975               4.08725E-13 
 0.00000029976               3.9962E-13 
 0.00000029977               3.90971E-13 
 0.00000029978               3.82814E-13 
 0.00000029979               3.71987E-13 
 0.0000002998                3.57718E-13 
 0.00000029981               3.42899E-13 
 0.00000029982               3.31522E-13 
 0.00000029983               3.2699E-13 
 0.00000029984               3.30837E-13 
 0.00000029985               3.42006E-13 
 0.00000029986               3.57281E-13 
 0.00000029987               3.72626E-13 
 0.00000029988               3.8457E-13 
 0.00000029989               3.91303E-13 
 0.0000002999                3.93637E-13 
 0.00000029991               3.94672E-13 
 0.00000029992               3.96889E-13 
 0.00000029993               3.9987E-13 
 0.00000029994               4.01941E-13 
 0.00000029995               4.02494E-13 
 0.00000029996               4.0183E-13 
 0.00000029997               3.99893E-13 
 0.00000029998               3.95479E-13 
 0.00000029999               3.88502E-13 
 0.0000003     3.83652E-13 
