 0.000000294   4.95399E-18 
 0.00000029401               5.94599E-18 
 0.00000029402               6.48605E-18 
 0.00000029403               6.57188E-18 
 0.00000029404               6.46593E-18 
 0.00000029405               6.52057E-18 
 0.00000029406               6.75651E-18 
 0.00000029407               6.9455E-18 
 0.00000029408               7.00674E-18 
 0.00000029409               7.00617E-18 
 0.0000002941                6.98949E-18 
 0.00000029411               6.96598E-18 
 0.00000029412               6.93611E-18 
 0.00000029413               6.89987E-18 
 0.00000029414               6.85739E-18 
 0.00000029415               6.81128E-18 
 0.00000029416               6.76747E-18 
 0.00000029417               6.73319E-18 
 0.00000029418               6.71133E-18 
 0.00000029419               6.69938E-18 
 0.0000002942                6.68896E-18 
 0.00000029421               6.67472E-18 
 0.00000029422               6.65427E-18 
 0.00000029423               6.62759E-18 
 0.00000029424               6.59355E-18 
 0.00000029425               6.54909E-18 
 0.00000029426               6.49712E-18 
 0.00000029427               6.45347E-18 
 0.00000029428               6.4324E-18 
 0.00000029429               6.42569E-18 
 0.0000002943                6.40919E-18 
 0.00000029431               6.36026E-18 
 0.00000029432               6.26433E-18 
 0.00000029433               6.15012E-18 
 0.00000029434               6.10535E-18 
 0.00000029435               6.1522E-18 
 0.00000029436               6.19963E-18 
 0.00000029437               6.20221E-18 
 0.00000029438               6.18866E-18 
 0.00000029439               6.1624E-18 
 0.0000002944                6.14899E-18 
 0.00000029441               6.14719E-18 
 0.00000029442               6.14536E-18 
 0.00000029443               6.13444E-18 
 0.00000029444               6.10874E-18 
 0.00000029445               6.05342E-18 
 0.00000029446               5.97453E-18 
 0.00000029447               5.93773E-18 
 0.00000029448               5.95303E-18 
 0.00000029449               5.96269E-18 
 0.0000002945                5.94999E-18 
 0.00000029451               5.92385E-18 
 0.00000029452               5.89178E-18 
 0.00000029453               5.85905E-18 
 0.00000029454               5.82769E-18 
 0.00000029455               5.79744E-18 
 0.00000029456               5.76924E-18 
 0.00000029457               5.7371E-18 
 0.00000029458               5.66628E-18 
 0.00000029459               5.47891E-18 
 0.0000002946                5.05359E-18 
 0.00000029461               4.32835E-18 
 0.00000029462               3.61663E-18 
 0.00000029463               3.44008E-18 
 0.00000029464               3.86114E-18 
 0.00000029465               4.38776E-18 
 0.00000029466               4.65162E-18 
 0.00000029467               4.7823E-18 
 0.00000029468               4.91299E-18 
 0.00000029469               5.02305E-18 
 0.0000002947                5.09678E-18 
 0.00000029471               5.11967E-18 
 0.00000029472               4.99113E-18 
 0.00000029473               4.688E-18 
 0.00000029474               4.44413E-18 
 0.00000029475               4.49969E-18 
 0.00000029476               4.76624E-18 
 0.00000029477               4.99246E-18 
 0.00000029478               5.10356E-18 
 0.00000029479               5.15441E-18 
 0.0000002948                5.1784E-18 
 0.00000029481               5.17447E-18 
 0.00000029482               5.10401E-18 
 0.00000029483               4.86632E-18 
 0.00000029484               4.31543E-18 
 0.00000029485               3.45951E-18 
 0.00000029486               2.61047E-18 
 0.00000029487               2.1132E-18 
 0.00000029488               2.07191E-18 
 0.00000029489               2.45892E-18 
 0.0000002949                3.16223E-18 
 0.00000029491               3.92886E-18 
 0.00000029492               4.49841E-18 
 0.00000029493               4.80572E-18 
 0.00000029494               4.91698E-18 
 0.00000029495               4.9201E-18 
 0.00000029496               4.88782E-18 
 0.00000029497               4.85153E-18 
 0.00000029498               4.7774E-18 
 0.00000029499               4.55147E-18 
 0.000000295   4.11809E-18 
 0.00000029501               3.7246E-18 
 0.00000029502               3.70696E-18 
 0.00000029503               4.0564E-18 
 0.00000029504               4.44555E-18 
 0.00000029505               4.6515E-18 
 0.00000029506               4.71597E-18 
 0.00000029507               4.7253E-18 
 0.00000029508               4.71563E-18 
 0.00000029509               4.69826E-18 
 0.0000002951                4.67664E-18 
 0.00000029511               4.65213E-18 
 0.00000029512               4.62115E-18 
 0.00000029513               4.58713E-18 
 0.00000029514               4.55209E-18 
 0.00000029515               4.51098E-18 
 0.00000029516               4.44786E-18 
 0.00000029517               4.34479E-18 
 0.00000029518               4.1982E-18 
 0.00000029519               4.02867E-18 
 0.0000002952                3.87689E-18 
 0.00000029521               3.78384E-18 
 0.00000029522               3.77095E-18 
 0.00000029523               3.82729E-18 
 0.00000029524               3.8884E-18 
 0.00000029525               3.85041E-18 
 0.00000029526               3.62913E-18 
 0.00000029527               3.23589E-18 
 0.00000029528               2.81809E-18 
 0.00000029529               2.56416E-18 
 0.0000002953                2.57224E-18 
 0.00000029531               2.81137E-18 
 0.00000029532               3.14652E-18 
 0.00000029533               3.47075E-18 
 0.00000029534               3.78706E-18 
 0.00000029535               4.0399E-18 
 0.00000029536               4.14826E-18 
 0.00000029537               4.15533E-18 
 0.00000029538               4.12668E-18 
 0.00000029539               4.07737E-18 
 0.0000002954                4.00412E-18 
 0.00000029541               3.92312E-18 
 0.00000029542               3.86608E-18 
 0.00000029543               3.84682E-18 
 0.00000029544               3.85864E-18 
 0.00000029545               3.89164E-18 
 0.00000029546               3.93311E-18 
 0.00000029547               3.96762E-18 
 0.00000029548               3.98362E-18 
 0.00000029549               3.97967E-18 
 0.0000002955                3.96105E-18 
 0.00000029551               3.92783E-18 
 0.00000029552               3.87137E-18 
 0.00000029553               3.79614E-18 
 0.00000029554               3.73901E-18 
 0.00000029555               3.72829E-18 
 0.00000029556               3.73135E-18 
 0.00000029557               3.6877E-18 
 0.00000029558               3.59095E-18 
 0.00000029559               3.50818E-18 
 0.0000002956                3.50484E-18 
 0.00000029561               3.57526E-18 
 0.00000029562               3.63422E-18 
 0.00000029563               3.65376E-18 
 0.00000029564               3.65183E-18 
 0.00000029565               3.65378E-18 
 0.00000029566               3.65967E-18 
 0.00000029567               3.65083E-18 
 0.00000029568               3.61403E-18 
 0.00000029569               3.54732E-18 
 0.0000002957                3.42333E-18 
 0.00000029571               3.20699E-18 
 0.00000029572               3.01254E-18 
 0.00000029573               3.03577E-18 
 0.00000029574               3.24348E-18 
 0.00000029575               3.41475E-18 
 0.00000029576               3.47115E-18 
 0.00000029577               3.4817E-18 
 0.00000029578               3.48562E-18 
 0.00000029579               3.47801E-18 
 0.0000002958                3.43211E-18 
 0.00000029581               3.25923E-18 
 0.00000029582               2.83207E-18 
 0.00000029583               2.2043E-18 
 0.00000029584               1.67999E-18 
 0.00000029585               1.49384E-18 
 0.00000029586               1.68806E-18 
 0.00000029587               2.15846E-18 
 0.00000029588               2.57477E-18 
 0.00000029589               2.71724E-18 
 0.0000002959                2.80125E-18 
 0.00000029591               2.92538E-18 
 0.00000029592               2.96554E-18 
 0.00000029593               2.97862E-18 
 0.00000029594               3.10107E-18 
 0.00000029595               3.22786E-18 
 0.00000029596               3.2008E-18 
 0.00000029597               2.94241E-18 
 0.00000029598               2.40325E-18 
 0.00000029599               1.75672E-18 
 0.000000296   1.25578E-18 
 0.00000029601               9.23163E-19 
 0.00000029602               6.69886E-19 
 0.00000029603               4.87364E-19 
 0.00000029604               3.97305E-19 
 0.00000029605               3.85129E-19 
 0.00000029606               4.59045E-19 
 0.00000029607               7.28168E-19 
 0.00000029608               1.35039E-18 
 0.00000029609               2.15181E-18 
 0.0000002961                2.68456E-18 
 0.00000029611               2.91294E-18 
 0.00000029612               2.98939E-18 
 0.00000029613               2.99029E-18 
 0.00000029614               2.98595E-18 
 0.00000029615               3.01068E-18 
 0.00000029616               3.02919E-18 
 0.00000029617               3.02525E-18 
 0.00000029618               3.01242E-18 
 0.00000029619               2.99831E-18 
 0.0000002962                2.984E-18 
 0.00000029621               2.96388E-18 
 0.00000029622               2.92352E-18 
 0.00000029623               2.85979E-18 
 0.00000029624               2.80623E-18 
 0.00000029625               2.80094E-18 
 0.00000029626               2.82325E-18 
 0.00000029627               2.80692E-18 
 0.00000029628               2.72629E-18 
 0.00000029629               2.6383E-18 
 0.0000002963                2.61879E-18 
 0.00000029631               2.67248E-18 
 0.00000029632               2.73336E-18 
 0.00000029633               2.74622E-18 
 0.00000029634               2.70847E-18 
 0.00000029635               2.63672E-18 
 0.00000029636               2.53194E-18 
 0.00000029637               2.37632E-18 
 0.00000029638               2.16891E-18 
 0.00000029639               1.97441E-18 
 0.0000002964                1.89429E-18 
 0.00000029641               1.97889E-18 
 0.00000029642               2.18497E-18 
 0.00000029643               2.40382E-18 
 0.00000029644               2.55173E-18 
 0.00000029645               2.6233E-18 
 0.00000029646               2.63311E-18 
 0.00000029647               2.48083E-18 
 0.00000029648               1.92924E-18 
 0.00000029649               1.26065E-18 
 0.0000002965                1.09708E-18 
 0.00000029651               1.54801E-18 
 0.00000029652               2.22338E-18 
 0.00000029653               2.53727E-18 
 0.00000029654               2.58144E-18 
 0.00000029655               2.561E-18 
 0.00000029656               2.52132E-18 
 0.00000029657               2.49381E-18 
 0.00000029658               2.5009E-18 
 0.00000029659               2.50898E-18 
 0.0000002966                2.4995E-18 
 0.00000029661               2.49427E-18 
 0.00000029662               2.4941E-18 
 0.00000029663               2.48584E-18 
 0.00000029664               2.47258E-18 
 0.00000029665               2.46396E-18 
 0.00000029666               2.46255E-18 
 0.00000029667               2.46312E-18 
 0.00000029668               2.46004E-18 
 0.00000029669               2.45258E-18 
 0.0000002967                2.44296E-18 
 0.00000029671               2.43128E-18 
 0.00000029672               2.41443E-18 
 0.00000029673               2.38916E-18 
 0.00000029674               2.35719E-18 
 0.00000029675               2.3288E-18 
 0.00000029676               2.31642E-18 
 0.00000029677               2.32152E-18 
 0.00000029678               2.3315E-18 
 0.00000029679               2.33176E-18 
 0.0000002968                2.31788E-18 
 0.00000029681               2.29021E-18 
 0.00000029682               2.22431E-18 
 0.00000029683               2.03113E-18 
 0.00000029684               1.74661E-18 
 0.00000029685               1.66678E-18 
 0.00000029686               1.85866E-18 
 0.00000029687               2.05226E-18 
 0.00000029688               2.13719E-18 
 0.00000029689               2.18622E-18 
 0.0000002969                2.21627E-18 
 0.00000029691               2.2251E-18 
 0.00000029692               2.22062E-18 
 0.00000029693               2.20623E-18 
 0.00000029694               2.15378E-18 
 0.00000029695               1.94754E-18 
 0.00000029696               1.54856E-18 
 0.00000029697               1.32838E-18 
 0.00000029698               1.48247E-18 
 0.00000029699               1.8689E-18 
 0.000000297   2.11866E-18 
 0.00000029701               2.26025E-18 
 0.00000029702               2.26297E-18 
 0.00000029703               2.254E-18 
 0.00000029704               2.24118E-18 
 0.00000029705               2.20817E-18 
 0.00000029706               2.10611E-18 
 0.00000029707               1.85009E-18 
 0.00000029708               1.40593E-18 
 0.00000029709               9.23168E-19 
 0.0000002971                6.04073E-19 
 0.00000029711               4.93436E-19 
 0.00000029712               5.61494E-19 
 0.00000029713               8.03371E-19 
 0.00000029714               1.16753E-18 
 0.00000029715               1.45131E-18 
 0.00000029716               1.52206E-18 
 0.00000029717               1.56307E-18 
 0.00000029718               1.7354E-18 
 0.00000029719               1.94176E-18 
 0.0000002972                2.03329E-18 
 0.00000029721               2.01295E-18 
 0.00000029722               1.94911E-18 
 0.00000029723               1.90233E-18 
 0.00000029724               1.8972E-18 
 0.00000029725               1.8988E-18 
 0.00000029726               1.85685E-18 
 0.00000029727               1.77763E-18 
 0.00000029728               1.72735E-18 
 0.00000029729               1.75853E-18 
 0.0000002973                1.85056E-18 
 0.00000029731               1.93482E-18 
 0.00000029732               1.97036E-18 
 0.00000029733               1.96652E-18 
 0.00000029734               1.94859E-18 
 0.00000029735               1.93339E-18 
 0.00000029736               1.9225E-18 
 0.00000029737               1.90636E-18 
 0.00000029738               1.88E-18 
 0.00000029739               1.84756E-18 
 0.0000002974                1.79081E-18 
 0.00000029741               1.64493E-18 
 0.00000029742               1.38933E-18 
 0.00000029743               1.1565E-18 
 0.00000029744               1.09901E-18 
 0.00000029745               1.2476E-18 
 0.00000029746               1.51137E-18 
 0.00000029747               1.72448E-18 
 0.00000029748               1.79878E-18 
 0.00000029749               1.79077E-18 
 0.0000002975                1.77864E-18 
 0.00000029751               1.77485E-18 
 0.00000029752               1.6748E-18 
 0.00000029753               1.21999E-18 
 0.00000029754               5.14246E-19 
 0.00000029755               1.54089E-19 
 0.00000029756               9.09605E-20 
 0.00000029757               1.85453E-19 
 0.00000029758               5.91027E-19 
 0.00000029759               1.22354E-18 
 0.0000002976                1.55748E-18 
 0.00000029761               1.6033E-18 
 0.00000029762               1.57329E-18 
 0.00000029763               1.55028E-18 
 0.00000029764               1.53424E-18 
 0.00000029765               1.5008E-18 
 0.00000029766               1.4657E-18 
 0.00000029767               1.46087E-18 
 0.00000029768               1.49298E-18 
 0.00000029769               1.54178E-18 
 0.0000002977                1.57833E-18 
 0.00000029771               1.59388E-18 
 0.00000029772               1.60308E-18 
 0.00000029773               1.61668E-18 
 0.00000029774               1.62898E-18 
 0.00000029775               1.63114E-18 
 0.00000029776               1.62263E-18 
 0.00000029777               1.60929E-18 
 0.00000029778               1.59753E-18 
 0.00000029779               1.59094E-18 
 0.0000002978                1.58893E-18 
 0.00000029781               1.58793E-18 
 0.00000029782               1.58471E-18 
 0.00000029783               1.58008E-18 
 0.00000029784               1.57934E-18 
 0.00000029785               1.58343E-18 
 0.00000029786               1.58574E-18 
 0.00000029787               1.58482E-18 
 0.00000029788               1.58349E-18 
 0.00000029789               1.58092E-18 
 0.0000002979                1.57595E-18 
 0.00000029791               1.56778E-18 
 0.00000029792               1.55519E-18 
 0.00000029793               1.53902E-18 
 0.00000029794               1.52438E-18 
 0.00000029795               1.51716E-18 
 0.00000029796               1.51795E-18 
 0.00000029797               1.52148E-18 
 0.00000029798               1.52239E-18 
 0.00000029799               1.51931E-18 
 0.000000298   1.51312E-18 
 0.00000029801               1.50337E-18 
 0.00000029802               1.48661E-18 
 0.00000029803               1.46121E-18 
 0.00000029804               1.43563E-18 
 0.00000029805               1.42105E-18 
 0.00000029806               1.41825E-18 
 0.00000029807               1.42141E-18 
 0.00000029808               1.42699E-18 
 0.00000029809               1.4333E-18 
 0.0000002981                1.4384E-18 
 0.00000029811               1.44044E-18 
 0.00000029812               1.43894E-18 
 0.00000029813               1.43477E-18 
 0.00000029814               1.42919E-18 
 0.00000029815               1.42317E-18 
 0.00000029816               1.41741E-18 
 0.00000029817               1.41221E-18 
 0.00000029818               1.40709E-18 
 0.00000029819               1.40052E-18 
 0.0000002982                1.39063E-18 
 0.00000029821               1.37839E-18 
 0.00000029822               1.3691E-18 
 0.00000029823               1.36598E-18 
 0.00000029824               1.36589E-18 
 0.00000029825               1.36479E-18 
 0.00000029826               1.36056E-18 
 0.00000029827               1.34317E-18 
 0.00000029828               1.25744E-18 
 0.00000029829               1.00512E-18 
 0.0000002983                6.81462E-19 
 0.00000029831               5.44215E-19 
 0.00000029832               6.72569E-19 
 0.00000029833               9.84417E-19 
 0.00000029834               1.22374E-18 
 0.00000029835               1.29414E-18 
 0.00000029836               1.28937E-18 
 0.00000029837               1.26079E-18 
 0.00000029838               1.23513E-18 
 0.00000029839               1.23796E-18 
 0.0000002984                1.25185E-18 
 0.00000029841               1.24996E-18 
 0.00000029842               1.24136E-18 
 0.00000029843               1.24099E-18 
 0.00000029844               1.24217E-18 
 0.00000029845               1.23047E-18 
 0.00000029846               1.20771E-18 
 0.00000029847               1.19171E-18 
 0.00000029848               1.19442E-18 
 0.00000029849               1.20665E-18 
 0.0000002985                1.21158E-18 
 0.00000029851               1.2026E-18 
 0.00000029852               1.18219E-18 
 0.00000029853               1.1562E-18 
 0.00000029854               1.13097E-18 
 0.00000029855               1.11012E-18 
 0.00000029856               1.09442E-18 
 0.00000029857               1.0845E-18 
 0.00000029858               1.08201E-18 
 0.00000029859               1.08869E-18 
 0.0000002986                1.10395E-18 
 0.00000029861               1.12208E-18 
 0.00000029862               1.13299E-18 
 0.00000029863               1.12888E-18 
 0.00000029864               1.11179E-18 
 0.00000029865               1.0903E-18 
 0.00000029866               1.06355E-18 
 0.00000029867               1.02741E-18 
 0.00000029868               1.00237E-18 
 0.00000029869               1.01353E-18 
 0.0000002987                1.04047E-18 
 0.00000029871               1.02969E-18 
 0.00000029872               9.69206E-19 
 0.00000029873               9.12986E-19 
 0.00000029874               9.14771E-19 
 0.00000029875               9.72124E-19 
 0.00000029876               1.03723E-18 
 0.00000029877               1.07271E-18 
 0.00000029878               1.0805E-18 
 0.00000029879               1.07684E-18 
 0.0000002988                1.07053E-18 
 0.00000029881               1.06387E-18 
 0.00000029882               1.05828E-18 
 0.00000029883               1.05562E-18 
 0.00000029884               1.05559E-18 
 0.00000029885               1.05534E-18 
 0.00000029886               1.05443E-18 
 0.00000029887               1.05375E-18 
 0.00000029888               1.05172E-18 
 0.00000029889               1.04801E-18 
 0.0000002989                1.04381E-18 
 0.00000029891               1.03983E-18 
 0.00000029892               1.03586E-18 
 0.00000029893               1.03123E-18 
 0.00000029894               1.02584E-18 
 0.00000029895               1.02048E-18 
 0.00000029896               1.01474E-18 
 0.00000029897               1.00626E-18 
 0.00000029898               9.92768E-19 
 0.00000029899               9.75222E-19 
 0.000000299   9.59185E-19 
 0.00000029901               9.4993E-19 
 0.00000029902               9.44824E-19 
 0.00000029903               9.32255E-19 
 0.00000029904               8.96787E-19 
 0.00000029905               8.13895E-19 
 0.00000029906               6.52425E-19 
 0.00000029907               4.6104E-19 
 0.00000029908               3.63238E-19 
 0.00000029909               4.14638E-19 
 0.0000002991                6.05851E-19 
 0.00000029911               8.17769E-19 
 0.00000029912               9.20922E-19 
 0.00000029913               9.43498E-19 
 0.00000029914               9.43131E-19 
 0.00000029915               9.37421E-19 
 0.00000029916               9.27935E-19 
 0.00000029917               9.14272E-19 
 0.00000029918               8.98283E-19 
 0.00000029919               8.84815E-19 
 0.0000002992                8.78561E-19 
 0.00000029921               8.79906E-19 
 0.00000029922               8.84911E-19 
 0.00000029923               8.8869E-19 
 0.00000029924               8.87013E-19 
 0.00000029925               8.77999E-19 
 0.00000029926               8.67864E-19 
 0.00000029927               8.64552E-19 
 0.00000029928               8.62578E-19 
 0.00000029929               8.54283E-19 
 0.0000002993                8.44542E-19 
 0.00000029931               8.41496E-19 
 0.00000029932               8.4625E-19 
 0.00000029933               8.53861E-19 
 0.00000029934               8.59351E-19 
 0.00000029935               8.61192E-19 
 0.00000029936               8.60311E-19 
 0.00000029937               8.57676E-19 
 0.00000029938               8.50486E-19 
 0.00000029939               8.20781E-19 
 0.0000002994                7.33002E-19 
 0.00000029941               6.03443E-19 
 0.00000029942               5.33165E-19 
 0.00000029943               5.8066E-19 
 0.00000029944               6.95167E-19 
 0.00000029945               7.70691E-19 
 0.00000029946               7.86083E-19 
 0.00000029947               7.87699E-19 
 0.00000029948               7.95396E-19 
 0.00000029949               7.99738E-19 
 0.0000002995                7.91347E-19 
 0.00000029951               7.73196E-19 
 0.00000029952               7.56218E-19 
 0.00000029953               7.48649E-19 
 0.00000029954               7.48068E-19 
 0.00000029955               7.47718E-19 
 0.00000029956               7.43902E-19 
 0.00000029957               7.19066E-19 
 0.00000029958               6.29012E-19 
 0.00000029959               4.57266E-19 
 0.0000002996                2.8232E-19 
 0.00000029961               1.86444E-19 
 0.00000029962               1.76705E-19 
 0.00000029963               2.50553E-19 
 0.00000029964               4.0975E-19 
 0.00000029965               5.9136E-19 
 0.00000029966               7.05613E-19 
 0.00000029967               7.46323E-19 
 0.00000029968               7.48806E-19 
 0.00000029969               7.26318E-19 
 0.0000002997                7.03797E-19 
 0.00000029971               7.1733E-19 
 0.00000029972               7.37008E-19 
 0.00000029973               7.39897E-19 
 0.00000029974               7.37075E-19 
 0.00000029975               7.31395E-19 
 0.00000029976               7.23181E-19 
 0.00000029977               7.1587E-19 
 0.00000029978               7.13289E-19 
 0.00000029979               7.12687E-19 
 0.0000002998                7.11289E-19 
 0.00000029981               7.09451E-19 
 0.00000029982               7.07364E-19 
 0.00000029983               7.04582E-19 
 0.00000029984               7.00538E-19 
 0.00000029985               6.9555E-19 
 0.00000029986               6.91593E-19 
 0.00000029987               6.90336E-19 
 0.00000029988               6.90753E-19 
 0.00000029989               6.9052E-19 
 0.0000002999                6.8859E-19 
 0.00000029991               6.84686E-19 
 0.00000029992               6.74987E-19 
 0.00000029993               6.4811E-19 
 0.00000029994               5.88013E-19 
 0.00000029995               4.97535E-19 
 0.00000029996               4.0991E-19 
 0.00000029997               3.51798E-19 
 0.00000029998               3.18855E-19 
 0.00000029999               2.95651E-19 
 0.0000003     2.85306E-19 
