 0.000000294   8.29611E-267 
 0.00000029401               7.76039E-267 
 0.00000029402               7.09695E-267 
 0.00000029403               6.08382E-267 
 0.00000029404               5.016E-267 
 0.00000029405               4.62739E-267 
 0.00000029406               4.70957E-267 
 0.00000029407               4.63738E-267 
 0.00000029408               4.41615E-267 
 0.00000029409               4.19577E-267 
 0.0000002941                3.97159E-267 
 0.00000029411               3.75513E-267 
 0.00000029412               3.6246E-267 
 0.00000029413               3.55111E-267 
 0.00000029414               3.42764E-267 
 0.00000029415               3.24351E-267 
 0.00000029416               3.04119E-267 
 0.00000029417               2.84507E-267 
 0.00000029418               2.6633E-267 
 0.00000029419               2.49335E-267 
 0.0000002942                2.33324E-267 
 0.00000029421               2.18793E-267 
 0.00000029422               2.05923E-267 
 0.00000029423               1.94314E-267 
 0.00000029424               1.84469E-267 
 0.00000029425               1.73695E-267 
 0.00000029426               1.62775E-267 
 0.00000029427               1.51564E-267 
 0.00000029428               1.40401E-267 
 0.00000029429               1.29921E-267 
 0.0000002943                1.19699E-267 
 0.00000029431               1.08283E-267 
 0.00000029432               9.75633E-268 
 0.00000029433               9.20238E-268 
 0.00000029434               9.02437E-268 
 0.00000029435               8.7549E-268 
 0.00000029436               8.28079E-268 
 0.00000029437               7.65681E-268 
 0.00000029438               6.94761E-268 
 0.00000029439               6.27356E-268 
 0.0000002944                5.759E-268 
 0.00000029441               5.45512E-268 
 0.00000029442               5.31859E-268 
 0.00000029443               5.24173E-268 
 0.00000029444               5.12279E-268 
 0.00000029445               4.92492E-268 
 0.00000029446               4.66235E-268 
 0.00000029447               4.33079E-268 
 0.00000029448               3.82739E-268 
 0.00000029449               2.97028E-268 
 0.0000002945                1.81036E-268 
 0.00000029451               7.86327E-269 
 0.00000029452               2.41507E-269 
 0.00000029453               6.694E-270 
 0.00000029454               2.65199E-270 
 0.00000029455               2.03705E-270 
 0.00000029456               2.75159E-270 
 0.00000029457               5.06428E-270 
 0.00000029458               1.16265E-269 
 0.00000029459               3.03196E-269 
 0.0000002946                6.83896E-269 
 0.00000029461               1.10143E-268 
 0.00000029462               1.3077E-268 
 0.00000029463               1.29157E-268 
 0.00000029464               1.15606E-268 
 0.00000029465               9.62439E-269 
 0.00000029466               7.54645E-269 
 0.00000029467               5.82133E-269 
 0.00000029468               4.71309E-269 
 0.00000029469               4.21391E-269 
 0.0000002947                4.18415E-269 
 0.00000029471               4.44218E-269 
 0.00000029472               4.80046E-269 
 0.00000029473               5.14534E-269 
 0.00000029474               5.47201E-269 
 0.00000029475               5.78804E-269 
 0.00000029476               6.02023E-269 
 0.00000029477               6.05302E-269 
 0.00000029478               5.86001E-269 
 0.00000029479               5.55479E-269 
 0.0000002948                5.24876E-269 
 0.00000029481               4.94842E-269 
 0.00000029482               4.63211E-269 
 0.00000029483               4.31472E-269 
 0.00000029484               4.04437E-269 
 0.00000029485               3.85186E-269 
 0.00000029486               3.70248E-269 
 0.00000029487               3.54071E-269 
 0.00000029488               3.35333E-269 
 0.00000029489               3.15744E-269 
 0.0000002949                2.96673E-269 
 0.00000029491               2.78541E-269 
 0.00000029492               2.61278E-269 
 0.00000029493               2.44507E-269 
 0.00000029494               2.27654E-269 
 0.00000029495               2.10292E-269 
 0.00000029496               1.92407E-269 
 0.00000029497               1.73642E-269 
 0.00000029498               1.50921E-269 
 0.00000029499               1.19181E-269 
 0.000000295   8.00874E-270 
 0.00000029501               4.6899E-270 
 0.00000029502               2.87459E-270 
 0.00000029503               2.34105E-270 
 0.00000029504               2.73044E-270 
 0.00000029505               3.90974E-270 
 0.00000029506               5.53606E-270 
 0.00000029507               6.94921E-270 
 0.00000029508               7.77792E-270 
 0.00000029509               8.08788E-270 
 0.0000002951                8.00784E-270 
 0.00000029511               7.61596E-270 
 0.00000029512               7.05926E-270 
 0.00000029513               6.55731E-270 
 0.00000029514               6.21455E-270 
 0.00000029515               5.94492E-270 
 0.00000029516               5.64574E-270 
 0.00000029517               5.31562E-270 
 0.00000029518               4.99099E-270 
 0.00000029519               4.68805E-270 
 0.0000002952                4.40601E-270 
 0.00000029521               4.14289E-270 
 0.00000029522               3.89855E-270 
 0.00000029523               3.66753E-270 
 0.00000029524               3.43742E-270 
 0.00000029525               3.19714E-270 
 0.00000029526               2.93667E-270 
 0.00000029527               2.65984E-270 
 0.00000029528               2.37071E-270 
 0.00000029529               2.0164E-270 
 0.0000002953                1.45985E-270 
 0.00000029531               7.82035E-271 
 0.00000029532               3.58474E-271 
 0.00000029533               2.43574E-271 
 0.00000029534               3.43996E-271 
 0.00000029535               6.97332E-271 
 0.00000029536               1.1676E-270 
 0.00000029537               1.4068E-270 
 0.00000029538               1.41084E-270 
 0.00000029539               1.32989E-270 
 0.0000002954                1.21461E-270 
 0.00000029541               1.06563E-270 
 0.00000029542               9.04882E-271 
 0.00000029543               7.8266E-271 
 0.00000029544               7.31625E-271 
 0.00000029545               7.37454E-271 
 0.00000029546               7.48446E-271 
 0.00000029547               7.19988E-271 
 0.00000029548               6.59906E-271 
 0.00000029549               6.08421E-271 
 0.0000002955                5.86669E-271 
 0.00000029551               5.82875E-271 
 0.00000029552               5.74497E-271 
 0.00000029553               5.52732E-271 
 0.00000029554               5.22747E-271 
 0.00000029555               4.91012E-271 
 0.00000029556               4.60381E-271 
 0.00000029557               4.31435E-271 
 0.00000029558               4.03826E-271 
 0.00000029559               3.77183E-271 
 0.0000002956                3.523E-271 
 0.00000029561               3.30385E-271 
 0.00000029562               3.10661E-271 
 0.00000029563               2.91736E-271 
 0.00000029564               2.73999E-271 
 0.00000029565               2.57881E-271 
 0.00000029566               2.42593E-271 
 0.00000029567               2.27696E-271 
 0.00000029568               2.13371E-271 
 0.00000029569               1.99636E-271 
 0.0000002957                1.86153E-271 
 0.00000029571               1.72556E-271 
 0.00000029572               1.59176E-271 
 0.00000029573               1.47259E-271 
 0.00000029574               1.37741E-271 
 0.00000029575               1.30231E-271 
 0.00000029576               1.23035E-271 
 0.00000029577               1.13784E-271 
 0.00000029578               1.00939E-271 
 0.00000029579               8.74291E-272 
 0.0000002958                7.94574E-272 
 0.00000029581               7.89599E-272 
 0.00000029582               8.12996E-272 
 0.00000029583               8.11461E-272 
 0.00000029584               7.79302E-272 
 0.00000029585               7.34852E-272 
 0.00000029586               6.88062E-272 
 0.00000029587               6.40664E-272 
 0.00000029588               5.93056E-272 
 0.00000029589               5.46832E-272 
 0.0000002959                5.01945E-272 
 0.00000029591               4.59477E-272 
 0.00000029592               4.25036E-272 
 0.00000029593               4.03018E-272 
 0.00000029594               3.89911E-272 
 0.00000029595               3.76544E-272 
 0.00000029596               3.57066E-272 
 0.00000029597               3.33404E-272 
 0.00000029598               3.1087E-272 
 0.00000029599               2.92599E-272 
 0.000000296   2.77675E-272 
 0.00000029601               2.63452E-272 
 0.00000029602               2.48979E-272 
 0.00000029603               2.34673E-272 
 0.00000029604               2.20625E-272 
 0.00000029605               2.07092E-272 
 0.00000029606               1.94371E-272 
 0.00000029607               1.82283E-272 
 0.00000029608               1.70462E-272 
 0.00000029609               1.59215E-272 
 0.0000002961                1.49152E-272 
 0.00000029611               1.40191E-272 
 0.00000029612               1.31639E-272 
 0.00000029613               1.23097E-272 
 0.00000029614               1.14764E-272 
 0.00000029615               1.07113E-272 
 0.00000029616               1.00494E-272 
 0.00000029617               9.4793E-273 
 0.00000029618               8.94276E-273 
 0.00000029619               8.38589E-273 
 0.0000002962                7.8128E-273 
 0.00000029621               7.27786E-273 
 0.00000029622               6.82729E-273 
 0.00000029623               6.45652E-273 
 0.00000029624               6.11926E-273 
 0.00000029625               5.77264E-273 
 0.00000029626               5.41327E-273 
 0.00000029627               5.06719E-273 
 0.00000029628               4.74871E-273 
 0.00000029629               4.45676E-273 
 0.0000002963                4.18515E-273 
 0.00000029631               3.92901E-273 
 0.00000029632               3.64485E-273 
 0.00000029633               3.16831E-273 
 0.00000029634               2.46542E-273 
 0.00000029635               2.04002E-273 
 0.00000029636               2.16826E-273 
 0.00000029637               2.45916E-273 
 0.00000029638               2.50077E-273 
 0.00000029639               2.38426E-273 
 0.0000002964                2.24557E-273 
 0.00000029641               2.10975E-273 
 0.00000029642               1.9763E-273 
 0.00000029643               1.84496E-273 
 0.00000029644               1.71774E-273 
 0.00000029645               1.59746E-273 
 0.00000029646               1.48106E-273 
 0.00000029647               1.35854E-273 
 0.00000029648               1.22696E-273 
 0.00000029649               1.10232E-273 
 0.0000002965                1.00726E-273 
 0.00000029651               9.50287E-274 
 0.00000029652               9.23271E-274 
 0.00000029653               9.09783E-274 
 0.00000029654               8.91663E-274 
 0.00000029655               8.58843E-274 
 0.00000029656               8.14261E-274 
 0.00000029657               7.65264E-274 
 0.00000029658               7.16525E-274 
 0.00000029659               6.7033E-274 
 0.0000002966                6.26576E-274 
 0.00000029661               5.84926E-274 
 0.00000029662               5.46632E-274 
 0.00000029663               5.12844E-274 
 0.00000029664               4.83245E-274 
 0.00000029665               4.56202E-274 
 0.00000029666               4.2995E-274 
 0.00000029667               4.03544E-274 
 0.00000029668               3.7625E-274 
 0.00000029669               3.47354E-274 
 0.0000002967                3.1787E-274 
 0.00000029671               2.91356E-274 
 0.00000029672               2.70849E-274 
 0.00000029673               2.56191E-274 
 0.00000029674               2.44838E-274 
 0.00000029675               2.33325E-274 
 0.00000029676               2.19957E-274 
 0.00000029677               2.05793E-274 
 0.00000029678               1.92245E-274 
 0.00000029679               1.79816E-274 
 0.0000002968                1.6843E-274 
 0.00000029681               1.57816E-274 
 0.00000029682               1.47776E-274 
 0.00000029683               1.38397E-274 
 0.00000029684               1.29981E-274 
 0.00000029685               1.22629E-274 
 0.00000029686               1.15906E-274 
 0.00000029687               1.08481E-274 
 0.00000029688               9.69101E-275 
 0.00000029689               7.69645E-275 
 0.0000002969                5.42342E-275 
 0.00000029691               4.27088E-275 
 0.00000029692               4.6689E-275 
 0.00000029693               5.94175E-275 
 0.00000029694               6.74792E-275 
 0.00000029695               6.71893E-275 
 0.00000029696               6.36848E-275 
 0.00000029697               5.98305E-275 
 0.00000029698               5.61846E-275 
 0.00000029699               5.27724E-275 
 0.000000297   4.95512E-275 
 0.00000029701               4.64984E-275 
 0.00000029702               4.36218E-275 
 0.00000029703               4.09292E-275 
 0.00000029704               3.84068E-275 
 0.00000029705               3.60315E-275 
 0.00000029706               3.37793E-275 
 0.00000029707               3.16222E-275 
 0.00000029708               2.95603E-275 
 0.00000029709               2.76422E-275 
 0.0000002971                2.5814E-275 
 0.00000029711               2.36141E-275 
 0.00000029712               2.02575E-275 
 0.00000029713               1.60339E-275 
 0.00000029714               1.29697E-275 
 0.00000029715               1.23583E-275 
 0.00000029716               1.33807E-275 
 0.00000029717               1.36703E-275 
 0.00000029718               1.11069E-275 
 0.00000029719               5.92931E-276 
 0.0000002972                1.61014E-276 
 0.00000029721               2.01248E-277 
 0.00000029722               1.77125E-278 
 0.00000029723               2.93389E-279 
 0.00000029724               2.33188E-279 
 0.00000029725               9.78774E-279 
 0.00000029726               9.36004E-278 
 0.00000029727               7.05668E-277 
 0.00000029728               2.42675E-276 
 0.00000029729               4.18327E-276 
 0.0000002973                5.1707E-276 
 0.00000029731               5.7301E-276 
 0.00000029732               5.94927E-276 
 0.00000029733               5.85259E-276 
 0.00000029734               5.58583E-276 
 0.00000029735               5.25258E-276 
 0.00000029736               4.90044E-276 
 0.00000029737               4.56976E-276 
 0.00000029738               4.28904E-276 
 0.00000029739               4.05014E-276 
 0.0000002974                3.82458E-276 
 0.00000029741               3.59978E-276 
 0.00000029742               3.37891E-276 
 0.00000029743               3.15163E-276 
 0.00000029744               2.84936E-276 
 0.00000029745               2.34182E-276 
 0.00000029746               1.68413E-276 
 0.00000029747               1.22774E-276 
 0.00000029748               1.16073E-276 
 0.00000029749               1.39408E-276 
 0.0000002975                1.64206E-276 
 0.00000029751               1.67773E-276 
 0.00000029752               1.59005E-276 
 0.00000029753               1.51025E-276 
 0.00000029754               1.45862E-276 
 0.00000029755               1.40827E-276 
 0.00000029756               1.34608E-276 
 0.00000029757               1.27233E-276 
 0.00000029758               1.19416E-276 
 0.00000029759               1.1164E-276 
 0.0000002976                1.04292E-276 
 0.00000029761               9.75604E-277 
 0.00000029762               9.14907E-277 
 0.00000029763               8.59036E-277 
 0.00000029764               8.05905E-277 
 0.00000029765               7.56047E-277 
 0.00000029766               7.10689E-277 
 0.00000029767               6.69643E-277 
 0.00000029768               6.31971E-277 
 0.00000029769               5.96565E-277 
 0.0000002977                5.62348E-277 
 0.00000029771               5.28871E-277 
 0.00000029772               4.965E-277 
 0.00000029773               4.6581E-277 
 0.00000029774               4.36938E-277 
 0.00000029775               4.09709E-277 
 0.00000029776               3.84061E-277 
 0.00000029777               3.60056E-277 
 0.00000029778               3.37569E-277 
 0.00000029779               3.16326E-277 
 0.0000002978                2.96212E-277 
 0.00000029781               2.77232E-277 
 0.00000029782               2.59234E-277 
 0.00000029783               2.41891E-277 
 0.00000029784               2.24976E-277 
 0.00000029785               2.08541E-277 
 0.00000029786               1.92109E-277 
 0.00000029787               1.74732E-277 
 0.00000029788               1.57336E-277 
 0.00000029789               1.42598E-277 
 0.0000002979                1.32293E-277 
 0.00000029791               1.26273E-277 
 0.00000029792               1.22694E-277 
 0.00000029793               1.19272E-277 
 0.00000029794               1.14855E-277 
 0.00000029795               1.09545E-277 
 0.00000029796               1.03874E-277 
 0.00000029797               9.83272E-278 
 0.00000029798               9.28412E-278 
 0.00000029799               8.74907E-278 
 0.000000298   8.22736E-278 
 0.00000029801               7.71928E-278 
 0.00000029802               7.22959E-278 
 0.00000029803               6.7766E-278 
 0.00000029804               6.36451E-278 
 0.00000029805               5.97218E-278 
 0.00000029806               5.58787E-278 
 0.00000029807               5.2162E-278 
 0.00000029808               4.87492E-278 
 0.00000029809               4.57595E-278 
 0.0000002981                4.30819E-278 
 0.00000029811               4.0539E-278 
 0.00000029812               3.80657E-278 
 0.00000029813               3.56453E-278 
 0.00000029814               3.3191E-278 
 0.00000029815               3.05227E-278 
 0.00000029816               2.7468E-278 
 0.00000029817               2.41018E-278 
 0.00000029818               2.08758E-278 
 0.00000029819               1.83897E-278 
 0.0000002982                1.69904E-278 
 0.00000029821               1.65842E-278 
 0.00000029822               1.6735E-278 
 0.00000029823               1.68906E-278 
 0.00000029824               1.66869E-278 
 0.00000029825               1.60854E-278 
 0.00000029826               1.52457E-278 
 0.00000029827               1.43219E-278 
 0.00000029828               1.3338E-278 
 0.00000029829               1.21673E-278 
 0.0000002983                1.05869E-278 
 0.00000029831               8.42551E-279 
 0.00000029832               5.85069E-279 
 0.00000029833               3.47197E-279 
 0.00000029834               1.84737E-279 
 0.00000029835               1.00638E-279 
 0.00000029836               6.68001E-280 
 0.00000029837               6.13317E-280 
 0.00000029838               7.83749E-280 
 0.00000029839               1.24029E-279 
 0.0000002984                2.04898E-279 
 0.00000029841               3.07888E-279 
 0.00000029842               3.97233E-279 
 0.00000029843               4.45541E-279 
 0.00000029844               4.41161E-279 
 0.00000029845               2.16881E-279 
 0.00000029846               1.76159E-282 
 0.00000029847               4.64274E-297 
 0.00000029848               0 
 0.00000029849               0 
 0.0000002985               1.15652e-314
 0.00000029851               9.12771E-290 
 0.00000029852               8.60562E-281 
 0.00000029853               2.10161E-279 
 0.00000029854               2.51402E-279 
 0.00000029855               2.38189E-279 
 0.00000029856               2.22956E-279 
 0.00000029857               2.06719E-279 
 0.00000029858               1.89019E-279 
 0.00000029859               1.72433E-279 
 0.0000002986                1.60855E-279 
 0.00000029861               1.54229E-279 
 0.00000029862               1.4867E-279 
 0.00000029863               1.41618E-279 
 0.00000029864               1.33418E-279 
 0.00000029865               1.25053E-279 
 0.00000029866               1.16998E-279 
 0.00000029867               1.09406E-279 
 0.00000029868               1.02294E-279 
 0.00000029869               9.55986E-280 
 0.0000002987                8.93044E-280 
 0.00000029871               8.35257E-280 
 0.00000029872               7.8367E-280 
 0.00000029873               7.37003E-280 
 0.00000029874               6.91027E-280 
 0.00000029875               6.41225E-280 
 0.00000029876               5.89577E-280 
 0.00000029877               5.46134E-280 
 0.00000029878               5.15993E-280 
 0.00000029879               4.91544E-280 
 0.0000002988                4.63808E-280 
 0.00000029881               4.316E-280 
 0.00000029882               3.9707E-280 
 0.00000029883               3.58705E-280 
 0.00000029884               3.03289E-280 
 0.00000029885               2.08314E-280 
 0.00000029886               9.4617E-281 
 0.00000029887               2.86279E-281 
 0.00000029888               9.80999E-282 
 0.00000029889               7.84558E-282 
 0.0000002989                1.49442E-281 
 0.00000029891               2.81825E-281 
 0.00000029892               2.18147E-281 
 0.00000029893               6.74613E-282 
 0.00000029894               1.97786E-282 
 0.00000029895               1.5249E-282 
 0.00000029896               3.9138E-282 
 0.00000029897               1.67803E-281 
 0.00000029898               5.34219E-281 
 0.00000029899               9.60846E-281 
 0.000000299   1.15262E-280 
 0.00000029901               1.16024E-280 
 0.00000029902               1.11E-280 
 0.00000029903               1.051E-280 
 0.00000029904               9.9297E-281 
 0.00000029905               9.36786E-281 
 0.00000029906               8.82463E-281 
 0.00000029907               8.30127E-281 
 0.00000029908               7.79877E-281 
 0.00000029909               7.31653E-281 
 0.0000002991                6.85242E-281 
 0.00000029911               6.40125E-281 
 0.00000029912               5.93905E-281 
 0.00000029913               5.35564E-281 
 0.00000029914               4.31914E-281 
 0.00000029915               2.48051E-281 
 0.00000029916               6.70308E-282 
 0.00000029917               5.75898E-283 
 0.00000029918               1.8934E-284 
 0.00000029919               7.7842E-286 
 0.0000002992                2.09005E-286 
 0.00000029921               7.88969E-286 
 0.00000029922               1.79076E-284 
 0.00000029923               4.64469E-283 
 0.00000029924               4.44232E-282 
 0.00000029925               1.36704E-281 
 0.00000029926               2.03093E-281 
 0.00000029927               2.18404E-281 
 0.00000029928               2.10725E-281 
 0.00000029929               1.96935E-281 
 0.0000002993                1.82547E-281 
 0.00000029931               1.69664E-281 
 0.00000029932               1.58685E-281 
 0.00000029933               1.48914E-281 
 0.00000029934               1.39796E-281 
 0.00000029935               1.31257E-281 
 0.00000029936               1.23351E-281 
 0.00000029937               1.162E-281 
 0.00000029938               1.09539E-281 
 0.00000029939               1.02907E-281 
 0.0000002994                9.63668E-282 
 0.00000029941               9.02154E-282 
 0.00000029942               8.46124E-282 
 0.00000029943               7.95591E-282 
 0.00000029944               7.49323E-282 
 0.00000029945               7.05715E-282 
 0.00000029946               6.63714E-282 
 0.00000029947               6.22612E-282 
 0.00000029948               5.80302E-282 
 0.00000029949               5.2959E-282 
 0.0000002995                4.5592E-282 
 0.00000029951               3.49923E-282 
 0.00000029952               2.32997E-282 
 0.00000029953               1.44805E-282 
 0.00000029954               1.00287E-282 
 0.00000029955               9.16369E-283 
 0.00000029956               1.12121E-282 
 0.00000029957               1.57182E-282 
 0.00000029958               2.097E-282 
 0.00000029959               2.44628E-282 
 0.0000002996                2.54116E-282 
 0.00000029961               2.47396E-282 
 0.00000029962               2.34108E-282 
 0.00000029963               2.1866E-282 
 0.00000029964               2.02754E-282 
 0.00000029965               1.87979E-282 
 0.00000029966               1.75632E-282 
 0.00000029967               1.65472E-282 
 0.00000029968               1.56071E-282 
 0.00000029969               1.46413E-282 
 0.0000002997                1.36604E-282 
 0.00000029971               1.27181E-282 
 0.00000029972               1.18396E-282 
 0.00000029973               1.09993E-282 
 0.00000029974               1.01185E-282 
 0.00000029975               9.10507E-283 
 0.00000029976               7.97737E-283 
 0.00000029977               6.949E-283 
 0.00000029978               6.28723E-283 
 0.00000029979               6.08054E-283 
 0.0000002998                6.16845E-283 
 0.00000029981               6.26343E-283 
 0.00000029982               6.17904E-283 
 0.00000029983               5.93655E-283 
 0.00000029984               5.61837E-283 
 0.00000029985               5.2831E-283 
 0.00000029986               4.95156E-283 
 0.00000029987               4.62956E-283 
 0.00000029988               4.3162E-283 
 0.00000029989               4.00866E-283 
 0.0000002999                3.70677E-283 
 0.00000029991               3.41972E-283 
 0.00000029992               3.15349E-283 
 0.00000029993               2.92047E-283 
 0.00000029994               2.72227E-283 
 0.00000029995               2.55596E-283 
 0.00000029996               2.41522E-283 
 0.00000029997               2.26072E-283 
 0.00000029998               1.9186E-283 
 0.00000029999               1.20611E-283 
 0.0000003     5.82591E-284 
