 0.000000294   1.98126E-23 
 0.00000029401               1.9718E-23 
 0.00000029402               1.95924E-23 
 0.00000029403               1.94331E-23 
 0.00000029404               1.92575E-23 
 0.00000029405               1.91044E-23 
 0.00000029406               1.89874E-23 
 0.00000029407               1.88811E-23 
 0.00000029408               1.87646E-23 
 0.00000029409               1.86367E-23 
 0.0000002941                1.84858E-23 
 0.00000029411               1.82534E-23 
 0.00000029412               1.78131E-23 
 0.00000029413               1.70748E-23 
 0.00000029414               1.61389E-23 
 0.00000029415               1.52873E-23 
 0.00000029416               1.48845E-23 
 0.00000029417               1.51043E-23 
 0.00000029418               1.57388E-23 
 0.00000029419               1.63802E-23 
 0.0000002942                1.67673E-23 
 0.00000029421               1.69155E-23 
 0.00000029422               1.69607E-23 
 0.00000029423               1.69941E-23 
 0.00000029424               1.70331E-23 
 0.00000029425               1.70581E-23 
 0.00000029426               1.70461E-23 
 0.00000029427               1.69867E-23 
 0.00000029428               1.68895E-23 
 0.00000029429               1.67605E-23 
 0.0000002943                1.65959E-23 
 0.00000029431               1.63664E-23 
 0.00000029432               1.60231E-23 
 0.00000029433               1.55427E-23 
 0.00000029434               1.50608E-23 
 0.00000029435               1.47791E-23 
 0.00000029436               1.46516E-23 
 0.00000029437               1.44442E-23 
 0.00000029438               1.40872E-23 
 0.00000029439               1.37291E-23 
 0.0000002944                1.35462E-23 
 0.00000029441               1.36109E-23 
 0.00000029442               1.3854E-23 
 0.00000029443               1.4133E-23 
 0.00000029444               1.44287E-23 
 0.00000029445               1.46953E-23 
 0.00000029446               1.47134E-23 
 0.00000029447               1.44302E-23 
 0.00000029448               1.38072E-23 
 0.00000029449               1.28454E-23 
 0.0000002945                1.21828E-23 
 0.00000029451               1.25203E-23 
 0.00000029452               1.35433E-23 
 0.00000029453               1.43516E-23 
 0.00000029454               1.4641E-23 
 0.00000029455               1.46338E-23 
 0.00000029456               1.44954E-23 
 0.00000029457               1.4339E-23 
 0.00000029458               1.4253E-23 
 0.00000029459               1.42039E-23 
 0.0000002946                1.41543E-23 
 0.00000029461               1.41011E-23 
 0.00000029462               1.40437E-23 
 0.00000029463               1.40022E-23 
 0.00000029464               1.39937E-23 
 0.00000029465               1.3996E-23 
 0.00000029466               1.39718E-23 
 0.00000029467               1.39036E-23 
 0.00000029468               1.37796E-23 
 0.00000029469               1.3602E-23 
 0.0000002947                1.34272E-23 
 0.00000029471               1.33279E-23 
 0.00000029472               1.35221E-23 
 0.00000029473               1.35283E-23 
 0.00000029474               1.3531E-23 
 0.00000029475               1.35167E-23 
 0.00000029476               1.34778E-23 
 0.00000029477               1.34162E-23 
 0.00000029478               1.33398E-23 
 0.00000029479               1.32563E-23 
 0.0000002948                1.31758E-23 
 0.00000029481               1.31071E-23 
 0.00000029482               1.30463E-23 
 0.00000029483               1.29827E-23 
 0.00000029484               1.29156E-23 
 0.00000029485               1.28506E-23 
 0.00000029486               1.27861E-23 
 0.00000029487               1.27158E-23 
 0.00000029488               1.26407E-23 
 0.00000029489               1.25627E-23 
 0.0000002949                1.24723E-23 
 0.00000029491               1.23433E-23 
 0.00000029492               1.21221E-23 
 0.00000029493               1.16659E-23 
 0.00000029494               1.06744E-23 
 0.00000029495               8.70444E-24 
 0.00000029496               5.41635E-24 
 0.00000029497               2.49477E-24 
 0.00000029498               1.57777E-24 
 0.00000029499               2.48911E-24 
 0.000000295   5.70017E-24 
 0.00000029501               9.29642E-24 
 0.00000029502               1.08472E-23 
 0.00000029503               1.12501E-23 
 0.00000029504               1.13294E-23 
 0.00000029505               1.1102E-23 
 0.00000029506               9.9054E-24 
 0.00000029507               6.75503E-24 
 0.00000029508               2.85973E-24 
 0.00000029509               8.38919E-25 
 0.0000002951                3.37777E-25 
 0.00000029511               3.82814E-25 
 0.00000029512               1.09248E-24 
 0.00000029513               3.53687E-24 
 0.00000029514               7.36925E-24 
 0.00000029515               9.89097E-24 
 0.00000029516               1.06736E-23 
 0.00000029517               1.0739E-23 
 0.00000029518               1.0174E-23 
 0.00000029519               5.16474E-24 
 0.0000002952                9.98808E-27 
 0.00000029521               2.15113E-43 
 0.00000029522               5.17321E-110 
 0.00000029523               2.49866E-278 
 0.00000029524               0 
 0.00000029525               0 
 0.00000029526               0 
 0.00000029527               0 
 0.00000029528               2.41128E-173 
 0.00000029529               9.957E-65 
 0.0000002953                2.71651E-31 
 0.00000029531               1.13865E-24 
 0.00000029532               8.25684E-24 
 0.00000029533               9.72118E-24 
 0.00000029534               9.509E-24 
 0.00000029535               8.94089E-24 
 0.00000029536               8.55685E-24 
 0.00000029537               8.7594E-24 
 0.00000029538               9.22366E-24 
 0.00000029539               9.45051E-24 
 0.0000002954                9.40798E-24 
 0.00000029541               9.24305E-24 
 0.00000029542               9.03189E-24 
 0.00000029543               8.81035E-24 
 0.00000029544               8.59103E-24 
 0.00000029545               8.38027E-24 
 0.00000029546               8.19674E-24 
 0.00000029547               8.06434E-24 
 0.00000029548               8.00022E-24 
 0.00000029549               8.00571E-24 
 0.0000002955                8.04475E-24 
 0.00000029551               8.00185E-24 
 0.00000029552               7.74894E-24 
 0.00000029553               7.44896E-24 
 0.00000029554               7.50294E-24 
 0.00000029555               7.91231E-24 
 0.00000029556               8.0192E-24 
 0.00000029557               6.53239E-24 
 0.00000029558               2.57492E-24 
 0.00000029559               1.60759E-25 
 0.0000002956                4.80572E-28 
 0.00000029561               1.32554E-31 
 0.00000029562               1.65354E-34 
 0.00000029563               9.05174E-35 
 0.00000029564               3.42365E-32 
 0.00000029565               1.34992E-28 
 0.00000029566               7.49407E-26 
 0.00000029567               1.83125E-24 
 0.00000029568               5.6954E-24 
 0.00000029569               7.62083E-24 
 0.0000002957                8.04853E-24 
 0.00000029571               8.08668E-24 
 0.00000029572               8.04912E-24 
 0.00000029573               7.99552E-24 
 0.00000029574               7.94286E-24 
 0.00000029575               7.89735E-24 
 0.00000029576               7.85609E-24 
 0.00000029577               7.81602E-24 
 0.00000029578               7.77772E-24 
 0.00000029579               7.74077E-24 
 0.0000002958                7.703E-24 
 0.00000029581               7.6604E-24 
 0.00000029582               7.60434E-24 
 0.00000029583               7.51095E-24 
 0.00000029584               7.32906E-24 
 0.00000029585               7.03139E-24 
 0.00000029586               6.73531E-24 
 0.00000029587               6.64841E-24 
 0.00000029588               6.80911E-24 
 0.00000029589               7.03414E-24 
 0.0000002959                7.16076E-24 
 0.00000029591               7.1902E-24 
 0.00000029592               7.18389E-24 
 0.00000029593               7.16678E-24 
 0.00000029594               7.13497E-24 
 0.00000029595               7.08587E-24 
 0.00000029596               7.02207E-24 
 0.00000029597               6.94324E-24 
 0.00000029598               6.84051E-24 
 0.00000029599               6.69678E-24 
 0.000000296   6.48144E-24 
 0.00000029601               6.10213E-24 
 0.00000029602               5.3968E-24 
 0.00000029603               4.48583E-24 
 0.00000029604               3.91226E-24 
 0.00000029605               3.93508E-24 
 0.00000029606               4.37469E-24 
 0.00000029607               5.0511E-24 
 0.00000029608               5.68928E-24 
 0.00000029609               5.83041E-24 
 0.0000002961                5.30916E-24 
 0.00000029611               4.28703E-24 
 0.00000029612               3.12305E-24 
 0.00000029613               2.21636E-24 
 0.00000029614               1.74757E-24 
 0.00000029615               1.71E-24 
 0.00000029616               2.09105E-24 
 0.00000029617               2.88694E-24 
 0.00000029618               3.94179E-24 
 0.00000029619               4.90648E-24 
 0.0000002962                5.52653E-24 
 0.00000029621               5.83313E-24 
 0.00000029622               5.96855E-24 
 0.00000029623               6.01094E-24 
 0.00000029624               5.98007E-24 
 0.00000029625               5.87407E-24 
 0.00000029626               5.56505E-24 
 0.00000029627               4.37513E-24 
 0.00000029628               1.60491E-24 
 0.00000029629               6.83589E-26 
 0.0000002963                5.62151E-29 
 0.00000029631               1.00695E-33 
 0.00000029632               3.54286E-38 
 0.00000029633               1.9165E-39 
 0.00000029634               1.4169E-36 
 0.00000029635               1.17492E-31 
 0.00000029636               1.72209E-27 
 0.00000029637               3.37665E-25 
 0.00000029638               2.56871E-24 
 0.00000029639               4.54026E-24 
 0.0000002964                5.17778E-24 
 0.00000029641               5.37369E-24 
 0.00000029642               5.45194E-24 
 0.00000029643               5.46239E-24 
 0.00000029644               5.43262E-24 
 0.00000029645               5.38885E-24 
 0.00000029646               5.34736E-24 
 0.00000029647               5.31098E-24 
 0.00000029648               5.27582E-24 
 0.00000029649               5.23882E-24 
 0.0000002965                5.19767E-24 
 0.00000029651               5.15539E-24 
 0.00000029652               5.12292E-24 
 0.00000029653               5.10532E-24 
 0.00000029654               5.08198E-24 
 0.00000029655               5.01092E-24 
 0.00000029656               4.84884E-24 
 0.00000029657               4.58181E-24 
 0.00000029658               4.27156E-24 
 0.00000029659               4.04529E-24 
 0.0000002966                3.99384E-24 
 0.00000029661               4.08354E-24 
 0.00000029662               4.17597E-24 
 0.00000029663               4.15153E-24 
 0.00000029664               4.01188E-24 
 0.00000029665               3.85402E-24 
 0.00000029666               3.78589E-24 
 0.00000029667               3.84988E-24 
 0.00000029668               3.95678E-24 
 0.00000029669               3.85555E-24 
 0.0000002967                3.19123E-24 
 0.00000029671               1.93873E-24 
 0.00000029672               8.10827E-25 
 0.00000029673               2.91976E-25 
 0.00000029674               1.52661E-25 
 0.00000029675               1.75271E-25 
 0.00000029676               3.95355E-25 
 0.00000029677               1.06366E-24 
 0.00000029678               2.24421E-24 
 0.00000029679               3.3556E-24 
 0.0000002968                3.96233E-24 
 0.00000029681               4.20211E-24 
 0.00000029682               4.2896E-24 
 0.00000029683               4.30939E-24 
 0.00000029684               4.21058E-24 
 0.00000029685               3.72544E-24 
 0.00000029686               2.52069E-24 
 0.00000029687               1.1227E-24 
 0.00000029688               4.10692E-25 
 0.00000029689               2.42266E-25 
 0.0000002969                3.63886E-25 
 0.00000029691               9.7425E-25 
 0.00000029692               2.2905E-24 
 0.00000029693               3.50091E-24 
 0.00000029694               3.86694E-24 
 0.00000029695               3.19354E-24 
 0.00000029696               1.28441E-24 
 0.00000029697               9.67626E-26 
 0.00000029698               8.57519E-28 
 0.00000029699               5.92166E-30 
 0.000000297   1.27502E-30 
 0.00000029701               3.31085E-29 
 0.00000029702               6.28024E-27 
 0.00000029703               2.94489E-25 
 0.00000029704               1.54201E-24 
 0.00000029705               2.48808E-24 
 0.00000029706               3.04761E-24 
 0.00000029707               3.50534E-24 
 0.00000029708               3.71856E-24 
 0.00000029709               3.77426E-24 
 0.0000002971                3.78238E-24 
 0.00000029711               3.76085E-24 
 0.00000029712               3.71998E-24 
 0.00000029713               3.66654E-24 
 0.00000029714               3.6075E-24 
 0.00000029715               3.5559E-24 
 0.00000029716               3.5206E-24 
 0.00000029717               3.4987E-24 
 0.00000029718               3.48484E-24 
 0.00000029719               3.47875E-24 
 0.0000002972                3.48003E-24 
 0.00000029721               3.48386E-24 
 0.00000029722               3.47907E-24 
 0.00000029723               3.44646E-24 
 0.00000029724               3.36625E-24 
 0.00000029725               3.05532E-24 
 0.00000029726               1.81429E-24 
 0.00000029727               2.24589E-25 
 0.00000029728               5.66988E-28 
 0.00000029729               3.20073E-33 
 0.0000002973                2.46063E-40 
 0.00000029731               8.20749E-46 
 0.00000029732               6.94054E-46 
 0.00000029733               1.67882E-40 
 0.00000029734               2.20372E-33 
 0.00000029735               4.42082E-28 
 0.00000029736               1.9361E-25 
 0.00000029737               1.61623E-24 
 0.00000029738               2.68201E-24 
 0.00000029739               2.84333E-24 
 0.0000002974                2.81254E-24 
 0.00000029741               2.83378E-24 
 0.00000029742               2.91338E-24 
 0.00000029743               2.99731E-24 
 0.00000029744               3.04581E-24 
 0.00000029745               3.05791E-24 
 0.00000029746               3.05142E-24 
 0.00000029747               3.03635E-24 
 0.00000029748               3.01149E-24 
 0.00000029749               2.9816E-24 
 0.0000002975                2.96352E-24 
 0.00000029751               2.9611E-24 
 0.00000029752               2.95877E-24 
 0.00000029753               2.94749E-24 
 0.00000029754               2.93066E-24 
 0.00000029755               2.91721E-24 
 0.00000029756               2.91857E-24 
 0.00000029757               2.92934E-24 
 0.00000029758               2.93071E-24 
 0.00000029759               2.91534E-24 
 0.0000002976                2.88743E-24 
 0.00000029761               2.85211E-24 
 0.00000029762               2.81406E-24 
 0.00000029763               2.77573E-24 
 0.00000029764               2.70394E-24 
 0.00000029765               2.25455E-24 
 0.00000029766               8.15415E-25 
 0.00000029767               4.77334E-26 
 0.00000029768               2.06232E-27 
 0.00000029769               3.08341E-27 
 0.0000002977                8.46554E-26 
 0.00000029771               9.26628E-25 
 0.00000029772               1.93443E-24 
 0.00000029773               2.24787E-24 
 0.00000029774               2.43321E-24 
 0.00000029775               2.5729E-24 
 0.00000029776               2.63153E-24 
 0.00000029777               2.63921E-24 
 0.00000029778               2.62506E-24 
 0.00000029779               2.6004E-24 
 0.0000002978                2.57566E-24 
 0.00000029781               2.56448E-24 
 0.00000029782               2.56307E-24 
 0.00000029783               2.55878E-24 
 0.00000029784               2.54863E-24 
 0.00000029785               2.53255E-24 
 0.00000029786               2.5067E-24 
 0.00000029787               2.47109E-24 
 0.00000029788               2.43987E-24 
 0.00000029789               2.40923E-24 
 0.0000002979                2.33214E-24 
 0.00000029791               2.18313E-24 
 0.00000029792               1.98873E-24 
 0.00000029793               1.79853E-24 
 0.00000029794               1.6215E-24 
 0.00000029795               1.45914E-24 
 0.00000029796               1.34434E-24 
 0.00000029797               1.3055E-24 
 0.00000029798               1.34961E-24 
 0.00000029799               1.46798E-24 
 0.000000298   1.6372E-24 
 0.00000029801               1.8215E-24 
 0.00000029802               1.98232E-24 
 0.00000029803               2.09175E-24 
 0.00000029804               2.14382E-24 
 0.00000029805               2.14648E-24 
 0.00000029806               2.10135E-24 
 0.00000029807               2.02824E-24 
 0.00000029808               1.95936E-24 
 0.00000029809               1.88078E-24 
 0.0000002981                1.77674E-24 
 0.00000029811               1.67209E-24 
 0.00000029812               1.59372E-24 
 0.00000029813               1.53984E-24 
 0.00000029814               1.49802E-24 
 0.00000029815               1.46654E-24 
 0.00000029816               1.44922E-24 
 0.00000029817               1.44931E-24 
 0.00000029818               1.46801E-24 
 0.00000029819               1.50207E-24 
 0.0000002982                1.54661E-24 
 0.00000029821               1.59787E-24 
 0.00000029822               1.6522E-24 
 0.00000029823               1.70519E-24 
 0.00000029824               1.75289E-24 
 0.00000029825               1.79329E-24 
 0.00000029826               1.82661E-24 
 0.00000029827               1.85475E-24 
 0.00000029828               1.87978E-24 
 0.00000029829               1.90156E-24 
 0.0000002983                1.9181E-24 
 0.00000029831               1.92831E-24 
 0.00000029832               1.93254E-24 
 0.00000029833               1.93099E-24 
 0.00000029834               1.92248E-24 
 0.00000029835               1.90274E-24 
 0.00000029836               1.85883E-24 
 0.00000029837               1.76946E-24 
 0.00000029838               1.63189E-24 
 0.00000029839               1.49139E-24 
 0.0000002984                1.41658E-24 
 0.00000029841               1.44418E-24 
 0.00000029842               1.55291E-24 
 0.00000029843               1.67359E-24 
 0.00000029844               1.72182E-24 
 0.00000029845               1.60512E-24 
 0.00000029846               1.23175E-24 
 0.00000029847               6.86906E-25 
 0.00000029848               2.80705E-25 
 0.00000029849               1.21655E-25 
 0.0000002985                1.02974E-25 
 0.00000029851               2.01485E-25 
 0.00000029852               5.29304E-25 
 0.00000029853               1.06706E-24 
 0.00000029854               1.48929E-24 
 0.00000029855               1.66525E-24 
 0.00000029856               1.70709E-24 
 0.00000029857               1.70587E-24 
 0.00000029858               1.68383E-24 
 0.00000029859               1.62411E-24 
 0.0000002986                1.49897E-24 
 0.00000029861               1.31557E-24 
 0.00000029862               1.15144E-24 
 0.00000029863               1.10836E-24 
 0.00000029864               1.22075E-24 
 0.00000029865               1.40966E-24 
 0.00000029866               1.54509E-24 
 0.00000029867               1.59121E-24 
 0.00000029868               1.59345E-24 
 0.00000029869               1.56132E-24 
 0.0000002987                1.37205E-24 
 0.00000029871               7.06536E-25 
 0.00000029872               4.99154E-26 
 0.00000029873               1.91414E-29 
 0.00000029874               1.02286E-36 
 0.00000029875               2.81286E-47 
 0.00000029876               1.91367E-56 
 0.00000029877               3.55985E-58 
 0.00000029878               3.50423E-51 
 0.00000029879               2.12982E-40 
 0.0000002988                1.22353E-31 
 0.00000029881               6.13305E-27 
 0.00000029882               3.64526E-25 
 0.00000029883               1.10786E-24 
 0.00000029884               1.37905E-24 
 0.00000029885               1.42119E-24 
 0.00000029886               1.42449E-24 
 0.00000029887               1.4242E-24 
 0.00000029888               1.42329E-24 
 0.00000029889               1.42116E-24 
 0.0000002989                1.4172E-24 
 0.00000029891               1.41136E-24 
 0.00000029892               1.4036E-24 
 0.00000029893               1.38435E-24 
 0.00000029894               1.18826E-24 
 0.00000029895               1.86199E-25 
 0.00000029896               3.0595E-32 
 0.00000029897               2.35456E-70 
 0.00000029898               1.27873E-210 
 0.00000029899               0 
 0.000000299   0 
 0.00000029901               0 
 0.00000029902               0 
 0.00000029903               0 
 0.00000029904               7.0477E-277 
 0.00000029905               2.65966E-93 
 0.00000029906               2.52481E-37 
 0.00000029907               3.26366E-26 
 0.00000029908               9.41605E-25 
 0.00000029909               1.25901E-24 
 0.0000002991                1.26969E-24 
 0.00000029911               1.25012E-24 
 0.00000029912               1.21591E-24 
 0.00000029913               1.16732E-24 
 0.00000029914               1.10966E-24 
 0.00000029915               1.04979E-24 
 0.00000029916               9.90829E-25 
 0.00000029917               9.40316E-25 
 0.00000029918               9.27412E-25 
 0.00000029919               9.62654E-25 
 0.0000002992                9.94716E-25 
 0.00000029921               9.85829E-25 
 0.00000029922               9.56468E-25 
 0.00000029923               9.30517E-25 
 0.00000029924               9.17155E-25 
 0.00000029925               9.19952E-25 
 0.00000029926               9.37872E-25 
 0.00000029927               9.66232E-25 
 0.00000029928               1.0001E-24 
 0.00000029929               1.0347E-24 
 0.0000002993                1.06505E-24 
 0.00000029931               1.08768E-24 
 0.00000029932               1.1017E-24 
 0.00000029933               1.10718E-24 
 0.00000029934               1.10194E-24 
 0.00000029935               1.07667E-24 
 0.00000029936               1.01276E-24 
 0.00000029937               8.91141E-25 
 0.00000029938               6.96302E-25 
 0.00000029939               4.29341E-25 
 0.0000002994                2.05685E-25 
 0.00000029941               1.24708E-25 
 0.00000029942               1.59237E-25 
 0.00000029943               2.96095E-25 
 0.00000029944               4.50582E-25 
 0.00000029945               5.39588E-25 
 0.00000029946               4.72378E-25 
 0.00000029947               8.80737E-26 
 0.00000029948               2.27142E-28 
 0.00000029949               1.74964E-32 
 0.0000002995                3.86281E-34 
 0.00000029951               3.56558E-31 
 0.00000029952               3.20597E-27 
 0.00000029953               2.81971E-25 
 0.00000029954               8.46688E-25 
 0.00000029955               9.76894E-25 
 0.00000029956               9.77536E-25 
 0.00000029957               9.68418E-25 
 0.00000029958               9.63508E-25 
 0.00000029959               9.57438E-25 
 0.0000002996                9.42037E-25 
 0.00000029961               9.14665E-25 
 0.00000029962               8.89419E-25 
 0.00000029963               8.88131E-25 
 0.00000029964               9.0601E-25 
 0.00000029965               9.19729E-25 
 0.00000029966               9.22001E-25 
 0.00000029967               9.17383E-25 
 0.00000029968               9.075E-25 
 0.00000029969               8.93686E-25 
 0.0000002997                8.80068E-25 
 0.00000029971               8.70492E-25 
 0.00000029972               8.66992E-25 
 0.00000029973               8.6733E-25 
 0.00000029974               8.66123E-25 
 0.00000029975               8.59844E-25 
 0.00000029976               8.48198E-25 
 0.00000029977               8.32978E-25 
 0.00000029978               8.17788E-25 
 0.00000029979               8.0711E-25 
 0.0000002998                8.03462E-25 
 0.00000029981               8.05704E-25 
 0.00000029982               8.10711E-25 
 0.00000029983               8.15825E-25 
 0.00000029984               8.19263E-25 
 0.00000029985               8.19334E-25 
 0.00000029986               8.14544E-25 
 0.00000029987               8.04727E-25 
 0.00000029988               7.91795E-25 
 0.00000029989               7.79041E-25 
 0.0000002999                7.69452E-25 
 0.00000029991               7.6473E-25 
 0.00000029992               7.65276E-25 
 0.00000029993               7.68557E-25 
 0.00000029994               7.67766E-25 
 0.00000029995               7.56709E-25 
 0.00000029996               7.37461E-25 
 0.00000029997               7.19931E-25 
 0.00000029998               7.13637E-25 
 0.00000029999               7.20857E-25 
 0.0000003     7.35864E-25 
