 0.000000294   0.0305131 
 0.00000029401               0.0317015 
 0.00000029402               0.0316102 
 0.00000029403               0.0309199 
 0.00000029404               0.0299118 
 0.00000029405               0.028804 
 0.00000029406               0.0277877 
 0.00000029407               0.0268478 
 0.00000029408               0.0258385 
 0.00000029409               0.0249658 
 0.0000002941                0.0249818 
 0.00000029411               0.0263772 
 0.00000029412               0.0286667 
 0.00000029413               0.030711 
 0.00000029414               0.0318015 
 0.00000029415               0.0320312 
 0.00000029416               0.0317509 
 0.00000029417               0.0312207 
 0.00000029418               0.0306814 
 0.00000029419               0.0304103 
 0.0000002942                0.0302689 
 0.00000029421               0.0291221 
 0.00000029422               0.0265635 
 0.00000029423               0.0253827 
 0.00000029424               0.0274495 
 0.00000029425               0.0303472 
 0.00000029426               0.0317062 
 0.00000029427               0.0320471 
 0.00000029428               0.0321334 
 0.00000029429               0.0317274 
 0.0000002943                0.0278441 
 0.00000029431               0.014287 
 0.00000029432               0.0019709 
 0.00000029433               0.0000946069 
 0.00000029434               0.0000189408 
 0.00000029435               0.0000966818 
 0.00000029436               0.0020105 
 0.00000029437               0.0143907 
 0.00000029438               0.0280987 
 0.00000029439               0.0319937 
 0.0000002944                0.0324638 
 0.00000029441               0.0324781 
 0.00000029442               0.0324519 
 0.00000029443               0.0324189 
 0.00000029444               0.0323884 
 0.00000029445               0.0323619 
 0.00000029446               0.0323195 
 0.00000029447               0.0322097 
 0.00000029448               0.0320263 
 0.00000029449               0.0319129 
 0.0000002945                0.0320042 
 0.00000029451               0.0321916 
 0.00000029452               0.0322209 
 0.00000029453               0.0317917 
 0.00000029454               0.0304486 
 0.00000029455               0.028078 
 0.00000029456               0.0258512 
 0.00000029457               0.0254592 
 0.00000029458               0.0272345 
 0.00000029459               0.0297481 
 0.0000002946                0.0313825 
 0.00000029461               0.0318874 
 0.00000029462               0.0318548 
 0.00000029463               0.0317666 
 0.00000029464               0.0318074 
 0.00000029465               0.0319441 
 0.00000029466               0.0320333 
 0.00000029467               0.0319275 
 0.00000029468               0.0315381 
 0.00000029469               0.0308713 
 0.0000002947                0.0299595 
 0.00000029471               0.028768 
 0.00000029472               0.0276435 
 0.00000029473               0.0274088 
 0.00000029474               0.0280334 
 0.00000029475               0.0284837 
 0.00000029476               0.0285084 
 0.00000029477               0.028596 
 0.00000029478               0.0288863 
 0.00000029479               0.0294217 
 0.0000002948                0.0301827 
 0.00000029481               0.030847 
 0.00000029482               0.0312707 
 0.00000029483               0.0315829 
 0.00000029484               0.0317669 
 0.00000029485               0.0317031 
 0.00000029486               0.0311863 
 0.00000029487               0.0297535 
 0.00000029488               0.0265581 
 0.00000029489               0.0206676 
 0.0000002949                0.0132265 
 0.00000029491               0.00770049 
 0.00000029492               0.00553597 
 0.00000029493               0.00632274 
 0.00000029494               0.0104738 
 0.00000029495               0.0180081 
 0.00000029496               0.0254533 
 0.00000029497               0.0294272 
 0.00000029498               0.0304677 
 0.00000029499               0.0302029 
 0.000000295   0.0294823 
 0.00000029501               0.0285949 
 0.00000029502               0.0273891 
 0.00000029503               0.0258726 
 0.00000029504               0.025346 
 0.00000029505               0.0266112 
 0.00000029506               0.0282608 
 0.00000029507               0.0293122 
 0.00000029508               0.0300173 
 0.00000029509               0.0305843 
 0.0000002951                0.0310339 
 0.00000029511               0.0313302 
 0.00000029512               0.0314168 
 0.00000029513               0.031278 
 0.00000029514               0.0310179 
 0.00000029515               0.0307639 
 0.00000029516               0.0305175 
 0.00000029517               0.030309 
 0.00000029518               0.0302091 
 0.00000029519               0.0300987 
 0.0000002952                0.029759 
 0.00000029521               0.0291497 
 0.00000029522               0.028661 
 0.00000029523               0.0285584 
 0.00000029524               0.0279316 
 0.00000029525               0.0259484 
 0.00000029526               0.0243858 
 0.00000029527               0.02539 
 0.00000029528               0.0281314 
 0.00000029529               0.0301096 
 0.0000002953                0.0305741 
 0.00000029531               0.0303752 
 0.00000029532               0.0302821 
 0.00000029533               0.0305363 
 0.00000029534               0.0309347 
 0.00000029535               0.0312083 
 0.00000029536               0.0312877 
 0.00000029537               0.0312341 
 0.00000029538               0.0311669 
 0.00000029539               0.0311972 
 0.0000002954                0.0313035 
 0.00000029541               0.031387 
 0.00000029542               0.0314186 
 0.00000029543               0.0314283 
 0.00000029544               0.0314187 
 0.00000029545               0.0313407 
 0.00000029546               0.0310885 
 0.00000029547               0.0304175 
 0.00000029548               0.028909 
 0.00000029549               0.0263807 
 0.0000002955                0.0234971 
 0.00000029551               0.0215172 
 0.00000029552               0.02134 
 0.00000029553               0.0229821 
 0.00000029554               0.0255656 
 0.00000029555               0.0277903 
 0.00000029556               0.0288838 
 0.00000029557               0.0289707 
 0.00000029558               0.0285548 
 0.00000029559               0.028054 
 0.0000002956                0.0277295 
 0.00000029561               0.0277093 
 0.00000029562               0.0279497 
 0.00000029563               0.0282087 
 0.00000029564               0.0280295 
 0.00000029565               0.0267351 
 0.00000029566               0.0236869 
 0.00000029567               0.0189814 
 0.00000029568               0.0138455 
 0.00000029569               0.00977647 
 0.0000002957                0.0074336 
 0.00000029571               0.00672974 
 0.00000029572               0.00751638 
 0.00000029573               0.00987171 
 0.00000029574               0.0138274 
 0.00000029575               0.0188135 
 0.00000029576               0.0235992 
 0.00000029577               0.0271474 
 0.00000029578               0.0292402 
 0.00000029579               0.0301734 
 0.0000002958                0.0303615 
 0.00000029581               0.0301895 
 0.00000029582               0.0299593 
 0.00000029583               0.0298221 
 0.00000029584               0.0298413 
 0.00000029585               0.0299196 
 0.00000029586               0.0299693 
 0.00000029587               0.03003 
 0.00000029588               0.0300944 
 0.00000029589               0.0299791 
 0.0000002959                0.0295487 
 0.00000029591               0.0289708 
 0.00000029592               0.0286294 
 0.00000029593               0.028774 
 0.00000029594               0.0292633 
 0.00000029595               0.0297157 
 0.00000029596               0.0298874 
 0.00000029597               0.0298208 
 0.00000029598               0.029682 
 0.00000029599               0.0294491 
 0.000000296   0.0288867 
 0.00000029601               0.0281329 
 0.00000029602               0.027905 
 0.00000029603               0.0284777 
 0.00000029604               0.029296 
 0.00000029605               0.0298993 
 0.00000029606               0.030198 
 0.00000029607               0.0303014 
 0.00000029608               0.0304016 
 0.00000029609               0.0305316 
 0.0000002961                0.0306242 
 0.00000029611               0.0306582 
 0.00000029612               0.0306498 
 0.00000029613               0.030585 
 0.00000029614               0.0303859 
 0.00000029615               0.0299895 
 0.00000029616               0.0295527 
 0.00000029617               0.029319 
 0.00000029618               0.0293429 
 0.00000029619               0.0294186 
 0.0000002962                0.0295029 
 0.00000029621               0.0297327 
 0.00000029622               0.0300542 
 0.00000029623               0.0302327 
 0.00000029624               0.0301853 
 0.00000029625               0.0301035 
 0.00000029626               0.0301749 
 0.00000029627               0.0303362 
 0.00000029628               0.0303752 
 0.00000029629               0.0300478 
 0.0000002963                0.0291328 
 0.00000029631               0.0279134 
 0.00000029632               0.0273269 
 0.00000029633               0.0278636 
 0.00000029634               0.0288706 
 0.00000029635               0.0295357 
 0.00000029636               0.0297881 
 0.00000029637               0.0299069 
 0.00000029638               0.0300134 
 0.00000029639               0.0300866 
 0.0000002964                0.0301104 
 0.00000029641               0.0301053 
 0.00000029642               0.0300688 
 0.00000029643               0.0299695 
 0.00000029644               0.0298145 
 0.00000029645               0.029646 
 0.00000029646               0.0291401 
 0.00000029647               0.0254217 
 0.00000029648               0.0124139 
 0.00000029649               0.00145404 
 0.0000002965                0.0000495475 
 0.00000029651               0.00000708664 
 0.00000029652               0.0000352417 
 0.00000029653               0.000987989 
 0.00000029654               0.0100627 
 0.00000029655               0.0236147 
 0.00000029656               0.0281249 
 0.00000029657               0.0283992 
 0.00000029658               0.0285593 
 0.00000029659               0.0290372 
 0.0000002966                0.0296643 
 0.00000029661               0.0300628 
 0.00000029662               0.0303501 
 0.00000029663               0.030501 
 0.00000029664               0.0305213 
 0.00000029665               0.0304149 
 0.00000029666               0.0301141 
 0.00000029667               0.0295721 
 0.00000029668               0.0290536 
 0.00000029669               0.0290241 
 0.0000002967                0.0295213 
 0.00000029671               0.0300753 
 0.00000029672               0.0303647 
 0.00000029673               0.030445 
 0.00000029674               0.0304466 
 0.00000029675               0.030413 
 0.00000029676               0.030333 
 0.00000029677               0.0301718 
 0.00000029678               0.0298566 
 0.00000029679               0.0292318 
 0.0000002968                0.0280042 
 0.00000029681               0.025751 
 0.00000029682               0.0221575 
 0.00000029683               0.0174681 
 0.00000029684               0.0126439 
 0.00000029685               0.00876821 
 0.00000029686               0.00632756 
 0.00000029687               0.00522821 
 0.00000029688               0.00527362 
 0.00000029689               0.00647887 
 0.0000002969                0.00906036 
 0.00000029691               0.0131086 
 0.00000029692               0.0180993 
 0.00000029693               0.0228634 
 0.00000029694               0.026385 
 0.00000029695               0.0284521 
 0.00000029696               0.0294589 
 0.00000029697               0.0298824 
 0.00000029698               0.0300187 
 0.00000029699               0.0299799 
 0.000000297   0.0297385 
 0.00000029701               0.0292418 
 0.00000029702               0.0285701 
 0.00000029703               0.0279444 
 0.00000029704               0.0275407 
 0.00000029705               0.0273585 
 0.00000029706               0.0273177 
 0.00000029707               0.0273975 
 0.00000029708               0.0276326 
 0.00000029709               0.0280229 
 0.0000002971                0.0284771 
 0.00000029711               0.0288067 
 0.00000029712               0.0288667 
 0.00000029713               0.0288402 
 0.00000029714               0.0290785 
 0.00000029715               0.0295271 
 0.00000029716               0.0298306 
 0.00000029717               0.0297963 
 0.00000029718               0.0294797 
 0.00000029719               0.0291826 
 0.0000002972                0.0288591 
 0.00000029721               0.0284175 
 0.00000029722               0.0282749 
 0.00000029723               0.0285386 
 0.00000029724               0.0287089 
 0.00000029725               0.0282319 
 0.00000029726               0.0271714 
 0.00000029727               0.0263112 
 0.00000029728               0.0264014 
 0.00000029729               0.0273867 
 0.0000002973                0.0285436 
 0.00000029731               0.0293158 
 0.00000029732               0.0296377 
 0.00000029733               0.0297023 
 0.00000029734               0.0296463 
 0.00000029735               0.029511 
 0.00000029736               0.0292354 
 0.00000029737               0.0286925 
 0.00000029738               0.0277735 
 0.00000029739               0.026456 
 0.0000002974                0.0247368 
 0.00000029741               0.02289 
 0.00000029742               0.0219763 
 0.00000029743               0.0221592 
 0.00000029744               0.0223437 
 0.00000029745               0.0226445 
 0.00000029746               0.0241473 
 0.00000029747               0.0263534 
 0.00000029748               0.0278983 
 0.00000029749               0.0287093 
 0.0000002975                0.0291667 
 0.00000029751               0.02938 
 0.00000029752               0.0293608 
 0.00000029753               0.029117 
 0.00000029754               0.0286991 
 0.00000029755               0.0282603 
 0.00000029756               0.0279778 
 0.00000029757               0.0278803 
 0.00000029758               0.0278603 
 0.00000029759               0.0278736 
 0.0000002976                0.0279735 
 0.00000029761               0.0281712 
 0.00000029762               0.0284249 
 0.00000029763               0.0286955 
 0.00000029764               0.0289186 
 0.00000029765               0.0288687 
 0.00000029766               0.0271539 
 0.00000029767               0.01788 
 0.00000029768               0.00244091 
 0.00000029769               0.00000267471 
 0.0000002977                1.83928E-13 
 0.00000029771               3.12411E-25 
 0.00000029772               4.70249E-37 
 0.00000029773               3.65592E-41 
 0.00000029774               2.30355E-34 
 0.00000029775               8.18419E-22 
 0.00000029776               4.74076E-11 
 0.00000029777               0.0000353003 
 0.00000029778               0.00559052 
 0.00000029779               0.0213548 
 0.0000002978                0.027428 
 0.00000029781               0.0282528 
 0.00000029782               0.0282712 
 0.00000029783               0.0283039 
 0.00000029784               0.0283647 
 0.00000029785               0.0283376 
 0.00000029786               0.0281545 
 0.00000029787               0.0278316 
 0.00000029788               0.0274181 
 0.00000029789               0.0269823 
 0.0000002979                0.0266201 
 0.00000029791               0.0264324 
 0.00000029792               0.0264767 
 0.00000029793               0.0267118 
 0.00000029794               0.0269241 
 0.00000029795               0.0267115 
 0.00000029796               0.0257949 
 0.00000029797               0.0245936 
 0.00000029798               0.0241056 
 0.00000029799               0.0248994 
 0.000000298   0.0265168 
 0.00000029801               0.0279803 
 0.00000029802               0.0287781 
 0.00000029803               0.0290556 
 0.00000029804               0.0291052 
 0.00000029805               0.029082 
 0.00000029806               0.0290373 
 0.00000029807               0.028998 
 0.00000029808               0.0289856 
 0.00000029809               0.0290006 
 0.0000002981                0.0289972 
 0.00000029811               0.0289739 
 0.00000029812               0.0289503 
 0.00000029813               0.0288983 
 0.00000029814               0.0287963 
 0.00000029815               0.028675 
 0.00000029816               0.0285674 
 0.00000029817               0.0284785 
 0.00000029818               0.0284061 
 0.00000029819               0.0283807 
 0.0000002982                0.0284454 
 0.00000029821               0.0285904 
 0.00000029822               0.0287482 
 0.00000029823               0.0288581 
 0.00000029824               0.0289069 
 0.00000029825               0.0289136 
 0.00000029826               0.0289003 
 0.00000029827               0.0288793 
 0.00000029828               0.0288507 
 0.00000029829               0.0287938 
 0.0000002983                0.0286666 
 0.00000029831               0.0284373 
 0.00000029832               0.0281414 
 0.00000029833               0.0278897 
 0.00000029834               0.0277802 
 0.00000029835               0.0277837 
 0.00000029836               0.0277684 
 0.00000029837               0.0276636 
 0.00000029838               0.0275758 
 0.00000029839               0.0276709 
 0.0000002984                0.0279265 
 0.00000029841               0.0281396 
 0.00000029842               0.0281672 
 0.00000029843               0.0279842 
 0.00000029844               0.0275685 
 0.00000029845               0.0268547 
 0.00000029846               0.0258088 
 0.00000029847               0.0245272 
 0.00000029848               0.0232339 
 0.00000029849               0.0221882 
 0.0000002985                0.0215534 
 0.00000029851               0.0209605 
 0.00000029852               0.0175241 
 0.00000029853               0.00760783 
 0.00000029854               0.00109075 
 0.00000029855               0.000161528 
 0.00000029856               0.000214273 
 0.00000029857               0.0018462 
 0.00000029858               0.0111078 
 0.00000029859               0.022023 
 0.0000002986                0.0251623 
 0.00000029861               0.0254258 
 0.00000029862               0.0253607 
 0.00000029863               0.0249335 
 0.00000029864               0.0226707 
 0.00000029865               0.0161993 
 0.00000029866               0.00755994 
 0.00000029867               0.00267974 
 0.00000029868               0.00143324 
 0.00000029869               0.00202456 
 0.0000002987                0.00549595 
 0.00000029871               0.0134887 
 0.00000029872               0.0214721 
 0.00000029873               0.0252048 
 0.00000029874               0.0263696 
 0.00000029875               0.0268162 
 0.00000029876               0.0271082 
 0.00000029877               0.0273352 
 0.00000029878               0.0274773 
 0.00000029879               0.027521 
 0.0000002988                0.0275167 
 0.00000029881               0.0275244 
 0.00000029882               0.0275394 
 0.00000029883               0.0275111 
 0.00000029884               0.0273809 
 0.00000029885               0.027194 
 0.00000029886               0.0270613 
 0.00000029887               0.0269657 
 0.00000029888               0.0268075 
 0.00000029889               0.0265592 
 0.0000002989                0.0262615 
 0.00000029891               0.0259853 
 0.00000029892               0.025726 
 0.00000029893               0.0252815 
 0.00000029894               0.0243186 
 0.00000029895               0.0226139 
 0.00000029896               0.0205814 
 0.00000029897               0.0192709 
 0.00000029898               0.0191635 
 0.00000029899               0.0192273 
 0.000000299   0.0177286 
 0.00000029901               0.0148746 
 0.00000029902               0.0127913 
 0.00000029903               0.0129651 
 0.00000029904               0.0156687 
 0.00000029905               0.0200292 
 0.00000029906               0.0240722 
 0.00000029907               0.0264169 
 0.00000029908               0.0272047 
 0.00000029909               0.0269878 
 0.0000002991                0.026048 
 0.00000029911               0.0247226 
 0.00000029912               0.0237671 
 0.00000029913               0.0238673 
 0.00000029914               0.0248515 
 0.00000029915               0.0259863 
 0.00000029916               0.026784 
 0.00000029917               0.0267817 
 0.00000029918               0.0251342 
 0.00000029919               0.0217826 
 0.0000002992                0.0190624 
 0.00000029921               0.0193139 
 0.00000029922               0.0221311 
 0.00000029923               0.0248918 
 0.00000029924               0.0261096 
 0.00000029925               0.0265356 
 0.00000029926               0.026876 
 0.00000029927               0.0271633 
 0.00000029928               0.0272919 
 0.00000029929               0.0272653 
 0.0000002993                0.0268814 
 0.00000029931               0.0264148 
 0.00000029932               0.026245 
 0.00000029933               0.0265474 
 0.00000029934               0.0270909 
 0.00000029935               0.0275364 
 0.00000029936               0.027752 
 0.00000029937               0.0277487 
 0.00000029938               0.0275319 
 0.00000029939               0.0271775 
 0.0000002994                0.0269192 
 0.00000029941               0.026948 
 0.00000029942               0.0272046 
 0.00000029943               0.0274701 
 0.00000029944               0.0275305 
 0.00000029945               0.027304 
 0.00000029946               0.0269884 
 0.00000029947               0.0269253 
 0.00000029948               0.0271651 
 0.00000029949               0.0273915 
 0.0000002995                0.0273363 
 0.00000029951               0.027013 
 0.00000029952               0.0265473 
 0.00000029953               0.0259706 
 0.00000029954               0.0253677 
 0.00000029955               0.024983 
 0.00000029956               0.0249767 
 0.00000029957               0.0251539 
 0.00000029958               0.0250264 
 0.00000029959               0.0246202 
 0.0000002996                0.0248046 
 0.00000029961               0.0257719 
 0.00000029962               0.026657 
 0.00000029963               0.0270421 
 0.00000029964               0.0271662 
 0.00000029965               0.0272146 
 0.00000029966               0.0272108 
 0.00000029967               0.0271689 
 0.00000029968               0.027152 
 0.00000029969               0.0271902 
 0.0000002997                0.0272335 
 0.00000029971               0.0272239 
 0.00000029972               0.0271199 
 0.00000029973               0.026778 
 0.00000029974               0.0256026 
 0.00000029975               0.0225332 
 0.00000029976               0.0178818 
 0.00000029977               0.0144352 
 0.00000029978               0.014251 
 0.00000029979               0.0174126 
 0.0000002998                0.0217981 
 0.00000029981               0.0246825 
 0.00000029982               0.0259255 
 0.00000029983               0.0264333 
 0.00000029984               0.0265834 
 0.00000029985               0.026594 
 0.00000029986               0.0267024 
 0.00000029987               0.0270361 
 0.00000029988               0.0273287 
 0.00000029989               0.0273951 
 0.0000002999                0.0273259 
 0.00000029991               0.0271903 
 0.00000029992               0.0269769 
 0.00000029993               0.0267624 
 0.00000029994               0.0266711 
 0.00000029995               0.0265581 
 0.00000029996               0.0261932 
 0.00000029997               0.0257458 
 0.00000029998               0.0255569 
 0.00000029999               0.0255894 
 0.0000003     0.0255392 
