 0.000000294   0.0000385078 
 0.00000029401               0.000037548 
 0.00000029402               0.0000363924 
 0.00000029403               0.0000357115 
 0.00000029404               0.0000359476 
 0.00000029405               0.0000367715 
 0.00000029406               0.0000374463 
 0.00000029407               0.0000375172 
 0.00000029408               0.0000361168 
 0.00000029409               0.0000281347 
 0.0000002941                0.00000813267 
 0.00000029411               0.0000000609429 
 0.00000029412               1.67661E-14 
 0.00000029413               6.69082E-30 
 0.00000029414               1.62999E-56 
 0.00000029415               1.58725E-88 
 0.00000029416               5.81406E-111 
 0.00000029417               3.96879E-110 
 0.00000029418               1.53503E-86 
 0.00000029419               1.97299E-54 
 0.0000002942                1.93227E-28 
 0.00000029421               9.6771E-14 
 0.00000029422               0.000000126627 
 0.00000029423               0.0000105003 
 0.00000029424               0.0000303172 
 0.00000029425               0.0000369263 
 0.00000029426               0.0000379937 
 0.00000029427               0.0000380868 
 0.00000029428               0.0000380582 
 0.00000029429               0.0000380214 
 0.0000002943                0.0000379631 
 0.00000029431               0.000037852 
 0.00000029432               0.0000375984 
 0.00000029433               0.0000369222 
 0.00000029434               0.000035303 
 0.00000029435               0.0000323016 
 0.00000029436               0.0000282722 
 0.00000029437               0.0000245613 
 0.00000029438               0.0000226187 
 0.00000029439               0.000023149 
 0.0000002944                0.0000259692 
 0.00000029441               0.0000299963 
 0.00000029442               0.0000336226 
 0.00000029443               0.0000358131 
 0.00000029444               0.0000366361 
 0.00000029445               0.0000367067 
 0.00000029446               0.0000365992 
 0.00000029447               0.0000366239 
 0.00000029448               0.0000367853 
 0.00000029449               0.0000369268 
 0.0000002945                0.0000369514 
 0.00000029451               0.0000368595 
 0.00000029452               0.0000365853 
 0.00000029453               0.0000358217 
 0.00000029454               0.0000339157 
 0.00000029455               0.0000302768 
 0.00000029456               0.0000258085 
 0.00000029457               0.000023002 
 0.00000029458               0.0000235753 
 0.00000029459               0.0000270414 
 0.0000002946                0.00003063 
 0.00000029461               0.0000314988 
 0.00000029462               0.0000298903 
 0.00000029463               0.0000282281 
 0.00000029464               0.000028324 
 0.00000029465               0.0000303064 
 0.00000029466               0.0000329834 
 0.00000029467               0.000035025 
 0.00000029468               0.000036049 
 0.00000029469               0.000036398 
 0.0000002947                0.000036467 
 0.00000029471               0.0000364526 
 0.00000029472               0.0000364244 
 0.00000029473               0.000036395 
 0.00000029474               0.0000363968 
 0.00000029475               0.0000363575 
 0.00000029476               0.0000362962 
 0.00000029477               0.0000361079 
 0.00000029478               0.0000354165 
 0.00000029479               0.0000338061 
 0.0000002948                0.0000320693 
 0.00000029481               0.0000319607 
 0.00000029482               0.0000335773 
 0.00000029483               0.0000351794 
 0.00000029484               0.0000358308 
 0.00000029485               0.0000359225 
 0.00000029486               0.0000358763 
 0.00000029487               0.0000358148 
 0.00000029488               0.0000357608 
 0.00000029489               0.0000357193 
 0.0000002949                0.0000356906 
 0.00000029491               0.0000356695 
 0.00000029492               0.0000356513 
 0.00000029493               0.0000356281 
 0.00000029494               0.0000355682 
 0.00000029495               0.0000353984 
 0.00000029496               0.0000350078 
 0.00000029497               0.0000344202 
 0.00000029498               0.0000339881 
 0.00000029499               0.0000340697 
 0.000000295   0.0000344948 
 0.00000029501               0.0000347995 
 0.00000029502               0.0000348288 
 0.00000029503               0.0000347601 
 0.00000029504               0.000034761 
 0.00000029505               0.0000348398 
 0.00000029506               0.0000348917 
 0.00000029507               0.0000347617 
 0.00000029508               0.0000343054 
 0.00000029509               0.000033515 
 0.0000002951                0.0000326325 
 0.00000029511               0.0000320181 
 0.00000029512               0.0000319177 
 0.00000029513               0.0000323522 
 0.00000029514               0.0000330949 
 0.00000029515               0.0000337852 
 0.00000029516               0.0000341637 
 0.00000029517               0.0000342314 
 0.00000029518               0.0000341853 
 0.00000029519               0.0000342081 
 0.0000002952                0.0000343274 
 0.00000029521               0.0000344602 
 0.00000029522               0.0000345359 
 0.00000029523               0.0000345488 
 0.00000029524               0.0000345343 
 0.00000029525               0.0000344992 
 0.00000029526               0.0000344646 
 0.00000029527               0.0000344393 
 0.00000029528               0.0000344216 
 0.00000029529               0.0000343992 
 0.0000002953                0.0000343546 
 0.00000029531               0.0000342492 
 0.00000029532               0.000034 
 0.00000029533               0.0000335131 
 0.00000029534               0.0000328024 
 0.00000029535               0.0000320348 
 0.00000029536               0.0000313207 
 0.00000029537               0.000030549 
 0.00000029538               0.0000296866 
 0.00000029539               0.0000290032 
 0.0000002954                0.0000287163 
 0.00000029541               0.0000289964 
 0.00000029542               0.0000301557 
 0.00000029543               0.000031837 
 0.00000029544               0.0000330257 
 0.00000029545               0.0000334638 
 0.00000029546               0.0000335983 
 0.00000029547               0.0000336591 
 0.00000029548               0.0000336262 
 0.00000029549               0.0000334973 
 0.0000002955                0.0000333505 
 0.00000029551               0.0000332895 
 0.00000029552               0.0000333117 
 0.00000029553               0.0000333117 
 0.00000029554               0.0000332513 
 0.00000029555               0.0000332021 
 0.00000029556               0.0000332241 
 0.00000029557               0.0000332878 
 0.00000029558               0.0000333272 
 0.00000029559               0.0000332982 
 0.0000002956                0.0000331825 
 0.00000029561               0.0000330168 
 0.00000029562               0.0000328974 
 0.00000029563               0.0000328866 
 0.00000029564               0.0000329354 
 0.00000029565               0.0000329477 
 0.00000029566               0.0000328029 
 0.00000029567               0.0000323233 
 0.00000029568               0.0000312699 
 0.00000029569               0.0000295278 
 0.0000002957                0.0000273998 
 0.00000029571               0.0000256011 
 0.00000029572               0.0000247564 
 0.00000029573               0.0000245742 
 0.00000029574               0.0000228223 
 0.00000029575               0.0000162438 
 0.00000029576               0.00000710659 
 0.00000029577               0.00000194587 
 0.00000029578               0.000000548209 
 0.00000029579               0.000000337895 
 0.0000002958                0.000000637319 
 0.00000029581               0.00000238139 
 0.00000029582               0.00000814673 
 0.00000029583               0.0000154586 
 0.00000029584               0.000015691 
 0.00000029585               0.000012552 
 0.00000029586               0.0000128606 
 0.00000029587               0.0000173958 
 0.00000029588               0.0000230592 
 0.00000029589               0.0000268453 
 0.0000002959                0.0000291729 
 0.00000029591               0.0000306807 
 0.00000029592               0.0000314549 
 0.00000029593               0.0000317385 
 0.00000029594               0.0000317828 
 0.00000029595               0.000031482 
 0.00000029596               0.0000291019 
 0.00000029597               0.0000217339 
 0.00000029598               0.0000145696 
 0.00000029599               0.0000148022 
 0.000000296   0.0000221328 
 0.00000029601               0.0000290364 
 0.00000029602               0.0000311163 
 0.00000029603               0.0000314231 
 0.00000029604               0.0000315309 
 0.00000029605               0.0000315944 
 0.00000029606               0.0000315786 
 0.00000029607               0.0000313646 
 0.00000029608               0.0000303882 
 0.00000029609               0.0000270302 
 0.0000002961                0.0000197162 
 0.00000029611               0.0000111158 
 0.00000029612               0.00000589257 
 0.00000029613               0.00000428949 
 0.00000029614               0.00000436166 
 0.00000029615               0.00000350443 
 0.00000029616               0.00000183526 
 0.00000029617               0.00000157136 
 0.00000029618               0.00000394625 
 0.00000029619               0.0000127815 
 0.0000002962                0.0000239647 
 0.00000029621               0.0000281651 
 0.00000029622               0.0000283071 
 0.00000029623               0.0000280584 
 0.00000029624               0.000028345 
 0.00000029625               0.0000290477 
 0.00000029626               0.0000297683 
 0.00000029627               0.0000302574 
 0.00000029628               0.000030529 
 0.00000029629               0.0000306789 
 0.0000002963                0.0000307406 
 0.00000029631               0.0000307366 
 0.00000029632               0.0000307348 
 0.00000029633               0.0000307594 
 0.00000029634               0.0000307609 
 0.00000029635               0.0000307238 
 0.00000029636               0.0000306933 
 0.00000029637               0.0000306815 
 0.00000029638               0.0000306258 
 0.00000029639               0.0000304781 
 0.0000002964                0.0000302882 
 0.00000029641               0.0000301861 
 0.00000029642               0.0000302342 
 0.00000029643               0.0000303453 
 0.00000029644               0.0000304027 
 0.00000029645               0.0000303739 
 0.00000029646               0.000030292 
 0.00000029647               0.0000302034 
 0.00000029648               0.000030145 
 0.00000029649               0.000030132 
 0.0000002965                0.000030153 
 0.00000029651               0.0000301887 
 0.00000029652               0.0000302053 
 0.00000029653               0.0000301884 
 0.00000029654               0.0000301101 
 0.00000029655               0.0000299354 
 0.00000029656               0.0000296477 
 0.00000029657               0.0000292019 
 0.00000029658               0.0000283535 
 0.00000029659               0.0000269477 
 0.0000002966                0.0000257854 
 0.00000029661               0.0000260107 
 0.00000029662               0.0000274012 
 0.00000029663               0.0000286999 
 0.00000029664               0.0000293341 
 0.00000029665               0.0000295484 
 0.00000029666               0.0000296113 
 0.00000029667               0.000029626 
 0.00000029668               0.0000296198 
 0.00000029669               0.0000295959 
 0.0000002967                0.0000329721 
 0.00000029671               0.0000328537 
 0.00000029672               0.0000326554 
 0.00000029673               0.0000324152 
 0.00000029674               0.0000322165 
 0.00000029675               0.0000321104 
 0.00000029676               0.0000320939 
 0.00000029677               0.0000321647 
 0.00000029678               0.0000323199 
 0.00000029679               0.000032505 
 0.0000002968                0.0000326331 
 0.00000029681               0.0000326583 
 0.00000029682               0.0000325828 
 0.00000029683               0.0000323959 
 0.00000029684               0.0000318776 
 0.00000029685               0.0000300536 
 0.00000029686               0.0000250316 
 0.00000029687               0.0000169096 
 0.00000029688               0.0000100204 
 0.00000029689               0.00000720574 
 0.0000002969                0.00000828409 
 0.00000029691               0.0000134774 
 0.00000029692               0.000021684 
 0.00000029693               0.000028361 
 0.00000029694               0.0000312462 
 0.00000029695               0.0000318242 
 0.00000029696               0.0000312842 
 0.00000029697               0.0000297075 
 0.00000029698               0.0000277161 
 0.00000029699               0.0000269502 
 0.000000297   0.0000281327 
 0.00000029701               0.0000300866 
 0.00000029702               0.0000313562 
 0.00000029703               0.0000318049 
 0.00000029704               0.0000319286 
 0.00000029705               0.0000319526 
 0.00000029706               0.0000319402 
 0.00000029707               0.0000319087 
 0.00000029708               0.0000318703 
 0.00000029709               0.0000318316 
 0.0000002971                0.0000317894 
 0.00000029711               0.0000317122 
 0.00000029712               0.0000315443 
 0.00000029713               0.0000313175 
 0.00000029714               0.0000312166 
 0.00000029715               0.0000313247 
 0.00000029716               0.0000314715 
 0.00000029717               0.0000315119 
 0.00000029718               0.0000314678 
 0.00000029719               0.0000313825 
 0.0000002972                0.0000312137 
 0.00000029721               0.0000309314 
 0.00000029722               0.0000307104 
 0.00000029723               0.0000307663 
 0.00000029724               0.0000310073 
 0.00000029725               0.0000311873 
 0.00000029726               0.0000312123 
 0.00000029727               0.0000309195 
 0.00000029728               0.0000293216 
 0.00000029729               0.0000251222 
 0.0000002973                0.000020645 
 0.00000029731               0.0000202644 
 0.00000029732               0.0000243158 
 0.00000029733               0.0000286936 
 0.00000029734               0.0000305223 
 0.00000029735               0.0000308795 
 0.00000029736               0.000030911 
 0.00000029737               0.0000308826 
 0.00000029738               0.0000307993 
 0.00000029739               0.0000306182 
 0.0000002974                0.0000303371 
 0.00000029741               0.0000300648 
 0.00000029742               0.0000298942 
 0.00000029743               0.0000296239 
 0.00000029744               0.0000283974 
 0.00000029745               0.0000247345 
 0.00000029746               0.0000184205 
 0.00000029747               0.0000122725 
 0.00000029748               0.00000903408 
 0.00000029749               0.00000916568 
 0.0000002975                0.0000126654 
 0.00000029751               0.0000189408 
 0.00000029752               0.0000251245 
 0.00000029753               0.000028593 
 0.00000029754               0.0000296386 
 0.00000029755               0.000029556 
 0.00000029756               0.0000291041 
 0.00000029757               0.0000286341 
 0.00000029758               0.0000283068 
 0.00000029759               0.0000281113 
 0.0000002976                0.0000280559 
 0.00000029761               0.0000282911 
 0.00000029762               0.000028751 
 0.00000029763               0.0000289236 
 0.00000029764               0.0000283752 
 0.00000029765               0.0000274732 
 0.00000029766               0.0000271419 
 0.00000029767               0.0000277026 
 0.00000029768               0.0000284889 
 0.00000029769               0.0000285611 
 0.0000002977                0.0000266512 
 0.00000029771               0.000022072 
 0.00000029772               0.0000184272 
 0.00000029773               0.0000196314 
 0.00000029774               0.0000244781 
 0.00000029775               0.0000280897 
 0.00000029776               0.0000289345 
 0.00000029777               0.0000287481 
 0.00000029778               0.0000286265 
 0.00000029779               0.0000287256 
 0.0000002978                0.0000286233 
 0.00000029781               0.0000278232 
 0.00000029782               0.0000264364 
 0.00000029783               0.0000254079 
 0.00000029784               0.000025623 
 0.00000029785               0.0000268937 
 0.00000029786               0.0000282241 
 0.00000029787               0.0000289677 
 0.00000029788               0.0000292127 
 0.00000029789               0.0000292379 
 0.0000002979                0.0000291816 
 0.00000029791               0.0000290842 
 0.00000029792               0.0000289712 
 0.00000029793               0.0000288776 
 0.00000029794               0.0000288273 
 0.00000029795               0.0000287603 
 0.00000029796               0.0000278686 
 0.00000029797               0.0000211677 
 0.00000029798               0.0000057158 
 0.00000029799               0.000000227884 
 0.000000298   0.00000000745445 
 0.00000029801               0.00000000904365 
 0.00000029802               0.000000284927 
 0.00000029803               0.00000471316 
 0.00000029804               0.0000122145 
 0.00000029805               0.0000155759 
 0.00000029806               0.0000191175 
 0.00000029807               0.0000226832 
 0.00000029808               0.0000249969 
 0.00000029809               0.0000261591 
 0.0000002981                0.0000264001 
 0.00000029811               0.0000260354 
 0.00000029812               0.0000257909 
 0.00000029813               0.0000261963 
 0.00000029814               0.0000270104 
 0.00000029815               0.0000277124 
 0.00000029816               0.0000280919 
 0.00000029817               0.0000281517 
 0.00000029818               0.0000278561 
 0.00000029819               0.00002702 
 0.0000002982                0.0000253757 
 0.00000029821               0.0000230768 
 0.00000029822               0.0000210968 
 0.00000029823               0.0000205643 
 0.00000029824               0.0000218037 
 0.00000029825               0.0000240826 
 0.00000029826               0.0000261576 
 0.00000029827               0.0000273255 
 0.00000029828               0.0000277352 
 0.00000029829               0.0000277866 
 0.0000002983                0.0000277242 
 0.00000029831               0.0000276439 
 0.00000029832               0.00002752 
 0.00000029833               0.0000271556 
 0.00000029834               0.0000262274 
 0.00000029835               0.000024544 
 0.00000029836               0.0000221824 
 0.00000029837               0.0000195417 
 0.00000029838               0.0000176328 
 0.00000029839               0.0000175502 
 0.0000002984                0.00001951 
 0.00000029841               0.0000225469 
 0.00000029842               0.0000251422 
 0.00000029843               0.0000265756 
 0.00000029844               0.0000271596 
 0.00000029845               0.0000273793 
 0.00000029846               0.0000274687 
 0.00000029847               0.0000274936 
 0.00000029848               0.0000274783 
 0.00000029849               0.000027437 
 0.0000002985                0.0000274066 
 0.00000029851               0.0000273752 
 0.00000029852               0.0000271953 
 0.00000029853               0.000026389 
 0.00000029854               0.0000242431 
 0.00000029855               0.0000211208 
 0.00000029856               0.0000190959 
 0.00000029857               0.0000196993 
 0.00000029858               0.0000222881 
 0.00000029859               0.000024836 
 0.0000002986                0.0000262353 
 0.00000029861               0.0000267792 
 0.00000029862               0.0000269164 
 0.00000029863               0.0000269062 
 0.00000029864               0.0000268638 
 0.00000029865               0.000026819 
 0.00000029866               0.0000267735 
 0.00000029867               0.0000267368 
 0.00000029868               0.000026701 
 0.00000029869               0.0000266474 
 0.0000002987                0.0000265618 
 0.00000029871               0.0000263661 
 0.00000029872               0.0000259513 
 0.00000029873               0.0000253297 
 0.00000029874               0.0000247746 
 0.00000029875               0.0000246431 
 0.00000029876               0.0000249244 
 0.00000029877               0.0000252348 
 0.00000029878               0.0000253736 
 0.00000029879               0.0000252709 
 0.0000002988                0.0000251151 
 0.00000029881               0.0000247073 
 0.00000029882               0.0000233931 
 0.00000029883               0.0000212006 
 0.00000029884               0.0000200209 
 0.00000029885               0.0000213348 
 0.00000029886               0.0000239309 
 0.00000029887               0.0000255393 
 0.00000029888               0.0000257904 
 0.00000029889               0.0000255337 
 0.0000002989                0.0000253476 
 0.00000029891               0.0000253791 
 0.00000029892               0.0000255217 
 0.00000029893               0.0000256522 
 0.00000029894               0.0000257524 
 0.00000029895               0.0000258491 
 0.00000029896               0.0000259471 
 0.00000029897               0.0000260321 
 0.00000029898               0.000026086 
 0.00000029899               0.0000261077 
 0.000000299   0.0000260864 
 0.00000029901               0.0000258835 
 0.00000029902               0.0000247253 
 0.00000029903               0.0000209553 
 0.00000029904               0.0000151738 
 0.00000029905               0.0000116627 
 0.00000029906               0.0000127095 
 0.00000029907               0.0000176384 
 0.00000029908               0.0000227296 
 0.00000029909               0.0000249537 
 0.0000002991                0.0000251631 
 0.00000029911               0.0000246806 
 0.00000029912               0.0000242405 
 0.00000029913               0.0000242503 
 0.00000029914               0.0000245889 
 0.00000029915               0.0000249061 
 0.00000029916               0.0000251361 
 0.00000029917               0.0000253137 
 0.00000029918               0.0000253834 
 0.00000029919               0.0000253676 
 0.0000002992                0.0000253554 
 0.00000029921               0.0000253826 
 0.00000029922               0.0000254162 
 0.00000029923               0.0000254241 
 0.00000029924               0.0000254067 
 0.00000029925               0.0000253768 
 0.00000029926               0.0000253457 
 0.00000029927               0.0000253265 
 0.00000029928               0.0000253207 
 0.00000029929               0.0000253081 
 0.0000002993                0.0000252705 
 0.00000029931               0.0000252099 
 0.00000029932               0.0000251395 
 0.00000029933               0.0000250708 
 0.00000029934               0.0000250083 
 0.00000029935               0.0000249563 
 0.00000029936               0.0000249147 
 0.00000029937               0.0000248623 
 0.00000029938               0.0000247418 
 0.00000029939               0.0000244319 
 0.0000002994                0.0000238265 
 0.00000029941               0.0000231767 
 0.00000029942               0.0000230658 
 0.00000029943               0.0000236144 
 0.00000029944               0.0000242805 
 0.00000029945               0.000024644 
 0.00000029946               0.0000247245 
 0.00000029947               0.0000246537 
 0.00000029948               0.0000245432 
 0.00000029949               0.0000244976 
 0.0000002995                0.0000245444 
 0.00000029951               0.0000246125 
 0.00000029952               0.0000246256 
 0.00000029953               0.0000245678 
 0.00000029954               0.0000244812 
 0.00000029955               0.0000244203 
 0.00000029956               0.0000244091 
 0.00000029957               0.0000244257 
 0.00000029958               0.0000244268 
 0.00000029959               0.0000243664 
 0.0000002996                0.000024182 
 0.00000029961               0.0000238083 
 0.00000029962               0.0000232784 
 0.00000029963               0.0000227876 
 0.00000029964               0.0000224712 
 0.00000029965               0.0000216849 
 0.00000029966               0.0000181518 
 0.00000029967               0.0000110284 
 0.00000029968               0.00000535697 
 0.00000029969               0.00000371818 
 0.0000002997                0.00000532166 
 0.00000029971               0.0000100831 
 0.00000029972               0.0000145671 
 0.00000029973               0.0000159168 
 0.00000029974               0.0000166424 
 0.00000029975               0.0000183993 
 0.00000029976               0.000020694 
 0.00000029977               0.0000224861 
 0.00000029978               0.0000233955 
 0.00000029979               0.0000236957 
 0.0000002998                0.0000237044 
 0.00000029981               0.0000235557 
 0.00000029982               0.0000232516 
 0.00000029983               0.0000226087 
 0.00000029984               0.0000212339 
 0.00000029985               0.0000188231 
 0.00000029986               0.0000156039 
 0.00000029987               0.0000123675 
 0.00000029988               0.00000994368 
 0.00000029989               0.00000874929 
 0.0000002999                0.00000886566 
 0.00000029991               0.0000102785 
 0.00000029992               0.0000128443 
 0.00000029993               0.0000160431 
 0.00000029994               0.0000190037 
 0.00000029995               0.0000210199 
 0.00000029996               0.0000219792 
 0.00000029997               0.000022194 
 0.00000029998               0.0000219888 
 0.00000029999               0.0000216109 
 0.0000003     0.0000213527 
