 0.000000294   1.18717E-213 
 0.00000029401               1.1307E-213 
 0.00000029402               1.07978E-213 
 0.00000029403               1.03312E-213 
 0.00000029404               9.87462E-214 
 0.00000029405               9.40994E-214 
 0.00000029406               8.92932E-214 
 0.00000029407               8.40541E-214 
 0.00000029408               7.79793E-214 
 0.00000029409               7.11686E-214 
 0.0000002941                6.46105E-214 
 0.00000029411               5.94479E-214 
 0.00000029412               5.59245E-214 
 0.00000029413               5.31636E-214 
 0.00000029414               5.00516E-214 
 0.00000029415               4.65558E-214 
 0.00000029416               4.37712E-214 
 0.00000029417               4.25613E-214 
 0.00000029418               4.2662E-214 
 0.00000029419               4.30288E-214 
 0.0000002942                4.27649E-214 
 0.00000029421               4.16719E-214 
 0.00000029422               4.0044E-214 
 0.00000029423               3.82181E-214 
 0.00000029424               3.63829E-214 
 0.00000029425               3.46101E-214 
 0.00000029426               3.29141E-214 
 0.00000029427               3.12777E-214 
 0.00000029428               2.96796E-214 
 0.00000029429               2.81459E-214 
 0.0000002943                2.67236E-214 
 0.00000029431               2.53913E-214 
 0.00000029432               2.40838E-214 
 0.00000029433               2.27439E-214 
 0.00000029434               2.12139E-214 
 0.00000029435               1.92574E-214 
 0.00000029436               1.71832E-214 
 0.00000029437               1.59249E-214 
 0.00000029438               1.56897E-214 
 0.00000029439               1.56891E-214 
 0.0000002944                1.54842E-214 
 0.00000029441               1.513E-214 
 0.00000029442               1.4565E-214 
 0.00000029443               1.37739E-214 
 0.00000029444               1.28904E-214 
 0.00000029445               1.2151E-214 
 0.00000029446               1.16532E-214 
 0.00000029447               1.12131E-214 
 0.00000029448               1.06951E-214 
 0.00000029449               1.0131E-214 
 0.0000002945                9.58719E-215 
 0.00000029451               9.09011E-215 
 0.00000029452               8.63304E-215 
 0.00000029453               8.20052E-215 
 0.00000029454               7.78557E-215 
 0.00000029455               7.39017E-215 
 0.00000029456               7.02229E-215 
 0.00000029457               6.6855E-215 
 0.00000029458               6.36714E-215 
 0.00000029459               6.06312E-215 
 0.0000002946                5.78935E-215 
 0.00000029461               5.53603E-215 
 0.00000029462               5.28723E-215 
 0.00000029463               5.04857E-215 
 0.00000029464               4.82291E-215 
 0.00000029465               4.60365E-215 
 0.00000029466               4.38048E-215 
 0.00000029467               4.13741E-215 
 0.00000029468               3.83379E-215 
 0.00000029469               3.35914E-215 
 0.0000002947                2.53539E-215 
 0.00000029471               1.41201E-215 
 0.00000029472               5.2232E-216 
 0.00000029473               1.52496E-216 
 0.00000029474               5.97333E-217 
 0.00000029475               5.39524E-217 
 0.00000029476               1.17004E-216 
 0.00000029477               3.67284E-216 
 0.00000029478               9.45008E-216 
 0.00000029479               1.57717E-215 
 0.0000002948                1.78721E-215 
 0.00000029481               1.50481E-215 
 0.00000029482               1.05381E-215 
 0.00000029483               7.90521E-216 
 0.00000029484               7.92394E-216 
 0.00000029485               9.64604E-216 
 0.00000029486               1.12557E-215 
 0.00000029487               1.18078E-215 
 0.00000029488               1.19134E-215 
 0.00000029489               1.2043E-215 
 0.0000002949                1.21315E-215 
 0.00000029491               1.20378E-215 
 0.00000029492               1.17311E-215 
 0.00000029493               1.1275E-215 
 0.00000029494               1.07599E-215 
 0.00000029495               1.02441E-215 
 0.00000029496               9.73538E-216 
 0.00000029497               9.22958E-216 
 0.00000029498               8.74389E-216 
 0.00000029499               8.30661E-216 
 0.000000295   7.91129E-216 
 0.00000029501               7.46796E-216 
 0.00000029502               6.82086E-216 
 0.00000029503               5.88119E-216 
 0.00000029504               4.97832E-216 
 0.00000029505               4.66821E-216 
 0.00000029506               4.94775E-216 
 0.00000029507               5.23273E-216 
 0.00000029508               5.17804E-216 
 0.00000029509               4.93847E-216 
 0.0000002951                4.68405E-216 
 0.00000029511               4.46082E-216 
 0.00000029512               4.26472E-216 
 0.00000029513               4.08282E-216 
 0.00000029514               3.90747E-216 
 0.00000029515               3.73214E-216 
 0.00000029516               3.55017E-216 
 0.00000029517               3.3631E-216 
 0.00000029518               3.17721E-216 
 0.00000029519               2.9974E-216 
 0.0000002952                2.82925E-216 
 0.00000029521               2.67965E-216 
 0.00000029522               2.54385E-216 
 0.00000029523               2.41215E-216 
 0.00000029524               2.30398E-216 
 0.00000029525               2.22505E-216 
 0.00000029526               2.13921E-216 
 0.00000029527               2.03426E-216 
 0.00000029528               1.92074E-216 
 0.00000029529               1.80615E-216 
 0.0000002953                1.6976E-216 
 0.00000029531               1.5994E-216 
 0.00000029532               1.49079E-216 
 0.00000029533               1.30842E-216 
 0.00000029534               1.04851E-216 
 0.00000029535               8.68248E-217 
 0.00000029536               8.79997E-217 
 0.00000029537               1.01445E-216 
 0.00000029538               1.1072E-216 
 0.00000029539               1.10363E-216 
 0.0000002954                1.05587E-216 
 0.00000029541               1.00001E-216 
 0.00000029542               9.46699E-217 
 0.00000029543               8.98674E-217 
 0.00000029544               8.54206E-217 
 0.00000029545               8.11073E-217 
 0.00000029546               7.67909E-217 
 0.00000029547               7.24535E-217 
 0.00000029548               6.80269E-217 
 0.00000029549               6.25782E-217 
 0.0000002955                5.26102E-217 
 0.00000029551               3.5495E-217 
 0.00000029552               1.95695E-217 
 0.00000029553               1.31019E-217 
 0.00000029554               1.53061E-217 
 0.00000029555               2.4903E-217 
 0.00000029556               3.60766E-217 
 0.00000029557               4.11277E-217 
 0.00000029558               4.10882E-217 
 0.00000029559               3.94067E-217 
 0.0000002956                3.74277E-217 
 0.00000029561               3.55018E-217 
 0.00000029562               3.37837E-217 
 0.00000029563               3.23003E-217 
 0.00000029564               3.09436E-217 
 0.00000029565               2.95815E-217 
 0.00000029566               2.81803E-217 
 0.00000029567               2.68063E-217 
 0.00000029568               2.55073E-217 
 0.00000029569               2.42507E-217 
 0.0000002957                2.29966E-217 
 0.00000029571               2.17533E-217 
 0.00000029572               2.05723E-217 
 0.00000029573               1.9527E-217 
 0.00000029574               1.86337E-217 
 0.00000029575               1.78164E-217 
 0.00000029576               1.69964E-217 
 0.00000029577               1.6151E-217 
 0.00000029578               1.52811E-217 
 0.00000029579               1.43984E-217 
 0.0000002958                1.3554E-217 
 0.00000029581               1.28171E-217 
 0.00000029582               1.22092E-217 
 0.00000029583               1.17166E-217 
 0.00000029584               1.12776E-217 
 0.00000029585               1.08296E-217 
 0.00000029586               1.03452E-217 
 0.00000029587               9.83728E-218 
 0.00000029588               9.32076E-218 
 0.00000029589               8.80282E-218 
 0.0000002959                8.28831E-218 
 0.00000029591               7.78582E-218 
 0.00000029592               7.30796E-218 
 0.00000029593               6.86928E-218 
 0.00000029594               6.48204E-218 
 0.00000029595               6.14071E-218 
 0.00000029596               5.81542E-218 
 0.00000029597               5.52023E-218 
 0.00000029598               5.31559E-218 
 0.00000029599               5.15605E-218 
 0.000000296   4.95826E-218 
 0.00000029601               4.73458E-218 
 0.00000029602               4.52012E-218 
 0.00000029603               4.31992E-218 
 0.00000029604               4.12199E-218 
 0.00000029605               3.91552E-218 
 0.00000029606               3.70184E-218 
 0.00000029607               3.49798E-218 
 0.00000029608               3.31743E-218 
 0.00000029609               3.16193E-218 
 0.0000002961                3.01356E-218 
 0.00000029611               2.85964E-218 
 0.00000029612               2.70821E-218 
 0.00000029613               2.5714E-218 
 0.00000029614               2.43399E-218 
 0.00000029615               2.23735E-218 
 0.00000029616               1.92215E-218 
 0.00000029617               1.54705E-218 
 0.00000029618               1.28627E-218 
 0.00000029619               1.24101E-218 
 0.0000002962                1.36373E-218 
 0.00000029621               1.50408E-218 
 0.00000029622               1.54722E-218 
 0.00000029623               1.50856E-218 
 0.00000029624               1.44167E-218 
 0.00000029625               1.37265E-218 
 0.00000029626               1.30835E-218 
 0.00000029627               1.24766E-218 
 0.00000029628               1.1936E-218 
 0.00000029629               1.14538E-218 
 0.0000002963                1.0997E-218 
 0.00000029631               1.05347E-218 
 0.00000029632               1.00595E-218 
 0.00000029633               9.58201E-219 
 0.00000029634               9.11509E-219 
 0.00000029635               8.66487E-219 
 0.00000029636               8.23245E-219 
 0.00000029637               7.81805E-219 
 0.00000029638               7.42282E-219 
 0.00000029639               7.0441E-219 
 0.0000002964                6.65383E-219 
 0.00000029641               6.1718E-219 
 0.00000029642               5.55163E-219 
 0.00000029643               4.97598E-219 
 0.00000029644               4.69374E-219 
 0.00000029645               4.64711E-219 
 0.00000029646               4.61217E-219 
 0.00000029647               4.45465E-219 
 0.00000029648               3.98342E-219 
 0.00000029649               2.92301E-219 
 0.0000002965                1.61013E-219 
 0.00000029651               8.49899E-220 
 0.00000029652               7.23479E-220 
 0.00000029653               1.11591E-219 
 0.00000029654               1.95698E-219 
 0.00000029655               2.66833E-219 
 0.00000029656               2.87035E-219 
 0.00000029657               2.79961E-219 
 0.00000029658               2.66665E-219 
 0.00000029659               2.52725E-219 
 0.0000002966                2.38268E-219 
 0.00000029661               2.23415E-219 
 0.00000029662               2.10404E-219 
 0.00000029663               2.00482E-219 
 0.00000029664               1.90553E-219 
 0.00000029665               1.75797E-219 
 0.00000029666               1.52591E-219 
 0.00000029667               1.20269E-219 
 0.00000029668               8.4448E-220 
 0.00000029669               5.47991E-220 
 0.0000002967                3.66811E-220 
 0.00000029671               2.91581E-220 
 0.00000029672               2.99103E-220 
 0.00000029673               3.81915E-220 
 0.00000029674               5.33973E-220 
 0.00000029675               7.16745E-220 
 0.00000029676               8.63562E-220 
 0.00000029677               9.35072E-220 
 0.00000029678               9.42113E-220 
 0.00000029679               9.14637E-220 
 0.0000002968                8.74186E-220 
 0.00000029681               8.29516E-220 
 0.00000029682               7.84292E-220 
 0.00000029683               7.43616E-220 
 0.00000029684               7.07856E-220 
 0.00000029685               6.72035E-220 
 0.00000029686               6.35897E-220 
 0.00000029687               6.00248E-220 
 0.00000029688               5.60828E-220 
 0.00000029689               5.08927E-220 
 0.0000002969                4.45988E-220 
 0.00000029691               3.9517E-220 
 0.00000029692               3.76614E-220 
 0.00000029693               3.81546E-220 
 0.00000029694               3.84717E-220 
 0.00000029695               3.74482E-220 
 0.00000029696               3.56335E-220 
 0.00000029697               3.36708E-220 
 0.00000029698               3.17282E-220 
 0.00000029699               2.96371E-220 
 0.000000297   2.70667E-220 
 0.00000029701               2.39367E-220 
 0.00000029702               2.09825E-220 
 0.00000029703               1.94137E-220 
 0.00000029704               1.962E-220 
 0.00000029705               2.06285E-220 
 0.00000029706               2.10963E-220 
 0.00000029707               2.0683E-220 
 0.00000029708               1.98185E-220 
 0.00000029709               1.88441E-220 
 0.0000002971                1.7861E-220 
 0.00000029711               1.6887E-220 
 0.00000029712               1.58807E-220 
 0.00000029713               1.47755E-220 
 0.00000029714               1.37377E-220 
 0.00000029715               1.29719E-220 
 0.00000029716               1.23422E-220 
 0.00000029717               1.1743E-220 
 0.00000029718               1.1159E-220 
 0.00000029719               1.05569E-220 
 0.0000002972                9.9511E-221 
 0.00000029721               9.3905E-221 
 0.00000029722               8.89839E-221 
 0.00000029723               8.45709E-221 
 0.00000029724               8.02119E-221 
 0.00000029725               7.47089E-221 
 0.00000029726               6.51398E-221 
 0.00000029727               5.13036E-221 
 0.00000029728               4.13534E-221 
 0.00000029729               4.14795E-221 
 0.0000002973                4.84924E-221 
 0.00000029731               5.37271E-221 
 0.00000029732               5.40101E-221 
 0.00000029733               5.21583E-221 
 0.00000029734               4.99902E-221 
 0.00000029735               4.78301E-221 
 0.00000029736               4.57106E-221 
 0.00000029737               4.36968E-221 
 0.00000029738               4.18411E-221 
 0.00000029739               4.01119E-221 
 0.0000002974                3.84396E-221 
 0.00000029741               3.68462E-221 
 0.00000029742               3.52509E-221 
 0.00000029743               3.36971E-221 
 0.00000029744               3.21734E-221 
 0.00000029745               3.06647E-221 
 0.00000029746               2.91495E-221 
 0.00000029747               2.76261E-221 
 0.00000029748               2.61569E-221 
 0.00000029749               2.48389E-221 
 0.0000002975                2.37057E-221 
 0.00000029751               2.26908E-221 
 0.00000029752               2.17151E-221 
 0.00000029753               2.07458E-221 
 0.00000029754               1.97652E-221 
 0.00000029755               1.8758E-221 
 0.00000029756               1.77173E-221 
 0.00000029757               1.66616E-221 
 0.00000029758               1.56754E-221 
 0.00000029759               1.48496E-221 
 0.0000002976                1.41597E-221 
 0.00000029761               1.35175E-221 
 0.00000029762               1.28751E-221 
 0.00000029763               1.22466E-221 
 0.00000029764               1.16614E-221 
 0.00000029765               1.11149E-221 
 0.00000029766               1.05855E-221 
 0.00000029767               1.00586E-221 
 0.00000029768               9.52413E-222 
 0.00000029769               8.99055E-222 
 0.0000002977                8.49693E-222 
 0.00000029771               8.07648E-222 
 0.00000029772               7.71683E-222 
 0.00000029773               7.36404E-222 
 0.00000029774               6.97513E-222 
 0.00000029775               6.52506E-222 
 0.00000029776               6.00719E-222 
 0.00000029777               5.47355E-222 
 0.00000029778               5.0493E-222 
 0.00000029779               4.82977E-222 
 0.0000002978                4.77721E-222 
 0.00000029781               4.75592E-222 
 0.00000029782               4.66216E-222 
 0.00000029783               4.48772E-222 
 0.00000029784               4.26268E-222 
 0.00000029785               4.00539E-222 
 0.00000029786               3.75134E-222 
 0.00000029787               3.52069E-222 
 0.00000029788               3.23546E-222 
 0.00000029789               2.80295E-222 
 0.0000002979                2.23148E-222 
 0.00000029791               1.64159E-222 
 0.00000029792               1.1712E-222 
 0.00000029793               8.26801E-223 
 0.00000029794               5.07064E-223 
 0.00000029795               2.4364E-223 
 0.00000029796               1.3629E-223 
 0.00000029797               1.69208E-223 
 0.00000029798               4.26211E-223 
 0.00000029799               1.02698E-222 
 0.000000298   1.56975E-222 
 0.00000029801               1.7268E-222 
 0.00000029802               1.68641E-222 
 0.00000029803               1.60176E-222 
 0.00000029804               1.51307E-222 
 0.00000029805               1.43574E-222 
 0.00000029806               1.36843E-222 
 0.00000029807               1.30009E-222 
 0.00000029808               1.22377E-222 
 0.00000029809               1.11784E-222 
 0.0000002981                9.88894E-223 
 0.00000029811               8.33744E-223 
 0.00000029812               7.62595E-223 
 0.00000029813               7.83744E-223 
 0.00000029814               8.34289E-223 
 0.00000029815               8.47941E-223 
 0.00000029816               8.24346E-223 
 0.00000029817               7.88637E-223 
 0.00000029818               7.50547E-223 
 0.00000029819               7.10863E-223 
 0.0000002982                6.7047E-223 
 0.00000029821               6.33712E-223 
 0.00000029822               6.04309E-223 
 0.00000029823               5.78171E-223 
 0.00000029824               5.45012E-223 
 0.00000029825               4.94653E-223 
 0.00000029826               4.23403E-223 
 0.00000029827               3.44532E-223 
 0.00000029828               2.83994E-223 
 0.00000029829               2.58605E-223 
 0.0000002983                2.67463E-223 
 0.00000029831               2.95771E-223 
 0.00000029832               3.21246E-223 
 0.00000029833               3.28873E-223 
 0.00000029834               3.19712E-223 
 0.00000029835               3.02638E-223 
 0.00000029836               2.84894E-223 
 0.00000029837               2.69938E-223 
 0.00000029838               2.58373E-223 
 0.00000029839               2.48931E-223 
 0.0000002984                2.39332E-223 
 0.00000029841               2.27587E-223 
 0.00000029842               2.14677E-223 
 0.00000029843               2.0413E-223 
 0.00000029844               1.95857E-223 
 0.00000029845               1.86267E-223 
 0.00000029846               1.74775E-223 
 0.00000029847               1.6416E-223 
 0.00000029848               1.55683E-223 
 0.00000029849               1.48115E-223 
 0.0000002985                1.40806E-223 
 0.00000029851               1.34077E-223 
 0.00000029852               1.28043E-223 
 0.00000029853               1.22496E-223 
 0.00000029854               1.17167E-223 
 0.00000029855               1.11852E-223 
 0.00000029856               1.06498E-223 
 0.00000029857               1.01225E-223 
 0.00000029858               9.62358E-224 
 0.00000029859               9.16187E-224 
 0.0000002986                8.73073E-224 
 0.00000029861               8.32008E-224 
 0.00000029862               7.9251E-224 
 0.00000029863               7.54264E-224 
 0.00000029864               7.16627E-224 
 0.00000029865               6.78393E-224 
 0.00000029866               6.38272E-224 
 0.00000029867               5.97145E-224 
 0.00000029868               5.59649E-224 
 0.00000029869               5.3063E-224 
 0.0000002987                5.09673E-224 
 0.00000029871               4.91582E-224 
 0.00000029872               4.72029E-224 
 0.00000029873               4.50489E-224 
 0.00000029874               4.28344E-224 
 0.00000029875               4.06749E-224 
 0.00000029876               3.86097E-224 
 0.00000029877               3.66463E-224 
 0.00000029878               3.47744E-224 
 0.00000029879               3.2983E-224 
 0.0000002988                3.12666E-224 
 0.00000029881               2.96264E-224 
 0.00000029882               2.80531E-224 
 0.00000029883               2.65254E-224 
 0.00000029884               2.50563E-224 
 0.00000029885               2.37415E-224 
 0.00000029886               2.26459E-224 
 0.00000029887               2.16587E-224 
 0.00000029888               2.06377E-224 
 0.00000029889               1.9593E-224 
 0.0000002989                1.86102E-224 
 0.00000029891               1.76994E-224 
 0.00000029892               1.68199E-224 
 0.00000029893               1.59651E-224 
 0.00000029894               1.51381E-224 
 0.00000029895               1.432E-224 
 0.00000029896               1.34781E-224 
 0.00000029897               1.25701E-224 
 0.00000029898               1.15424E-224 
 0.00000029899               1.03409E-224 
 0.000000299   8.93957E-225 
 0.00000029901               7.37525E-225 
 0.00000029902               5.76234E-225 
 0.00000029903               4.26555E-225 
 0.00000029904               3.03429E-225 
 0.00000029905               2.13965E-225 
 0.00000029906               1.56295E-225 
 0.00000029907               1.23722E-225 
 0.00000029908               1.0958E-225 
 0.00000029909               1.09578E-225 
 0.0000002991                1.21907E-225 
 0.00000029911               1.46211E-225 
 0.00000029912               1.81802E-225 
 0.00000029913               2.25417E-225 
 0.00000029914               2.70317E-225 
 0.00000029915               3.09013E-225 
 0.00000029916               3.37142E-225 
 0.00000029917               3.53651E-225 
 0.00000029918               3.58612E-225 
 0.00000029919               3.53163E-225 
 0.0000002992                3.40741E-225 
 0.00000029921               3.25325E-225 
 0.00000029922               3.08881E-225 
 0.00000029923               2.92306E-225 
 0.00000029924               2.76917E-225 
 0.00000029925               2.64219E-225 
 0.00000029926               2.54835E-225 
 0.00000029927               2.47871E-225 
 0.00000029928               2.41171E-225 
 0.00000029929               2.32359E-225 
 0.0000002993                2.20995E-225 
 0.00000029931               2.09842E-225 
 0.00000029932               2.01703E-225 
 0.00000029933               1.95643E-225 
 0.00000029934               1.88998E-225 
 0.00000029935               1.80919E-225 
 0.00000029936               1.72035E-225 
 0.00000029937               1.62066E-225 
 0.00000029938               1.48477E-225 
 0.00000029939               1.31056E-225 
 0.0000002994                1.18201E-225 
 0.00000029941               1.15947E-225 
 0.00000029942               1.1813E-225 
 0.00000029943               1.1724E-225 
 0.00000029944               1.13028E-225 
 0.00000029945               1.07544E-225 
 0.00000029946               1.01907E-225 
 0.00000029947               9.65945E-226 
 0.00000029948               9.16961E-226 
 0.00000029949               8.71235E-226 
 0.0000002995                8.27947E-226 
 0.00000029951               7.86277E-226 
 0.00000029952               7.45494E-226 
 0.00000029953               7.05906E-226 
 0.00000029954               6.69493E-226 
 0.00000029955               6.3705E-226 
 0.00000029956               6.04666E-226 
 0.00000029957               5.65009E-226 
 0.00000029958               5.20482E-226 
 0.00000029959               4.91745E-226 
 0.0000002996                4.79942E-226 
 0.00000029961               4.64697E-226 
 0.00000029962               4.41064E-226 
 0.00000029963               4.16198E-226 
 0.00000029964               3.95491E-226 
 0.00000029965               3.78562E-226 
 0.00000029966               3.62263E-226 
 0.00000029967               3.45274E-226 
 0.00000029968               3.28093E-226 
 0.00000029969               3.11285E-226 
 0.0000002997                2.95258E-226 
 0.00000029971               2.80262E-226 
 0.00000029972               2.66128E-226 
 0.00000029973               2.52421E-226 
 0.00000029974               2.3885E-226 
 0.00000029975               2.25478E-226 
 0.00000029976               2.12853E-226 
 0.00000029977               2.01773E-226 
 0.00000029978               1.92308E-226 
 0.00000029979               1.83517E-226 
 0.0000002998                1.74599E-226 
 0.00000029981               1.65746E-226 
 0.00000029982               1.57468E-226 
 0.00000029983               1.49204E-226 
 0.00000029984               1.38298E-226 
 0.00000029985               1.20036E-226 
 0.00000029986               9.38173E-227 
 0.00000029987               7.07877E-227 
 0.00000029988               6.19725E-227 
 0.00000029989               6.74199E-227 
 0.0000002999                7.91487E-227 
 0.00000029991               8.7422E-227 
 0.00000029992               8.93524E-227 
 0.00000029993               8.71045E-227 
 0.00000029994               8.29939E-227 
 0.00000029995               7.8558E-227 
 0.00000029996               7.46089E-227 
 0.00000029997               7.12588E-227 
 0.00000029998               6.81524E-227 
 0.00000029999               6.48372E-227 
 0.0000003     6.06633E-227 
