 0.000000294   8.17264E-14 
 0.00000029401               8.35209E-14 
 0.00000029402               8.28261E-14 
 0.00000029403               7.86892E-14 
 0.00000029404               6.92541E-14 
 0.00000029405               5.96876E-14 
 0.00000029406               5.82858E-14 
 0.00000029407               6.39719E-14 
 0.00000029408               6.66527E-14 
 0.00000029409               6.41337E-14 
 0.0000002941                6.44712E-14 
 0.00000029411               7.00509E-14 
 0.00000029412               7.53997E-14 
 0.00000029413               7.5839E-14 
 0.00000029414               7.23932E-14 
 0.00000029415               6.88283E-14 
 0.00000029416               6.81181E-14 
 0.00000029417               7.04184E-14 
 0.00000029418               7.31947E-14 
 0.00000029419               7.31743E-14 
 0.0000002942                6.97861E-14 
 0.00000029421               6.6868E-14 
 0.00000029422               6.78319E-14 
 0.00000029423               7.10964E-14 
 0.00000029424               7.34664E-14 
 0.00000029425               7.44588E-14 
 0.00000029426               7.46072E-14 
 0.00000029427               7.3647E-14 
 0.00000029428               7.17359E-14 
 0.00000029429               7.01897E-14 
 0.0000002943                6.92107E-14 
 0.00000029431               6.75375E-14 
 0.00000029432               6.56347E-14 
 0.00000029433               6.48835E-14 
 0.00000029434               6.42216E-14 
 0.00000029435               6.19417E-14 
 0.00000029436               5.84041E-14 
 0.00000029437               5.48747E-14 
 0.00000029438               5.21096E-14 
 0.00000029439               5.01416E-14 
 0.0000002944                4.91166E-14 
 0.00000029441               4.91948E-14 
 0.00000029442               5.03275E-14 
 0.00000029443               5.18515E-14 
 0.00000029444               5.14883E-14 
 0.00000029445               4.50933E-14 
 0.00000029446               3.33655E-14 
 0.00000029447               2.52406E-14 
 0.00000029448               2.65183E-14 
 0.00000029449               3.87457E-14 
 0.0000002945                5.50075E-14 
 0.00000029451               6.43616E-14 
 0.00000029452               6.54296E-14 
 0.00000029453               6.4557E-14 
 0.00000029454               6.56114E-14 
 0.00000029455               6.82483E-14 
 0.00000029456               7.03976E-14 
 0.00000029457               7.13156E-14 
 0.00000029458               7.1482E-14 
 0.00000029459               7.14033E-14 
 0.0000002946                7.12642E-14 
 0.00000029461               7.10904E-14 
 0.00000029462               7.08463E-14 
 0.00000029463               7.04495E-14 
 0.00000029464               6.98417E-14 
 0.00000029465               6.92107E-14 
 0.00000029466               6.89024E-14 
 0.00000029467               6.90073E-14 
 0.00000029468               6.92396E-14 
 0.00000029469               6.93027E-14 
 0.0000002947                6.90922E-14 
 0.00000029471               6.87222E-14 
 0.00000029472               6.84047E-14 
 0.00000029473               6.82405E-14 
 0.00000029474               6.81735E-14 
 0.00000029475               6.80958E-14 
 0.00000029476               6.79598E-14 
 0.00000029477               6.77621E-14 
 0.00000029478               6.75366E-14 
 0.00000029479               6.72816E-14 
 0.0000002948                6.69267E-14 
 0.00000029481               6.6396E-14 
 0.00000029482               6.56208E-14 
 0.00000029483               6.4402E-14 
 0.00000029484               6.23407E-14 
 0.00000029485               5.90472E-14 
 0.00000029486               5.46132E-14 
 0.00000029487               4.99604E-14 
 0.00000029488               4.6476E-14 
 0.00000029489               4.51464E-14 
 0.0000002949                4.59941E-14 
 0.00000029491               4.79314E-14 
 0.00000029492               4.89494E-14 
 0.00000029493               4.71601E-14 
 0.00000029494               4.25343E-14 
 0.00000029495               3.72899E-14 
 0.00000029496               3.40445E-14 
 0.00000029497               3.41793E-14 
 0.00000029498               3.77746E-14 
 0.00000029499               4.37733E-14 
 0.000000295   5.02078E-14 
 0.00000029501               5.51811E-14 
 0.00000029502               5.81287E-14 
 0.00000029503               5.95899E-14 
 0.00000029504               6.02898E-14 
 0.00000029505               6.06583E-14 
 0.00000029506               6.08787E-14 
 0.00000029507               6.10234E-14 
 0.00000029508               6.10997E-14 
 0.00000029509               6.10634E-14 
 0.0000002951                6.08078E-14 
 0.00000029511               6.01383E-14 
 0.00000029512               5.8989E-14 
 0.00000029513               5.77484E-14 
 0.00000029514               5.70666E-14 
 0.00000029515               5.72104E-14 
 0.00000029516               5.78575E-14 
 0.00000029517               5.85219E-14 
 0.00000029518               5.89568E-14 
 0.00000029519               5.91932E-14 
 0.0000002952                5.93078E-14 
 0.00000029521               5.92999E-14 
 0.00000029522               5.91706E-14 
 0.00000029523               5.88432E-14 
 0.00000029524               5.72169E-14 
 0.00000029525               4.78043E-14 
 0.00000029526               1.91639E-14 
 0.00000029527               6.70777E-16 
 0.00000029528               1.2302E-19 
 0.00000029529               4.26291E-26 
 0.0000002953                6.33566E-33 
 0.00000029531               1.2807E-35 
 0.00000029532               4.8498E-32 
 0.00000029533               5.39229E-25 
 0.00000029534               6.92446E-19 
 0.00000029535               1.42301E-15 
 0.00000029536               2.35328E-14 
 0.00000029537               4.83998E-14 
 0.00000029538               5.5093E-14 
 0.00000029539               5.58055E-14 
 0.0000002954                5.54316E-14 
 0.00000029541               5.45111E-14 
 0.00000029542               5.29871E-14 
 0.00000029543               5.1323E-14 
 0.00000029544               5.04825E-14 
 0.00000029545               5.0996E-14 
 0.00000029546               5.23522E-14 
 0.00000029547               5.35738E-14 
 0.00000029548               5.41516E-14 
 0.00000029549               5.4121E-14 
 0.0000002955                5.35988E-14 
 0.00000029551               5.27637E-14 
 0.00000029552               5.20768E-14 
 0.00000029553               5.19246E-14 
 0.00000029554               5.21704E-14 
 0.00000029555               5.23262E-14 
 0.00000029556               5.19722E-14 
 0.00000029557               5.11315E-14 
 0.00000029558               5.03241E-14 
 0.00000029559               5.00377E-14 
 0.0000002956                5.0213E-14 
 0.00000029561               5.03895E-14 
 0.00000029562               4.9992E-14 
 0.00000029563               4.83757E-14 
 0.00000029564               4.52672E-14 
 0.00000029565               4.13464E-14 
 0.00000029566               3.7589E-14 
 0.00000029567               3.43749E-14 
 0.00000029568               3.2659E-14 
 0.00000029569               3.41443E-14 
 0.0000002957                3.84628E-14 
 0.00000029571               4.31797E-14 
 0.00000029572               4.6646E-14 
 0.00000029573               4.85861E-14 
 0.00000029574               4.94142E-14 
 0.00000029575               4.96765E-14 
 0.00000029576               4.97124E-14 
 0.00000029577               4.96539E-14 
 0.00000029578               4.95412E-14 
 0.00000029579               4.93928E-14 
 0.0000002958                4.9224E-14 
 0.00000029581               4.90323E-14 
 0.00000029582               4.87981E-14 
 0.00000029583               4.85395E-14 
 0.00000029584               4.83306E-14 
 0.00000029585               4.8197E-14 
 0.00000029586               4.80734E-14 
 0.00000029587               4.79147E-14 
 0.00000029588               4.77485E-14 
 0.00000029589               4.76211E-14 
 0.0000002959                4.75273E-14 
 0.00000029591               4.74336E-14 
 0.00000029592               4.72997E-14 
 0.00000029593               4.7096E-14 
 0.00000029594               4.67789E-14 
 0.00000029595               4.62649E-14 
 0.00000029596               4.5447E-14 
 0.00000029597               4.42721E-14 
 0.00000029598               4.28599E-14 
 0.00000029599               4.15358E-14 
 0.000000296   4.06988E-14 
 0.00000029601               4.06052E-14 
 0.00000029602               4.11819E-14 
 0.00000029603               4.22923E-14 
 0.00000029604               4.29914E-14 
 0.00000029605               4.3191E-14 
 0.00000029606               4.22449E-14 
 0.00000029607               3.83248E-14 
 0.00000029608               3.06056E-14 
 0.00000029609               2.36019E-14 
 0.0000002961                2.23668E-14 
 0.00000029611               2.75978E-14 
 0.00000029612               3.57064E-14 
 0.00000029613               4.18648E-14 
 0.00000029614               4.40225E-14 
 0.00000029615               4.46227E-14 
 0.00000029616               4.47758E-14 
 0.00000029617               4.47879E-14 
 0.00000029618               4.47426E-14 
 0.00000029619               4.46615E-14 
 0.0000002962                4.45503E-14 
 0.00000029621               4.44138E-14 
 0.00000029622               4.42613E-14 
 0.00000029623               4.41108E-14 
 0.00000029624               4.39727E-14 
 0.00000029625               4.3823E-14 
 0.00000029626               4.35066E-14 
 0.00000029627               4.22293E-14 
 0.00000029628               3.70987E-14 
 0.00000029629               2.39073E-14 
 0.0000002963                8.50428E-15 
 0.00000029631               1.85909E-15 
 0.00000029632               6.24234E-16 
 0.00000029633               8.34352E-16 
 0.00000029634               3.39334E-15 
 0.00000029635               1.35939E-14 
 0.00000029636               2.83386E-14 
 0.00000029637               3.50566E-14 
 0.00000029638               3.55784E-14 
 0.00000029639               3.52532E-14 
 0.0000002964                3.50024E-14 
 0.00000029641               3.37788E-14 
 0.00000029642               3.13819E-14 
 0.00000029643               2.88574E-14 
 0.00000029644               2.71296E-14 
 0.00000029645               2.70833E-14 
 0.00000029646               2.97759E-14 
 0.00000029647               3.42942E-14 
 0.00000029648               3.77196E-14 
 0.00000029649               3.88939E-14 
 0.0000002965                3.86992E-14 
 0.00000029651               3.81293E-14 
 0.00000029652               3.79462E-14 
 0.00000029653               3.83511E-14 
 0.00000029654               3.87588E-14 
 0.00000029655               3.83467E-14 
 0.00000029656               3.67204E-14 
 0.00000029657               3.43645E-14 
 0.00000029658               3.26245E-14 
 0.00000029659               3.25976E-14 
 0.0000002966                3.40934E-14 
 0.00000029661               3.59742E-14 
 0.00000029662               3.72567E-14 
 0.00000029663               3.76517E-14 
 0.00000029664               3.7326E-14 
 0.00000029665               3.6542E-14 
 0.00000029666               3.5385E-14 
 0.00000029667               3.36151E-14 
 0.00000029668               3.13335E-14 
 0.00000029669               2.9755E-14 
 0.0000002967                2.99552E-14 
 0.00000029671               3.14634E-14 
 0.00000029672               3.2746E-14 
 0.00000029673               3.29947E-14 
 0.00000029674               3.28437E-14 
 0.00000029675               3.30507E-14 
 0.00000029676               3.36869E-14 
 0.00000029677               3.44837E-14 
 0.00000029678               3.52296E-14 
 0.00000029679               3.58201E-14 
 0.0000002968                3.62026E-14 
 0.00000029681               3.63674E-14 
 0.00000029682               3.63442E-14 
 0.00000029683               3.61708E-14 
 0.00000029684               3.58443E-14 
 0.00000029685               3.53402E-14 
 0.00000029686               3.48258E-14 
 0.00000029687               3.46718E-14 
 0.00000029688               3.49283E-14 
 0.00000029689               3.51943E-14 
 0.0000002969                3.52212E-14 
 0.00000029691               3.51019E-14 
 0.00000029692               3.4911E-14 
 0.00000029693               3.45515E-14 
 0.00000029694               3.39503E-14 
 0.00000029695               3.32337E-14 
 0.00000029696               3.25689E-14 
 0.00000029697               3.19084E-14 
 0.00000029698               3.11279E-14 
 0.00000029699               3.03855E-14 
 0.000000297   3.00951E-14 
 0.00000029701               3.05319E-14 
 0.00000029702               3.15659E-14 
 0.00000029703               3.26965E-14 
 0.00000029704               3.34336E-14 
 0.00000029705               3.36859E-14 
 0.00000029706               3.36502E-14 
 0.00000029707               3.35293E-14 
 0.00000029708               3.34257E-14 
 0.00000029709               3.33562E-14 
 0.0000002971                3.32933E-14 
 0.00000029711               3.32126E-14 
 0.00000029712               3.31247E-14 
 0.00000029713               3.3059E-14 
 0.00000029714               3.29881E-14 
 0.00000029715               3.26516E-14 
 0.00000029716               3.12255E-14 
 0.00000029717               2.77956E-14 
 0.00000029718               2.35375E-14 
 0.00000029719               2.11555E-14 
 0.0000002972                2.13138E-14 
 0.00000029721               2.26262E-14 
 0.00000029722               2.43417E-14 
 0.00000029723               2.67022E-14 
 0.00000029724               2.92028E-14 
 0.00000029725               3.08648E-14 
 0.00000029726               3.14636E-14 
 0.00000029727               3.14059E-14 
 0.00000029728               3.10834E-14 
 0.00000029729               3.07395E-14 
 0.0000002973                3.05381E-14 
 0.00000029731               3.05363E-14 
 0.00000029732               3.06382E-14 
 0.00000029733               3.06914E-14 
 0.00000029734               3.06553E-14 
 0.00000029735               3.06012E-14 
 0.00000029736               3.0594E-14 
 0.00000029737               3.0626E-14 
 0.00000029738               3.06477E-14 
 0.00000029739               3.05989E-14 
 0.0000002974                3.03296E-14 
 0.00000029741               2.9556E-14 
 0.00000029742               2.83985E-14 
 0.00000029743               2.75417E-14 
 0.00000029744               2.62742E-14 
 0.00000029745               2.30357E-14 
 0.00000029746               2.04046E-14 
 0.00000029747               2.18177E-14 
 0.00000029748               2.56791E-14 
 0.00000029749               2.69617E-14 
 0.0000002975                2.36125E-14 
 0.00000029751               1.86446E-14 
 0.00000029752               1.65257E-14 
 0.00000029753               1.87243E-14 
 0.00000029754               2.34555E-14 
 0.00000029755               2.71745E-14 
 0.00000029756               2.86062E-14 
 0.00000029757               2.8882E-14 
 0.00000029758               2.8884E-14 
 0.00000029759               2.88321E-14 
 0.0000002976                2.87453E-14 
 0.00000029761               2.86085E-14 
 0.00000029762               2.83581E-14 
 0.00000029763               2.79148E-14 
 0.00000029764               2.73815E-14 
 0.00000029765               2.71075E-14 
 0.00000029766               2.72755E-14 
 0.00000029767               2.76229E-14 
 0.00000029768               2.78165E-14 
 0.00000029769               2.78124E-14 
 0.0000002977                2.77101E-14 
 0.00000029771               2.75331E-14 
 0.00000029772               2.72439E-14 
 0.00000029773               2.67043E-14 
 0.00000029774               2.57041E-14 
 0.00000029775               2.44971E-14 
 0.00000029776               2.38472E-14 
 0.00000029777               2.41755E-14 
 0.00000029778               2.51225E-14 
 0.00000029779               2.60046E-14 
 0.0000002978                2.64693E-14 
 0.00000029781               2.66086E-14 
 0.00000029782               2.66067E-14 
 0.00000029783               2.6546E-14 
 0.00000029784               2.64615E-14 
 0.00000029785               2.63759E-14 
 0.00000029786               2.62767E-14 
 0.00000029787               2.61645E-14 
 0.00000029788               2.6102E-14 
 0.00000029789               2.60671E-14 
 0.0000002979                2.59673E-14 
 0.00000029791               2.57668E-14 
 0.00000029792               2.5435E-14 
 0.00000029793               2.49118E-14 
 0.00000029794               2.4148E-14 
 0.00000029795               2.31186E-14 
 0.00000029796               2.1907E-14 
 0.00000029797               2.08511E-14 
 0.00000029798               2.0437E-14 
 0.00000029799               2.08695E-14 
 0.000000298   2.18852E-14 
 0.00000029801               2.29741E-14 
 0.00000029802               2.36195E-14 
 0.00000029803               2.35564E-14 
 0.00000029804               2.29564E-14 
 0.00000029805               2.21978E-14 
 0.00000029806               2.14998E-14 
 0.00000029807               2.08542E-14 
 0.00000029808               2.02832E-14 
 0.00000029809               2.00385E-14 
 0.0000002981                2.03876E-14 
 0.00000029811               2.12842E-14 
 0.00000029812               2.23315E-14 
 0.00000029813               2.30025E-14 
 0.00000029814               2.24976E-14 
 0.00000029815               1.93042E-14 
 0.00000029816               1.35349E-14 
 0.00000029817               7.5181E-15 
 0.00000029818               2.32927E-15 
 0.00000029819               2.74791E-16 
 0.0000002982                3.07364E-17 
 0.00000029821               2.04873E-17 
 0.00000029822               1.26503E-16 
 0.00000029823               1.56992E-15 
 0.00000029824               8.77069E-15 
 0.00000029825               1.80483E-14 
 0.00000029826               2.18886E-14 
 0.00000029827               2.24593E-14 
 0.00000029828               2.23167E-14 
 0.00000029829               2.22211E-14 
 0.0000002983                2.22253E-14 
 0.00000029831               2.21385E-14 
 0.00000029832               2.18339E-14 
 0.00000029833               2.14543E-14 
 0.00000029834               2.13034E-14 
 0.00000029835               2.14571E-14 
 0.00000029836               2.16387E-14 
 0.00000029837               2.15299E-14 
 0.00000029838               2.10092E-14 
 0.00000029839               2.01429E-14 
 0.0000002984                1.8989E-14 
 0.00000029841               1.68498E-14 
 0.00000029842               1.01091E-14 
 0.00000029843               1.02639E-15 
 0.00000029844               6.95162E-19 
 0.00000029845               1.96383E-25 
 0.00000029846               2.24863E-33 
 0.00000029847               4.79092E-37 
 0.00000029848               4.02061E-33 
 0.00000029849               4.08023E-25 
 0.0000002985                1.20766E-18 
 0.00000029851               1.4592E-15 
 0.00000029852               1.27916E-14 
 0.00000029853               1.98069E-14 
 0.00000029854               2.08861E-14 
 0.00000029855               2.0814E-14 
 0.00000029856               2.06248E-14 
 0.00000029857               2.04368E-14 
 0.00000029858               2.03006E-14 
 0.00000029859               2.02796E-14 
 0.0000002986                2.03765E-14 
 0.00000029861               2.05182E-14 
 0.00000029862               2.06277E-14 
 0.00000029863               2.06746E-14 
 0.00000029864               2.0665E-14 
 0.00000029865               2.06107E-14 
 0.00000029866               2.05193E-14 
 0.00000029867               2.04068E-14 
 0.00000029868               2.0301E-14 
 0.00000029869               2.01984E-14 
 0.0000002987                2.00433E-14 
 0.00000029871               1.98257E-14 
 0.00000029872               1.96043E-14 
 0.00000029873               1.93569E-14 
 0.00000029874               1.90769E-14 
 0.00000029875               1.88882E-14 
 0.00000029876               1.88901E-14 
 0.00000029877               1.90486E-14 
 0.00000029878               1.92335E-14 
 0.00000029879               1.92377E-14 
 0.0000002988                1.88082E-14 
 0.00000029881               1.78762E-14 
 0.00000029882               1.68119E-14 
 0.00000029883               1.61874E-14 
 0.00000029884               1.6276E-14 
 0.00000029885               1.69429E-14 
 0.00000029886               1.77975E-14 
 0.00000029887               1.84599E-14 
 0.00000029888               1.87946E-14 
 0.00000029889               1.88384E-14 
 0.0000002989                1.86392E-14 
 0.00000029891               1.82931E-14 
 0.00000029892               1.80208E-14 
 0.00000029893               1.80189E-14 
 0.00000029894               1.82486E-14 
 0.00000029895               1.84933E-14 
 0.00000029896               1.85937E-14 
 0.00000029897               1.85279E-14 
 0.00000029898               1.82926E-14 
 0.00000029899               1.78177E-14 
 0.000000299   1.71418E-14 
 0.00000029901               1.66171E-14 
 0.00000029902               1.65795E-14 
 0.00000029903               1.68454E-14 
 0.00000029904               1.6899E-14 
 0.00000029905               1.64078E-14 
 0.00000029906               1.52739E-14 
 0.00000029907               1.33246E-14 
 0.00000029908               1.0359E-14 
 0.00000029909               7.44611E-15 
 0.0000002991                6.53295E-15 
 0.00000029911               8.2411E-15 
 0.00000029912               1.13563E-14 
 0.00000029913               1.31484E-14 
 0.00000029914               1.21844E-14 
 0.00000029915               9.12056E-15 
 0.00000029916               7.09767E-15 
 0.00000029917               7.91578E-15 
 0.00000029918               1.04396E-14 
 0.00000029919               1.17111E-14 
 0.0000002992                1.13507E-14 
 0.00000029921               1.07767E-14 
 0.00000029922               1.05894E-14 
 0.00000029923               1.0848E-14 
 0.00000029924               1.14759E-14 
 0.00000029925               1.23674E-14 
 0.00000029926               1.32999E-14 
 0.00000029927               1.36563E-14 
 0.00000029928               1.21599E-14 
 0.00000029929               8.18875E-15 
 0.0000002993                4.41443E-15 
 0.00000029931               3.0472E-15 
 0.00000029932               4.00801E-15 
 0.00000029933               7.65332E-15 
 0.00000029934               1.25984E-14 
 0.00000029935               1.54947E-14 
 0.00000029936               1.62634E-14 
 0.00000029937               1.63148E-14 
 0.00000029938               1.62579E-14 
 0.00000029939               1.62158E-14 
 0.0000002994                1.61883E-14 
 0.00000029941               1.61548E-14 
 0.00000029942               1.611E-14 
 0.00000029943               1.6057E-14 
 0.00000029944               1.59926E-14 
 0.00000029945               1.59091E-14 
 0.00000029946               1.58029E-14 
 0.00000029947               1.56891E-14 
 0.00000029948               1.56028E-14 
 0.00000029949               1.5571E-14 
 0.0000002995                1.55858E-14 
 0.00000029951               1.56109E-14 
 0.00000029952               1.56138E-14 
 0.00000029953               1.55874E-14 
 0.00000029954               1.55402E-14 
 0.00000029955               1.54816E-14 
 0.00000029956               1.54176E-14 
 0.00000029957               1.53517E-14 
 0.00000029958               1.52856E-14 
 0.00000029959               1.52149E-14 
 0.0000002996                1.51387E-14 
 0.00000029961               1.50657E-14 
 0.00000029962               1.50103E-14 
 0.00000029963               1.49757E-14 
 0.00000029964               1.49462E-14 
 0.00000029965               1.49003E-14 
 0.00000029966               1.48294E-14 
 0.00000029967               1.47458E-14 
 0.00000029968               1.46508E-14 
 0.00000029969               1.44583E-14 
 0.0000002997                1.40012E-14 
 0.00000029971               1.33023E-14 
 0.00000029972               1.2787E-14 
 0.00000029973               1.28711E-14 
 0.00000029974               1.3425E-14 
 0.00000029975               1.39575E-14 
 0.00000029976               1.41976E-14 
 0.00000029977               1.4178E-14 
 0.00000029978               1.39516E-14 
 0.00000029979               1.35227E-14 
 0.0000002998                1.29318E-14 
 0.00000029981               1.23044E-14 
 0.00000029982               1.17595E-14 
 0.00000029983               1.10789E-14 
 0.00000029984               9.40656E-15 
 0.00000029985               6.56256E-15 
 0.00000029986               4.42097E-15 
 0.00000029987               4.27742E-15 
 0.00000029988               6.37921E-15 
 0.00000029989               1.00216E-14 
 0.0000002999                1.26933E-14 
 0.00000029991               1.33956E-14 
 0.00000029992               1.24167E-14 
 0.00000029993               9.03666E-15 
 0.00000029994               4.16839E-15 
 0.00000029995               1.27195E-15 
 0.00000029996               4.83444E-16 
 0.00000029997               4.9038E-16 
 0.00000029998               1.29514E-15 
 0.00000029999               4.14802E-15 
 0.0000003     8.82146E-15 
